11 0.48489545782263876 0.7480773852439315 0.12465753424657539 0.22922374429223744
11 0.25595093542003955 0.6526720308408788 0.07316513761467888 0.10944864184205798
10 0.8274271844660195 0.643484859888111 0.07519379844961235 0.0759689922480621
10 0.7017945019514678 0.6235873069743764 0.05686619718309851 0.06255868544600934
10 0.5421884541312414 0.5972614965475128 0.02951289398280801 0.04364851957975164
1 0.9939013605442175 0.5368798185941042 0.013163265306122525 0.07809523809523808
1 0.9378670980587352 0.5344151319064211 0.014897959183673492 0.06435374149659863
4 0.44731726796795296 0.6335755822057193 0.014423076923076962 0.06877665713282151
4 0.4345529470529471 0.6326284826284827 0.015521978021977986 0.06336996336996337
4 0.4673975063398141 0.6360383206537051 0.015934065934065985 0.07014652014652013
1 0.8125788723794014 0.5332519166836285 0.012975778546712717 0.044867358708189156
1 0.7755855735959541 0.531541123236625 0.014619377162629803 0.04475201845444061
1 0.7161692054343354 0.5316625497461233 0.013832853025936629 0.040634005763688794
1 0.852700197726149 0.5342601746580985 0.014446366782006975 0.046712802768166056
12 0.9460836608646825 0.6011136065880591 0.019343065693430618 0.03479318734793189
1 0.688124941728495 0.5270560919777996 0.013883152132708687 0.04115676051442483
4 0.3429638503341411 0.6064083498567967 0.012833223176911247 0.050057832121612744
1 0.6582724883177571 0.5330072040498441 0.012091121495327001 0.03878504672897194
7 0.0320213440405748 0.5061214426599043 0.019917582417582416 0.021794871794871825
4 0.3335606940144478 0.5972953216374269 0.008333333333333314 0.048202614379084935
4 0.32371239591727113 0.6006804548303339 0.011703431372549006 0.04714052287581702
12 0.8683186386044749 0.5941094678296043 0.016894197952218405 0.03071672354948805
12 0.8247724124282605 0.5889933372913779 0.012883435582822017 0.029856850715746456
7 0.5178540209790209 0.4605429292929292 0.01434294871794873 0.01282051282051278
6 0.8092399797143982 0.27704814571615655 0.021452254641909804 0.019319186560565867
12 0.13771321070234113 0.5419397993311037 0.0175 0.02128205128205127
7 0.5487734220907297 0.4554980276134123 0.014503205128205082 0.019337606837606852
9 0.02607639903593863 0.5557622713534816 0.010550935550935545 0.04892584892584895
6 0.8872394028644031 0.2522012397012397 0.020114345114345157 0.024462924462924474
6 0.9717928567444184 0.22352225326201577 0.020703764320785696 0.018180107982015557
7 0.5846442307692308 0.45268803418803427 0.016266025641025635 0.015277777777777753
6 0.84494587580217 0.26830704882343004 0.01896433470507543 0.02053040695016004
7 0.8702327806122448 0.38887648809523806 0.015736607142857226 0.018154761904761927
7 0.9684400881021463 0.4070196889833346 0.011948853615520193 0.011460051961844102
7 0.9422643379165118 0.40221313844502243 0.012179487179487183 0.011870845204178523
7 0.8376287774725272 0.38523351648351645 0.015290178571428555 0.01577380952380948
7 0.47366569119286506 0.46675956893348197 0.012660256410256409 0.013034188034187991
12 0.6866195316510441 0.5788462758840911 0.010225453817890867 0.028104575163398673
9 0.8710258335258332 0.2202125202125201 0.015124740124740129 0.02016632016632017
9 0.8434849876710341 0.2317120340376154 0.01242203742203742 0.017948717948717937
7 0.8033564814814815 0.37852182539682544 0.014955357142857223 0.01800595238095237
6 0.7197692998441749 0.3061960225021789 0.018386023294509186 0.01686078757626179
6 0.6930287055885826 0.31539369970227626 0.01680656284760846 0.01731028884797369
7 0.6637900110375278 0.4046771523178808 0.012334437086092748 0.015452538631346519
7 0.43247481684981676 0.47245879120879125 0.007852564102564089 0.009401709401709467
7 0.5694871794871794 0.5445014245014245 0.013247863247863279 0.013675213675213627
9 0.8099082568807339 0.24391437308868497 0.010321100917431181 0.016513761467889937
7 0.5691978961209732 0.515761960223537 0.012606837606837644 0.01481481481481478
7 0.6942850134903115 0.4097825198266699 0.011506622516556262 0.01754966887417216
7 0.4585249909453098 0.4948991911143305 0.012051792828685223 0.017131474103585637
7 0.43548533140166595 0.4964686707714596 0.010557768924302763 0.018857901726427675
7 0.41530730748615324 0.4977845274254065 0.009326424870466326 0.015112262521588945
7 0.5372405372405372 0.5155067155067156 0.012179487179487183 0.013675213675213627
7 0.5377054569362262 0.543239097085251 0.009401709401709467 0.015669515669515705
7 0.46955128205128205 0.5406695156695157 0.007905982905982909 0.01282051282051278
7 0.47110636277302953 0.5140550807217475 0.007905982905982909 0.012535612535612547
7 0.4466491178144565 0.5171599317017643 0.00796812749003982 0.012084993359893815
7 0.6890765661549803 0.518408409659116 0.012265655013446007 0.014736842105263197
7 0.6870406189555126 0.5446969696969698 0.01365248226950348 0.013356973995271876
7 0.937761524822695 0.5546394799054373 0.013031914893617 0.01737588652482274
7 0.7169326241134752 0.5183806146572104 0.011968085106383001 0.015602836879432667
7 0.7156959219858157 0.545661938534279 0.01391843971631215 0.014775413711583876
7 0.7730935114972145 0.521335382777995 0.013829787234042556 0.019385342789598175
7 0.7740793266618287 0.5474905752872697 0.014184397163120593 0.016312056737588666
7 0.8120509352864775 0.5480040824402995 0.011391258162276926 0.014302600472813235
7 0.8113406983087835 0.5216312056737589 0.012854609929078038 0.018321513002364023
7 0.8531619385342789 0.5200108353033884 0.011879432624113406 0.018203309692671383
7 0.8545539380365809 0.549552071668533 0.011436170212765887 0.01595744680851067
7 0.9923693702476114 0.5552869305257686 0.012668161434977605 0.01322869955156951
7 0.9938175197381853 0.5199661317547175 0.010897157306256417 0.014977973568281944
7 0.940325059101655 0.5193144208037827 0.012145390070921962 0.016784869976359383
7 0.7909580216126352 0.420293710169022 0.010660847880299343 0.013715710723192009
9 0.6873166666666666 0.2873453703703704 0.006875 0.013966666666666658
9 0.7050683333333332 0.28112333333333334 0.007424999999999954 0.013966666666666658
9 0.7340980973691699 0.2700711367497047 0.007875 0.015967371153133098
7 0.4478157644824312 0.5405191516302628 0.007478632478632449 0.013105413105413088
7 0.6594633556547619 0.5443080357142857 0.01103515625 0.013932291666666667
7 0.8146059782608694 0.4238612836438924 0.01261160714285711 0.012797619047619113
6 0.7452350401138718 0.29416678226363013 0.01195652173913038 0.014202898550724626
7 0.6592138671875 0.5193752433800621 0.0119140625 0.014453125
9 0.5638751498800958 0.3307429056754596 0.008588129496402872 0.011570743405275797
6 0.5557615571776157 0.357294403892944 0.01503649635036504 0.012360097323601014
6 0.5401607812191754 0.36173604261195486 0.013576642335766451 0.012262773722627723
7 0.11394230769230769 0.6035452642595499 0.010439560439560437 0.012087912087912097
7 0.06731913919413919 0.6066544566544565 0.009615384615384621 0.012087912087912097
7 0.8378833462732919 0.4271350931677018 0.011049107142857223 0.0125
7 0.6175819773175543 0.41880341880341876 0.00993589743589746 0.01153846153846151
7 0.7243581514762518 0.41291399229781767 0.012560975609756043 0.012032520325203222
7 0.8846071295259423 0.534888640039816 0.007003546099290702 0.015366430260047309
7 0.03989010989010989 0.608034188034188 0.010989010989010985 0.012454212454212438
7 0.5795082658569501 0.41839293747188483 0.009375 0.009401709401709467
7 0.5894984917043741 0.4170625942684765 0.010016025641025635 0.008760683760683757
7 0.5222596153846154 0.4303774928774928 0.009535256410256465 0.007371794871794843
7 0.6840749172185432 0.4354810522442973 0.00976821192052978 0.00993377483443707
7 0.745422732362822 0.5324499191240514 0.007003546099290815 0.012884160756501235
7 0.5593349358974358 0.4142687559354226 0.011458333333333258 0.008653846153846189
7 0.01118646978021978 0.6092032967032966 0.01002747252747253 0.013369963369963368
7 0.3294579081632653 0.5281292517006801 0.005918367346938794 0.011972789115646264
9 0.5476110308815371 0.33851760109660134 0.008456924790644848 0.010311750599520338
7 0.7089679911699781 0.4380742142331546 0.009519867549668902 0.008388520971302417
9 0.536846638560225 0.34131949166628894 0.007466340269277907 0.011342309261525884
7 0.5720405982905983 0.41194444444444445 0.0085737179487179 0.009401709401709393
7 0.32510204081632654 0.5491156462585034 0.0065306122448979525 0.012108843537414942
7 0.3148676012461059 0.5505330564209069 0.007320872274143312 0.012980269989615788
7 0.3044820872274144 0.5489330218068537 0.007943925233644905 0.011682242990654231
7 0.2963325936883629 0.489086127547666 0.00713141025641022 0.007264957264957275
7 0.32173611111111117 0.4858903133903134 0.00625 0.008440170940170902
7 0.3335086137820513 0.4844350961538461 0.009134615384615359 0.007799145299145266
7 0.3452243589743588 0.48350961538461523 0.009615384615384642 0.008760683760683757
9 0.5048032744025663 0.3533924242638365 0.0048762736535662154 0.01004366812227075
7 0.6080471611721613 0.42110042735042724 0.00753205128205127 0.008119658119658122
7 0.6027573529411765 0.4147750125691302 0.009214743589743647 0.007905982905982909
9 0.4844077637690776 0.35985401459854005 0.004708029197080293 0.009975669099756715
7 0.28944493006993005 0.4903651903651904 0.0045673076923076796 0.0068376068376068515
7 0.2745764652014653 0.4923305860805861 0.00625 0.008226495726495765
9 0.4924776966747769 0.35755339280886717 0.004270072992700762 0.010510948905109445
10 0.5966798159105853 0.6059938636861714 0.01955128205128199 0.024643874643874672
10 0.5993894993894994 0.6277777777777779 0.012820512820512818 0.0290598290598291
