14 0.6228649797408804 0.8456859276383771 0.20795177045177035 0.18791971916971908
14 0.32715851142567 0.8981103682585475 0.17740666671365518 0.13681685137623845
12 0.9338809129996141 0.9089989600766943 0.09537211232176472 0.17384141112904672
2 0.537657088945539 0.9699661898345721 0.032589525343148525 0.05744862357181185
9 0.9204133200455206 0.3199161508320233 0.018747656542932156 0.08436445444319463
7 0.6787898389460888 0.5246578423661756 0.0357500357500358 0.045283378616711875
6 0.8871853612747219 0.33094202818172075 0.033926699610661776 0.06317385444743935
9 0.6463423412083515 0.4050210053537007 0.024082700713135424 0.07795925670321811
9 0.6978545876512472 0.3792463487452595 0.017507002801120428 0.07910571636061833
9 0.5699229492328847 0.43742009215033534 0.014643490374873346 0.06455448609703932
9 0.15384646660261414 0.5650112258718814 0.018296252927400464 0.05377743082661113
9 0.05533644842680024 0.6107177876678587 0.02270394061438837 0.059063149859169745
9 0.11487700386954118 0.5946475812547242 0.021099857853589195 0.06037932032956905
7 0.2794871303325409 0.6460616020130244 0.029713978989341347 0.037541855174705485
6 0.08126889136504521 0.622685718839565 0.02705627705627705 0.024512524512524517
6 0.9897011717207609 0.29346409935651224 0.021878454947484884 0.06646660875516597
6 0.5364825589274873 0.4530270811648886 0.03306878306878311 0.04908647486772487
6 0.6225386303511303 0.42422300885842557 0.032552083333333336 0.0528756062610229
6 0.7202193165662695 0.4052376311148242 0.016969507101085995 0.03480924533556114
7 0.3559170315635833 0.6958793255488658 0.02736726874657911 0.03458918688803741
7 0.419023902077838 0.7466089232367171 0.026117589893100136 0.030099341323831193
7 0.04337525104381375 0.7829704208727515 0.017197327044025157 0.027921283817510245
6 0.1418257668257668 0.6036093536093536 0.029484404484404498 0.025206275206275202
7 0.12359140516109825 0.8270043121918654 0.024873475960432493 0.030576642895483466
7 0.5481128267231811 0.8349685368142615 0.023787898447298946 0.028473393596009578
7 0.6782693940897063 0.9020857132836301 0.022622053872053825 0.028960237293570605
7 0.5439733237191119 0.9841833589075867 0.031563377456879246 0.026477709013810063
7 0.638174883864539 0.8635552577123458 0.023423721340387983 0.029535793424682447
7 0.6012558848987691 0.8221265156473212 0.018086356082745978 0.031039290967088715
7 0.3051958288293414 0.8850581252014946 0.022045855379188718 0.02914951989026067
7 0.2431153290071419 0.8968068787756898 0.017619982897760667 0.0260541927208593
7 0.2745780668234372 0.8888439806649682 0.02131099353321574 0.025842641583382214
6 0.020588730266149623 0.6399514464030593 0.036248473748473745 0.02728752728752734
7 0.35409206705503005 0.9165842730657547 0.021127278071722523 0.027067411326670697
7 0.03952482169201246 0.9639168968309428 0.020239031147050016 0.0254255266047718
7 0.32516723640594125 0.9219417351947471 0.020692890610059276 0.023506725313954244
7 0.39795415590425376 0.9465215270825186 0.016404963812008806 0.025885544476542687
7 0.37242856579717987 0.9515761326605703 0.01946349731945758 0.02266635130873539
7 0.09201292316336561 0.9911559441869174 0.019424252001685634 0.0212137706606734
6 0.698907778343428 0.38791912506961845 0.01718706488443336 0.0432214796249884
7 0.06145412174303682 0.7885266921233902 0.01298573674752921 0.029481132075471716
