9 0.03700608155996649 0.3842181509299557 0.05519523060796645 0.16900270708020668
9 0.39901352261027956 0.5185944140862172 0.027777777777777776 0.1398282340311326
9 0.5490361815604109 0.562847272170398 0.043425681618293764 0.12899442978598652
9 0.6826900092854306 0.6258833750081532 0.04266521423384167 0.11706076104477577
12 0.36936319201603146 0.41343132373949715 0.11523752012882447 0.18876890530769475
12 0.5084367259491019 0.4693669297629694 0.11059136059136057 0.16025641025641027
12 0.6229492435537363 0.5159791626402179 0.11199220923761825 0.1453811908736784
8 0.24457541423001952 0.9222993827160493 0.031442901234567895 0.12397119341563778
8 0.2793143814858736 0.9245279178464033 0.029540955209106674 0.08846820094036131
8 0.4622321790397007 0.937473219719582 0.026817500468428 0.07416775966523022
8 0.5352614935776941 0.7959427648983569 0.031980994152046804 0.12573099415204678
7 0.23381379962192814 0.699295782865411 0.04388083735909822 0.049382716049382644
7 0.2970037652742257 0.7085599940459276 0.0315591212330343 0.02300437083045779
7 0.29367194229112836 0.6750421691070916 0.015450043066322137 0.009474590869939764
7 0.4415913773973688 0.735970533402773 0.02793628150261532 0.020341311354150092
7 0.43799474140583483 0.7072917929257615 0.015008321445553937 0.010302742114439694
7 0.5564891247379453 0.7601390136767493 0.02466120095837078 0.016471997604073158
7 0.5544558625336928 0.7329137688152363 0.017080338424678054 0.010981331736048807
7 0.7052770682559955 0.8004860224208884 0.030651340996168605 0.029118773946360144
7 0.7048502264019506 0.7722628584697551 0.011446360153256702 0.0038952745849296956
7 0.7265042906557715 0.9004998508515022 0.014999999999999937 0.022750042183413498
7 0.7477915776353277 0.9021397198480532 0.01572916666666673 0.0227777777777778
7 0.95585024662408 0.7989714263466995 0.026286353467561537 0.030760626398210256
7 0.858997044776383 0.9107598978288632 0.01656933629959225 0.014831294030404112
7 0.8890475764272104 0.9011737562531976 0.01845739252455666 0.014989156780201487
7 0.921429804221727 0.8914030275970574 0.019454011991325456 0.015945911468299583
7 0.8996365792235801 0.9759313590277257 0.019363261365631008 0.02852378444795502
7 0.8109003438561603 0.9903892893639353 0.01773629753914984 0.014963957245836396
1 0.8920743819045645 0.9715046984990942 0.032042319164802296 0.05297663435247336
