4 0.5231332230224511 0.7648752045277755 0.14273356401384082 0.2332035755478662
4 0.625872691627802 0.7255035166240409 0.1300281141868512 0.22202998846597463
7 0.25101428314205637 0.9349867176042628 0.011644929464998661 0.032439446366782004
7 0.26167063904953175 0.8785872432066205 0.018923010380622836 0.02800328276106827
7 0.2585451601455061 0.7587803692366839 0.016635613521426666 0.027171502084996975
7 0.2755214438119837 0.7342169457370507 0.013463430354840898 0.030743266164597428
7 0.29679012473285166 0.76172184199516 0.01876399348666802 0.02777495081077405
7 0.3048999863245472 0.7115122577289277 0.016113711920754458 0.026714838184408674
7 0.3304750004576993 0.7259448441686042 0.020825323593489684 0.03129138365585878
7 0.3367578846845506 0.6745131111689879 0.019944252210688237 0.029369046093382853
7 0.3422294843863471 0.6434609670544565 0.013696655132641325 0.03823315818702209
7 0.3749813106070314 0.6133200193657709 0.030356914007433053 0.061514801999231046
7 0.36672981442207925 0.6838595301779435 0.023548635140330648 0.03289333162458878
7 0.37579850944902843 0.7368139144379052 0.015458797898244225 0.019330172156008348
7 0.36950531846725615 0.7840734332948867 0.020104447007561213 0.026592336280917582
7 0.40411686064800245 0.7510514603940209 0.020985518390362664 0.027660301593404296
7 0.4345311484972623 0.6337858560147069 0.02186658977316411 0.03919432696825999
7 0.45084022170959887 0.5626415054039043 0.02050493399974368 0.02926224956213417
7 0.4947975358725866 0.5685073969487124 0.024990388312187643 0.04239822290572
7 0.510340574138152 0.4910130718954248 0.02539087530437011 0.033534110812080825
7 0.48511434348612353 0.46253577683796826 0.016179674484172745 0.020932120124738354
7 0.5246935375457372 0.39866491258812903 0.028995258234012524 0.04122346106198466
7 0.5865833620946498 0.39349537016551767 0.032333435104145464 0.037740009498609096
7 0.6173447210315206 0.27685922446928124 0.05820018318746181 0.07562136734740035
7 0.572619095517824 0.4833337803885804 0.0274938976958772 0.05096429816796755
7 0.6831949869287922 0.41681024017871204 0.0268233148252461 0.03464678164927621
7 0.6900856557853421 0.48126987533119336 0.03302620637858423 0.04403494183811237
7 0.6039759374232699 0.5630316948414639 0.03051152061371739 0.036658530261169664
7 0.5347007894444886 0.6307679226553475 0.025803050328942454 0.029701352896624365
7 0.49345371059816334 0.7682171900778183 0.011497525294555682 0.014052530915568023
7 0.37977116780697784 0.8183640225296543 0.009534917142951906 0.014371469316913006
7 0.41447278027918555 0.8263331643501227 0.005251113788872049 0.012989597267209862
7 0.6008254061887279 0.6847278473576053 0.00941685630266951 0.011603298800530676
7 0.7356819766710193 0.7293120687007653 0.016820453671664754 0.028315512744578573
7 0.6796637169814889 0.8174913809946993 0.012550343184525511 0.023824380282489187
7 0.7266394276809934 0.8340535147634413 0.013117590334108566 0.02032635619339349
7 0.731256420922596 0.8729618494778173 0.013826649271087482 0.02164993287575395
7 0.7757282675227662 0.8550585237280303 0.007104668157345773 0.023526080638243737
7 0.7699933516267694 0.8155476626364663 0.005465129351804434 0.020923638089765485
7 0.9495830959931305 0.7898221436283719 0.017593285326849416 0.02680881573615136
7 0.9370563155165231 0.7437179236487195 0.01794398204432815 0.02563982667788904
7 0.9064625343037825 0.6330091874477987 0.02293133277651827 0.025727836773654807
7 0.9397977941176471 0.6499386012011297 0.023583850375850163 0.026224993039812367
7 0.9718174063587052 0.6689428775098742 0.02274489917670918 0.023739211709024304
7 0.9172700460452825 0.3595414543770264 0.025713156962646158 0.03292192282193105
7 0.9687738848251326 0.401922305696126 0.02384001307794992 0.02883506343713956
7 0.9692262731864401 0.3184831134862468 0.0275863008473422 0.032013731847532895
14 0.9422975261939378 0.3115242475785212 0.11324006212026266 0.136455693903314
14 0.9712475102422432 0.4062959622307273 0.030140587962836855 0.04745297841230057
14 0.9227656930160815 0.3790824057559746 0.020945154347056252 0.02520229953954715
14 0.9757376781189546 0.3373580165668006 0.020774868539356454 0.030197349898736726
1 0.9372080755361631 0.7640835051981134 0.04363034707846663 0.10123751529895283
1 0.7669969477644641 0.8299461577592762 0.0251205028633596 0.08839394992520518
1 0.7238126385332532 0.8529832134794281 0.028331394206796517 0.08486826531280373
1 0.36083118253091895 0.6553102288543659 0.0447827577201802 0.12010075950468979
1 0.3233640250801004 0.6986907352328248 0.041722432591238486 0.11534025374855825
1 0.29413207786024453 0.7118697753864006 0.03458167395704121 0.07698417879915559
1 0.2888125858881491 0.7655059127140205 0.03315352223020171 0.041212378403081534
1 0.25079908933969597 0.8997921865144877 0.033358210642965395 0.10629395933690658
2 0.5780321334184437 0.2655080095956863 0.0687954663106559 0.12010825636414825
2 0.5704884168497497 0.34983929147893944 0.07935318638803363 0.08741338128581677
2 0.5081029754726297 0.3841090160579318 0.056024030733182524 0.0855969993370206
2 0.4936430759932925 0.45351754748806755 0.06794403727215759 0.07379051666984528
2 0.447855221871055 0.4731627675000833 0.04682859711740187 0.051766885540691525
2 0.4310785221916465 0.5356510366999973 0.06266517723346866 0.06311927272066771
3 0.41408819918189416 0.6032793182012173 0.05037655200488496 0.15011194789334423
3 0.47300497797478586 0.5319828388444533 0.05864543049053528 0.17436732478458514
3 0.5433897645111906 0.4350948041821412 0.07492876043150824 0.19573919533211206
