10 0.21685217752926092 0.8973243565365964 0.4443158436213992 0.20773809523809536
1 0.14581386718620568 0.4155918868412159 0.11145404663923181 0.19504458161865565
1 0.3859733879418918 0.49340887677501855 0.09623797025371825 0.18153980752405952
1 0.5816306709163855 0.5571387937459367 0.0859788359788359 0.17564033189033193
1 0.8679378815998278 0.6532228374889049 0.09659350708733427 0.15603566529492455
6 0.2693669765382913 0.03150672503783317 0.08503024937287883 0.06916777335104028
7 0.11127355425601039 0.47774748432643166 0.059225892559225904 0.058495995995995996
6 0.4169217426793185 0.09896090861999957 0.07543382543382549 0.06920163170163171
7 0.13949713602491381 0.3888393601935268 0.0817484150817484 0.05661911911911904
6 0.7298364481301203 0.25371885203212946 0.08523542922767728 0.05167958656330747
7 0.360742687131576 0.5502377377377377 0.06172839506172841 0.052865365365365354
7 0.3664080747414081 0.466529029029029 0.060477143810477106 0.05161411411411415
7 0.5599541951718172 0.5294309536447275 0.05514272234017449 0.04644373673036092
7 0.5611050294958341 0.6079904822720913 0.0627926777352064 0.04829182630906767
7 0.4281860600758238 0.740139253426655 0.06816856226305047 0.06069553805774272
7 0.2265296691051774 0.7019030817545625 0.07672522485269768 0.06528490530723469
7 0.8532068654019872 0.6948678861788617 0.05457693465823541 0.044602529358626936
7 0.8469005775916345 0.6216894555309189 0.050436615477265904 0.04290876242095752
7 0.8383557517947191 0.8295781634249946 0.06259780907668232 0.06235328638497653
7 0.9743984612631956 0.6647373188405798 0.04766729289676143 0.04008990874932902
7 0.968785593653038 0.8458009308353954 0.04787714543812098 0.036077235772357594
7 0.9828961563154516 0.7322749089861387 0.03493469314725341 0.04512211486849162
