7 0.15424638355867795 0.2845775960496355 0.04302498031938821 0.11926685035237662
7 0.20494556200268346 0.2895623177092723 0.04221124632431261 0.11939338408709271
7 0.14653534253207462 0.4952631189650072 0.03778324601445517 0.12113693213911077
7 0.20244964065188786 0.4897791049476443 0.03714107365792757 0.11631294215563875
7 0.5098987511671333 0.31577445793132053 0.051232298474945516 0.11869099491648512
7 0.554551785594984 0.3125549073772114 0.027501518769901166 0.1018972403776325
7 0.5121321546213087 0.525009373075172 0.04240479633646659 0.12412629549288984
7 0.5633898254808675 0.5305510181329149 0.027430555555555555 0.08874101718183738
7 0.8513213072735645 0.347494361161397 0.06564922480620147 0.11757105943152456
7 0.9017770379204489 0.3517082974447316 0.0145969986086265 0.06898893526800506
7 0.8653379813135806 0.5497233960377216 0.05655126633986925 0.12220329706498143
7 0.9160520833333335 0.5496342592592591 0.01840277777777778 0.06912037037037035
7 0.23987505651194113 0.7814122613882127 0.08406714864634428 0.09760736967867706
7 0.5529245092086621 0.8114332456317884 0.07320127504553729 0.06117182756527021
7 0.8611937830687831 0.8295913394597605 0.07355628654970761 0.06018518518518518
1 0.18058068171762756 0.3395811904318611 0.09842809426982811 0.461784622255032
1 0.5377471585915208 0.36658953309167097 0.0921527777777778 0.456398581922707
1 0.8787481329693316 0.39906447124849315 0.10411216876129682 0.4491684430233591
