7 0.3182814287637123 0.1522170088648107 0.04875692621755616 0.019174452819465927
7 0.4882446549113216 0.1809020559020559 0.04476698921143365 0.01876876876876875
7 0.36686623797466517 0.05028021085790811 0.038885229102620426 0.04577020202020202
7 0.39951064315471096 0.0507618558466016 0.00674827369742622 0.024364406779661014
7 0.5549436528767238 0.08717660292463439 0.04219524642752988 0.043129374453193356
7 0.5542595584431628 0.018561984631598454 0.03924713748561999 0.033931797651309846
7 0.7298813607775874 0.046998582523346676 0.04288164665523155 0.03990375452639603
7 0.7260345062164835 0.11996950817468782 0.0425504175802291 0.04019789734075449
7 0.9804488802102166 0.10463751476579639 0.03690444621232216 0.03646247679660567
7 0.981172839506173 0.16949192782526118 0.03947056030389359 0.03613188509021844
1 0.5710707246618454 0.06502653862061504 0.0677261963974488 0.11898601478720477
1 0.7445011555764106 0.08055874497405235 0.0710486289631533 0.14846725950079837
9 0.7131778486904583 0.4459341476576949 0.025046296296296358 0.04614752024291491
12 0.026863511950432392 0.3568826702349957 0.03569007749471325 0.06970908408408406
12 0.2113625761710417 0.3752476137433891 0.038670820353063344 0.06283261941848389
12 0.8766426913645011 0.4440198992717084 0.0630279674663044 0.04652409046214356
10 0.46608515545985957 0.3416185700328868 0.28534515792086845 0.17846237367532167
