7 0.33918343969890363 0.08831751486390663 0.0470463099329079 0.07704685539737087
7 0.3632026264113893 0.14159606620946832 0.049347488136147956 0.058296514482081487
1 0.36146822590422284 0.08305549942749377 0.08857709750566893 0.15306122448979592
7 0.4117288875666385 0.22383930783526892 0.036399451867077735 0.048770507403600935
7 0.44079476654393407 0.2753590954201388 0.03030005241090151 0.0405560547069981
7 0.4811415491826835 0.08697503747091073 0.018779476646888744 0.025356255388204282
7 0.609598092236981 0.09205043927266147 0.010020843354176747 0.024384052161829938
7 0.6193046576808776 0.09236372257667733 0.0069849368318755985 0.023215635460533415
7 0.686335120783007 0.09629957425146929 0.01174279235503729 0.025915127955944275
7 0.6960365314957151 0.09685042848308154 0.005264010366051226 0.023215635460533415
7 0.7632047071702245 0.09987786089318654 0.014329805996472563 0.02376053301979228
7 0.7737701562106323 0.09750916827636404 0.003582451499118141 0.005756417793454844
7 0.7728450176366843 0.10747354497354497 0.0021127278071722978 0.005511463844797166
7 0.7905596800686082 0.08429208578018102 0.01581896113146113 0.01960809252475919
7 0.5061820252792475 0.2578237001969946 0.01429354636591482 0.01836187691450848
7 0.5046073063092512 0.2941381230854915 0.013901942355889704 0.01853592314118631
1 0.5053959817064656 0.2741058544629974 0.015600998463901655 0.07507147124082607
7 0.5432119704507763 0.33913076512578993 0.007526849877596164 0.025336281555187017
7 0.5325801547816472 0.3394239121851062 0.009007541656795445 0.024020111084787705
7 0.5379846797757245 0.32878408411457444 0.0045654663191977115 0.003948511411198011
1 0.5380522912724915 0.3144069822663157 0.02060629392718941 0.10134512622074807
7 0.5332885641818915 0.29049624272041596 0.007033285951196365 0.024678196319987362
7 0.5439450006695302 0.29020128252228616 0.0071566769327963435 0.025665324172786844
7 0.6076617625530669 0.15861252274295753 0.008698527720266865 0.02540065945863046
7 0.6183917732830777 0.157922793792359 0.006541867954911456 0.024537995552488322
7 0.6059557565937528 0.20707684460047404 0.008339084426041038 0.02492140173299591
7 0.615897098573729 0.20799385911100887 0.007835863814124632 0.024825550187869045
7 0.6115260113707319 0.19753634142868093 0.004313319530710928 0.0038340618050763053
1 0.6119865725406225 0.17939889495896721 0.022079461866047225 0.10767518389469607
7 0.6076807785820598 0.297588232212577 0.004174524595316575 0.014013306092514038
7 0.5991936619257164 0.3004757320970192 0.005451438000942887 0.01774582220126778
7 0.6058168316831685 0.3063544449683064 0.00240649064906495 0.006024411965006035
1 0.6035251800087406 0.2762909642754604 0.014196770662287861 0.07487988809827889
7 0.656166870025942 0.2668861481188351 0.006265664160400955 0.01949317738791422
7 0.6640470419469727 0.2671426372949919 0.0045687134502923445 0.01775271512113619
7 0.6550934628237258 0.3033625730994151 0.005612990810359208 0.018622946254525225
7 0.6594331811672036 0.2950083542188805 0.0028717627401837332 0.0029587858535227232
7 0.662718586238323 0.3032874167742588 0.0050908521303258325 0.01757866889445836
1 0.6594871109527203 0.2803644600488665 0.015382405238962664 0.07571486396623009
7 0.6853458390977731 0.16226841050633384 0.008864105208870467 0.02542834221534583
7 0.6962463648215002 0.16248869851457096 0.006267549137585243 0.024712050885336078
7 0.6904153057131397 0.17235488805885918 0.004118675147555988 0.007759822741772198
7 0.6833663478519076 0.21263542247296757 0.008147813878860828 0.02530896032701085
7 0.6939227974975898 0.21243228451672977 0.006715231218841324 0.023995759555326325
7 0.6896194264575733 0.2018482438658933 0.003939602315053578 0.004536511756728353
1 0.6897693644244703 0.18575395461032396 0.022025958397799555 0.10804060894313601
7 0.7127755186232907 0.2697430457331448 0.006531903190319005 0.018662580543768646
7 0.7207112080255644 0.2695515087223008 0.004370972811566881 0.017418408507517424
7 0.7165314745760291 0.2773729753927774 0.0031922835140657225 0.005042170883755031
7 0.7116891813404943 0.30565634203171876 0.006237230865943772 0.018531615066268516
7 0.7159009551748826 0.29750990972113084 0.002848499135627856 0.002750275027502741
7 0.7193185304925052 0.3045383903469712 0.004272748703441728 0.017025512075017037
1 0.7162279168481457 0.2822342516999005 0.016534391534391495 0.07631904896535938
7 0.7626428188022393 0.16538499457754116 0.008482861743731277 0.02664672954528026
7 0.7740162037037035 0.16549967410474656 0.006541867954911456 0.02425044091710758
7 0.7683002384089341 0.17607928839812897 0.004528985507246401 0.007859826700406415
7 0.767668178382464 0.2053218646057332 0.004037467700258382 0.004724111866969026
7 0.7607259690831694 0.21673710025754922 0.008404524600537895 0.025488231468297946
7 0.772039158963696 0.21538654221378467 0.006674181300427096 0.0225219286681081
1 0.7673897135798063 0.18766134642257135 0.022329668301429097 0.10557840707342368
7 0.8130210255937 0.2733995819832383 0.008147033038021447 0.018937646117878657
7 0.811186541261638 0.3109490997087897 0.008363325950535268 0.018649255567860228
7 0.8703369982039708 0.27787486044366777 0.008570579098102056 0.018101872077407256
7 0.8763927628606526 0.282597683209304 0.003109679141789208 0.008191349934469214
7 0.8683827987213403 0.3148423721340389 0.006889329805996485 0.0191982657260435
7 0.8765010633883182 0.31489370439533837 0.004753637566137528 0.01570767195767196
7 0.8735357042648707 0.307848658543103 0.002962411816578571 0.006154467960023507
1 0.8726466195188632 0.29416830746930683 0.015079977464236798 0.07665017310079036
7 0.9001782531194296 0.10523064444633073 0.020278944911297905 0.024120759414877062
7 0.9792446054969906 0.10864104971929398 0.019689809766145597 0.022845227997899755
3 0.8888618117140753 0.21147258341214498 0.036065245986995655 0.1210072203919181
2 0.9226123535334064 0.0911227336665933 0.029018861255703347 0.05930959878328299
2 0.9258382715065193 0.1456047552122701 0.020538814484126984 0.02841848544973545
2 0.9307292677600931 0.18559349030221992 0.0358460441468254 0.03901083002645503
3 0.9704895416832882 0.2295906402910104 0.02579935230797296 0.11060937785075718
12 0.5020512113871843 0.4200813232186974 0.01862649821833489 0.038062844185293154
12 0.8456822073971832 0.4301710843578799 0.011757789535567309 0.0440917107583774
10 0.8693776789354946 0.44327436140658805 0.06688617047869007 0.08022683929832025
7 0.9275469897258537 0.2808940777625683 0.009292415295053928 0.01884658876743309
7 0.9340404294230151 0.28028483943171717 0.0039918122042131975 0.016403512445728786
7 0.9248570800351804 0.313089627073796 0.00759098714243826 0.010295821641468063
7 0.933161013792176 0.31735194039040726 0.004122691292875984 0.01492021610755121
7 0.930435801189429 0.31039066535438564 0.0029447794949114658 0.006369448981586221
1 0.929831832948553 0.2918916137086546 0.01604327099376607 0.06908428938131911
4 0.9200864590627916 0.3774694194807553 0.03603980654761905 0.11126267636684309
4 0.9700755302120849 0.3778560763854881 0.0363687141523275 0.11157240674047397
11 0.6763914814440762 0.4905902822518705 0.22282370953630806 0.2864225305170187
