7 0.613963 0.7926590000000001 0.017608999999999982 0.01785700000000006
7 0.628348 0.7829029999999999 0.013641000000000018 0.019510999999999997
7 0.613839 0.755291 0.01537699999999996 0.017196000000000013
7 0.12325942013442012 0.460795617045617 0.04535785785785784 0.06822298488965159
7 0.14312045562045558 0.5169890586557252 0.027929715429715417 0.061370894704228005
7 0.1531493718993719 0.5571505571505572 0.026589089089089073 0.057497974164640836
7 0.9829496076476754 0.3536283004882038 0.027173913043478295 0.0635495744191396
7 0.9574888307725834 0.4223572215563063 0.024154589371980655 0.03623188405797106
7 0.9595841959972394 0.5043420749942489 0.011430296756383683 0.03479411088106738
7 0.9113736074139799 0.4618949028886916 0.020919599723947545 0.03134345525649876
7 0.869881527490223 0.5038148914960507 0.019625603864734255 0.03163100989187939
7 0.9922987640378944 0.5131281761716544 0.014233954451345737 0.03393144697492526
7 0.9491699256192009 0.5487820463665873 0.02652691511387165 0.03134345525649876
7 0.9476694802781759 0.5858372706198792 0.020488267770876485 0.03450655624568667
7 0.9027058891189325 0.6180699332873245 0.02070393374741207 0.03393144697492526
7 0.861922554347826 0.6458117667356799 0.02070393374741196 0.03278122843340229
7 0.7355759309783125 0.5960294328909147 0.02035601976639702 0.04117999401018267
7 0.7156691047094939 0.6170369746431066 0.02082397424378562 0.040244085055405776
7 0.6922684561245883 0.6356693620844562 0.01052897574123993 0.03712438853948291
7 0.7107123619014342 0.6485502423657559 0.014506588799041615 0.025269541778975713
7 0.6915113726308133 0.6675927708609648 0.014623577418388793 0.022149845263052772
7 0.7102559063054346 0.6992079810476037 0.011698861934710921 0.024645602475791215
7 0.7314518443645801 0.7101729143788891 0.004562556154537235 0.021993860437256683
7 0.7448999647028622 0.6924834923487215 0.005966419586702695 0.01778227014076068
7 0.8605607275589974 0.8219366177843686 0.01038405558301747 0.015561780267662603
7 0.8625231138206916 0.8490629367215295 0.01038405558301747 0.014531956573479108
7 0.7055618827956373 0.7516615305925373 0.01396768093518999 0.025070196550340974
7 0.6857594120680764 0.7660193129507209 0.011102515615150983 0.02375699577865641
7 0.6659270958684316 0.7768298855843981 0.00868503237636817 0.021488739900292177
7 0.5943248237923329 0.7365289477202835 0.012803707523924044 0.023398850113651663
7 0.614870989419726 0.7560020872295242 0.01011761503638756 0.020056157240272748
7 0.6280308076901037 0.7447937558497126 0.009222250873875399 0.021966267453632084
7 0.6153446167125093 0.7934493367142285 0.009222250873875511 0.021369358011957162
7 0.6297665932142467 0.7814195765459303 0.00886410520887058 0.016952228143563862
7 0.6469046772521503 0.7735023867695349 0.01396768093518999 0.0208918304586174
7 0.6441594155944338 0.7363934033609124 0.014504899432697331 0.015519645483544432
7 0.16031495329780526 0.9390131654346454 0.006983840467594995 0.02077244857028254
7 0.15095839779955303 0.93979412195417 0.005819867056329162 0.020056157240272748
7 0.19806947548373544 0.9394757702519436 0.0059989398888316 0.02029492101694263
7 0.2071744762887104 0.9389044426434834 0.006625694802590119 0.020653066681947524
7 0.17899382978221373 0.9560382516424142 0.014952581513953357 0.018026665138578545
7 0.23233646647588035 0.9544862870940596 0.013878144518938757 0.017310373808568758
7 0.26593906595560024 0.9528854408704497 0.015003429355281192 0.016534391534391533
7 0.25328238291201255 0.9400924292899602 0.00535836762688618 0.020208700764256387
7 0.24418846756809717 0.9388268338885621 0.006583137370174402 0.020412829054804366
7 0.33224983541803815 0.9366694706556455 0.005300339221710162 0.018934545144222638
7 0.3512599806387609 0.9506191729604028 0.014100902457757329 0.016667733401604247
7 0.3171732402638475 0.9522099610453502 0.011800755248335876 0.016801075268817113
7 0.32253492794967453 0.9372409358008436 0.006000384024577586 0.019334570745860927
7 0.60898893322543 0.9011257297055715 0.01332099388636495 0.020682595770935036
7 0.6081160297517777 0.8638781386131208 0.01261988894497726 0.01881298259390135
12 0.042589250534729256 0.4318681438953306 0.09403935185185186 0.11068856554967664
12 0.06838479990761737 0.4777258125472411 0.10368441358024692 0.056951793062904155
12 0.10883529058174995 0.6205215962502497 0.053392305996472676 0.021127278071722523
12 0.14484815917107585 0.6213601374191652 0.019290123456790136 0.018830834803056994
12 0.13762871564520868 0.6437504592886537 0.05408123897707231 0.027557319223985865
12 0.14660018700966976 0.6641864079099409 0.05088601532567049 0.03230858115915582
9 0.06313047713214566 0.5422385346838444 0.04005313811348294 0.0992063492063492
9 0.09795518356342112 0.637682701858947 0.022806057288815913 0.048652922216140565
9 0.11650094265036796 0.6779311696297647 0.017959770114942524 0.04352155932615695
9 0.16563518835820185 0.7557646441329602 0.012543331508848746 0.058725597518701086
9 0.1525098066046342 0.7102870522410752 0.015109012953840525 0.06575746518275255
8 0.06292634133543222 0.8207771465347221 0.01734376734376734 0.15493765493765504
8 0.11996105746105744 0.8719579032079032 0.019598457098457103 0.12256262256262265
7 0.07915975031988103 0.8005671404364213 0.022694262890341325 0.02917833800186734
7 0.14352618346823642 0.9573157200088767 0.01437178072111847 0.0186148778864011
13 0.8044465948530221 0.8255985303874401 0.01725327812284326 0.03268537688827546
12 0.3714326198951485 0.8251809071793815 0.02697716513505985 0.028137473312911786
12 0.36040957093588666 0.8146032817085448 0.01816607490949598 0.015519121878770888
4 0.7186913064889253 0.8623373124034498 0.07279426922284062 0.11445234659520377
2 0.6998921109945957 0.6995980210265925 0.05250206143063278 0.02877413591699297
2 0.7057243351886208 0.6427798392084105 0.028827819006390462 0.04187280972995256
3 0.6977797228373265 0.7425929804962063 0.033176149247577794 0.06399024256167109
3 0.6763213689831992 0.7562403907269979 0.02914991754277463 0.05991032776747066
7 0.6759697926789763 0.7329428885551336 0.0059588229231086155 0.016534391534391533
2 0.6919481807874664 0.6673574913370831 0.015460729746444085 0.022117432831718527
2 0.696538084930942 0.6798426441283583 0.007891414141414069 0.01889644746787603
2 0.6677505282415996 0.7093146602075173 0.0344645433931148 0.009018759018758937
1 0.6105507337034429 0.7799345791956628 0.018957535121328212 0.06879827282126139
1 0.6262899676153987 0.7681270145350605 0.019812762269658776 0.07773064525938092
3 0.6568233585340266 0.7652620035881529 0.0276523444626893 0.07735054430456734
3 0.649901363802226 0.7451879219120598 0.0058440521802590895 0.007602019096271994
2 0.6519681627440249 0.7238262482515356 0.03406654807516877 0.009312473392933125
2 0.6727608727878125 0.6860822234385451 0.017104542966611985 0.013493583895882707
1 0.607248485409964 0.8827183498876104 0.019783367302822617 0.05803121075494631
4 0.597530495472837 0.9315732357105596 0.008208976078694466 0.029808480512705862
4 0.610433433936955 0.9072098281697986 0.02759613234965346 0.07126089872568737
4 0.5996045718756988 0.9058983530814517 0.007161021685669585 0.014205603994336494
11 0.5768954833498344 0.9615212216863793 0.11687835345405766 0.07001732617929803
11 0.919953565360469 0.7659686636938111 0.13421112115732362 0.3455711085809539
3 0.6740998482726424 0.62926976346094 0.016485760971055096 0.08422813569872387
7 0.6520316459917299 0.6821617535903249 0.011379551820728206 0.008169934640522965
3 0.8475018761593248 0.6395535094799146 0.05107445520581117 0.10284952022240157
3 0.8887273320536032 0.610992348280484 0.048972625773473284 0.10957537440588294
3 0.8683077750874361 0.5699040444803156 0.004624024751143407 0.01120975697246883
3 0.9279623651092579 0.5797188094739886 0.05569847995695447 0.11826293605954626
2 0.8488063010043942 0.5738227886886078 0.05990213882163025 0.03783292978208235
2 0.8803512577347323 0.5368352614115326 0.06179378531073455 0.04007488117657604
2 0.9448094209435187 0.49987273628848905 0.07440476190476202 0.04315756434400498
2 0.9463656521475001 0.4165328727931243 0.05002354048964223 0.06445610259169587
2 0.9115634248049502 0.4621422486131929 0.021438660209846652 0.030546587749977552
1 0.1560293552481052 0.9375012413206858 0.015305484055484053 0.07716049382716055
1 0.20289039039039036 0.9372884789551454 0.015305484055484053 0.07209590542923867
1 0.24835690954112005 0.9405160172704029 0.014858608608608595 0.06554173220839882
1 0.3273605115122972 0.9401335914232741 0.015171666957381242 0.060081012461964706
7 0.2217347561735317 0.8695480634256144 0.013899790685504981 0.009084830513401924
7 0.252045644265032 0.8692625401809077 0.01471742543171113 0.010175010175010083
7 0.2824149348384042 0.8682502304951285 0.013627245770102886 0.009084830513401924
2 0.8395537314388121 0.5144329237071172 0.008400537634408518 0.006933777095067427
2 0.8506544418842806 0.514699607441543 0.0036002304147465403 0.006400409626216122
2 0.8702956989247314 0.503516669511293 0.020201292882744505 0.03253541559993176
7 0.7789765211640212 0.677744708994709 0.007936507936507936 0.018518518518518517
1 0.7876054067460317 0.6939897486772487 0.02554563492063492 0.09391534391534391
7 0.8091856060606061 0.7140752765752766 0.01240079365079365 0.01984126984126984
7 0.8237399190053187 0.6825113667621312 0.009632420756273876 0.009607138812031828
7 0.7818378052036309 0.7193977234114849 0.006598587447211371 0.00788796660356304
