10 0.12257658002036823 0.5072723912098118 0.02746365391714229 0.07932958514353869
10 0.1581004758014992 0.5045298036386071 0.03178111307711423 0.06309242574958307
10 0.18213931405895686 0.5084325396825397 0.003869047619047625 0.009689153439153424
8 0.11183733161275565 0.34189039956993794 0.03156767272701131 0.10527980489220794
8 0.1466705794025251 0.34105472086413896 0.03019957983193277 0.08836061790138157
8 0.1806375664690072 0.3504471145643434 0.03073155827859143 0.09574573512642262
8 0.2709377235234138 0.3718811350043373 0.02853014807712796 0.08833138027768897
8 0.30241738701154863 0.3708607459942455 0.028587764436821036 0.0939312260066977
8 0.33010237052471264 0.37648327204287907 0.02794737686741362 0.09179018829754122
8 0.4087746177029839 0.38333269505718964 0.026178318549642067 0.08201965971573821
8 0.4444696495965738 0.3847431446540295 0.051690614159571144 0.08713624338624339
8 0.652847846114819 0.3454665100086996 0.016146809601033332 0.11995585271145494
8 0.6749909060846564 0.35065696649029987 0.016592261904761926 0.11630291005291007
8 0.6975752840327634 0.35614131542146804 0.01581772044479052 0.1253170586142386
8 0.7446643664840568 0.3688929357387005 0.01658664940902618 0.11985866126194822
8 0.7664432068206821 0.3711961077060088 0.015426587301587257 0.1197420634920635
8 0.7868594610463233 0.3729757180650036 0.016046626984127052 0.11527777777777783
8 0.8317247880963818 0.3758189430189299 0.01640550429525937 0.11327347073449526
8 0.8507424397754587 0.38075895976839363 0.014974543276430101 0.11255865029449932
8 0.8695916715993905 0.38679226982063625 0.014773991357549289 0.11239820875939474
9 0.5127239539946172 0.21476523753876542 0.025669642857142915 0.08383714109425451
12 0.3660458600778977 0.04296142961626353 0.1145074263295815 0.08218333938184269
12 0.6058167314657229 0.10465851457364247 0.12356007779945558 0.09093557843557845
12 0.7161934954001127 0.13346203393353975 0.08276289682539678 0.07572458320769439
12 0.7978818807192207 0.1504096119738328 0.04329316611928075 0.07098844308146633
7 0.12843121807918942 0.12148419069660119 0.01562677576997386 0.043960172241795145
7 0.28104921035248903 0.1577460184017561 0.017076502732240418 0.0430436291092029
7 0.41572003592639734 0.18719950860819456 0.018062625941245095 0.04065471771485134
7 0.5270065165898499 0.3178964984520539 0.01675782925782924 0.03465003465003465
7 0.6551116985149819 0.25793942157269667 0.017487826507009672 0.036211954528786235
7 0.8074159447729709 0.3618654251824187 0.01811488484282601 0.030232000207490353
