7 0.16615449505905036 0.3961351686707193 0.014913232104121477 0.016268980477223468
7 0.12953781711472923 0.41341049967043914 0.01417615907274181 0.01623701039168666
7 0.09418570899518562 0.4303457813276748 0.014782201803641313 0.01595201633486475
7 0.09408692939117902 0.4665332887310654 0.017019356955380576 0.024515164771070234
7 0.09719214785651792 0.5096711869349664 0.018318022747156604 0.02478856809565465
7 0.15358285994718923 0.47927451763833895 0.01724819331526647 0.022527100271002697
7 0.15635444572011736 0.5208870179019431 0.01718171960709274 0.022430582132074682
6 0.04049688712586838 0.12251607492602672 0.02509266448125144 0.038240740740740735
6 0.024022295321637428 0.15252436647173492 0.009444444444444443 0.012083333333333343
6 0.09438194444444442 0.1617185185185185 0.014548611111111113 0.022407407407407424
6 0.10501527777777776 0.15733333333333333 0.006076388888888889 0.020509259259259238
7 0.30141249999999997 0.44450000000000006 0.010590277777777778 0.013981481481481503
7 0.35446575393293445 0.1318895164521363 0.035288940460753516 0.039583425906850184
7 0.35456450190212846 0.20293973147937933 0.03523896569019295 0.04557465138999909
7 0.31443219011655543 0.5182388574693627 0.013658338922423418 0.017326179298010263
7 0.31724296395657897 0.5508203542241101 0.013448748043818447 0.017931664058424647
7 0.3459988425925926 0.5248719135802469 0.013541666666666667 0.01870370370370364
7 0.34882638888888884 0.5558481481481482 0.012326388888888888 0.016527777777777797
7 0.4096416400511446 0.3706534667943498 0.011831535782496318 0.016711605437591266
7 0.4548638153340256 0.3523205838236991 0.010221962616822428 0.016495759778470065
7 0.4241468289344642 0.26271730932024545 0.02962396489927078 0.03979241083173948
7 0.45309175840453364 0.06107446468116763 0.029287135953279 0.044059714701088666
12 0.058194444444444444 0.6966438356164385 0.022222222222222223 0.04564814814814821
10 0.13302655284127665 0.6678701656935859 0.10150362597757778 0.08925186741363215
10 0.11739065537693304 0.7310283460474418 0.07993605115907274 0.023758770761168817
1 0.10396539369414942 0.4832384926656549 0.029505985499915698 0.09336536840330467
1 0.16215729448961153 0.48893179765130973 0.027638888888888876 0.08722222222222221
1 0.32131513584752636 0.5314196404433632 0.02201388888888888 0.06796296296296295
7 0.5358290160073167 0.1725142165202863 0.023394031360647383 0.0333698645534761
7 0.5693330228551968 0.22097482504008562 0.021379352774701647 0.03117181411755057
7 0.5869162870159454 0.23941671918915203 0.024360921285750455 0.034484940521386974
7 0.5950602168899269 0.25813927082043026 0.01883482861743728 0.025640288321447713
7 0.5948875188270005 0.29756178728881283 0.025070338953976545 0.03569906223358909
7 0.5744069567354965 0.374568349955518 0.0277426604860233 0.039799597321721204
7 0.5846033786265149 0.4427512936051313 0.02860789774350181 0.038560411311053984
7 0.5701600241545894 0.49939210950080515 0.007152777777777746 0.010231481481481544
7 0.5972474747474747 0.49192550505050503 0.00767361111111108 0.008750000000000042
7 0.6043795289855073 0.516507648953301 0.006909722222222175 0.007777777777777862
7 0.6023002100662284 0.5860918399057226 0.006937255578559921 0.008578713288858248
7 0.6044980391512482 0.6017788221031837 0.006649700943179226 0.008578713288858248
7 0.6751642387889174 0.34288948331364777 0.016780919737217913 0.023088641340569368
7 0.6775383141762451 0.38044760688438845 0.016004150702426518 0.02426564495530012
7 0.6831491133477113 0.41943953523976896 0.015495197300103788 0.02596053997923154
6 0.08286246612466128 0.1846928635953026 0.00918868563685637 0.009315718157181574
1 0.3519355249745158 0.5373666326877338 0.02197916666666665 0.06500000000000004
1 0.6016976184765697 0.25632943939820024 0.05202164009111622 0.13065732304058048
1 0.5944625782014331 0.41092324308210143 0.055402369281045735 0.14297385620915035
11 0.7326516526283106 0.6445299029331601 0.23474160782504083 0.3919006254787568
11 0.8907372191905117 0.6164803547408898 0.18499132502342708 0.1371126704298368
