7 0.2253172112237781 0.39159975201340086 0.0299439347604485 0.01897157095933853
7 0.22285262084875795 0.4100646195849801 0.02590893645939517 0.01642315097972592
7 0.3438241119184579 0.42527626400242197 0.024788071450196805 0.014885457664749214
7 0.3426510190098316 0.4421950273807437 0.02828867696033907 0.01892219194671514
7 0.4586199399114483 0.466308536556797 0.029530909586056628 0.03392792302106021
7 0.5346066376768129 0.3347120174605554 0.022773279352226675 0.03092667566351779
6 0.5492355599647265 0.38925191064079967 0.04650297619047623 0.033987360376249276
6 0.7466690433081943 0.04199428341948558 0.06658566800076231 0.04272282574169367
6 0.6776993727598568 0.13118706263867555 0.026377688172043022 0.032780764635603345
6 0.6950814852150539 0.13167376045400236 0.003304211469534045 0.022700119474313035
6 0.7229859074617143 0.14804147465437784 0.03483422939068106 0.038306451612903206
7 0.16962569881201955 0.613031226544504 0.024764150943396204 0.029437456324248816
7 0.2649115376717442 0.6334394290123458 0.02429155465949822 0.028188470728793356
7 0.3573815652306322 0.6493463076190251 0.0233238456672992 0.019941668423641826
7 0.3542891196447231 0.6634266515732032 0.018259099616858246 0.00893997445721587
13 0.1147457732945496 0.8303420078102509 0.062164201838927666 0.08766715441206364
13 0.20880053353568973 0.8549163831004638 0.049847830279052964 0.07965518564135732
13 0.3067486060631366 0.8655320925402953 0.04717301364019934 0.08850150253952704
1 0.4177518594138287 0.9023472288938612 0.03408657513348593 0.1405686451770865
1 0.4462808586041642 0.8664357724886902 0.03362983770287147 0.13451935081148558
1 0.4820442940079669 0.8248745185561864 0.04330345792016269 0.14100771251801003
7 0.49089580442825775 0.8034382587582376 0.027441756272401422 0.039501194743130304
7 0.48751327492366936 0.8771087769370325 0.02833781362007165 0.041517323775388214
7 0.5615127995642701 0.7252341764251996 0.029360702614379067 0.04510484749455341
7 0.5592514896262004 0.8063253743712848 0.03359696502057608 0.04618912894375855
1 0.5528086858457092 0.7503678944346557 0.04443574576664346 0.15725276424650117
1 0.602407407674689 0.7018813425870452 0.048442557206888476 0.16962962962962966
7 0.6089057154142182 0.7561572717454929 0.03283073929961091 0.051820627371859544
7 0.6132764410851759 0.6728362387742032 0.031170008722925975 0.04824239212117787
7 0.5157001720756027 0.7519328905149241 0.026490910777221266 0.032538799233290026
7 0.6817847604681059 0.5635407426382109 0.035334452840750034 0.044313835245825176
7 0.673802061385026 0.603688193566512 0.03656588003933131 0.05230525510761502
7 0.6717327881409388 0.6959105108942906 0.03751013787510134 0.053956024150671446
1 0.659639819498707 0.6495511758685271 0.05827461192810459 0.2040781590413943
7 0.8209971025447217 0.449668262366675 0.04891975308641984 0.06769547325102879
7 0.822548291092808 0.5588697539687942 0.05156040829986621 0.06874783082949083
1 0.8034215481196101 0.49584440811863895 0.08077014783023376 0.23785100691842465
7 0.6826020971302428 0.7918348812388547 0.035871964679911626 0.03955114054451801
7 0.7429214227316321 0.7409667520924065 0.03826716114019793 0.04144851657940667
7 0.702867180080722 0.8721411047799936 0.03578317901234564 0.04771090534979429
7 0.7627727950667819 0.8246916181214621 0.02675699084385062 0.05103934669636235
7 0.9187385351153041 0.5948309748427673 0.02705712788259957 0.03197064989517826
7 0.9370972391805724 0.32491460073675915 0.05620158098606396 0.07409775728741241
7 0.9436142374650438 0.44750761484632434 0.06114545177045175 0.07898351648351641
