7 0.6427739228223186 0.886987601939427 0.019805754441792642 0.022761424909396265
7 0.6637719116017727 0.5331410915901659 0.0360576923076923 0.03759100981323208
7 0.5364455437534501 0.5478500815360502 0.03162892848304877 0.04175946547884187
7 0.4232260883148327 0.5652309567277494 0.031360137265813395 0.040422308786248695
7 0.931433147513198 0.49987430576612574 0.04360990600144608 0.038362657668514544
7 0.15193358282789174 0.6023232388408539 0.030261969286359523 0.036359530261969274
7 0.07130568524462602 0.6154016578586174 0.03085384041759881 0.03473775789212034
7 0.05434033473680375 0.5093769745795667 0.036636045494313214 0.04046369203849515
7 0.07240952859579505 0.44465711235761357 0.03237573099415204 0.03768483709273188
7 0.14985571509009013 0.4911129879879879 0.03442896021021021 0.04238613613613614
7 0.16387967109120943 0.4228322257168412 0.032123469623469625 0.04148379148379151
7 0.11269640175890175 0.3883302945802948 0.021525431681681678 0.023382757757757763
7 0.3413460075963009 0.4520298811013767 0.030701082516339854 0.04578567538126366
7 0.3516867249994755 0.38179993007301727 0.028449817909168788 0.04337884898100139
7 0.47580362557695294 0.35705519304317335 0.023877106540988218 0.046265862461235256
7 0.4709859501966884 0.42869072322598667 0.02578429170410301 0.04735699311171007
7 0.4504881827352645 0.42312330762054295 0.005584378152471537 0.021316712302445102
6 0.1846012769191184 0.1331969052363257 0.04428677425338529 0.07064242873925677
6 0.3099409899434482 0.07160386885613589 0.022694549796319703 0.05109565950273915
6 0.4487279503045437 0.04169710082923391 0.03321315198808084 0.07508851493813899
6 0.5286435827590489 0.026339945365369082 0.019340866290018806 0.04896421845574388
7 0.6053026216160549 0.3266760021131322 0.03871583244586445 0.04895870311205778
7 0.6047787698162422 0.40100830851452446 0.039212367411419535 0.05118928373655728
7 0.8867172772186667 0.2563555405576361 0.04655160675381277 0.06026083272815294
7 0.8986844294111124 0.34046752353579024 0.0491442475940507 0.06225894298423966
12 0.33877906799775703 0.8674931255469596 0.027943480356712454 0.07210572828794083
12 0.5875244908129497 0.8640826072687666 0.022436983183934306 0.06835290575127978
12 0.6976931983130656 0.8644438475629779 0.0254240271035166 0.07919251829515093
9 0.8856621658428137 0.8932974296791545 0.020258903659937585 0.05986791716695313
12 0.9014644302164058 0.8773207889854691 0.037943061840120626 0.07686598812553008
9 0.9500505753987996 0.885675186180111 0.02359839816933642 0.04205864903805413
9 0.9542453279938977 0.9135837782862954 0.021373633358759195 0.002224764810577224
9 0.9557271802695144 0.9343164674972454 0.019943427409102474 0.00614458852445123
10 0.5107248800819341 0.7689706441178735 0.14598415943345772 0.19901610017889093
10 0.40749984476473344 0.7581848516188948 0.07234278739499524 0.13563764333260075
10 0.538449921741096 0.8974538492399154 0.13754872206681656 0.0481639692619505
10 0.3799046672555948 0.9005283994241591 0.012637416568511936 0.04351524669545873
10 0.06547988635163374 0.7680497197355084 0.12385170603674542 0.16531787693205016
10 0.07127983916827374 0.9021743068261109 0.11149691358024691 0.03395061728395058
1 0.05327576512921958 0.458801032085026 0.07323810829156223 0.14098375098932187
1 0.14612627901760683 0.4394455748390155 0.06770513960980075 0.14642646648531774
1 0.3374518898685874 0.39271446844870594 0.051775622605363995 0.1580092592592593
1 0.46272801574117994 0.36797266401823436 0.041770833333333396 0.16666451335055982
1 0.6012683217499777 0.32538351302384977 0.04008620689655168 0.17828863346104726
1 0.8913156436913744 0.2615785863836546 0.06297795771479982 0.19736842105263153
