7 0.8148369661527556 0.044108851674641146 0.08627946127946133 0.07944023569023569
7 0.4375828997041118 0.022909014386287115 0.06663860830527495 0.041561447811447806
4 0.6811961273815734 0.5653830389745882 0.17416225749559092 0.44229497354497355
4 0.43697247619318896 0.5767128798883477 0.16548463356973997 0.43144208037825044
4 0.14664442249952622 0.5771108268246703 0.17237982663514578 0.4787234042553191
7 0.290342937372108 0.6161922525429047 0.08081781203168485 0.06442678227360309
7 0.10096492032908219 0.7719936079762669 0.03398629843716548 0.03050738599871544
7 0.02539281705948373 0.7115030513468014 0.031214927048260375 0.029198232323232372
7 0.017649228175543957 0.636030767609715 0.03420086753420086 0.04066566566566562
12 0.2578098932265599 0.48807922505839174 0.07549215882549212 0.06881881881881885
12 0.028712923449765552 0.48058090985722557 0.050467133800467134 0.07007007007007005
