8 0.19904458598726113 0.5649212283454875 0.01120547298891247 0.08028131634819526
7 0.2214375910524202 0.508361630088624 0.02205693332611305 0.022158079798030646
7 0.3459803250920225 0.5139698157920454 0.022109840711423794 0.02079668718850777
9 0.31411656784028896 0.5450493422608071 0.026629531906576756 0.05212914101436531
9 0.36756988103123145 0.547238916577087 0.02101045636665691 0.04754837291116974
10 0.45005208084856 0.519506464386241 0.14936469316031362 0.07806163828061641
13 0.71379940865235 0.3441977752639517 0.05291005291005288 0.04903083028083033
13 0.7880015432098765 0.3273730031542531 0.04705942205942211 0.04845848595848597
13 0.8584528897028897 0.31312437562437573 0.0651200651200651 0.06295787545787547
7 0.8245878835629824 0.14263939277338025 0.03127137691781499 0.03838683670477866
7 0.7487384225327643 0.16765611257695687 0.03652399100947908 0.03728745236001172
7 0.6815126472118556 0.19417999793989235 0.03151568454998531 0.03609645265318087
7 0.5414795472129713 0.2473550980590036 0.028004844081138354 0.030748561913412055
7 0.4956120432780409 0.2653090491897319 0.026995660510646897 0.029707841356342732
7 0.4557725300232112 0.2826316067119881 0.021319002926632313 0.028099455040871944
7 0.4423983520661386 0.06494701588486583 0.043859649122807 0.04979897660818713
7 0.37732106262808013 0.09783489841055627 0.03918940870695256 0.038377192982456135
7 0.3224834849469352 0.12956109892787523 0.034722222222222224 0.033199317738791416
7 0.16802271378930414 0.21954323459615213 0.028833658219623137 0.027412280701754374
7 0.2069204163959281 0.197958546539961 0.03309779077322938 0.029087475633528235
7 0.040581778520375 0.24914717348927873 0.014213775178687462 0.028782894736842084
7 0.18145757259607026 0.3209849374021909 0.021354981742305688 0.023596439749608757
7 0.18022680838115107 0.36487879825247777 0.023311163275952028 0.024207746478873284
7 0.3728723527102243 0.3422062287812651 0.02633817563146184 0.02122595210051041
7 0.374274745888409 0.3832204554377699 0.019794529511843996 0.020857872006281912
7 0.4697683549273656 0.35309514461457925 0.024865855254547854 0.020489791912053374
7 0.4694043646119617 0.39169856694149985 0.02044889412380584 0.020489791912053412
7 0.563080748593116 0.361708803073644 0.021103258735767575 0.020367098547310527
7 0.5631171021826695 0.39856939536709857 0.022248396806700748 0.01999901845308203
1 0.18908906497245717 0.3403290859121248 0.033372595210051044 0.09226541028661168
1 0.38225799415434286 0.35864992526467343 0.03533568904593638 0.08735767569689834
1 0.4784427758146839 0.3684153100286051 0.03386336866902234 0.08809383588535534
1 0.570327836670593 0.3772600117785629 0.03239104829210846 0.08343148802512765
