7 0.20774976657329602 0.2391182810572789 0.0295025417574437 0.048414427499394806
7 0.2573097140090604 0.2659767610748004 0.024963689179375474 0.04538852578068268
7 0.30303325033717193 0.289751703150396 0.02382897603485839 0.041454853546356835
7 0.4087953407483852 0.344713908955395 0.04107661583151775 0.05930767368675868
7 0.25947436140317637 0.381316240935451 0.03562999273783589 0.05204550956184943
7 0.14165542760314 0.40879932219801496 0.031091140159767605 0.04296780440571289
7 0.19720179738562094 0.3949860808520939 0.03381445170660859 0.04508593560881145
7 0.4675018155410312 0.32654981184392956 0.024282861292665263 0.022996853062212535
7 0.5081812817719681 0.3144668361171629 0.029956427015250538 0.02239167271847009
7 0.560371782457839 0.30000134484520835 0.03063725490196079 0.02118131203098525
7 0.7597660977971432 0.2504269883536404 0.04084967320261433 0.08412006778019851
7 0.9363977072310405 0.196575543797766 0.025871459694989104 0.0804889857177439
7 0.9813809783172529 0.1881894733201923 0.02950254175744378 0.09803921568627448
1 0.9613765863765863 0.21710696710696709 0.0757575757575757 0.3148148148148148
1 0.74520202020202 0.26788720538720545 0.06881313131313141 0.2567340067340067
1 0.3985895540773591 0.35899646875256636 0.06912878787878785 0.1805555555555555
1 0.25476041666666666 0.39405639730639735 0.06278409090909093 0.15162037037037038
1 0.18957624716553287 0.4078845427059713 0.0625 0.13449074074074074
1 0.13528125 0.4197962962962963 0.06128472222222222 0.13055555555555556
