7 0.04074506577736552 0.22562887872965387 0.022299244682965607 0.03114026369840325
7 0.06763851159845989 0.1831422955453963 0.025777678393957466 0.03329357980520771
7 0.11809704350490194 0.1928317333877996 0.019595077614379085 0.028339460784313715
7 0.09653001471406981 0.3633778732203929 0.02884405074365704 0.024879702537182826
7 0.10919045275590551 0.34672098279381747 0.007518591426071749 0.019138232720909903
7 0.09387303149606298 0.3384368620589093 0.013465113735783034 0.013761300670749465
7 0.16921382577998662 0.4495071260468847 0.062344692935747265 0.07188498402555912
7 0.2646819485821471 0.41179337231968804 0.01768867924528301 0.02131376659678547
7 0.2631467941507311 0.47958935688594473 0.017661854768153993 0.0306940799066783
7 0.27666463567054117 0.48684018664333617 0.004811898512685886 0.01997666958296878
7 0.36822448325450025 0.30605752589743435 0.020070992948351414 0.027793659869131574
7 0.40060769035666766 0.27062993267191054 0.02004772915925533 0.02816316850468394
7 0.44067805477554806 0.28780372729417314 0.01916725642840294 0.01921640323975782
7 0.4304191731540458 0.27792521821184246 0.010763151686718608 0.00830581111897462
7 0.5490313045336372 0.19337800887179427 0.029511230219499713 0.044169360784981
7 0.6053521588905494 0.14697171554248334 0.030573740680123664 0.04872097957204339
7 0.6739563716258629 0.09772204150735224 0.034240712206813836 0.05549848770187755
7 0.5851513012138423 0.40164099256994074 0.0205644140723867 0.03158483084451194
7 0.671738365245707 0.35241514222386816 0.02291773013442232 0.03537802733821112
7 0.8053670752812906 0.27592686906412406 0.025531045751633976 0.04110903620707544
7 0.8707719856744925 0.23987579401924808 0.02708139894769425 0.04326575879500672
7 0.9432566553758115 0.2019912902883485 0.02861890694239296 0.04650144975108048
7 0.8660022244765352 0.4004375466885908 0.014228279030910566 0.028775642810730535
7 0.8541003490527085 0.394848871860366 0.011487050960735228 0.0216397475169405
7 0.8111968644781145 0.4203205667789001 0.01888888888888892 0.02912037037037036
7 0.44535479350797147 0.44857153746069234 0.01813386086383125 0.030978678975711625
7 0.4462704604192592 0.5098663802119339 0.018236894164193905 0.03152818991097922
7 0.4035965119949494 0.5625511001407518 0.012985257285974525 0.017123937462052177
7 0.4122106481481482 0.6127546296296296 0.008888888888888858 0.018287037037037036
7 0.41322916666666665 0.6487117552334943 0.00927083333333335 0.017638888888888846
7 0.5345739850427351 0.5785665954415954 0.009062499999999968 0.017037037037037017
7 0.5470799361928395 0.625050875050875 0.012286324786324817 0.018009768009768043
7 0.5484715681144253 0.659295598581313 0.012782356532356529 0.01948514448514442
7 0.5722994942196533 0.5562647184757009 0.02071290944123313 0.03013273388995938
7 0.5765371029099353 0.5827596901778019 0.012885356454720585 0.014932562620423874
7 0.5958342361748412 0.44552750019827103 0.017584166071853483 0.02448647791260212
7 0.6057376108901805 0.46120684771648374 0.00996312157982394 0.006889919898485175
7 0.5928332112483989 0.6652189236255079 0.010264924307340727 0.018982671617633035
7 0.5918798446749204 0.6297995318250615 0.012496429591545264 0.01826858992668766
7 0.6433004146622306 0.5644239350291864 0.02007306037679868 0.029298323690847033
7 0.6499458125236941 0.5926832484464882 0.014000148345942718 0.015020026702269665
7 0.6673522301933873 0.6703829336198331 0.01095493692382337 0.016223920426977165
7 0.6661487033860123 0.6371805757722787 0.009552401746724904 0.017032589357916936
7 0.7047289418554091 0.641380752862432 0.010709415391912735 0.016996719237914598
7 0.7079460897663938 0.6769363413573658 0.010450017787264364 0.012006403415154797
7 0.6872147817460316 0.5947585978835981 0.012777777777777761 0.018194444444444423
7 0.7229598063973064 0.6019079685746352 0.008541666666666635 0.013935185185185143
7 0.71025 0.5739576719576719 0.01850694444444435 0.028750000000000064
7 0.6673351946093677 0.4508450350265447 0.013959570257280202 0.009895391574780869
7 0.664469827371152 0.46757804054615903 0.02036506926774098 0.013959570257280202
7 0.8182619180115007 0.5878796622628936 0.018839269152290842 0.02743770481666969
7 0.8734746905481339 0.5941652530392988 0.018951441899915107 0.02509188577890861
7 0.9273488159730772 0.6021482575902669 0.01968034351145036 0.02588705117331074
7 0.8351354166666667 0.48537962962962966 0.015069444444444476 0.013518518518518539
7 0.8336989379084967 0.5010375816993465 0.01725694444444438 0.008750000000000042
7 0.8913177910052911 0.5027579365079365 0.019513888888888983 0.0172685185185185
7 0.9393636784028576 0.520467906195518 0.017101990049751235 0.011374750180720357
7 0.9410834006605149 0.5035482605963534 0.01327497129735933 0.007122507122507163
8 0.037991484440706484 0.827002149331838 0.010289634146341466 0.03827913279132794
8 0.05062971333069881 0.8293215136446463 0.008248328722913782 0.035778776702013224
8 0.06272830442954924 0.829990040311617 0.010913727524204702 0.03443407100046106
8 0.09709583004961511 0.829465154586714 0.009522782808681917 0.039049398687173685
8 0.10888014469838533 0.8285819238816221 0.009432945235015092 0.034497628288055235
8 0.1772511777980126 0.826084358637112 0.009328358208955202 0.03481524003912063
9 0.07440451266762692 0.722456704518809 0.010816891658013155 0.04716164762893729
9 0.19555362539931812 0.7256929390945001 0.008681993731543495 0.04503526911692038
12 0.06618981800692901 0.6712430943929449 0.030426168526605204 0.04454418027926031
12 0.19264884042921426 0.6723122357284902 0.02612279335410176 0.0413205261336102
10 0.2865224824442075 0.7374079657067999 0.03517413834658956 0.15957660480437047
10 0.38471925216044506 0.7353124944998854 0.049493879472692966 0.15489642184557437
12 0.5423095956645899 0.713570061007269 0.01748280114226372 0.024392090688819697
12 0.5606865530303028 0.7129619107744105 0.01906250000000003 0.028194444444444487
12 0.5808966503267974 0.7137091503267974 0.019479166666666634 0.02662037037037037
11 0.5644168775552783 0.8059557973417516 0.04783994911482484 0.12021143110079069
11 0.6184887931383258 0.9068938157723203 0.008483533600355978 0.020212134698115954
11 0.6204596455195497 0.8784780330307487 0.005602147674831394 0.016640042598509
11 0.6174565140220092 0.8473849248609633 0.009096556620518233 0.026032422198556383
10 0.6403019167130858 0.7323892456202118 0.12545942889454337 0.13883757623903417
10 0.8660571222576101 0.7454479904074393 0.11404379003063225 0.12165831244778613
1 0.4207246110590567 0.6286558457708122 0.023572193658954573 0.08523148148148144
5 0.554646733066254 0.6398281955891916 0.02814367767666555 0.08252818035426736
5 0.5926603835978834 0.6302733686067019 0.014687499999999984 0.019537037037037058
5 0.6068303571428572 0.6258267195767195 0.013055555555555523 0.00986111111111109
5 0.5992613636363636 0.6116961279461279 0.0038194444444444443 0.0071296296296296715
5 0.5993952546296295 0.6648572530864195 0.02309027777777778 0.04412037037037035
3 0.5833412612607729 0.5263938362227027 0.03280685211378282 0.12550657446697042
3 0.6538096766025808 0.5375432549868743 0.033052412384095536 0.11937503274136937
3 0.7216740351908247 0.540714620695387 0.033586890705419294 0.11574074074074074
3 0.8262808423699513 0.573011238852823 0.031628162816281565 0.09927183194509924
3 0.8798001366070672 0.5829424517543328 0.028976111896903946 0.0844727329875845
3 0.9329751427523708 0.5989633354869878 0.029172560113154115 0.07176908167007177
2 0.604575540379804 0.43414954267667444 0.026916451335056026 0.0473729543496985
2 0.6052178612485631 0.46186959564152535 0.00984030589293749 0.006685160193932107
2 0.6210189176245211 0.4991123882503193 0.055937499999999966 0.03462962962962961
2 0.6855252911841211 0.5128927326849688 0.04927452491011819 0.03367003367003357
2 0.7507292896681264 0.524432553265341 0.045784568703944394 0.03202812695660553
2 0.8515855260821704 0.5446243622977404 0.041293810589112606 0.027591349739000747
2 0.9036980968858132 0.551233499935922 0.022957516339869245 0.023910675381263555
2 0.9245302287581699 0.5398828976034857 0.0290032679738562 0.0069172113289760594
2 0.6771677733272933 0.4421112515132973 0.02464157706093191 0.034824046920821125
2 0.6644750397715292 0.4672915109347746 0.02092497556207233 0.015205821657434573
2 0.7433481835985631 0.4547830679595982 0.023815545439217562 0.036741977182037894
2 0.8453909603673755 0.4773382163901613 0.026807147756221797 0.036049056110784586
2 0.8343120805369126 0.501073373556595 0.01775727069351234 0.009010688540889886
2 0.9031721550362258 0.4809359735614025 0.008310294892048533 0.02430007021239246
2 0.8929672415306301 0.503291205897841 0.024437203791469148 0.01766280498507984
6 0.6465833176882883 0.014029694295816518 0.045990566037735825 0.02742837176799441
6 0.7088611709810435 0.040989855788299924 0.051469432657551474 0.027699198491277697
6 0.8122495791552645 0.07935292792902265 0.05166588087380164 0.03372361045628373
6 0.8552518611649522 0.10690299629610227 0.04606710671067099 0.023311854995023317
6 0.9082142895662118 0.1244159196498548 0.04685289957567183 0.03706323013253706
6 0.9799485965387583 0.16131722536148427 0.038087871287128726 0.02174026926502174
9 0.6779919229516003 0.02122261698874601 0.01624103942652329 0.04358097100032583
9 0.8004402138030817 0.0579020748170312 0.01758426163953162 0.04593925545082358
9 0.8485644795112186 0.08330670319639301 0.01519580549368966 0.04593541202672605
9 0.8793608369883038 0.09944627192982458 0.017152777777777652 0.05699074074074074
1 0.45444073040128014 0.47046791502051577 0.03061483739837393 0.1276535682023487
1 0.3690167661757297 0.44235322173760655 0.0215898272813817 0.11299242939389816
12 0.32859173013540477 0.4225157568531063 0.07277442236026575 0.17966124140822937
1 0.2712500092543235 0.4275142763365711 0.03154798922056384 0.12429173576561633
2 0.10752851600949569 0.4156268697045143 0.06298129812981297 0.04657132379904657
14 0.073242335313745 0.1568729682763851 0.11991952946490252 0.08461234667855208
14 0.03854192505668942 0.20413933629945927 0.038900123581620046 0.06672082813307025
14 0.09575078133986661 0.1977947579853724 0.04266074305723604 0.033600385255231575
14 0.029183995578785666 0.23548326328914201 0.014594924970494014 0.03147305119991007
14 0.07629916199252135 0.2483696136039886 0.024539262820512813 0.013020833333333334
14 0.3408826164874552 0.22964083034647548 0.011032706093189957 0.03151135005973713
14 0.381894953915173 0.24577345643697598 0.07092215095795977 0.070548276283712
14 0.4370244471284842 0.25550736484233294 0.030231030752588515 0.047970432184618515
14 0.4397783865348126 0.2880748382584369 0.019149132521225534 0.019072228374553937
14 0.3273947744588256 0.2672487130741252 0.025967292261661928 0.03224307538873024
14 0.31004732759343984 0.30604693831218505 0.049075040593829736 0.05668638366968221
14 0.36837643656133306 0.2921132701122362 0.061678150691940284 0.06493321410622972
14 0.3576153656402902 0.3203463808952228 0.022029204431017115 0.03279903770840323
