7 0.2110223475355054 0.9816900022492123 0.07162002227791699 0.04130116959064329
7 0.4653876702897671 0.967146524512689 0.06456701707361337 0.055230975415671964
7 0.33401377070627714 0.8299633541881604 0.051525778269964295 0.061619447520610285
7 0.2870206949058693 0.833845226559616 0.010125712645092481 0.03201135105204878
7 0.33375331542321207 0.7288483689484982 0.061010623026126864 0.05883167220376516
7 0.28756873119618215 0.7351810233137182 0.00935667117837662 0.02874292481850622
7 0.031945703217747916 0.8685449181127546 0.0632158262680351 0.0604600943456366
7 0.04303176567706385 0.7699937215167951 0.07251227130745203 0.056376298846178396
7 0.7244526315386759 0.7187493606431643 0.05100196260716863 0.05638191646868435
7 0.6531158316872602 0.5750218919861776 0.037056287056287 0.044446919446919364
7 0.461956664022473 0.26576314111878185 0.06600939255978011 0.06152331733727082
7 0.36909429906951924 0.10017484663408781 0.060692505471621944 0.05478262255370689
1 0.30882734255750116 0.7581442477275814 0.08301883301883302 0.22217365967365968
1 0.0315974217073118 0.781961856824494 0.08486883486883487 0.21853146853146857
13 0.5072812237446384 0.37239606599362696 0.1172438672438673 0.1607767232767233
13 0.3562496698334849 0.4212099316868104 0.03861210508609349 0.0792790622992935
13 0.5775567090382716 0.5264651205873727 0.08941344778254655 0.15296086245657053
13 0.4688292420767385 0.5719563000052985 0.06542793559960937 0.08387832958648413
13 0.30733212430662565 0.16366561244380784 0.24946625823818805 0.18209586466165412
