12 0.516577250417711 0.8611285157337788 0.01592261904761906 0.02820767195767187
12 0.595715520352895 0.8466302589193175 0.02981290846483601 0.07237559608446265
12 0.7303560488244909 0.8473609219859851 0.027429678374041314 0.07042335963600375
12 0.9889362269750106 0.8432453114605155 0.018459048439661542 0.06683508788383236
6 0.2923208978806983 0.21575997662752566 0.03683849309214291 0.02659924945274451
6 0.30712236887508626 0.24736168622038185 0.01051587301587304 0.012433862433862441
6 0.34753641945908786 0.1970832898376741 0.03990575396825399 0.027281746031746032
6 0.36220341435185194 0.22930583112874775 0.00992063492063492 0.012268518518518526
6 0.39616372233223884 0.17935254003533527 0.0259438877469453 0.028454141448745793
6 0.505857551353875 0.14396656810872496 0.024999999999999988 0.027149470899470906
6 0.5714190729483283 0.12110703028256223 0.023759920634920568 0.030853174603174608
6 0.6411007395382392 0.09351776695526699 0.024355158730158796 0.034226190476190466
6 0.7807571219088535 0.04614198202322477 0.024840301974448392 0.03508597883597883
6 0.871932310351385 0.01934371301645582 0.03056744410998098 0.03385613504661123
10 0.2820125787125621 0.8405898946166117 0.1141041291418065 0.12667004370505072
10 0.26022369085207375 0.8033163648860536 0.006275909100672268 0.020584086889905557
10 0.2627211894380365 0.815972595122347 0.004732102583929419 0.0027296289136614408
10 0.26356301146981115 0.8235312806523902 0.0033561011233542008 0.0020136606740124
10 0.26405803638550596 0.8299414337979967 0.0024835148312820454 0.0014319364792977805
10 0.53528644178606 0.8301615481555085 0.13291170634920638 0.14434523809523808
10 0.866903143491369 0.8286949394093204 0.1576777153639914 0.16709656084656074
7 0.5540011369716427 0.8557469086261223 0.016393849206349183 0.028935185185185185
7 0.21291599025974026 0.8627039241622575 0.014558531746031757 0.025099206349206378
7 0.776116650785852 0.8529741728801535 0.01864356220848253 0.032014197731737665
7 0.8482197083609866 0.013035092085614734 0.025001209833526952 0.022817460317460316
7 0.928691616867956 0.03684505347139561 0.04192754919499114 0.08459456133874739
7 0.8561677804546932 0.42808111600057924 0.026898902737828946 0.05122332303540359
7 0.8083279142873274 0.4164213561158428 0.02277511614401851 0.04325396825396824
7 0.8191140873015874 0.40528835978835975 0.009325396825396803 0.022387566137566154
7 0.7782446127185054 0.38301562186055843 0.02656250000000009 0.04728835978835979
7 0.7408567864462009 0.35082047442963654 0.027443383962780524 0.04987000547345377
7 0.6309379633495911 0.2583095903417728 0.030226254149002534 0.05707671957671959
7 0.5795991443452381 0.2156105324074075 0.03256448412698417 0.06068121693121693
7 0.5192372109703299 0.17156105953166165 0.03485781176555661 0.06854804690795578
7 0.5530036576316693 0.47533432060995023 0.019967294166989287 0.02873757904245712
7 0.5471687030075189 0.45313457254246736 0.008506944444444376 0.01078042328042325
7 0.5595875850340135 0.45479851662887355 0.009970238095238162 0.018882275132275177
7 0.5134039988907485 0.4494481254494541 0.02017561105687522 0.03869047619047619
7 0.507468612444978 0.4253090124938865 0.0015631252500999798 0.00284836156684896
7 0.5110803791213455 0.4285742074607621 0.004949896625316819 0.0024662642834912085
7 0.5221177801928854 0.4309331055654586 0.010603199613178677 0.023273198168156144
7 0.47470930232558145 0.41250845945613385 0.02371031746031744 0.04689153439153438
7 0.35639787946428564 0.33223792989417983 0.02651289682539679 0.04424603174603177
7 0.3007256554307116 0.2973541257951371 0.028422619047619026 0.05135582010582013
7 0.23762115717934684 0.25898254576415497 0.030158730158730166 0.057671957671957666
7 0.06739295335750331 0.12396426133744635 0.03854166666666667 0.07377645502645504
7 0.26448657988836566 0.4612270335484623 0.02165178571428573 0.04348544973544974
7 0.31210586393191825 0.48317675463759796 0.021577380952380952 0.04156746031746033
7 0.3552321686250256 0.50259139009139 0.01989087301587297 0.04050925925925926
7 0.015269909892002918 0.3291655229639726 0.03473996933299259 0.046142488002953154
7 0.09967718681487246 0.29597742876150984 0.021180874342024716 0.039581973177731516
7 0.27140111252834465 0.7026360544217689 0.020014880952380906 0.0269510582010582
7 0.3298662424740012 0.6955950100346652 0.02051091269841271 0.026984126984127103
7 0.5030785472053476 0.6839278547114622 0.013268338885622831 0.021433470507544572
7 0.5022704169116206 0.6665299007119994 0.002219895159710021 0.005137228645459139
7 0.5114519373135626 0.6715423842910124 0.012783534195571171 0.02697895573409967
7 0.5851573847131445 0.6687873194545308 0.009239807033924735 0.029718677594494602
7 0.575132058996438 0.6724634298163709 0.011266080506276564 0.029610609675969166
7 0.8089714349882462 0.6499245110958776 0.024263591915435707 0.033427446659550795
7 0.903685392128366 0.640629598737348 0.025223635544097282 0.0340786096226648
7 0.013330434195566562 0.6417588985758155 0.017928359435037233 0.025008612237326797
7 0.008990117465006683 0.6874868115636208 0.016888525474197554 0.02491149093807888
7 0.0620531059138984 0.6345909815669983 0.016086118145555058 0.02537917032181886
7 0.05757097426197895 0.6805859458702136 0.017538817188349896 0.025548467916069156
7 0.20821428571428569 0.6148095238095239 0.01817956349206348 0.027149470899470944
7 0.20407212101842975 0.662689131648863 0.01890912964738469 0.027475941905472097
7 0.2664928656505992 0.6048376641791648 0.019446267532025614 0.027903368255588777
7 0.2622998376160378 0.6573519322442893 0.019782536265313445 0.02801413592586894
7 0.3275468654448865 0.5941776659397832 0.01874854985284108 0.028800880055034932
7 0.32378266334205025 0.6481889738062577 0.020012315270935943 0.029191753329684385
7 0.4436988369771389 0.5779081810921434 0.018718179095537597 0.029449935110312436
7 0.4411958006234492 0.6334516155794865 0.018810441088488814 0.030187397560778
7 0.5164695319386626 0.5664837610482099 0.01892604042376253 0.0315622325872895
7 0.5133570169210607 0.6240892004297428 0.019780279774383507 0.03170609963062795
7 0.5946244782037317 0.5534394393009044 0.01858871482865446 0.03223707323304911
7 0.5909782742441994 0.614035029058622 0.01905885374035026 0.03226630501655776
7 0.7443271138583637 0.5353289072039071 0.02036210317460315 0.034093915343915315
7 0.7433817866769351 0.5940240876224704 0.0205231463654644 0.03409382620972919
7 0.8409154865885288 0.517363115352518 0.019874393830988088 0.03533225569953443
7 0.8259798076158676 0.5188596956126172 0.0027327291517608384 0.01799736774695045
7 0.8418297369601684 0.5834613454469989 0.019489796040944266 0.0355213415778198
7 0.8271385860722422 0.586825624960184 0.0038134559062804273 0.02075273288257337
7 0.9436540598429697 0.5046775488504811 0.01939372240124117 0.03692266380236298
7 0.929152728342799 0.5054848450101288 0.004351155666945208 0.0252367028682818
7 0.9463210403374661 0.5706306028713068 0.020337463899134527 0.03685397155740551
7 0.931185905692953 0.5735343523640791 0.005480077376432746 0.027381555001144964
1 0.007100006402611501 0.6353688802956468 0.02316468253968254 0.060081364587178526
1 0.008495861539933463 0.687096738195335 0.018044829906041598 0.02491149093807888
1 0.05061931540273627 0.649350111940623 0.034065887533875336 0.0982384823848239
1 0.19812416198986757 0.6284737568042083 0.03296842257388541 0.10608104310683981
1 0.2559662749882378 0.6205528990689861 0.03392857142857142 0.1087059620596206
1 0.3165680155768776 0.6201176656400539 0.03360615079365079 0.11084656084656086
1 0.43464885811812093 0.6012940625481035 0.030182429372984647 0.11774957733196292
1 0.5079978501834592 0.5861186206246168 0.030627463513369545 0.1222435282837967
1 0.5857871053012972 0.5763341462031416 0.031245667845012808 0.12642672304244357
1 0.736285849567099 0.5546446608946611 0.02924107142857145 0.1341269841269841
1 0.8336783104882411 0.5411317872711624 0.029080028237710203 0.1427483991500164
1 0.9367722485996561 0.5281936574581099 0.03209365800413735 0.14572684580654874
