11 0.7467935768852209 0.6673663546291412 0.06763888888888896 0.18837962962962967
4 0.9119463756111481 0.6191275469684557 0.03383633633633644 0.11032407407407405
12 0.11392855160749886 0.342099565281409 0.050416666666666665 0.09635142776364153
12 0.14474537037037036 0.3016666666666667 0.004479166666666659 0.004537037037037016
12 0.15541170634920634 0.3094753086419753 0.009583333333333341 0.0316203703703704
12 0.2456951575573181 0.3209404218281127 0.10645355673133455 0.13205211572896047
10 0.9597804830718172 0.5688823574290293 0.07506291946308734 0.1672880934625901
10 0.9962347935095434 0.5232592357175228 0.006295575330614156 0.004686276933217978
10 0.9984374724120274 0.5277735108380269 0.0025958626869361802 0.0021824661146128905
10 0.9968444877023853 0.5328580109586784 0.005754851069088968 0.004995262225518071
10 0.9980739916779962 0.5373425891594227 0.002935360276850929 0.0031928480204343216
10 0.996682753213447 0.5439203281423803 0.007183908045976908 0.008548593086969078
10 0.6563703093267483 0.5508502227474585 0.13611011088248742 0.1474576703386373
10 0.4190811863867684 0.5467592592592598 0.11399305555555554 0.12240740740740745
10 0.21148532774390244 0.5860610038392051 0.02032520325203251 0.040085817524841985
10 0.21743961352657004 0.52829307568438 0.011249999999999993 0.03013888888888895
10 0.24041730691110752 0.5481007553412576 0.00918971546653948 0.09040693053568587
10 0.2620980902777778 0.5504614197530866 0.04982638888888889 0.10620370370370374
7 0.9618138586956522 0.3776097020933978 0.01885416666666673 0.03504629629629632
7 0.8985961328976036 0.3821014887436456 0.01833333333333324 0.03217592592592593
7 0.7485179924242421 0.39433186026936035 0.014479166666666604 0.029583333333333323
7 0.6997296777296775 0.38681489498156163 0.022987764550264543 0.05932319223985892
7 0.16804601648351655 0.35139702889702884 0.03847222222222225 0.0665277777777778
7 0.011950757575757575 0.21190656565656568 0.002291666666666666 0.012037037037037037
7 0.011539351851851854 0.22593364197530863 0.0024305555555555556 0.004629629629629629
7 0.012063492063492063 0.23312830687830688 0.0024305555555555556 0.0031481481481481534
7 0.02171919515669515 0.2195833333333333 0.013368055555555555 0.03453703703703702
7 0.015099826388888888 0.14769097222222222 0.00701388888888889 0.006620370370370375
7 0.018668981481481484 0.14005401234567902 0.004375 0.005462962962962968
7 0.009805068226120857 0.12327729044834307 0.021840277777777774 0.04375
7 0.07553208137715178 0.15460485133020346 0.02013888888888889 0.04342592592592593
7 0.1349221380471381 0.18011574074074083 0.019340277777777772 0.04185185185185184
7 0.26583725358422944 0.23517547789725216 0.018333333333333316 0.03717592592592593
7 0.3068441358024691 0.2686651234567901 0.008368055555555563 0.013009259259259217
7 0.3116930555555556 0.25205185185185186 0.014652777777777794 0.027962962962962953
7 0.15578842592592598 0.06072716049382716 0.02475694444444445 0.05328703703703704
7 0.22771241830065353 0.09070079883805376 0.021180555555555557 0.049490740740740745
7 0.2864940619967794 0.12473698336017175 0.022430555555555565 0.04875000000000001
7 0.4199236111111111 0.21487962962962961 0.014513888888888873 0.007777777777777783
7 0.4216645833333335 0.18838240740740736 0.02024305555555554 0.03518518518518519
7 0.4680143596986817 0.21912037037037044 0.019722222222222207 0.041666666666666664
7 0.5080237268518518 0.2441057098765432 0.01694444444444443 0.03759259259259259
7 0.4322429784386307 0.018969892158297946 0.028755463538072235 0.04399585921325051
7 0.4930316840277778 0.05100983796296294 0.026909722222222224 0.05625
7 0.6246779388083735 0.13332949927152826 0.010855187485622272 0.02564028832144774
7 0.6147466496198382 0.1500261011130577 0.021314987347596077 0.04433133962119468
7 0.660422729276896 0.17111845972957085 0.02361111111111111 0.04615740740740743
7 0.6983781067251463 0.19960160818713454 0.022916666666666665 0.04481481481481482
7 0.8917287993194409 0.06783327240173609 0.01965483421918495 0.02093351894035266
7 0.904991987179487 0.05511752136752136 0.018993055555555492 0.019074074074074077
7 0.9331652046783625 0.05438109161793372 0.01711805555555562 0.027129629629629632
7 0.9475402046783626 0.046535087719298256 0.018090277777777903 0.03138888888888888
7 0.9797223872877533 0.08858746088863946 0.024914578587699212 0.0320593942461824
7 0.9958165792171992 0.3092072450684459 0.007267593803477091 0.03117606562773358
7 0.9845673313638601 0.30605476229553036 0.0064623338257016865 0.023729416270036656
7 0.8966513268383475 0.24845094988424057 0.02074724980735204 0.03752488940042224
7 0.892213555041945 0.3161703546767106 0.021437735404896487 0.037368173258003776
7 0.7818910256410257 0.31119301994301996 0.017951388888888982 0.029907407407407417
7 0.7448597222222222 0.24372777777777782 0.02541666666666676 0.03407407407407408
7 0.6242382075471699 0.3754587118565106 0.020532407407407364 0.03239284882366646
7 0.5540618939472428 0.38381376030952347 0.019905339898469362 0.03195096504955662
7 0.6646160130718954 0.24857298474945533 0.019895833333333317 0.021064814814814814
7 0.6614166666666668 0.2680679012345679 0.02048611111111111 0.015231481481481523
7 0.5927748842592593 0.2605285493827161 0.01715277777777781 0.01236111111111108
7 0.599068287037037 0.2725462962962963 0.014409722222222223 0.010648148148148148
7 0.5904220085470085 0.28247507122507126 0.02055555555555557 0.013842592592592582
7 0.47389274691358024 0.2788117283950617 0.01260416666666665 0.006111111111111079
7 0.47417361111111117 0.29041975308641976 0.021249999999999936 0.018472222222222213
2 0.426846371092541 0.3047087245090959 0.015958681522748385 0.009865366759517153
7 0.4193959639043639 0.29184640333230166 0.016345558650572578 0.013089342824718886
7 0.4146944444444445 0.3098981481481482 0.005381944444444444 0.003935185185185185
7 0.3667857142857144 0.2987169312169312 0.012013888888888937 0.006342592592592614
7 0.3678936137783874 0.30956570737092 0.019051973784484016 0.01403495402123664
7 0.44624104274771437 0.39595271433670254 0.019212497205454957 0.027945450480661785
7 0.39115214646464647 0.39993265993265986 0.017986111111111095 0.025972222222222233
7 0.34089034482341124 0.40410506943687713 0.018318365357839046 0.02604891859277824
7 0.6793923611111111 0.45197916666666665 0.008715277777777745 0.01902777777777779
7 0.6873070987654321 0.45256687242798344 0.006111111111111079 0.01712962962962963
7 0.6786226851851852 0.4878742283950618 0.006527777777777762 0.019490740740740697
7 0.6858487297096479 0.48795081732967527 0.005215477823502507 0.015765508306660608
7 0.7303226273148149 0.44963348765432104 0.014965277777777746 0.020092592592592582
7 0.7295455917874395 0.48612721417069255 0.013090277777777872 0.020462962962962985
7 0.7845596101173941 0.44657875475488307 0.014479215640181703 0.02013888888888889
7 0.7816272095959597 0.484497053872054 0.011736111111111175 0.01972222222222218
7 0.8889887152777778 0.4379282407407407 0.008923611111111047 0.014861111111111122
7 0.8841174768518518 0.4491280864197531 0.009305555555555461 0.011157407407407418
7 0.8852537393162393 0.4801745014245015 0.011770833333333206 0.022037037037036994
7 0.9518339646464645 0.4360479797979798 0.00791666666666673 0.020925925925925893
7 0.9458738425925927 0.4459182098765432 0.005937500000000127 0.0067592592592592175
7 0.9495032051282051 0.4799180911680912 0.008819444444444317 0.022824074074074104
1 0.9401865856501718 0.4460966693218835 0.022669521024784305 0.08615288220551376
1 0.9518276130204484 0.4359689373408886 0.00791666666666673 0.020925925925925893
1 0.9357648815195984 0.5010429239988987 0.014718728162124408 0.009433962264151004
1 0.8752539682539683 0.46285251322751314 0.02524305555555549 0.0919444444444444
1 0.8826463293650794 0.41864748677248675 0.007916666666666572 0.018935185185185173
1 0.8889052190249269 0.4379526786684045 0.008923611111111047 0.014861111111111122
1 0.7785455246913576 0.4703530092592593 0.022222222222222223 0.08157407407407409
1 0.7745936213991769 0.42462705761316866 0.0037422839506173014 0.005339506172839545
1 0.7254405381944445 0.4668599537037039 0.021284722222222285 0.07916666666666672
1 0.6756240740740742 0.4665154320987655 0.015312499999999968 0.07782407407407409
1 0.6873302203370611 0.4524382420754726 0.006111111111111079 0.01712962962962963
1 0.6858718512812769 0.48798164609184735 0.005215477823502507 0.015765508306660608
1 0.8851152634593362 0.2733190148911799 0.03621527777777768 0.14532407407407405
1 0.9914987109493478 0.2434900274098788 0.017699486907289477 0.15446842808838565
3 0.33267959770114947 0.4025686462324392 0.028541666666666684 0.07601851851851849
3 0.3294791666666667 0.3351851851851852 0.014270833333333302 0.008148148148148158
3 0.3831064606643663 0.3899414845411133 0.02836805555555557 0.08291666666666668
3 0.37997125624352085 0.3291657504267061 0.013606163415323714 0.009129676750541878
3 0.4382754664734494 0.3806849598899609 0.028714024534088226 0.08954549028859005
3 0.5456995257452575 0.34853997289972893 0.031631944444444414 0.12555555555555553
3 0.6160700031928482 0.33783037480637224 0.03209617180205421 0.1267798786181139
3 0.6943679341683994 0.3219041049009163 0.034669432548179835 0.13449292172257912
2 0.35942294973544975 0.29067239858906524 0.02194444444444446 0.02546296296296296
2 0.3666319444444444 0.30929783950617284 0.02017361111111116 0.014074074074074064
2 0.3568229166666667 0.35871527777777784 0.01569444444444446 0.02189814814814818
2 0.3331709345233535 0.34341828613260467 0.02501819505094613 0.012635452045932414
2 0.404861111111111 0.348287037037037 0.02815972222222219 0.027685185185185215
2 0.41465972222222214 0.3098055555555556 0.005381944444444444 0.003935185185185185
2 0.4112925627240143 0.28368354241338106 0.027534722222222207 0.03500000000000001
2 0.47251953125 0.2901157407407407 0.024375000000000015 0.018564814814814774
2 0.46693381519274385 0.2690069916855631 0.02194444444444446 0.02763888888888886
2 0.44970162728358826 0.33511779758006555 0.03920138888888892 0.03583333333333332
2 0.5844752209595959 0.2491361531986532 0.025972222222222206 0.035509259259259254
2 0.5990393518518519 0.272554012345679 0.014479166666666682 0.010740740740740709
2 0.590405982905983 0.2825213675213676 0.0205208333333333 0.013796296296296327
2 0.5713940388322596 0.3233044726693822 0.0325861345726379 0.03745133583887389
2 0.6555295138888889 0.235119301994302 0.030277777777777792 0.04601851851851851
2 0.6597742600224804 0.26669661731170413 0.02322186836518046 0.017741998899111402
2 0.6403408168869914 0.3096229304239639 0.03960229187731715 0.0390873684604726
2 0.7198627100412818 0.29459721495435776 0.04076834045584058 0.040740740740740744
2 0.7371306736056399 0.2265442642435396 0.03198847274898166 0.05970478063398419
