7 0.9595937811517522 0.20486089326669035 0.03642358714822475 0.045050226209646535
7 0.8285557328809138 0.2165086713697825 0.03263745111571194 0.04380415612299669
7 0.8949388498568827 0.351288056206089 0.007969034608378825 0.007047445572035721
7 0.8856574891410957 0.3687106760877253 0.010815118397085636 0.039465695203400056
7 0.9072932451669192 0.3680871255606067 0.01675123601353109 0.04391100702576113
7 0.8457354748964803 0.4235805584311019 0.018806073153899188 0.02311939268461004
7 0.8293271702031417 0.48915669462949246 0.004155015489212403 0.014678199047801824
7 0.8422512349001985 0.4852113120679615 0.012893398579927117 0.0261009220422001
7 0.8322024837568878 0.4772794424492755 0.0038123337993803876 0.004740430042675318
7 0.8316396219946313 0.5414354688634713 0.01240079365079365 0.02131639692914204
7 0.8415670955882353 0.5336231714908186 0.01142818238406472 0.0263415551405747
7 0.9130740269381693 0.4754097877705895 0.004971364937957341 0.006112937627414242
7 0.9105029775965189 0.4883185980067939 0.00618658747834689 0.014950919739338403
7 0.9228431535940289 0.48051617743525676 0.01176556368649912 0.027029495292301513
7 0.9101147581539739 0.534902945033664 0.005330657904187387 0.021322631616749247
7 0.9240255931432402 0.5356444572130845 0.010605203619909452 0.0240908329143623
7 0.9951766287039161 0.5337981010131893 0.007969948278937097 0.028238511384578772
7 0.9952031686582247 0.4863216614152943 0.007969948278936984 0.01686879495868262
7 0.9971976296370608 0.47400570715177454 0.0056820715177456765 0.007000178348492933
7 0.7091263621436037 0.43223283740525126 0.003831417624521042 0.00980660463419089
7 0.720251562986841 0.428350242031218 0.011929877436206505 0.02106914026745255
7 0.637519152635747 0.4331508452983507 0.0032817718555245546 0.015207336248550973
7 0.6482370967186585 0.42999747500832103 0.01291188926763758 0.023528331554361917
7 0.6363067066700472 0.49421234345312437 0.012858089729022477 0.023313133399901282
7 0.6384489064803599 0.5371085089089428 0.006240746479358265 0.021232884573448525
7 0.5399443939954484 0.6831634883799146 0.010294998502545687 0.014293882218410584
7 0.48519121920284713 0.6816205136618573 0.01087010534684956 0.014197688616293202
7 0.45135377980430064 0.5911884058585447 0.01368260645604397 0.01430860805860804
7 0.25701744935491067 0.5311048170955291 0.011095446950710072 0.021153310626994843
7 0.2561797288359788 0.4031635802469136 0.022291902872259992 0.036415028974552816
7 0.183117801576076 0.4452077860847309 0.009296210233268211 0.020206102242877316
7 0.19316958187184494 0.4460166058468746 0.005647886217193164 0.01768033946251768
7 0.18690526900947105 0.3536751573678569 0.019251543949124594 0.03070670073358248
7 0.1188424189617507 0.38071982085506345 0.02379531764973293 0.03575216880706147
7 0.13372982868806257 0.4474892501941029 0.016455468424442166 0.018783700167948423
7 0.1687862216951142 0.5007299812161161 0.014011920384951882 0.02089582552180976
7 0.16833833270841145 0.5412205961234012 0.010838488938882656 0.020765633462483873
7 0.1610760568991376 0.5306953818272716 0.0038081177352830694 0.002473649127192398
7 0.11323856284510037 0.540342313950062 0.011938391175679313 0.021690879741727172
7 0.11501941724859924 0.5020801409894998 0.014502623083131556 0.02135458703255312
7 0.019636154791949783 0.5374438004024493 0.013211142542825712 0.01754937398501755
7 0.014930064435014932 0.5489417989417991 0.007808816595945309 0.00962596259625965
7 0.02106170438472419 0.5022493320760647 0.012916470218450417 0.020496097228770487
7 0.04509876021958775 0.44913064514942114 0.016729860697176406 0.02019081469707336
7 0.1265687793269123 0.3296705095679636 0.021547913719943416 0.01113206558751113
7 0.12182654277332493 0.3068630275725986 0.017864509665252253 0.018989994237518966
7 0.036614636896812214 0.3822121810492767 0.022249445072664072 0.03481383758428607
7 0.03854581630365425 0.3220575096060118 0.023427356870628642 0.0337668048749843
7 0.9240449510879329 0.42219895335430174 0.020505887540201186 0.024639485423799148
7 0.5157876673940438 0.3194903449372699 0.05837141253807914 0.06501210204913903
7 0.518710458451253 0.3554680557264537 0.026027247139165776 0.004229728066937385
7 0.44192134848519354 0.18857236762013854 0.022153923297714137 0.029466519117935276
7 0.40385130809693487 0.14733765766321646 0.023131276320051873 0.03165154950869237
7 0.36092661823452465 0.10383892483001615 0.02369683953759678 0.0340262311309082
7 0.31123215657927294 0.11209119681162819 0.024580637748789186 0.029386290522147984
7 0.3037398547541745 0.2670374090421823 0.027228472932530206 0.03685709234635249
7 0.15384341474700405 0.21115481779087786 0.015733895116198937 0.027106464919486616
7 0.12811247239034398 0.21855077809469703 0.020905391999142008 0.02485744673244671
7 0.110347083003333 0.1788518715602049 0.022973265160765165 0.02867021096187765
7 0.07290103318749153 0.1937138221860444 0.009419833638583638 0.006200396825396825
7 0.07938822564282125 0.1827496044714182 0.02293351902726903 0.02533153574820241
7 0.05530568962995466 0.14057497602912256 0.02356788913392687 0.030346138836704884
7 0.015351337790690889 0.15590379471781088 0.007317106373710146 0.004991514425476701
7 0.022457698013084493 0.143919559622542 0.023780595714557977 0.027396607585286833
7 0.17666879751174253 0.01131958472084065 0.028421862572189368 0.024711530702816106
8 0.444177236866969 0.7315976158982113 0.008341010015117193 0.048422146636432246
8 0.4578033470332578 0.7442100103930461 0.01240079365079365 0.039859693877551
8 0.47234528111839974 0.7276889757225644 0.008193381519274416 0.06722017510707991
8 0.4853961673955297 0.7313937479753807 0.00782431027966742 0.07233796296296297
8 0.5265345057561417 0.7302973826720528 0.007067470787787451 0.07128547695830018
8 0.5397420057710297 0.7323859566603631 0.008049063952757902 0.07477558598930632
8 0.8044902466593163 0.7702151536795487 0.010997645745352173 0.04399058298140869
8 0.7924412522131016 0.7688904558371804 0.00705366244357069 0.04034998301053353
8 0.7412727016498114 0.7715537770038473 0.011678722121760056 0.04068716094032548
8 0.7076125818153881 0.7369268423690191 0.013014019710448268 0.07231525088667934
8 0.7127390218908074 0.7616721902436189 0.008517028606314331 0.042426158497587
9 0.543470185141958 0.6385080395326853 0.014285227980081012 0.04490222014731818
9 0.4838174304809643 0.6367758529412664 0.013957168562431743 0.04364543838228042
3 0.5530709774406318 0.5070255509047382 0.018500643500643496 0.10311248016166046
3 0.6289537570217795 0.5117137719739333 0.02585996719355128 0.10513156221753008
10 0.42101953879262927 0.6166900877181295 0.0916319118931436 0.15832763929511678
4 0.63498488170443 0.6929791136634355 0.02914005738349763 0.12441494436351011
4 0.16493216885946566 0.6809112925611652 0.025798341401178298 0.10947384459289206
4 0.1464231571657647 0.6873945676337551 0.01961740753308449 0.10941761238673361
4 0.1265719673013654 0.7211381944001412 0.001781932225480599 0.010577168697236197
4 0.12662022490651523 0.7054350468328963 0.003127472885537405 0.003297180716535564
4 0.12635960216605377 0.6992070388127737 0.004836673183447363 0.004024499992242027
4 0.12638081564492853 0.693135269748173 0.005927652097006944 0.003636596378531863
4 0.12853136963909323 0.6581763238267303 0.005928184281842826 0.004140319180969581
4 0.1248166839199448 0.6704788195471425 0.013586956521739147 0.018403496664366237
10 0.8264651952735678 0.6266247486192124 0.16879333150884862 0.18376169260173816
11 0.02148151666103794 0.8094962522045855 0.04722855454238433 0.16024287965777323
11 0.03313920624775887 0.714016390003232 0.05022070400359874 0.07477293661504178
11 0.9086846522941856 0.7588411866419753 0.13384893330420858 0.20436334525196806
11 0.9775618871233169 0.8210933832565555 0.041292715272637524 0.2402814520870077
12 0.6899046540102949 0.23238153745023846 0.0926854487769342 0.22952383815479052
1 0.033027025810834644 0.35038272361593314 0.038747987117552334 0.09623495130741509
1 0.11410220639487842 0.35147012998054405 0.03890177866018201 0.1217151584798643
3 0.10563066570365769 0.5137006575643247 0.02935266440059951 0.0919073835740502
1 0.015854049137916 0.5196789818901332 0.022504356230771325 0.07254712443391689
5 0.9950405335745407 0.49882046568627453 0.011335784313725556 0.105489417989418
5 0.8368198284247298 0.5052119597243996 0.026951077889545476 0.11670088263225525
5 0.9167113502537023 0.49238232352267436 0.026675207596260256 0.09579236552920761
3 0.783722710806044 0.37676565454343236 0.0037537537537537173 0.025025025025025006
3 0.7659932516018041 0.3213922786291207 0.011551368459263264 0.04764126474652792
3 0.7624199395078941 0.2563564245574006 0.01877834467120183 0.057499190152251384
7 0.9281918201786321 0.27050416241930003 0.023360516479782528 0.005966538841156598
7 0.9297940633949809 0.3041670711777746 0.033296320566962766 0.017798488746501005
2 0.825380168456706 0.19491122152073467 0.032663862588181346 0.078364900834226
2 0.8237927600799366 0.29149307540211783 0.03104002337131174 0.06481887233420976
2 0.9576521656842786 0.18224829278866003 0.036165096521064324 0.08123561085733276
2 0.9560466583175219 0.26879031563494626 0.025613544028722627 0.07076325900730661
3 0.895889768254335 0.30805631523841065 0.034378804458941974 0.1806314511232544
3 0.16221265280591915 0.5162003737305751 0.029314942229056923 0.09294508896247326
3 0.24891100552193518 0.389582733597837 0.03345881438720278 0.1068659337033502
3 0.4470144504657219 0.34855613393967627 0.012051475519785394 0.04036694755290347
3 0.44709389324544463 0.2945426247932214 0.02403208697958098 0.058718793802326
12 0.5363416045858169 0.5994650838955535 0.012599433366023817 0.043889737859717136
12 0.47743201007322383 0.5964842301861797 0.023672010058148663 0.03718131890841245
12 0.46407381722915697 0.5873272717932911 0.00240792109724148 0.00410951867262543
12 0.4218884091473006 0.5916765498365958 0.01939524674538296 0.034870896587517776
2 0.4818941465475079 0.3362629774131875 0.025105528322440094 0.015561780267662603
2 0.4757577542333807 0.2967635099307213 0.02626050420168064 0.022613211951447245
2 0.27801856326505664 0.3276395485668497 0.041438295615275844 0.05058541568442561
2 0.2975629282437762 0.2492194394918213 0.03192345368038068 0.06705382964828811
10 0.05943481536814949 0.6160412159464055 0.12169908003241335 0.1572008516452961
12 0.35704618901158713 0.2666764808173932 0.10512621054364969 0.21329274391618228
12 0.031929288157301366 0.2829127171194918 0.05232921113847839 0.07255176975004561
14 0.047638328037462194 0.130845541638103 0.07636617997886876 0.10847943870404177
14 0.10242413776219057 0.16496932058438946 0.07830890323087798 0.09147517344860479
14 0.13639390967480455 0.20950475873186142 0.048659944627039334 0.0947047409632444
14 0.34389174814929274 0.08742113505210788 0.1297087828266318 0.10565559489686956
14 0.4470748781204708 0.17066277504715155 0.06926032785748944 0.08945900048520133
14 0.4078140123326219 0.12865732995461088 0.07315616940902983 0.09595244149019894
