7 0.01955172300838574 0.14039024283717677 0.028334643605870024 0.036906009783368283
7 0.07877311981504148 0.21212052525802017 0.024763135228251514 0.031223083548664925
7 0.1952873563218391 0.31863346104725415 0.017432950191570897 0.01992337164750953
7 0.18487153482082483 0.3312748854331004 0.020306513409961684 0.022030651340996178
7 0.2337518549434242 0.32409488273428166 0.0227810239287702 0.031688616830520024
7 0.21952096086069375 0.3310494342422556 0.004463457614542755 0.006183144747418552
7 0.26394451861741586 0.3673313389045478 0.02195829006576674 0.028484481366101284
7 0.29345809504357306 0.4070083666182521 0.020424836601307207 0.02632534495279594
7 0.39372001049632616 0.029608387064527404 0.0345394736842105 0.04678362573099415
7 0.5790393373165379 0.3161351498775862 0.012352374066039968 0.0323371093436169
7 0.5628694612525529 0.3154215981022694 0.007833212822366894 0.0312324254840524
7 0.5902294719594385 0.36026157278591886 0.014955481357818535 0.029447226859580806
7 0.5783133926915229 0.3718388672478823 0.006028566128733104 0.004250912013850228
7 0.5794572744697953 0.3540880892021682 0.0019129104062326659 0.00224138997093922
7 0.9214071637426899 0.08341130604288499 0.029513888888888888 0.04763645224171539
7 0.9072754223521768 0.16871976752581042 0.027138157894736833 0.044103313840155936
7 0.01763967466353387 0.4717052426197296 0.03286727879799666 0.035089346441600146
7 0.02809111361450387 0.6328848636968523 0.01611970828886517 0.02070239930432028
7 0.058695802622928124 0.5496153269432621 0.02010233918128655 0.029427200479832057
7 0.007635378370098039 0.6840724571078431 0.014552696078431371 0.021105664488017394
7 0.0055824613499245845 0.724728192559075 0.010531556372549019 0.021616285403050134
7 0.057554575449874586 0.6837961948360807 0.012118154479265592 0.020642080827265954
7 0.05463415185637409 0.7249694749694748 0.01093106995884774 0.022224860187823114
7 0.17141629431985825 0.5066975367464536 0.02763483895559366 0.03565529508925741
7 0.16431552587646078 0.5682124528535213 0.024114264514932298 0.03640326470042657
7 0.27618310977083466 0.5042309340188517 0.01901242502142245 0.035882604970008614
7 0.26810499043859115 0.5683355152080091 0.021678095806002773 0.03950506857483594
7 0.5988495669270417 0.40322502081229966 0.019139566395664 0.027777777777777776
7 0.18273547645897198 0.6357396730603955 0.016207122927950103 0.019147655779856672
7 0.24236503882097749 0.6364009169724366 0.016580320399764877 0.01904516950813249
7 0.30096786097691897 0.6364910027349641 0.013730733839429495 0.01869105129974697
7 0.16775766169810485 0.6887314533898098 0.013662628794207758 0.019783254432377256
7 0.16467673814165043 0.7278178084099136 0.009790100250626566 0.02134967047247745
7 0.22804856582311367 0.69161038422451 0.011574074074074087 0.020764119601328918
7 0.22597667578092634 0.7313261247825005 0.00796979865771811 0.024484215759383476
7 0.28996318178942043 0.6913202353834473 0.010242660086054182 0.0215135408757277
7 0.28704055805044504 0.7298054790992644 0.00968781689120672 0.02589453860640297
7 0.42981978022814266 0.7844798174655717 0.013011618306204297 0.01592356687898094
7 0.5646082842643619 0.5308661492757926 0.061879862116150736 0.0740878538624368
7 0.585738428459302 0.46524300143343017 0.027253368929570282 0.03792694296126784
7 0.6479912378821775 0.6464982600049713 0.0155201342281879 0.013671389510315634
7 0.7189295723234893 0.64755938643179 0.013445845697329399 0.01346301791405648
7 0.9858619470164608 0.6070066015089162 0.018004115226337564 0.041666666666666664
7 0.9821548084060405 0.6504703148006181 0.020028687377553922 0.022856609758372948
7 0.99039154502788 0.7089529196896954 0.018596942345368146 0.02518891687657435
7 0.9907719353484467 0.756849736116109 0.016322942905121825 0.029736915757066884
7 0.7002658351821871 0.4614139233675122 0.030050118926265648 0.03836787858194586
7 0.8209215841733679 0.4604145429833503 0.03143051308188929 0.038792615245214615
12 0.3957812788671603 0.47803612980701976 0.08544278739561359 0.18731786965896832
2 0.013782742655982089 0.4557414944738887 0.03363940863940863 0.06333256333256337
2 0.008875932788976266 0.5328865654952613 0.014148764148764146 0.03686378686378686
1 0.05376847460604236 0.7026351667837665 0.02066395663956639 0.08694670280036132
12 0.5023553803270304 0.7854189870674321 0.016282781228433407 0.05775269028510816
9 0.516778075424146 0.834979197207873 0.013591416379451795 0.043902839323814224
8 0.40517247267759565 0.9129424711596842 0.0074999999999999685 0.057962962962962876
8 0.4302585350379467 0.9255438143918535 0.0125 0.05524691358024688
8 0.4999485465281326 0.9231415242529191 0.007079288025889951 0.06355627472132332
8 0.6106676636987572 0.9569923638162371 0.010028287887219435 0.025660050701787052
8 0.6246074054400432 0.9474545117283013 0.007071971804859976 0.029756384096951808
8 0.6347268595807828 0.9495795461571752 0.008753014283064351 0.02797872998206885
1 0.2651333001921079 0.5285657134120437 0.03775586710924763 0.14230287677614722
1 0.16235414769582376 0.5194598071074449 0.04148895450568679 0.1407115777194517
1 0.1578489916788098 0.6983452899536085 0.03393506856982928 0.09296058249221831
1 0.220447758538132 0.6991554974627537 0.027244481543312916 0.08857354850677047
1 0.2816924296877129 0.7023696080299856 0.02843291404612162 0.09451432564640114
1 0.6422407923897526 0.7185786191871386 0.0188078703703704 0.10087599854756711
1 0.7132327684909548 0.7230894164143532 0.021253148614609547 0.10180520570948783
12 0.7452792103523618 0.4709153210759406 0.06691009155422924 0.19039829592939111
2 0.6987410294481562 0.4381196898457476 0.03039161098737932 0.07052709725315515
2 0.6994933541773742 0.5178510809078738 0.018714427121999538 0.05258599356594897
2 0.8210939940162092 0.4352575623905209 0.03180943926616351 0.07305074715194551
2 0.8238663320467633 0.5189899353551927 0.023408915848257234 0.052634957314333305
3 0.9892365991018557 0.5490436219734175 0.02485853909465021 0.1838701236849385
5 0.9914022391822517 0.715510309711527 0.01883594609460949 0.091034103410341
10 0.26129312910106833 0.8255778792335079 0.16091518139299713 0.17697965268470023
10 0.669432602365792 0.8372340708514098 0.13903821447788814 0.18014609020123773
8 0.5125206245724173 0.9244000429259392 0.009268481629039371 0.06510993064777934
