12 0.4541083606918908 0.3198688661698436 0.018303186907838068 0.02320666217278955
12 0.46933641975308643 0.32278273809523805 0.007777777777777757 0.013958333333333349
12 0.49792363823287 0.3202508617074257 0.026785012188409285 0.022484666194857263
12 0.5003473041335744 0.3349232326806637 0.021329716128017633 0.0065242392073602195
9 0.5954438997821351 0.23268382352941172 0.006157407407407387 0.009375
9 0.6198700296616964 0.2341789923039923 0.006166225749559039 0.008804563492063504
9 0.7419473379629631 0.2350282118055555 0.006435185185185227 0.008888888888888898
9 0.7658043981481484 0.2360329861111111 0.006388888888888868 0.006944444444444444
9 0.6566388888888889 0.23375694444444445 0.006620370370370349 0.00930555555555554
9 0.8045092592592592 0.23558680555555556 0.006620370370370349 0.00940972222222223
6 0.29732037037037035 0.24877083333333336 0.011620370370370328 0.01243055555555554
6 0.37117919389978205 0.24694648692810459 0.007592592592592582 0.008923611111111127
6 0.6246103395061728 0.2524869791666666 0.0095370370370371 0.011215277777777762
6 0.6604838709677422 0.25204973118279567 0.014814814814814815 0.009895833333333333
6 0.7285665954415952 0.25356704059829055 0.013101851851851832 0.01083333333333335
6 0.7656306306306305 0.2541600975975975 0.0169444444444444 0.011145833333333341
6 0.8039232804232804 0.25432440476190477 0.01513888888888891 0.010347222222222245
6 0.5166496101364522 0.24921418128654965 0.009305555555555619 0.0075000000000000075
11 0.6784724872103999 0.45836933988446493 0.15449220217963175 0.11097869008714593
4 0.8395942308459686 0.41968177079938485 0.028384634634634646 0.04405894354597185
4 0.8731070824101542 0.4176536842878643 0.02856738391845976 0.044689033597584034
4 0.9080002572016459 0.41877314814814814 0.03023148148148146 0.044097222222222225
3 0.8229736747685674 0.35003117026342706 0.02170523599979051 0.053406232132647266
3 0.8802595899470901 0.3514781746031745 0.018333333333333292 0.052708333333333315
3 0.9365307061562478 0.35148237613588196 0.02091713977832702 0.05333657216887665
2 0.8509156806241284 0.34211176811141686 0.027602686112141082 0.01228216536892843
2 0.8481002554278415 0.3255642843900631 0.01730317636880485 0.007145284884439502
2 0.8429664136185875 0.30069408500115014 0.025738536155202812 0.03166335978835981
2 0.9090072718375729 0.3427136728996703 0.030483158055174424 0.01286008230452676
2 0.9042162017985063 0.3270497542295382 0.0137174211248285 0.005322645176040237
2 0.9038007970378257 0.31267108646922737 0.017462850670764113 0.0183407646129312
2 0.9646604938271605 0.3440277777777778 0.03152777777777784 0.012986111111111103
2 0.9604320987654321 0.3276851851851852 0.014027777777777861 0.005659722222222207
2 0.9616087962962965 0.31435763888888896 0.018287037037037036 0.013854166666666659
7 0.9537759259259259 0.4444638888888888 0.00819444444444436 0.007673611111111159
7 0.9340380658436213 0.30465972222222215 0.015648148148148126 0.017986111111111095
7 0.8676100995953936 0.29554300887021473 0.012109010270774927 0.009008811858076587
7 0.8552006172839506 0.30207407407407405 0.00787037037037037 0.007118055555555555
7 0.8249885169212051 0.3036569784637818 0.014651911770213098 0.019344736546455483
7 0.729089856902357 0.302912720959596 0.013842592592592635 0.01697916666666666
7 0.6738943189903753 0.30311990927985616 0.012919896640826883 0.01720312324457925
7 0.730641975308642 0.3327453703703704 0.00722222222222218 0.011770833333333326
7 0.7393425925925926 0.33088888888888884 0.002824074074074032 0.003298611111111111
7 0.73991512345679 0.33511574074074074 0.002824074074074032 0.004375000000000008
7 0.7297058823529412 0.35285334967320264 0.007731481481481502 0.01125000000000003
7 0.7379259259259259 0.35487152777777775 0.003703703703703704 0.00618055555555554
7 0.6735448270608846 0.3526027659125667 0.007536606373815646 0.011535622000738302
7 0.6818577991058612 0.35439737910668145 0.003793937902465119 0.006806016980435577
7 0.6213425925925925 0.38939903846153845 0.004351851851851894 0.008611111111111095
7 0.6276967592592592 0.39023003472222223 0.0029166666666666455 0.005069444444444492
7 0.663132022785959 0.3751192710120497 0.002662602439453373 0.007693902283454513
7 0.6681204022621932 0.3735230099502488 0.001966662414423581 0.0018337798188543925
7 0.6685437282452208 0.3766196490077087 0.0024450397584726284 0.003508100523025901
7 0.6590277777777778 0.3903298611111111 0.0007407407407406986 0.003333333333333302
7 0.6627824074074075 0.38859722222222226 0.002222222222222201 0.008645833333333365
7 0.6672916666666666 0.3908784722222222 0.0024999999999999367 0.004965277777777762
7 0.7324885082238024 0.39130956869927463 0.004571272953625828 0.007805205415499551
7 0.7377742763772177 0.39243040966386555 0.002188375350140051 0.002771942110177387
7 0.6313389979640933 0.3167749326765476 0.055838456888417064 0.04909939236111111
7 0.5600393518518518 0.2990555555555556 0.010231481481481439 0.0066319444444444525
7 0.5598263888888888 0.2938541666666667 0.007361111111111153 0.0018749999999999921
7 0.523801490906754 0.30636888696099224 0.013838013838013842 0.006181318681318654
7 0.524063899063899 0.3010976292226292 0.009564509564509544 0.001831501831501825
7 0.5033063517338994 0.24515566023826385 0.026883305811118998 0.022079205001179544
7 0.5019760101010101 0.26254577020202025 0.022314814814814836 0.0075000000000000075
7 0.443008182601206 0.24479812661498707 0.026712962962962983 0.022604166666666675
7 0.3841021483883386 0.24415060187447246 0.026724271244104193 0.02276154024588261
7 0.44334161852299697 0.26214070687222896 0.02228044247391286 0.006549778315195493
7 0.38512725783086144 0.26208640571814973 0.02365467217764811 0.006217633114514953
7 0.4786527777777779 0.24724131944444447 0.00986111111111109 0.0055208333333333255
7 0.3304276895943562 0.24522652116402124 0.010416666666666666 0.005625000000000015
7 0.26001829212137956 0.216290115384759 0.06534193642461356 0.06725694444444447
7 0.28711138997756713 0.04158334157569163 0.05196291762999231 0.06459948320413436
7 0.3987757151259813 0.046056073218775063 0.050601851851851884 0.0659010840108401
7 0.5093301047939122 0.04895365705159921 0.051111111111111045 0.06437499999999999
1 0.7347183299036338 0.34302590333375693 0.016376535654381366 0.044157146742826114
1 0.7364792231255646 0.38207486449864486 0.010648148148148148 0.03149305555555557
1 0.6659655727638181 0.3799462598804704 0.008762558104663438 0.030469804318488513
1 0.6589930555555555 0.3902517361111112 0.0008796296296296717 0.003368055555555571
1 0.6265819721289567 0.37175090668253363 0.006856196372325485 0.013949983708048168
1 0.6239732676224612 0.3901031484196807 0.010589768654284836 0.01619012707722389
1 0.6592377279034205 0.3184162844498584 0.10170607212501918 0.08949621760180762
