9 0.9197301322162124 0.2398361364466598 0.0064627744193445765 0.01303602361508822
9 0.8668229145414235 0.24259414165869464 0.008862263842983581 0.011008759402075598
9 0.7616275845442511 0.2444637861304528 0.0066515691515691274 0.012375012375012375
9 0.7396050981577298 0.24400846769267814 0.00644531894531899 0.01244376244376242
9 0.5560330192683134 0.24890006507653561 0.005918560606060524 0.012626262626262609
9 0.5261948529411764 0.25099560026030615 0.0056367243867244485 0.010070947570947585
9 0.44302502679153843 0.2512111199121962 0.005435964340073887 0.011842636598018205
9 0.4168156492297137 0.2517931929571511 0.00732884477992109 0.011066070263721951
9 0.39787618814649145 0.25095711800702014 0.006066924486689678 0.012036778181592269
7 0.5619401823050052 0.3240448542577568 0.00950441419308439 0.01185780031933878
7 0.5636845710506424 0.3356686192995717 0.008903769841269863 0.007804232804232812
7 0.495982744073477 0.3369261569136185 0.01086712659150821 0.014645303220097125
7 0.38015783199758163 0.3376452081133782 0.01062925170068028 0.013670660004414744
7 0.33804657502876345 0.33747963226960676 0.010705721137375813 0.014353596487889071
7 0.29619594769109464 0.33729727181258534 0.01000215720506492 0.013670660004414744
7 0.22464016094242584 0.3374237228766846 0.01173538521099498 0.013671118854045657
7 0.2170092960023515 0.34283999608073684 0.009796626984126984 0.007936507936507936
7 0.2010457936748414 0.3323851446598171 0.009466328281310008 0.009172363186961744
7 0.18489911297656808 0.33731433858220394 0.011148707984807556 0.013812963328869275
7 0.14551041886149743 0.33709856545863176 0.01175802179278789 0.013545241105291699
7 0.08366961550702152 0.33363556598727867 0.00994549866730317 0.010401334022887905
7 0.20126164748257774 0.2731528755891989 0.007690414667158853 0.007031236267116646
7 0.21662269026603775 0.43517502348002524 0.005109229682211072 0.010304041101142528
7 0.2164319330791898 0.45476042895240043 0.006213234085904903 0.010338273795830735
7 0.1837592266861539 0.43548825668740015 0.001194937289691055 0.0037175826790387502
7 0.18811798173498515 0.4359418902881162 0.00621367390639339 0.0099135538107701
7 0.1873820995207505 0.4547370736699788 0.005124953264674913 0.009948959360094274
7 0.15537131519274375 0.43539304610733187 0.0010664682539682426 0.003935185185185215
7 0.1598710317460318 0.4355663464216096 0.005853174603174608 0.00985449735449734
7 0.15900762648809527 0.4536251653439153 0.005282738095238084 0.009457671957671927
7 0.08257265361180442 0.46355984939939204 0.016058581706063706 0.023671538959308708
7 0.020016795659694546 0.4485747654946955 0.018113948198693965 0.02292904835277721
7 0.6454259997468997 0.44064718395583996 0.008700329030625134 0.011336792373238829
7 0.6963687325786421 0.341882642972281 0.0080077999485894 0.011145652593021044
7 0.7006356369020841 0.33059411348885037 0.007405332240858504 0.011848531585373683
7 0.7057524809118149 0.31945431822076553 0.009614380502538456 0.01248446972131185
7 0.7236737264068921 0.32025391690639365 0.00991561435640379 0.01181506115716641
7 0.738771698532361 0.3312002744852109 0.00908722125827395 0.012484469721311812
7 0.8415491893136084 0.331638768165886 0.012608049254985253 0.014369721890613231
7 0.7377079517704519 0.44136141636141635 0.004588293650793651 0.010582010582010581
7 0.7431096681096682 0.44161255411255407 0.002008928571428662 0.00906084656084659
7 0.7375070861678006 0.46240079365079356 0.004117063492063582 0.011607142857142903
7 0.7425400368480726 0.46130243764172346 0.0033482142857142855 0.010284391534391504
7 0.7715072661156561 0.4417872854181725 0.004838987685593521 0.010851269193872075
7 0.7714424757667251 0.4631683400917735 0.004634779384501271 0.011329460717669848
7 0.8063063044581861 0.44146870983788555 0.004800307219662091 0.011610999514225322
7 0.811780159058385 0.44085556518352215 0.0016924160069321497 0.006236296558877218
7 0.8684187773641953 0.4420580251667404 0.004804332634521411 0.01118931150377692
7 0.8736585304981531 0.44180726098965095 0.0011854846760507422 0.005074706332567994
7 0.8685737718101451 0.4624638115204152 0.00717530198662267 0.011438887225050763
7 0.9033148631757514 0.4426442838790502 0.00624772809887313 0.011317433391224747
7 0.9030412552001296 0.46393062455403433 0.005869077911062579 0.011191216661954526
7 0.9795395546429956 0.3291611359991151 0.014185298102980986 0.016816686024003102
6 0.7644547073737289 0.2710273001394357 0.008589818041037523 0.01774422506129826
6 0.732683387146666 0.2723296926603954 0.008248554965014985 0.018379830950293177
6 0.39237165696448156 0.27070410478092083 0.007005459738944951 0.007080787263019615
6 0.28613862537202367 0.27615116726444855 0.007988972832722803 0.013116224053724057
6 0.23869957936629715 0.2774159848925845 0.012462953017464293 0.016700149845513247
6 0.2133027639258169 0.27607419438502856 0.012362161894872159 0.011125945705384976
6 0.18593702304639806 0.2775672822547823 0.017609126984126984 0.016567460317460325
4 0.8130038814660526 0.5173068392640761 0.020192081766917263 0.023550630047340506
4 0.8110612652246574 0.4756557858696709 0.015075141734181934 0.028999623503398738
4 0.8441476473335803 0.5171233989711242 0.022970829464562085 0.02344291167410942
4 0.8431195418967489 0.4666715466296141 0.010635256927629812 0.017185404218997627
4 0.875048146783983 0.5173974075965656 0.02319785972431592 0.025098115126809564
4 0.8753433354063017 0.4656569993945616 0.010447103108794698 0.013106864267726637
4 0.5226687881794317 0.46687195428259676 0.008397840178860052 0.021363361024575988
4 0.520967768782176 0.5100472218997706 0.018840034729865215 0.02223661390749679
4 0.4616325542333649 0.5105738099723899 0.014351066836230048 0.02212762783979402
4 0.4651119489829167 0.46115145308693695 0.011168714797747049 0.011947431302269973
4 0.20454790248519858 0.5060515526108703 0.019878098115359902 0.08550966788953057
4 0.17797228823145028 0.5056550401724969 0.02010306349002706 0.08484941595685892
4 0.1514399951899951 0.5053774014796857 0.019526464101935776 0.08496918874277368
12 0.015806539608170918 0.36207410417203617 0.031300344591388474 0.026447319972311964
12 0.010078265022484089 0.3369182722578176 0.021792571195144723 0.013373404917522508
12 0.04148382734448308 0.3699224441483093 0.02733143955821551 0.01529958269484685
12 0.044479135887677386 0.3447537499820241 0.02482046651359536 0.02716132258852881
12 0.0644011295463067 0.3722972128483939 0.017810273715785523 0.006717910261217324
12 0.07507612042761193 0.35045221624337386 0.025260683245044203 0.03879002581424731
12 0.3892061332815167 0.16346034684478986 0.05352383815635069 0.07044021415356676
12 0.4211489489975884 0.19467277651801462 0.009645061728395068 0.003871147224321812
12 0.504453176372437 0.15789706067139306 0.03663517414584722 0.07763011939165719
1 0.2853274750505442 0.38669416125378175 0.013792102206736385 0.06070675786122938
1 0.24475202531877946 0.4601149804059136 0.01782120749080519 0.062218961999131274
1 0.2682164181872126 0.44645726930439883 0.006490134994807859 0.029139381609341503
1 0.7403083595986039 0.45054518902253127 0.00976876196057535 0.04458444737762444
1 0.6452694891300869 0.44670501481630465 0.008957174169617294 0.0451129922403671
1 0.8082937663846997 0.44491219771121254 0.009053900459915122 0.04120830888396767
1 0.8702061929024011 0.446249284146926 0.009253815838177961 0.04055348705554466
1 0.9056072916739161 0.45369228500085473 0.01109614618291736 0.04765908432963152
12 0.43240983526516885 0.5243940166224433 0.007554040075915631 0.019306260296992027
12 0.9523735430674626 0.5408450173848645 0.007742732596655841 0.018770260840377747
12 0.8525773807995709 0.1488053425129832 0.06399529930754785 0.11182926549315826
12 0.953108204958405 0.14344234370986678 0.07308065530401606 0.10388996868588704
1 0.08883134950953395 0.4617923583147152 0.0259497366980066 0.03855556280965961
1 0.028642466134657537 0.44769254482106385 0.029662128261266192 0.03985358511220576
1 0.15794842580634477 0.4413272095527543 0.00921004702298166 0.03472452185943143
1 0.18645291367085 0.44034407382205526 0.00898179689163296 0.03602575323886797
1 0.21423278610425614 0.4396790334188942 0.009025084761179903 0.037111858425466535
13 0.07261254612334044 0.40869379127881056 0.02344381127049627 0.03044541106327031
13 0.08930703512245895 0.4129102327323039 0.011994210252406974 0.027873550756064413
8 0.3309677099294956 0.4155448385040703 0.021367988396752212 0.08222827990269854
8 0.3558643206585252 0.41468254139268296 0.021385268478291714 0.08441709023104374
8 0.3805758592013828 0.41608020828627496 0.02135557419314759 0.08664601897910909
8 0.44950763569030344 0.42492940999343254 0.021119045539249964 0.0816112608565439
8 0.47534425038604494 0.4214904682361719 0.021436598400568028 0.08229759409004694
8 0.4999419417673078 0.4226811703138795 0.021525060587560544 0.08483414733414738
8 0.570142561283524 0.42386274393747514 0.0216399051675082 0.08647713075414817
8 0.5962436531949723 0.4252285544851552 0.022147515928187842 0.08638540469647167
8 0.6240325155540566 0.4196672660019428 0.02222082248537271 0.08824174388548281
8 0.8616095458150936 0.36556545852942235 0.01756779100529104 0.17166588857765328
8 0.9281836746219871 0.367228575715875 0.018797054143496056 0.17707581846158627
8 0.9566505151628854 0.4160040102965452 0.023897362764550227 0.11832423941798942
8 0.8947428913622248 0.36724688213544715 0.018818784025596762 0.1731249408769644
8 0.9973773942447349 0.3459422928121866 0.005942046957671882 0.12377829218106995
2 0.5467973662250656 0.38093135128722116 0.009220914493611072 0.01377865961199297
2 0.5477988175135826 0.3640007457121551 0.007532025673804182 0.0033290721210183917
2 0.5479174927697487 0.34320884083188336 0.010320123575157127 0.018920226554454734
3 0.4361573309521798 0.3986474906001666 0.01079971589389217 0.06845968024488747
3 0.8431927797502051 0.4095066796829559 0.018682198868660068 0.06330371897957204
2 0.9161837836912389 0.38058404012783487 0.011091593574145726 0.015478673052001343
2 0.9112086545654874 0.33156296984930383 0.017592449127156278 0.03730101343984205
10 0.3963176353074872 0.5290149128137317 0.01721343031467028 0.04078738579351742
10 0.4264860897990631 0.5289647804870382 0.011632011295084059 0.04140795950070896
10 0.5367390541928462 0.5334842867917555 0.03684077976530811 0.042373138773685454
10 0.6387626346159052 0.536334200126427 0.031170866530788637 0.04503912019404164
10 0.9081380398035421 0.533074415166308 0.026028476484426286 0.046535794793190276
10 0.9252733351405078 0.555894400771061 0.0029178338001866816 0.02541339116291675
11 0.26259649119935435 0.5575851934211151 0.06228856602148123 0.1625450253550831
11 0.31154927248677244 0.5963403880070547 0.007936507936507936 0.06371252204585541
11 0.31254695177996955 0.55076279150611 0.005910400537349317 0.006112937627414242
11 0.32730232533591375 0.5845870207170283 0.007389860706187248 0.06948006274820337
11 0.34046156753089396 0.5261943183993179 0.023282235775244686 0.12335321899080291
11 0.37067826914438506 0.533482288942945 0.02138935958234446 0.11455124493098882
12 0.5593315882230976 0.5282126154767665 0.006551362683438134 0.025581511430568037
14 0.5613294134623387 0.32411497077219603 0.03614258669223343 0.053708833425925036
14 0.6177814390299559 0.32195654412744373 0.012018648993713356 0.03610161684650633
14 0.5925540027937485 0.3247083222530941 0.009112541608208817 0.004642238177766779
14 0.5917441355513897 0.3351581341182728 0.009112541608208817 0.0055019119143902605
14 0.5910686776154713 0.3419909483360282 0.009069557921377631 0.0043556802655589895
3 0.5263366583359079 0.40327776420058775 0.012428412344893409 0.0710721061500571
14 0.7181616333963807 0.3153686812676594 0.08634637060212823 0.05387290735760834
