7 0.19657357892652005 0.2899265766912826 0.06012506012506012 0.044191919191919185
7 0.4153059416217311 0.2673824713298398 0.05832130832130831 0.04374098124098123
7 0.3183944973966903 0.3880938140806562 0.027098470080926255 0.01943384344700129
7 0.7931580651128375 0.19105411425576516 0.05983577917540191 0.04504061844863732
7 0.7620699403106809 0.3567977699922145 0.0417083750417084 0.0386323823823824
7 0.786122734798485 0.4479868340477648 0.029505738132498616 0.023474178403755906
7 0.71647457642828 0.8728129170837503 0.020437103770437184 0.017204704704704612
7 0.7437648832142676 0.733780067259462 0.026243540051679566 0.011506782945736423
7 0.7467128283807063 0.7203851744186047 0.018303186907838016 0.004643087855297128
7 0.6848891042204995 0.691608123385013 0.009286175710594362 0.012314276485788077
7 0.7053456072351422 0.6877321543927648 0.012112403100775177 0.023720122739018024
7 0.7036520721464959 0.6431090094030177 0.013768415255404105 0.02213703015282936
7 0.6851579351966588 0.6466744974528431 0.0110147322043232 0.01587670384138791
7 0.5185283909664907 0.7347569403309246 0.026743364618023954 0.02119285498032105
7 0.44868479590701815 0.6975308641975309 0.004379379379379389 0.009947447447447407
7 0.4675842509175842 0.6971784284284284 0.015515515515515476 0.020176426426426433
7 0.46743066596007765 0.6524410439851617 0.015890890890890918 0.021396396396396414
7 0.44930868368368365 0.6546663851351351 0.0033783783783783755 0.01341966966966963
12 0.7826892897882747 0.8611475827349513 0.025175723168423918 0.0487885239253853
1 0.6939208553791887 0.6606434240362812 0.032879818594104306 0.09424603174603172
1 0.4583409104685701 0.6712426249217033 0.03106204495093384 0.09021842355175688
4 0.04672094441742138 0.6851793945289879 0.07676479898702121 0.18904320987654316
4 0.14509265626762435 0.6886864022879351 0.12345679012345677 0.19379154795821465
4 0.28466091394760806 0.6852665224578804 0.1202912314023425 0.19943019943019943
3 0.06307640595785803 0.4193845717526943 0.09146341463414634 0.15752032520325202
3 0.2871600531723475 0.3961968735541014 0.07791327913279136 0.16344850948509485
2 0.1322466656039109 0.33043400286944047 0.10426076482987051 0.07678410117434507
2 0.17631307265453613 0.25767437733901144 0.08092442035531468 0.08892276422764228
2 0.37195958379336874 0.3064306684733514 0.09108702198133092 0.08722899728997287
2 0.398904136795505 0.23214817697822368 0.07377295995182175 0.09343947606142729
