7 0.3968338143338143 0.19734893578643573 0.030925925925925957 0.03618055555555557
7 0.49698955365622055 0.17601940883190886 0.0319907407407407 0.039722222222222214
7 0.60639737654321 0.15326446759259263 0.03504629629629632 0.042777777777777776
7 0.8511998963779379 0.09754424360310399 0.04365836905154418 0.05302083333333333
7 0.3459363425925926 0.29553559027777787 0.02092592592592595 0.019583333333333324
7 0.4266730523627074 0.2831788793103448 0.024814814814814824 0.02326388888888889
7 0.5240088014861657 0.2691209259525406 0.02319472389894928 0.024906382740889774
7 0.5675661714394107 0.25935855029164895 0.025523511439004453 0.02581460988151131
7 0.6336248138882499 0.250622112472203 0.021903995092400846 0.026669038992408526
7 0.8043417251503305 0.16983567660496446 0.00494559841740854 0.017927794263105847
7 0.833811513522196 0.16192871997768138 0.02637652489284537 0.035804071876030324
7 0.8028301275290478 0.22366051927877095 0.010777500922849804 0.02032641965054758
7 0.8276736111111112 0.22625289351851857 0.028935185185185185 0.03486111111111111
7 0.8749393358876119 0.21274185823754796 0.02209450830140493 0.029932950191570898
7 0.5452236346516008 0.3674929378531074 0.016620370370370414 0.017499999999999953
7 0.8019444444444446 0.36883263888888884 0.019814814814814792 0.02038194444444446
7 0.49574701055945725 0.42426572078106606 0.01217314623111726 0.01143029675638374
7 0.4934680134680135 0.44566603535353544 0.012407407407407386 0.010104166666666635
7 0.6057244008714597 0.41683006535947703 0.011574074074074073 0.012881944444444491
7 0.6034722222222222 0.44113541666666667 0.013981481481481397 0.013159722222222175
7 0.6796931735657227 0.3394108569353667 0.027384410554345272 0.031374818445896895
7 0.6524398148148148 0.3982916666666667 0.005694444444444529 0.013333333333333365
7 0.6725367996201328 0.3973050213675213 0.032407407407407406 0.03128472222222227
7 0.7900747863247861 0.40560897435897436 0.011666666666666688 0.011562499999999984
7 0.779351851851852 0.40424189814814826 0.0033796296296296087 0.004479166666666698
7 0.7786441798941799 0.40924603174603175 0.0022685185185185607 0.004340277777777778
7 0.776687242798354 0.43346064814814816 0.003148148148148127 0.00923611111111108
7 0.7882107843137255 0.43232026143790847 0.011064814814814857 0.01416666666666673
7 0.8666820987654321 0.4280555555555555 0.010972222222222243 0.015000000000000015
7 0.8547079772079773 0.4291239316239317 0.004305555555555535 0.011597222222222254
7 0.8558703703703703 0.40490972222222227 0.003935185185185185 0.005243055555555603
7 0.856929012345679 0.3989641203703704 0.004166666666666667 0.004861111111111111
7 0.868395732689211 0.40173007246376824 0.011944444444444424 0.015590277777777809
1 0.818451769499845 0.1827586258850054 0.04967592592592601 0.1316863724498398
1 0.49400831228956227 0.42483673878205136 0.015007122507122446 0.019239115918803406
1 0.4934680134680135 0.44570075757575756 0.012407407407407386 0.010104166666666635
1 0.5993511997913404 0.42683000782472597 0.02162037037037039 0.05076388888888891
1 0.6666336882859872 0.36498566454385445 0.04879629629629634 0.11756006006006005
1 0.7835982510288065 0.3999980709876545 0.01990740740740741 0.024270833333333287
1 0.7823342293906811 0.43400425627240147 0.019722222222222287 0.03135416666666665
1 0.8617364566058592 0.4109882877280266 0.02282407407407416 0.05996527777777779
13 0.3648874826224268 0.39780667722811963 0.030041359266711413 0.03348605522021018
11 0.7957859408591381 0.5352007729013233 0.3866666666666667 0.43916666666666665
