7 0.040996840457664725 0.5511825275457878 0.025876905049877868 0.02939096614514285
7 0.07666715669802868 0.5662662410394266 0.031362007168458765 0.03500224014336913
7 0.05414871621855426 0.6246323402193847 0.03268387314439946 0.037018293597240924
7 0.12501684376684374 0.6063816220066219 0.029714209401709386 0.038728632478632494
7 0.14387162295648737 0.5162115923895445 0.019941225860621317 0.030553223248437407
7 0.14465551709624988 0.5459679409032857 0.030606441570881236 0.03641842273307784
7 0.22037412074540788 0.5225633674478559 0.030665566556655657 0.0387788778877887
7 0.20108491400274128 0.5848587345801831 0.0309985298669143 0.04010626225110901
7 0.27720663600511614 0.46633048959219475 0.027083333333333334 0.03484049338347038
7 0.3368580324657151 0.5826327441566737 0.026325916596697457 0.04478029666946542
7 0.40618230258560445 0.4257046354530631 0.03170859538784067 0.04149196366177503
7 0.4513753174840654 0.5567218903017783 0.025341819896275316 0.048491691274390576
7 0.5171097675610423 0.387937959901582 0.034158050221565775 0.04568324457383247
7 0.5865726272549866 0.5192022212201154 0.02035440613026825 0.05159642401021706
7 0.6483708747686686 0.3382204564461554 0.03884938162544166 0.049327422239671945
7 0.09651776915496428 0.7196892707563439 0.013592479674796761 0.016598915989159954
7 0.1353157198551935 0.742346607258888 0.012835909217488171 0.014387821405365268
7 0.2225886126017628 0.6960039711354733 0.013910289334018148 0.014766307139188518
7 0.2563239430793415 0.7195299357436361 0.009229957805907161 0.016057196436943224
7 0.21832479392502258 0.7927158611863896 0.01139058265582654 0.014114724480578144
7 0.22072572877631802 0.8328693043578592 0.013521114572516445 0.01579266182069916
7 0.14860299260591528 0.9056130095923263 0.011116107114308547 0.01781907807087664
7 0.18341350158254205 0.90381198289744 0.014307950191570858 0.01907726692209453
7 0.19176918702107276 0.8709790070242657 0.01185344827586204 0.017640485312899117
7 0.2895420049530229 0.9019533377587146 0.009957107843137279 0.019148284313725495
7 0.2959473720043572 0.8656783315177923 0.009510314542483696 0.020509940087146
7 0.3342075278956467 0.8643565603725905 0.012032453245324565 0.019382890670019352
7 0.32797029702970293 0.9000843693391893 0.011393996542511392 0.019841269841269858
7 0.33935978512171894 0.7791622613255654 0.01138990888072896 0.015186545174305226
7 0.36733003877351983 0.7987067564245899 0.01051701991008345 0.014183258402911536
7 0.3603398892577997 0.821217313754627 0.013394565633371632 0.017487349576901824
7 0.3482886904761905 0.6349338624338624 0.01413194444444446 0.013703703703703662
7 0.38548909701527834 0.6626756066411238 0.014647190293742006 0.018518518518518517
7 0.4176256508576006 0.6922651022523795 0.013606163415323714 0.013900669116954081
7 0.8399693333605929 0.5070578425053106 0.023678496555855116 0.029237605438945446
7 0.8833197252912702 0.49321142071819574 0.025406504065040598 0.031315868714242745
7 0.8122613751104377 0.5704822107226499 0.015987210231814528 0.020816679989341884
7 0.8242159498207882 0.6170793961116543 0.019550342130987195 0.015205821657434625
7 0.852360896776406 0.5643218449931413 0.019483024691358094 0.021733539094650263
7 0.8653141624008834 0.6117175214962025 0.017671635049683863 0.016335441132189085
7 0.8958840270048966 0.5519410335847995 0.02268672326811867 0.021559905948448997
7 0.9079869121642901 0.6015451629204843 0.021467080834047338 0.020053794154051202
7 0.6825860611648993 0.847384867578505 0.017529199323805107 0.023692433789252555
7 0.6833390963577683 0.8939526663593054 0.018345627785461796 0.02574150914399872
7 0.7510836129753915 0.846246064296959 0.015054064131245406 0.02398707432264473
7 0.7539573588231304 0.892538358981312 0.014914243102162553 0.023924931643052386
7 0.8347581456825155 0.8421146236272287 0.011917645846217321 0.027571634714491915
7 0.8398171768707485 0.8924104995533568 0.01146670789527933 0.028945921803064587
7 0.9905292688122073 0.8915772691478513 0.01662297645327442 0.029433406916850632
7 0.9859310477288004 0.836070296744454 0.024812734082397016 0.027777777777777776
1 0.9850403986608467 0.8361169068209636 0.02584557088936066 0.10673531456378174
7 0.517201140873016 0.8553091931216932 0.013854166666666699 0.02175925925925926
7 0.5141131756756757 0.8953440940940943 0.013124999999999984 0.021620370370370286
13 0.04652792190425786 0.828734976046218 0.03028944065548925 0.047744465137101545
13 0.08807235748977502 0.8483325877641446 0.028012099522835714 0.04466314473983186
1 0.7516596393767688 0.8607261417052606 0.017695529843196785 0.1024981734389929
1 0.6805525215749729 0.860179341963323 0.01871527777777781 0.09939814814814817
1 0.05104595717352226 0.5890505941208831 0.0807827250277623 0.12997903563941302
1 0.11936363112174085 0.5705316636975577 0.07664816683484696 0.13579892590810233
1 0.14720627708365622 0.8867460193036854 0.03287582734826082 0.06731881646301842
1 0.19411942165133744 0.5519885893590678 0.0742332327358094 0.14330108250467513
7 0.1969027777777778 0.49164506172839506 0.014930555555555556 0.02578703703703706
7 0.2134907407407407 0.49052777777777784 0.007916666666666652 0.019074074074074094
2 0.3904355621712627 0.37685303956401073 0.05048611111111114 0.13595434543454343
2 0.4045705572040884 0.3245445928123969 0.0140640454995054 0.022529948345972068
2 0.3540119471352001 0.43686109968092557 0.06604545445935486 0.09216732011039779
3 0.32251170393268463 0.5055732496910379 0.06464456240871815 0.2038097779275736
3 0.43330811581271095 0.47911230054116094 0.05532692489595163 0.21969738030713643
2 0.5000796226717704 0.3196219865618814 0.056775445558340305 0.15611201857601437
2 0.4762231177882127 0.4005271848758403 0.06291721862905533 0.10110147161109527
3 0.5631701642458194 0.44204765584447825 0.057728147386069156 0.2400580286738632
2 0.625795864141379 0.2832377100836158 0.07797679675016798 0.2375924510137048
4 0.57083356921652 0.7722008001142272 0.08074489945692057 0.25020472193838383
4 0.4789631655740906 0.7804916672122842 0.07945526591547274 0.231447320775858
4 0.3976269592198067 0.8006115950758734 0.07700770077007696 0.2178217821782179
