7 0.2055861928104575 0.7800653594771242 0.01974400871459694 0.014808006535947667
7 0.33419637586304246 0.7527078360411693 0.011935011935011945 0.009023446523446586
7 0.3734199786831366 0.7475175073859283 0.010298760298760277 0.009384384384384405
7 0.41113228613228603 0.7435440247940246 0.014341264341264337 0.009817509817509852
7 0.4840271917487107 0.7351986638537271 0.016584622597280763 0.01032876230661041
12 0.02509933304952462 0.2869222065380565 0.04363558961260111 0.1348978288633461
12 0.13038577617822547 0.2697362535812213 0.11574074074074076 0.09842568032223208
12 0.19033248896675162 0.1827064191766854 0.11938038667598416 0.13640873015873017
12 0.31561110604725584 0.1862224842767296 0.0810913114372234 0.07031795946890287
12 0.4369991517340587 0.0846228751003325 0.22308460421205514 0.18518518518518515
7 0.3254285679499356 0.29150344254510924 0.05955207344096233 0.0586122981956315
7 0.4516313216430589 0.2734296627342402 0.05672926447574335 0.03643388106416275
9 0.761174455907975 0.233817219017365 0.078432590699239 0.11913863404689094
7 0.7414826685660021 0.38981173296077143 0.05561034407188256 0.06122616699539773
7 0.09880307136404695 0.39047616651909095 0.05695361202786946 0.05173954895489546
8 0.025419230463774683 0.5467367739041029 0.046296296296296294 0.2813031302542096
8 0.07920379780482455 0.5257081594402825 0.0525990099009901 0.3109529702970297
8 0.19650701454912303 0.48457025851562485 0.05513293376363917 0.3156696634393729
8 0.25656925219471466 0.47219273698092595 0.060319655755340415 0.3194156293222683
8 0.323304230273376 0.46144239794446046 0.06378282307074877 0.3314198486412109
8 0.3589938908076859 0.5951429206880459 0.045830736041849965 0.12664310515873017
7 0.38613567510030294 0.549629493163023 0.013888888888888888 0.009357344632768399
6 0.37776859846735106 0.5574698859396651 0.03483992467043317 0.013123822975517957
7 0.3920757916191707 0.5907925471281634 0.021834456765963572 0.016579691237225486
7 0.10847543087642099 0.6506656525027501 0.020260359369270255 0.012582508250825145
7 0.15133314406709492 0.6421492955747187 0.020077007700770078 0.013201320132013134
7 0.2874860061572907 0.6149200601735235 0.014110458065118002 0.014431150293870746
7 0.3127926181615891 0.6192307791978935 0.017025841962869704 0.010495382031905918
7 0.30788613503885454 0.6483684215982005 0.018891687657430708 0.018017072488105235
7 0.5321260628774781 0.5158007486880364 0.014085555130331206 0.009607411659650466
6 0.5592539439554363 0.5140387804566909 0.02822426329889022 0.010006059446357954
7 0.5662031788023851 0.5541914682539683 0.024092970521541947 0.016510770975056724
2 0.5288099305692445 0.6151418457191669 0.05139409071993344 0.022315855181023716
2 0.5347442868260699 0.5533642697124678 0.042221316671194345 0.04516435751154578
2 0.5519189315485612 0.5937377523025672 0.018616500097981627 0.01959631589261224
3 0.5176932620224903 0.6438845933324602 0.04783024473883049 0.04873192220575409
3 0.5946246815231317 0.6409383410124848 0.04230048500881838 0.06547060080292558
4 0.5388301965310658 0.7630747532565424 0.05181023720349563 0.06928838951310862
4 0.5829957572041984 0.7548967688245687 0.05455970844986866 0.07178220493103725
4 0.6216087333626262 0.7513379126160271 0.04123871770930594 0.07783321661998141
6 0.7368709832372622 0.47830948121645805 0.025177234479560044 0.01770274299344068
6 0.7845843574714816 0.4649482153736266 0.03146642577536888 0.01750225835591692
6 0.8849556602754296 0.4443660084274565 0.026110709407889433 0.014687274041937886
6 0.9454498839786576 0.4284098400748584 0.027918373905358687 0.01807664497469269
7 0.8860238092454232 0.4938480684462218 0.0235208374743259 0.015715066587159595
7 0.9306963493010006 0.4844443616245942 0.02426621612668119 0.015093917710196792
7 0.9685464823973716 0.47573792486583183 0.024845955078513025 0.01689524945338903
7 0.7714091362665925 0.5615044011939571 0.018042792165599158 0.012270258980785324
7 0.8754631957246336 0.5784185706571328 0.01780626780626775 0.01162644544997483
7 0.9127891309725757 0.5852058373975121 0.017788144378475212 0.01126484308736219
7 0.9505855908567863 0.5887784506465392 0.015139547130068452 0.006582411795681983
7 0.9464798294251877 0.5935109035715392 0.015139547130068452 0.00604759083728281
1 0.7637475015107144 0.6845492647856337 0.02823615694902828 0.05239273927392737
7 0.7715604893822716 0.7013795129512952 0.015309864319765313 0.013820132013201283
7 0.7695957095709572 0.6750893839383937 0.016409974330766394 0.013751375137513754
7 0.8744510940479774 0.6623640281541704 0.015130984643179793 0.014284101174345034
7 0.8803855515407008 0.6902476663655526 0.01769045468232451 0.013211382113821123
1 0.8711838641683908 0.6753151984924867 0.03176753989762125 0.05871725383920502
7 0.9422364802313716 0.6552370309554217 0.01720590322122883 0.01297094508301405
7 0.94871086649503 0.6835862271686027 0.016762452107279717 0.013569604086845447
1 0.9391487337139508 0.666741463548529 0.03413848631239931 0.060688405797101476
12 0.8114021504351694 0.7932836620926245 0.0510132774283718 0.034132599580712825
10 0.962674698900028 0.7800384750939849 0.07322124756335281 0.0633223684210525
11 0.17964779670644387 0.8870893367985643 0.16378928729526337 0.16116091190792378
11 0.290662444314434 0.8771226287202205 0.07427008461287425 0.1884511983507257
11 0.3407359416429711 0.8707044325666773 0.02591512795594426 0.055575801749271
