7 0.016154485483306977 0.015575500895061241 0.024276579143768236 0.027704276635683103
7 0.09466247799429368 0.07326877446361504 0.021230392816704014 0.024810031698774545
6 0.09845060598923891 0.023746522830585523 0.009680881900034431 0.015700767525981752
6 0.09105999120537427 0.013614651560991169 0.003340187322234091 0.006793601333357487
6 0.11198119531150927 0.0329206597945615 0.0037930940777912625 0.01071879321485293
6 0.14377251649361458 0.007946691521356478 0.020550644033406402 0.017436910088950885
7 0.6856818134012052 0.015151554989955933 0.017600125156445597 0.027608039461091066
7 0.7085143193698004 0.08127500061351198 0.014034086726054691 0.02039927360180618
7 0.2390570934256055 0.17896642317057543 0.015859284890426744 0.019703960015378677
7 0.6164681062298337 0.28747463244419136 0.022584424685734336 0.026645058619128945
7 0.530391791861942 0.30007213743142963 0.01793066444746182 0.03029506664914666
7 0.5411022841750253 0.30320160454353 0.00807564276641405 0.024455053801118364
7 0.45720627929131435 0.3163188209014059 0.013413779510314913 0.028652563035638616
7 0.46763446629582583 0.3148131925890237 0.005611887346152182 0.023542551793613937
7 0.09581673957041195 0.23315052991229793 0.01570966899523405 0.017273835172248724
7 0.08771362638797515 0.2599863901848625 0.01570966899523405 0.02013013862592763
7 0.28959520659474863 0.34861591695501726 0.018445959698758386 0.02459461293167785
7 0.2389197028292286 0.3596241264671959 0.01828694280480357 0.022686410204220117
7 0.11702128948465197 0.3853055062855592 0.016696773865255452 0.019930117375670027
7 0.0782172297984938 0.39440430151299266 0.017014807653165074 0.020990230002035405
12 0.6976011131422599 0.49750685512828885 0.01846396161128161 0.05386172226937391
12 0.6150573436921938 0.4985785986199473 0.02132026506496042 0.04923723096341756
7 0.8609900408127052 0.046006713394256646 0.012476710141069988 0.040110312601662076
7 0.8850562283737025 0.03996244048147162 0.013031230591784303 0.03918611185047171
7 0.8864933605418036 0.11258818928945802 0.014556161831248351 0.040479992902138225
7 0.8639544147221482 0.1226106329912558 0.012476710141070086 0.04121935350309053
1 0.8743456776916211 0.06731358039264874 0.038463914977755864 0.14273356401384082
1 0.7433775561308115 0.0932125946353774 0.032593919920909556 0.1536496951721865
7 0.7534190146646892 0.07898257342152547 0.01452051408798818 0.04181084198385236
7 0.7328354135771955 0.08750068654912944 0.00726025704399404 0.02924699291481299
7 0.7545724172021749 0.1526610644257703 0.01374814631735054 0.04304663041687263
7 0.7353823882494174 0.15482663653696774 0.00726025704399404 0.02986488713132313
1 0.5548573671411042 0.1649168604185905 0.030004052495401914 0.13949936095264814
7 0.5640167120316455 0.145296452890698 0.021041803048723513 0.03740764986439727
7 0.5628579772633677 0.20721869201199009 0.017924498893357 0.038706526595799956
7 0.4751198306561628 0.1759545012140168 0.02318494965553783 0.03506967174787242
7 0.4748322222370665 0.2336864793612198 0.018119330403067516 0.03455012105531137
1 0.4688158838131521 0.18881224148934952 0.029614389475981075 0.12806924571630454
7 0.39653938815768197 0.2514579223663077 0.019403033340878957 0.032877362049822674
7 0.39721802790554206 0.1978653346567197 0.02223264236975715 0.03126044260474944
1 0.38895502538563514 0.2170613297545516 0.030923584387025863 0.12180793152885123
7 0.2825960714224018 0.21245506991213772 0.015562849658830003 0.016438681024911337
7 0.28083883143940336 0.23187748669670702 0.02088783863617186 0.028975722283174393
7 0.2781148521295368 0.27987562209859446 0.020817509213154412 0.028319314335011874
1 0.27233052551517223 0.2513409562090435 0.03509913215760692 0.10838340712629138
7 0.21977421660123322 0.29729805289385736 0.020101366338390575 0.028188122911306342
7 0.22269457282433058 0.24991228494688703 0.01982410611303344 0.02689424185963977
1 0.21260097527031796 0.2691865893091296 0.035492009432320844 0.10334338863750626
9 0.3868355404660092 0.562018775738443 0.008470834659575115 0.03435394056383244
9 0.2697611584029738 0.5646129497149515 0.008424968688305374 0.03188662689904544
12 0.3150011283285692 0.5263360246059208 0.02764404994734467 0.035437875064774436
1 0.16041183695222913 0.2804009369534213 0.03593784817488519 0.09750126541971517
7 0.17077918589696797 0.2655806429044286 0.01955518221961916 0.026972665130509197
7 0.16689470342484344 0.31152536272526093 0.017724894228620315 0.025816693767773034
7 0.0886627315285976 0.290650654725558 0.018318746183594543 0.022728814709274694
7 0.08459698758396092 0.3325327362779021 0.018191532668430696 0.023916140850804006
7 0.04396287061537419 0.3446991541714725 0.01691939751679218 0.021202252527308493
7 0.04798599803243096 0.3033971662482755 0.01742825157744758 0.022898432729493205
1 0.07983034575926677 0.30552666748648727 0.03279723437818034 0.09069263518556211
1 0.03908790434240644 0.31908508988550316 0.03312775768599504 0.08733412437326667
1 0.007824085516559566 0.309074119844016 0.0201673806777613 0.03753135241024517
1 0.008558025606756864 0.35590367834376546 0.016348451145163947 0.02162629757785467
7 0.008312488938930692 0.3545438237023204 0.016262632503981984 0.02162629757785467
7 0.010648112940500486 0.31556614601597305 0.016477179106936888 0.022541696417128932
10 0.8890412289676964 0.41090748502205887 0.17758088681197154 0.18262206843521728
10 0.5002058726954803 0.4474601275607525 0.132652644198022 0.14281303072410065
10 0.2439231930856175 0.4785008899246087 0.1148562730018218 0.12104613202587212
10 0.06979326772663767 0.49099467258172663 0.0934299744853378 0.10116301422529801
