6 0.3423058296783625 0.3440935672514622 0.017083333333333308 0.04592592592592589
6 0.4806248921403665 0.38780863380412445 0.016631944444444397 0.06007414369256478
6 0.5871006944444445 0.4023668981481482 0.0030902777777777305 0.00837962962962964
6 0.5799858940972223 0.42752170138888884 0.013298611111111096 0.03037037037037033
6 0.595564024390244 0.4039069557362241 0.014756944444444444 0.03657407407407407
6 0.7079456751054852 0.43945382090951707 0.030208333333333334 0.05115740740740741
6 0.864394709288002 0.4650399660562261 0.020918021680216725 0.028906955736224003
6 0.8691494467028004 0.47390657934357133 0.005293021680216725 0.005307136404697396
6 0.8549972639149467 0.4929882391772637 0.018292682926829368 0.025971093044263736
6 0.9053633056927561 0.49165776116335996 0.03783970830169589 0.04733263730701083
6 0.3701152777777777 0.762315740740741 0.019722222222222207 0.011203703703703724
6 0.37662109375 0.8865769675925926 0.008020833333333302 0.014166666666666624
6 0.3619512527233116 0.849527959331881 0.020972222222222215 0.01148148148148146
6 0.3610114247311828 0.8638829151732378 0.011111111111111112 0.009814814814814731
6 0.35196875000000005 0.8654074074074075 0.007465277777777778 0.009907407407407344
6 0.3573842592592593 0.8780266203703704 0.009131944444444469 0.0095370370370371
6 0.34623495370370366 0.8817993827160496 0.012777777777777761 0.015231481481481523
13 0.1955708009166183 0.3485103590189785 0.08120370370370372 0.09516031981536428
13 0.2028036262920661 0.4796727724736217 0.05105375307399953 0.07816137566137565
13 0.204558959180154 0.5850034207937049 0.04551237387719947 0.060164406532516805
7 0.4127971986817326 0.6331191148775895 0.02378472222222222 0.04537037037037037
7 0.7185393109306154 0.6814609839972159 0.0224292615596964 0.041743347902768145
7 0.9337059804583135 0.7225449910484226 0.0215631634819532 0.0377938979319022
7 0.9826212729396512 0.683118058025008 0.025385722237976752 0.04033059905543123
7 0.4211906362007168 0.3395474910394266 0.019618055555555555 0.022268518518518528
7 0.6754487016961007 0.2767616999540195 0.034637222902216776 0.056542340994605374
7 0.2649911110685125 0.15399318775476933 0.03881549232158987 0.06053648499447956
13 0.2423003428314506 0.36566346315966947 0.005110858202663987 0.03217557466419381
7 0.24964989453791683 0.3779154674479947 0.026667856293123963 0.05643518518518517
7 0.254449032293384 0.2796502535697079 0.029588798342448108 0.05935773291755569
7 0.3072293690881242 0.6819605699564659 0.013230471079308298 0.035281256211488796
7 0.3223834342461356 0.6831968717031328 0.01217451798847146 0.03461869740939508
7 0.3009049520677427 0.7450776685272811 0.014457979574258673 0.03629875722898985
7 0.3151544334496323 0.7475000363847578 0.011381813707395081 0.03496575202001564
7 0.4131425657886204 0.6956063101738367 0.013541139774068414 0.03491541617490028
7 0.42762010198604394 0.6890320271962783 0.005894870025304834 0.009968560693198469
7 0.4280033238366572 0.7017823854243608 0.007373113854595282 0.018061271147690957
7 0.4108587072649572 0.7585968660968662 0.013958333333333349 0.03486111111111109
7 0.42561838624338627 0.7559501763668429 0.0077430555555555395 0.02842592592592597
7 0.5108300264550264 0.7079320987654321 0.015000000000000015 0.03467592592592597
7 0.5266914682539683 0.7101058201058202 0.0030208333333333493 0.01773148148148146
7 0.5145494579945799 0.7708333333333333 0.015752032520325247 0.0377145438121048
7 0.5280141994128277 0.7673469963866305 0.004996612466124617 0.023261065943992777
7 0.3213738457597461 0.8447125893662378 0.022184263822564096 0.02759689734479646
7 0.30421001300390116 0.8456629581467032 0.0032961277272070236 0.01005394210855844
7 0.4118853693377393 0.8580734544953876 0.017554729450640218 0.0164360457111386
7 0.42595227953325077 0.8518346413327826 0.004453221809169763 0.015231309376290861
7 0.5089043300017307 0.8638865452290296 0.024013499480789197 0.01925406715126346
7 0.6580790544118578 0.8771640977270877 0.024419679053253814 0.01508951207594104
7 0.6718919159544158 0.7323266856600188 0.019375000000000062 0.0327314814814815
7 0.6797225343051114 0.7906559982331307 0.020842035644667176 0.03533138401559452
7 0.7544804722375569 0.7423934699589484 0.02110850422894212 0.031427412814274136
7 0.7652813697318008 0.7995833333333335 0.02180555555555562 0.033287037037036976
7 0.8339807905062309 0.7536638476330147 0.02231856133590245 0.030992848327513315
7 0.8470105286738353 0.8082780764635606 0.02288194444444432 0.032546296296296275
7 0.9629817825956037 0.7731606945699089 0.025971093044263684 0.030864197530864234
7 0.9791142618619143 0.8259885095835009 0.025878566457898464 0.03260372469956362
1 0.3132189079528682 0.6957950090756988 0.035069444444444445 0.14013952164009097
1 0.4199538533177944 0.7123875961855842 0.028414351851851906 0.13800011431184267
1 0.5202702437106919 0.72109713487072 0.030138888888888875 0.1316666666666667
1 0.6824547679863773 0.751696750390237 0.0382638888888889 0.1264272030651341
1 0.766960904738553 0.762604989690728 0.04360130583241041 0.12166666666666665
1 0.8472731548770428 0.7749005829672366 0.04904873750140442 0.12083333333333333
1 0.9748273521030226 0.7781681139050355 0.048780108668618205 0.1103807369710678
