10 0.09718072224791977 0.6215136138389316 0.1325233717186726 0.13899890515357524
10 0.37834891194934994 0.6167314880525913 0.09444269374416435 0.1073148148148148
12 0.2891757238550625 0.32726649905789956 0.08142361111111111 0.15733372629924353
12 0.43898185432048487 0.4044785181217426 0.061944444444444476 0.08166666666666665
12 0.4886305894308942 0.3356571815718158 0.016215277777777714 0.0470833333333333
12 0.7090055845802796 0.4522418008671869 0.14610905044510383 0.10574967029343878
12 0.7884584442064729 0.43347679235894776 0.01533294392523364 0.036074333679473866
9 0.48016519898689886 0.4358251255391013 0.036736111111111094 0.1459722222222222
12 0.49056699750549626 0.4003493362083545 0.011891171993911737 0.03482792152883476
12 0.7879861111111112 0.4760699588477366 0.005798611111111048 0.006805555555555524
9 0.5764878565672286 0.4556964058939478 0.03417078862061247 0.13088363603988606
9 0.35839697808578475 0.4128668288045785 0.044715264229530566 0.1725493156199678
9 0.7860243055555557 0.5029600694444444 0.030347222222222255 0.10796296296296293
9 0.8328652668416451 0.5086369932925053 0.027881944444444348 0.09435185185185183
9 0.8720907142857142 0.5170694552224182 0.027395833333333366 0.08746742112482858
6 0.32421741452991454 0.04028133903133903 0.008263888888888913 0.017638888888888888
6 0.33781134259259266 0.03758333333333333 0.013506944444444476 0.024166666666666666
6 0.38913831018518524 0.06296913580246916 0.023993055555555604 0.03166666666666666
6 0.4404491487455197 0.0972177419354839 0.022777777777777824 0.0186574074074074
7 0.37216133252818034 0.08552334943639295 0.027569444444444396 0.059074074074074084
7 0.37086919398907103 0.3685465998785672 0.0173958333333333 0.03074074074074073
7 0.42309722222222224 0.3444814814814815 0.008645833333333365 0.008148148148148158
7 0.42038390985324947 0.3305005241090145 0.016423611111111094 0.026944444444444413
7 0.5042324942129629 0.2702565586419754 0.016979166666666698 0.034675925925925916
7 0.513625992063492 0.2597817460317461 0.002673611111111127 0.005370370370370381
7 0.5482410714285714 0.23540145502645496 0.019305555555555604 0.03898148148148145
7 0.5961776212832552 0.2047900365153886 0.020798611111111063 0.043657407407407416
7 0.3175942497933618 0.473891985116707 0.015161779575328577 0.024058907238887015
7 0.3821748737373737 0.4823400673400673 0.011666666666666634 0.021064814814814866
7 0.4378202160493828 0.4894650205761317 0.014791666666666635 0.020509259259259238
7 0.22503483106931385 0.3699988389643562 0.020977011494252868 0.02266922094508301
7 0.14261188271604935 0.34588091563786 0.02322916666666666 0.028703703703703703
7 0.10581958108536971 0.3080780603789172 0.013830958174023876 0.02891708183678987
7 0.11805299978872329 0.3129735267992031 0.00948615455914727 0.025923994902097108
7 0.04394055408603647 0.33487632836790565 0.021960609154330433 0.01722817764165388
7 0.042932193295899264 0.3156230503091146 0.012070359026714309 0.013966876524303755
7 0.05556619023311213 0.3200632813955938 0.009305342862004422 0.019496908853723537
7 0.18724747474747475 0.4564100120703895 0.0153659233847913 0.029064227177434742
7 0.19900565891131924 0.4558038048604086 0.0033352391842957807 0.01397624039133476
7 0.09838226685028655 0.4446324392271596 0.014486116660508093 0.03341773145547306
7 0.1099516971027893 0.4434547888734782 0.004972357065803656 0.01915902553038475
7 0.007373839610681715 0.4317863747688309 0.007028789923526766 0.01686909581646424
7 0.02070641422894456 0.3854110136605803 0.025755825149239357 0.01556582579112905
7 0.02315101372727022 0.36137245192704465 0.019076160215674945 0.004733936709673285
7 0.004512310606060606 0.4741414141414142 0.005833333333333334 0.02300925925925923
7 0.059994212962962964 0.480089699074074 0.013784722222222228 0.023148148148148095
7 0.05963541666666667 0.5537210648148148 0.010416666666666666 0.012361111111111132
7 0.06730208333333333 0.5580324074074073 0.0027430555555555476 0.010416666666666666
7 0.06403931729526294 0.5254794071328616 0.015060714735120169 0.016987542468856143
7 0.005343364197530863 0.5201157407407407 0.009965277777777778 0.015694444444444487
7 0.006002604166666667 0.5555150462962963 0.0037499999999999994 0.012222222222222264
3 0.00825639576267638 0.37930280487748147 0.024197825510474672 0.12772916114204894
3 0.10579809742423875 0.4146725805863812 0.03575957649298121 0.10981396482161478
3 0.19961979166666666 0.374886574074074 0.014618055555555563 0.016481481481481493
3 0.1945348532494759 0.44595562543675754 0.0315277777777778 0.08851851851851854
2 0.05138338163723768 0.37146033006342755 0.04431769494430163 0.04046462915357515
2 0.043960191332537465 0.3349025113632403 0.021960609154330405 0.01722817764165388
2 0.050607038730711755 0.3006436468042979 0.025249174333569244 0.047328379334748746
2 0.1475125444613821 0.3931480070009033 0.033960027100271004 0.03331074977416438
2 0.14364209221502147 0.3329653522370949 0.02337351259465308 0.05106114459382888
2 0.2375053711462026 0.40040402955323984 0.04077968155070957 0.025167301257643944
2 0.22396859034734706 0.37069145950471405 0.02107593401261525 0.022945980915413233
2 0.22919733635481446 0.3398247393880582 0.008945900048520115 0.022996522723596986
