7 0.2223068426772131 0.017461319544652878 0.04960317460317459 0.03900613275613275
7 0.3353475228475229 0.007271374458874458 0.0423881673881674 0.01443001443001443
7 0.350765306122449 0.17311185837971552 0.027958152958152974 0.01803751803751804
7 0.1941808191808192 0.1876769064269064 0.03156565656565657 0.036300505050505034
7 0.2708633958633959 0.17432408057408055 0.0321669071669072 0.04013347763347765
7 0.23258377425044094 0.2803330928330929 0.033369408369408354 0.02705627705627707
7 0.23440574576938214 0.32992260264987533 0.03457190957190959 0.02998737373737374
7 0.8043600562587905 0.0809115682137834 0.040436005625879075 0.05252285513361463
7 0.02401254102203469 0.2405283052039381 0.035161744022503515 0.030546765119549946
7 0.019159894775225294 0.2971533638068448 0.035454758556024375 0.02988748241912802
1 0.03427706552706551 0.2642751609325977 0.05830989217065166 0.12086849507735581
1 0.24054699235531057 0.2912773759292746 0.0524496015002344 0.10087025316455696
11 0.5516581632653061 0.38835742630385484 0.8784722222222222 0.8628472222222222
9 0.016450573002462054 0.5229422392263138 0.02822944896115628 0.06408084914182474
