10 0.4173664981631107 0.4814614331296083 0.14489157883989323 0.14797941526447608
10 0.6727651926613862 0.51805170317281 0.10772234171888147 0.11923688394276631
10 0.8335122774358973 0.550191197030303 0.09016186799968866 0.10269233336055324
10 0.9498620370603601 0.5657253036624148 0.0717578457757573 0.08825630752420047
7 0.01121363578110983 0.17423368634441297 0.028310789556464298 0.01817482786340917
7 0.02543868047102589 0.08851110776791536 0.021757366048023485 0.05015553458460033
7 0.004797106008178672 0.06605850896508335 0.0069466289189472575 0.04578658557897311
7 0.022343319208778193 0.013271325097093466 0.04167977351368354 0.02656320995421341
7 0.16683702015797547 0.06625292127584866 0.0342816865308215 0.04400017087444999
7 0.1550018155410312 0.1352978555256525 0.016419966679482263 0.04325259515570934
7 0.1713536291709666 0.1422248752728932 0.010652953992054334 0.035349651843308134
7 0.13860535730129156 0.21523315208436317 0.029543067226890762 0.018279370571758106
7 0.23894872997247826 0.015925305765870708 0.01809328856761111 0.02305377596583188
7 0.36577974615451714 0.15958632587983293 0.023852534093222057 0.03717461609788091
7 0.3646601914987449 0.22084442917882258 0.018392954067440116 0.036750571047334715
7 0.34325707001863026 0.3110250384026204 0.023446692996865984 0.017475796022508865
7 0.425282131630415 0.3376490251505098 0.021279880911847838 0.01610012695346007
7 0.4561947684785055 0.25603001381548096 0.020861958578221464 0.033870708611193026
7 0.45459624017149963 0.19371122852956757 0.01982785287283558 0.03399060492486096
7 0.530774539487075 0.22992328419256972 0.018485713922247127 0.0313793337404166
7 0.5331438912070018 0.2841566990117846 0.02063244199063708 0.03206840694755412
7 0.4979776702833904 0.35982878353355346 0.02076846949021541 0.014989417110329353
7 0.5989464660806536 0.3896407476597519 0.01939362313155787 0.02299800606120035
7 0.646180557199141 0.33080225554273995 0.019027788954158957 0.0278291891311928
7 0.6453748921479215 0.2815342060596849 0.019321168960060066 0.027214488166447618
7 0.6502218451250799 0.4042844445797692 0.018273383224698885 0.021346888048425022
7 0.6871747633907876 0.22993548940558448 0.01829140122239115 0.028251175859751985
7 0.6990843425913317 0.30337654837909317 0.017520486581077063 0.02633382225519457
7 0.7002941400919342 0.3495437264900933 0.019487432982242717 0.026088866919316715
7 0.6964807329127266 0.4181165446802923 0.017110916764896015 0.021599891842106367
7 0.7488341357304169 0.36863188181847123 0.017036226255208026 0.02424499211449285
7 0.7487305698176323 0.32494039810511677 0.017249981035961665 0.02348623210815923
7 0.8063722780133725 0.45131345882006046 0.015393154165691075 0.018500692330595793
7 0.8227819123503681 0.3978662693124518 0.019135032905895927 0.022121016803491877
7 0.8216571101590756 0.3589174390810357 0.01823393717348525 0.020884218739398826
7 0.8250840672229913 0.3269610084588621 0.014391028902910686 0.02519534341995157
7 0.8162982343200078 0.2985526704021661 0.015548169732289237 0.02498027074606933
7 0.8374605853144235 0.46194531212568446 0.014661437330350056 0.017308264895225335
7 0.8598257964443384 0.412265043948614 0.01851211072664358 0.02053056516724338
7 0.85745980554008 0.37287575073859974 0.017122149928700287 0.0199758415834837
7 0.8910312441352644 0.3883016032667549 0.017376588446835175 0.02115410767440805
7 0.8927533040854841 0.4243858482612806 0.018434058226445803 0.01948315097104022
7 0.9498257667071102 0.23741558357403572 0.018691874300562218 0.02926383761464351
7 0.8221230081589803 0.14096319294406456 0.021820691263947735 0.03531485297357543
7 0.8912494328161027 0.09668491944188076 0.02310599162265526 0.03703029199295818
7 0.9749464633326816 0.04808942451583989 0.02825253690305585 0.04339822678923025
7 0.9196600515891755 0.4823081869790802 0.014398179327001263 0.01598507543562235
7 0.9450656088385788 0.4897983266127527 0.01240480386767146 0.015057562332244607
7 0.9420258166718201 0.4121743770068914 0.015301625644708354 0.018731132852697136
7 0.9457627635502854 0.44530064207354736 0.015563939227189138 0.01838138140938949
7 0.9688430401602756 0.422015869218243 0.013929720495009035 0.017199862401100757
7 0.9717066626872727 0.454543929844851 0.016341675989281157 0.017741874871723726
7 0.9937129062594209 0.4654924840669145 0.011952115046278463 0.016686090025392897
7 0.9925899187655005 0.4330466461947601 0.014173802313704508 0.01706105834057024
1 0.021935244686109738 0.061834422350254985 0.041471605943415424 0.11008209512178575
1 0.1680868460360695 0.07914345479056725 0.04065408653201363 0.15848108509249573
1 0.37427643593557147 0.17807654107394597 0.03165849673202615 0.1376073305139049
1 0.46329329118311974 0.21748515821556474 0.03147589845489747 0.1272596982881679
1 0.5393285676096637 0.24991375037145253 0.03024854693896019 0.11810439926322958
1 0.6531501971513638 0.3013663796571979 0.029844290657439446 0.1044982698961938
1 0.7073357230773791 0.3245099492813628 0.029292931874287657 0.09926390511449731
1 0.7562714881545084 0.3431646532774718 0.02835835472709005 0.09371395617070355
1 0.8289667386711375 0.37476689416559433 0.029417968094900677 0.08503945927295758
1 0.8645900863342358 0.3900741448892266 0.02882087295316458 0.08378061738822443
1 0.8993089238395532 0.4039488649457225 0.02917417078408615 0.07736023089053529
1 0.950242259434236 0.4277068398167739 0.027360827091566634 0.075161066567518
1 0.9741539268737213 0.4330708293604263 0.025564318381105997 0.064627296960023
1 0.9939065498788229 0.4641352386526307 0.011676935996276755 0.01686261019715766
1 0.9917392707426971 0.4317160544414991 0.014648971043525812 0.01736848850307237
