7 0.7374003401135185 0.3571785485545176 0.025839793281653766 0.018323891870403487
7 0.5297192028985508 0.3026596886741815 0.02828189300411526 0.020961934156378585
7 0.48341462175481387 0.3297791876238378 0.02686328303612255 0.016384697454656285
7 0.43142764193394606 0.2901243411900703 0.029584198684665983 0.021985332294911727
7 0.41287980982831124 0.30381850066643307 0.02861702713114298 0.016922568928512443
7 0.3903409066856317 0.3207853384302122 0.027309999449672544 0.01712894172032359
7 0.324889019454237 0.27709312573443 0.030574052313182762 0.022767332549941264
7 0.30743481094608 0.29246933112710893 0.029728918444629188 0.020218550845109422
7 0.28771294652337825 0.30710323466348444 0.028689770481836175 0.021279829761361904
7 0.5150316764132552 0.13099232456140353 0.0397173489278753 0.03179824561403508
7 0.647419126263865 0.15239197530864199 0.03893794456708364 0.029663355408388527
7 0.7743254618254617 0.17268120393120398 0.031781781781781725 0.027871621621621618
7 0.29005893795546267 0.39538694364602384 0.02320016645859342 0.0164637952559301
7 0.37294307233672896 0.40301808171444375 0.02306177446102819 0.015352922885572124
7 0.2787154288943655 0.4521754234177546 0.01831970006816632 0.012994205862304002
7 0.20585385999496428 0.4452012403507801 0.01888775278345828 0.013100715746421245
7 0.12864646464646465 0.4401073232323233 0.02096296296296295 0.01466666666666667
7 0.14886942646285523 0.518139872587596 0.018424832927362453 0.008490256698519735
7 0.08955785423095973 0.5157077475521011 0.015684332177645696 0.006552336140003313
7 0.031371632305540346 0.5121527777777777 0.01841209025117071 0.00542784163473821
7 0.8310274085015592 0.6747886919415721 0.01566004704852562 0.009590924011160398
7 0.8933256473824429 0.3905405737302289 0.03465179175118328 0.02936950642325892
7 0.8939173808936574 0.44237233513688495 0.03838167211328975 0.028020322712418277
7 0.7463609426927051 0.4358635501286359 0.03197369482772535 0.024963689179375435
7 0.747321518923295 0.48038573922282934 0.03111718275652701 0.02419171220400729
7 0.6814980353941393 0.45504324319259387 0.029461279461279508 0.02286899608328178
7 0.6803938909810185 0.49587517592909575 0.03040244969378831 0.023020559930008806
7 0.6235051223618298 0.47073055247597934 0.027439024390243896 0.021764905149051512
7 0.6224383850762529 0.5107405918096404 0.028679874727668815 0.02138225081699348
7 0.5380047641952403 0.4962878910582994 0.02559609702466848 0.019325912183055037
7 0.5377717605546694 0.5323793847227857 0.026696404433630715 0.02038437029312945
7 0.4968056717481565 0.5439847090537275 0.02456827993637805 0.01810668029993189
7 0.49751779998693585 0.5101239466980207 0.02480566986739832 0.0190757887517147
7 0.4610005730348127 0.5193853820175572 0.02363768602439296 0.017518462571332646
7 0.4581831417019672 0.5521926881890179 0.023990920532182627 0.018793824163969772
7 0.4013853308825302 0.5363728507229387 0.02252398940558375 0.016852286049237917
7 0.4004418287341305 0.5659466884554809 0.021601319960053846 0.016241695974990162
7 0.3729506508485748 0.5441212943510737 0.020862511671335234 0.014297385620915056
7 0.37134913032901534 0.5737875729793833 0.02099867724867721 0.01620370370370373
7 0.34640554690204217 0.5524565160955348 0.020714347525095204 0.015616887331256477
7 0.3446757456443983 0.5796586324203876 0.019632658359293856 0.014602803738317741
7 0.3042613228538617 0.5653884716838934 0.020792958656330785 0.015140503875968945
7 0.3021487681546824 0.5909512691570882 0.017361111111111112 0.014585352067183442
7 0.28205888577029314 0.5964105519914461 0.019110680447889772 0.014131136950904337
7 0.2833836463923673 0.5731437742248061 0.016553617571059456 0.014484415374676965
7 0.2458343246887144 0.5615691172971689 0.012788484415893385 0.010780989769212428
7 0.22964409722222226 0.6101540798611111 0.017685185185185207 0.013680555555555508
7 0.23128803475319326 0.5874346970741475 0.016376535654381418 0.012069903440772517
7 0.9802287482963055 0.6548870441987092 0.03073924126555712 0.030364372469635647
7 0.5513981723659143 0.5721097959001183 0.02098252098252102 0.017108454608454574
10 0.7452188342477573 0.6464713803549156 0.16498596825743658 0.10986034175247544
10 0.5434893149048055 0.6662512600201403 0.11740842003999898 0.08680555555555548
10 0.4027450936848595 0.6764575046878019 0.09073609950802934 0.07262314430279465
10 0.30593109362230186 0.6865448206860818 0.06781208922910385 0.0625517787524366
10 0.230713280677977 0.6947006488826316 0.05920927354089305 0.056018429536376466
13 0.12590160469057482 0.5954274145897215 0.025229779602607184 0.02595276296142046
13 0.06912024068886816 0.5928641132378879 0.022759103641456585 0.025822829131652646
13 0.011549282605739156 0.5921698980574821 0.02274440137812231 0.0275052487080103
6 0.5507821486082356 0.24780499961659386 0.03743961352657003 0.018417874396135285
