10 0.16955775538080325 0.613705766184239 0.1579230949993468 0.09026719997862184
7 0.49542789113061536 0.23534962067961043 0.030918727915194368 0.02355712603062427
7 0.8862198985016386 0.28305958370326534 0.028315777551251517 0.020918280665987075
7 0.8260993263541684 0.30428336812128864 0.027041567561445212 0.0179451240231057
9 0.40348508230452673 0.6306986239711934 0.021219135802469154 0.04332240226337447
9 0.46192491056779367 0.634129712841927 0.021647805212620018 0.04259902263374487
7 0.7757737468951633 0.3273162861590348 0.020454687402410816 0.016453531946786587
8 0.4268353135590794 0.6583847587146497 0.018123410980553832 0.03420686456400743
6 0.29949902635087816 0.1480618147284814 0.02868787591009815 0.0289351851851852
7 0.1940153826595475 0.38904978705822546 0.027120942452750225 0.018989956775997918
6 0.10430424701358929 0.123073263674875 0.025237331194009897 0.029457480946650627
9 0.0955012801031329 0.6180166328427439 0.020270734556448837 0.029271383617338862
7 0.676681639686979 0.37461684606040063 0.020658530383930913 0.01350750063564716
7 0.6423213831680651 0.38994439760729044 0.018539706754809777 0.01263348588863459
7 0.6136415919024614 0.4041883089365927 0.018539706754809777 0.013110221205186907
7 0.08013049679716347 0.4646404646404646 0.02954877954877954 0.021511896511896507
7 0.08548493876199934 0.42683851925411004 0.028651292802236206 0.019654088050314458
7 0.19819553028508247 0.4358712390428808 0.02763957987838584 0.02021144278606965
7 0.3042745577467799 0.445668657474213 0.026577503429355272 0.02020870076425633
7 0.3012820951182596 0.48213839993982166 0.02735379397122378 0.02097694075168227
7 0.19478340555419288 0.47343200678603564 0.028513612950699024 0.02046541574687271
7 0.478490729351738 0.49594608446084454 0.02556831123866793 0.01900539838731719
7 0.21443971692166633 0.12196202939659616 0.025237331194009886 0.01905334937825912
7 0.5748169928749893 0.5029347483213915 0.025711124129401873 0.01934436633470019
7 0.48268465166935265 0.46083004945139844 0.02672178437129781 0.020041338278473198
7 0.57581188027512 0.46725747331250406 0.026362038664323278 0.0191612966217536
7 0.6667336250547429 0.5094238275948186 0.025774455193980354 0.018826956904133694
7 0.6683744099491647 0.47545721847766875 0.025956563180827806 0.018956801470588244
7 0.43985234288581176 0.6156967911998175 0.021267574812626498 0.013693993106843926
10 0.5507666275495527 0.6248317821929533 0.15395333667931746 0.08617060571712155
1 0.0841782469533409 0.44088835212023625 0.03377914951989026 0.08397633744855972
1 0.19698989547711504 0.44843106995884785 0.03189300411522635 0.08294753086419746
1 0.3050100049080681 0.4576509230943481 0.030722618643107928 0.07995667686034662
1 0.4821952492346529 0.47226289788190734 0.027363625606437153 0.07876286829960956
1 0.578683603281997 0.48078575563515336 0.029934553026922432 0.07836903168228472
1 0.6720812488001646 0.4883185189811056 0.029637377963737777 0.07714435146443518
8 0.42565346552057515 0.682913316841888 0.014945372088229245 0.02216037930323643
13 0.8077559423705822 0.45983926674322684 0.06229471061275347 0.04820761128100573
13 0.866220777875552 0.4467839448089193 0.056489976214746836 0.04619011213047912
13 0.9223047480826965 0.43424254065821494 0.058799675587996744 0.06120742092457421
12 0.15287570178874527 0.6155000108804457 0.026901901901901885 0.037256006006006
12 0.0550996071829405 0.6132534839132061 0.032407407407407406 0.038510101010101036
