7 0.9061125018965255 0.8566605977848581 0.025065746219592375 0.027942143326758796
7 0.9140642727479011 0.9129730479288001 0.02581120943952789 0.029703375942314012
7 0.7562508779322938 0.9097573395139767 0.022123893805309713 0.028269419862340224
7 0.7547178730807047 0.8577105866928874 0.019665683382497592 0.02458210422812194
7 0.4985660439200261 0.9057822571834371 0.0144419862340216 0.024172402490986584
7 0.503219816687737 0.8610759938193565 0.012751966568338307 0.022533595542445065
7 0.18766388069485412 0.8135447394296951 0.009679203539823 0.014134709931170058
7 0.07119731608116564 0.7334778463097047 0.015978367748279255 0.025401507702392644
7 0.03105411135693215 0.7128426130776795 0.01290560471976401 0.017822025565388346
7 0.01674041297935103 0.5795231071779744 0.035183136676499506 0.03769255981645356
7 0.04206612586037364 0.5197312356604391 0.03318584070796459 0.03625860373647977
7 0.09511261146712777 0.5564314696142585 0.03410766961651916 0.03933136676499508
7 0.05435278831296528 0.4848585943718687 0.033800393313667645 0.049778761061946904
7 0.11686545079797293 0.49386392859844175 0.03195673549655851 0.03789741068502129
7 0.12049328089151097 0.45820359444990716 0.025350294985250738 0.041994428056374926
7 0.1892545476892822 0.4360414618157981 0.0336467551622419 0.05551458538184201
7 0.21948746312684367 0.55444936086529 0.03195673549655851 0.04670599803343165
7 0.2783411176663389 0.6291653009942095 0.016592920353982285 0.02007538511963284
7 0.3333143114669663 0.5278421594793276 0.02811578171091445 0.050188462799082206
7 0.3028883972468043 0.40003277613897076 0.03333947885939036 0.04219927892494261
7 0.41128933136676493 0.3609862496293174 0.03533677482792525 0.04588659455916089
7 0.46425406251617235 0.49156661318980827 0.024428466076696114 0.051622418879056046
7 0.5375414823008849 0.3159312520485087 0.039331366764995025 0.05100786627335302
7 0.7150042244937533 0.5266420122441064 0.02236038394415358 0.035146402947450035
7 0.7654817307958668 0.517338892120742 0.024178301337987148 0.03078340120224928
7 0.8082642524723677 0.5063748303277098 0.023632926119837014 0.031995346131471765
7 0.7358150502784011 0.5829916802866193 0.021451425247236797 0.024966065541981823
7 0.778899692512258 0.5758642898695254 0.01745200698080285 0.024723676556137282
7 0.8224686034972453 0.5672615177542804 0.02199680046538693 0.021815008726003553
7 0.7543266433973239 0.6317141749078922 0.018542757417102963 0.01866395191002518
7 0.7941222535463373 0.6239838307901135 0.01381617219313556 0.019633507853403124
7 0.8358329697498545 0.6180767645918168 0.021633216986620123 0.019391118867558586
6 0.7510624717212849 0.5375649063839871 0.012725421756835291 0.014058561178979993
6 0.6939104312100058 0.552222707000194 0.012180046538685237 0.019148729881714153
6 0.5100700086257045 0.5916715144463836 0.017088423502036043 0.03272251308900517
6 0.4654724018752352 0.596234130650515 0.013634380453752155 0.015270506108202476
6 0.39164000387822373 0.6067481093659104 0.009816753926701536 0.02108784176847004
6 0.35617546538685274 0.617687932260358 0.01690663176265272 0.015028117122357937
6 0.3195535194880745 0.6217519875896838 0.01345258871436883 0.020360674810936636
6 0.22934631967970434 0.6384668468900065 0.013270796974985465 0.014300950164824426
14 0.7772914431795741 0.4925121817143526 0.1781559045956951 0.09307737056428156
14 0.7782504363001744 0.5942165987977506 0.02508726003490409 0.011877060306379668
14 0.8506605812773042 0.5876744725425558 0.08198807446189657 0.033207291060694144
14 0.7563284912568867 0.5427517138327117 0.0641724840023269 0.0235117316269148
14 0.853711743923722 0.5320201762227046 0.059082315299592854 0.03781268179173933
1 0.9069602676793534 0.8717713489218866 0.03360215053763432 0.11897650338510543
1 0.7532566932768543 0.8791827323413346 0.02240143369175627 0.11026483472720035
1 0.495745548853338 0.8745058328719488 0.02408154121863796 0.09333930704898442
1 0.09462181337181338 0.5183265062297322 0.08549880525686977 0.14013341298287532
1 0.030982529329964554 0.53061610879344 0.05936379928315412 0.1324173636001593
13 0.015401423647317808 0.8442979280114316 0.02623175182481752 0.04291700459583676
4 0.2706820915203152 0.7775640468324347 0.08551954732510289 0.217764060356653
4 0.35312408142269247 0.7699882422104642 0.08809156378600827 0.23191015089163233
4 0.4448075526506898 0.778625030259017 0.08584104938271603 0.2563443072702332
3 0.4491230648638057 0.44115185511790445 0.07523148148148143 0.1641803840877915
3 0.3171781830015957 0.48092333641275437 0.08134002057613168 0.1573216735253772
3 0.2079241488963711 0.5130101165980796 0.08262602880658433 0.14531893004115223
2 0.49765134286333107 0.34710941448270877 0.0652649176954732 0.11402606310013717
2 0.5221877462568952 0.2548211627703353 0.059799382716049364 0.17318244170096023
2 0.3650571258392896 0.38968305537506326 0.0691229423868313 0.10502400548696844
2 0.3956484696502058 0.3131430041152263 0.051761831275720184 0.1388888888888889
2 0.2505103845164609 0.4303305041152262 0.06237139917695471 0.09430727023319616
2 0.2914693309209592 0.3738440707629723 0.05594135802469135 0.09344993141289437
