7 0.044763107263107255 0.02187049062049062 0.059523809523809514 0.03472222222222222
7 0.2703632075735499 0.10425122074062025 0.0555015388182719 0.05049247454625941
7 0.4472047398168998 0.05853999461092824 0.06492548325217642 0.05547255422753429
7 0.48988536822520184 0.3141735549217066 0.03104835145407934 0.020137231503579954
7 0.6041436376342038 0.2993782161234991 0.032002414077885746 0.022393748808843168
7 0.5313029458381155 0.4422315361352498 0.017595477097034764 0.01968674281758393
7 0.6309056132970386 0.43557249133877757 0.019693970139404424 0.020145075476367284
7 0.869624524625789 0.42551846231664137 0.016509301410667167 0.0063227111785533596
7 0.8684024265160456 0.4420365452706119 0.019740909346372158 0.01069591974371941
12 0.5708043247883885 0.30844802607750815 0.09406817175741472 0.07483953076582558
12 0.5286200425523442 0.2953678992908891 0.027220984904726544 0.009898539965355092
4 0.17708459743786506 0.3354149329219806 0.13171622326551902 0.13520853357238793
4 0.20277409948771452 0.22264731551703384 0.06814032342201357 0.07470168231611893
4 0.3012806868170853 0.20312595025238708 0.033258833546189866 0.07962164750957855
4 0.33112494678586635 0.2006051898293278 0.032992762877820304 0.07463282247765007
4 0.2898924131464507 0.31512576385857705 0.13569604086845466 0.17979725415070244
4 0.43267115600448935 0.2667269921436588 0.15462962962962962 0.24467592592592596
9 0.5743628437290411 0.36665129666890234 0.029668753260302574 0.05685152582159626
8 0.6433238008881449 0.49870765089691665 0.017146776406035628 0.07213337074448181
8 0.6189872915462141 0.498969067782199 0.016835016835016786 0.06967826412270857
8 0.5655693884431882 0.49696640617422516 0.017146776406035628 0.07096427235316125
8 0.5420690674462966 0.4964879418325919 0.03398179324105252 0.085694912083801
8 0.5202407213901465 0.5019866609904924 0.017614415762563833 0.06944444444444445
8 0.5444664742074478 0.5106235279578611 0.014218320178522011 0.038389404374122985
8 0.5409152238257712 0.47409994631289687 0.009333432230628479 0.018172377985462083
6 0.5980570279250147 0.15865753241990863 0.032636596993032604 0.022552255225522563
