7 0.014781746031746031 0.4267923280423279 0.01412037037037037 0.005000000000000031
7 0.015456349206349206 0.4212152777777779 0.012916666666666667 0.0034375000000000317
9 0.004834334261417595 0.3894248474326599 0.006399127492877492 0.02721020299145296
4 0.3359743267872188 0.43239954033899847 0.031426265490813156 0.06712366708212159
11 0.5388429207430132 0.47570717129350626 0.07071632071632084 0.07827582611710902
7 0.5099988488877378 0.4451351118017786 0.012962962962962963 0.009829059829059775
7 0.5120657249129471 0.42590886158594493 0.013580246913580212 0.010185185185185238
10 0.5588220431107013 0.27037091054556067 0.28709634842348664 0.2565019063180828
10 0.7811603582868142 0.37055612728304094 0.057080514505823084 0.1255927656628591
10 0.8472797164392492 0.389163686441827 0.04564963682156826 0.12209725900024648
7 0.34261018518518516 0.27855833333333335 0.014675925925925894 0.02020833333333335
1 0.3297437314850249 0.3188582178712174 0.01908194072373177 0.06497958923332056
7 0.4465108024691357 0.3130410879629629 0.012916666666666656 0.01545138888888889
7 0.4055048500881834 0.33121114417989417 0.013657407407407408 0.013333333333333326
7 0.4032735339506174 0.35329427083333326 0.012962962962962963 0.010347222222222206
7 0.3615640640640641 0.345890578078078 0.012777777777777735 0.013715277777777778
7 0.36136904761904765 0.31907159391534384 0.01337962962962962 0.013472222222222207
1 0.3691295412706606 0.3309232839342328 0.030027420538369477 0.06071863051790061
1 0.413991898112639 0.33393898615228385 0.029305555555555536 0.04625000000000001
9 0.9901000897609425 0.020087969470236913 0.015369037365161375 0.033511750953611426
7 0.8304670479302833 0.3081301062091504 0.009166666666666646 0.010104166666666635
7 0.7660798389398095 0.2688577148930934 0.016149870801033604 0.010728128460686609
7 0.7741740793975515 0.2524888840724093 0.030565632137578888 0.024519682923552347
7 0.7807070930346792 0.19800333407014442 0.016901709401709455 0.0159027777777778
7 0.7823667227833894 0.21379840067340064 0.018379629629629652 0.014722222222222255
7 0.45246185532929184 0.028932616054761388 0.06117328359534595 0.044059931793127595
7 0.5654112565630767 0.023367656449553006 0.048868312757201694 0.04310344827586207
7 0.554519071310116 0.09903364621735447 0.04887756461497464 0.039593325339728216
7 0.6197997710441431 0.07081403628305818 0.019818799546998923 0.023790424059393484
7 0.7532025472748989 0.023182399243064783 0.04781732451136962 0.03957049965776865
7 0.7443865837089657 0.07751559310850892 0.054757015742642016 0.048268879762719596
7 0.8487848942537706 0.10584553818975265 0.03445635528330776 0.0347753956100051
7 0.8478213202825192 0.16277237315713178 0.03452034883720922 0.03356145025839794
7 0.8897781720623654 0.19831121911080254 0.017027094208302278 0.020320656226696463
7 0.8741905642923218 0.206396928182312 0.024082700713135546 0.02442417184265011
7 0.8957528718558131 0.23880579693998816 0.010416666666666666 0.020986519607843115
7 0.9143917051915618 0.23561169894787193 0.020629084967320237 0.02241625816993466
7 0.954575508607199 0.2235847026604069 0.02865740740740745 0.02194444444444446
7 0.9468611111111114 0.2579629629629629 0.024074074074074074 0.02493055555555554
7 0.9455862112112118 0.2935065925300301 0.02677677677677671 0.02015765765765766
7 0.9607769360269361 0.3119741161616162 0.019537037037036954 0.019652777777777786
3 0.7639371197619206 0.0630775100957386 0.08687318370123047 0.1131953145946866
1 0.8653453453453456 0.12945470470470477 0.06706706706706703 0.128003003003003
1 0.8998391673203031 0.17196156811536437 0.06093360885921689 0.11292237123863226
1 0.9270292975428394 0.21081921639853007 0.056255383290266955 0.10174418604651163
