11 0.11839393627346406 0.7545232463102816 0.2517005386195791 0.2672445758115095
10 0.7430313239362318 0.6797524114433622 0.11020222676664392 0.07359832992501715
12 0.8991024804509246 0.6852155479940728 0.033841192600316684 0.020058510022013663
10 0.9470396663599835 0.6610871664051838 0.12975905321176537 0.08832676556946374
4 0.39104250760889947 0.589518324804029 0.08948826913658196 0.10382625272331154
4 0.4062417804378142 0.5436426183989161 0.018086138530329917 0.01214091369273602
4 0.4244215765402205 0.5786211998923864 0.09777150031387317 0.10893361581920907
4 0.4727449070944744 0.5741041874965191 0.1091024159374828 0.1337259643286883
6 0.8947933371515846 0.25360788946162655 0.04375 0.02020833333333331
6 0.9435132774283719 0.22705319706498947 0.036898148148148166 0.019548611111111096
7 0.7700205061788351 0.3017578651988559 0.032886334610472544 0.027258939974457243
7 0.8569239572119907 0.3116076883751666 0.033068783068783025 0.0285870927318296
7 0.7192881944444446 0.4081944444444444 0.021712962962963007 0.01565972222222219
7 0.9439442039442039 0.3226966089466089 0.03240740740740751 0.02489583333333335
7 0.890815527065527 0.41785897435897434 0.02527777777777784 0.021527777777777778
7 0.9547485139460449 0.42384987997256507 0.024768518518518624 0.02180555555555554
7 0.7142816606929513 0.47015849014336925 0.019490740740740697 0.019097222222222224
7 0.7218968968968968 0.5133314564564565 0.02074074074074072 0.01423611111111111
7 0.7286429880326596 0.6031138755610588 0.019701542588866465 0.014741225128549078
7 0.7745593933974216 0.5957900178850883 0.02012072434607643 0.015474793203666416
7 0.9242295335800811 0.5717126835084582 0.023427602652954828 0.016837133914598703
7 0.9862487890304791 0.5614913688480085 0.023169572993516692 0.017745361055220205
7 0.6503450833024768 0.589332955404384 0.01765326013446316 0.014507996180928491
7 0.6480618563214758 0.562529836496002 0.01392369813422447 0.014507996180928491
7 0.6899494949494948 0.5804861111111113 0.01791666666666669 0.01597222222222222
7 0.690325176366843 0.5544064153439153 0.016481481481481545 0.01545138888888889
7 0.7358860153256704 0.5431297892720307 0.01592592592592597 0.016076388888888873
7 0.7376733919488555 0.5706431466347751 0.017662170841361593 0.01649807321772643
7 0.8291658864177949 0.5223158061898519 0.022264631043256915 0.017228583545377457
7 0.8312510984266709 0.5546396314526084 0.02009370329981024 0.018023748939779535
7 0.8900974658869394 0.51000182748538 0.020509259259259238 0.018298611111111127
7 0.8944094399277328 0.5436356707317072 0.021250000000000043 0.018055555555555554
7 0.957695707070707 0.495117582070707 0.022453703703703705 0.01906250000000003
7 0.9614512417653133 0.529445420858101 0.02229080932784642 0.019004343850022802
1 0.6424164198151873 0.5766995948907732 0.029296147253893737 0.057672423429465644
1 0.6852263374485597 0.5652984708193043 0.029768518518518496 0.060104166666666715
1 0.7297853122730569 0.555515727124183 0.030925925925925905 0.06288194444444441
1 0.8234561602418748 0.5358510487528341 0.03912037037037037 0.0677430555555556
1 0.8839236111111111 0.5225647702991452 0.041990740740740655 0.07107638888888891
1 0.9495579986775812 0.5117621045276813 0.04245145881175292 0.07441084072517899
7 0.13828119815694795 0.6041861416218743 0.023683709416357234 0.01843223364752933
7 0.13454251166333434 0.6417452156526706 0.02362420260877845 0.02155634104541559
1 0.11618946169093661 0.589950991868396 0.008720794119024215 0.018963337547408324
1 0.1332933869970907 0.622604915660471 0.0339031339031339 0.05979344729344728
1 0.11322143372979028 0.6581643509307159 0.009349530589084895 0.014798050139275808
7 0.11076980775922303 0.48934913198317675 0.02306035491876199 0.01997295968534903
7 0.1339220360959491 0.47652377815421276 0.022084195997239466 0.021911663216011037
7 0.15802808302808302 0.4642246642246643 0.01928164428164428 0.016903235653235683
1 0.15180249406056473 0.5052264410677219 0.04190145932668688 0.08561133695768122
1 0.18811522457077035 0.4903798663174833 0.04436224736485833 0.0901871921987393
1 0.225458927182823 0.47448235198393196 0.04963591597254962 0.0943442558541568
7 0.23786702407905788 0.4487740425690974 0.031847615589445655 0.025077160493827143
7 0.2387436456063907 0.4923657875046765 0.02791394335511986 0.02331835511982574
7 0.4905365631910254 0.2493783178851829 0.049156708195609786 0.047196796338672756
7 0.4918019454758958 0.38021725935447015 0.03493049604874791 0.025483790345615553
7 0.49252518082129587 0.45760991915010296 0.019778481012658253 0.01798376699484297
7 0.44197425352510483 0.2984807686688727 0.03300638913846462 0.03280360886492962
7 0.4177660362870102 0.4351173814243364 0.029662517708965774 0.03116461748633878
7 0.3570816960049186 0.4608792328281005 0.02804760281754147 0.029183708248125367
7 0.3038684136515036 0.48472066151349025 0.025269293197580058 0.026606536815700188
2 0.4197130591065131 0.28130677646797736 0.07379460179644937 0.059641600703606
2 0.37442958039839425 0.356253372812997 0.09372869802317657 0.039515167007498304
3 0.2819858174628617 0.4829252305475411 0.06101324284102079 0.0921751972351888
3 0.3317284708062064 0.4547968200135032 0.0699320193049924 0.09986650236188134
3 0.39339679130257466 0.4317703855393675 0.07402379387093044 0.1108762945699125
