11 0.31295848610912874 0.8688488711721507 0.3205058435023011 0.24722222222222223
11 0.5508181125823092 0.8568884393561211 0.07766236631368212 0.18492505663558306
13 0.42763439479541177 0.7569905209130391 0.0144300144300144 0.03358414072699784
13 0.4621755871017545 0.7687933659675179 0.017071222428365236 0.035674455712382445
12 0.7554135949863995 0.9376223520441805 0.02210064292779429 0.03929003187163416
10 0.6999180597155024 0.9195083612559384 0.08068963383935347 0.09476372924648784
4 0.7343080497070917 0.6768128417156212 0.09546847965094424 0.2100504633161002
4 0.8216432644060827 0.6453124526653305 0.10815772669220947 0.23020434227330783
4 0.9290703441548034 0.6322653553631621 0.12696140797285835 0.25816369804919415
7 0.32245853559870535 0.5683373786407767 0.01875 0.02824074074074074
7 0.35189767555559925 0.5470333948387244 0.01861636386108019 0.030074568450541714
7 0.3853398666925126 0.522823309091557 0.01929816938941029 0.03195844436720353
7 0.45876992973175396 0.46783205407578443 0.01571304724750762 0.034496460049125814
7 0.4983158355205601 0.4299543112666471 0.013287401574803208 0.04075532225138524
7 0.5124387576552931 0.43584135316418776 0.004593175853018354 0.011154855643044609
7 0.5623017842861476 0.3833578086649568 0.02584388185654013 0.046061884669479615
7 0.6998471266763948 0.28744962129108476 0.027326106594399213 0.03748870822041555
6 0.8350831292893305 0.4519207477726889 0.0244382519462137 0.023443029016277442
6 0.9376285166545048 0.40127705850245277 0.02459683385116149 0.028233959658726663
7 0.4513918145901208 0.6614639896890486 0.009689922480620162 0.013668876156237136
7 0.4830893874643876 0.6739945394112061 0.010034722222222254 0.013287037037036953
7 0.5095758258258257 0.6038963963963964 0.011145833333333301 0.01060185185185179
7 0.5471022041062803 0.6174074074074074 0.012326388888888888 0.015231481481481523
7 0.5838759803921569 0.6299735864716255 0.012777777777777841 0.022268518518518583
7 0.5563778073286052 0.7015918045705282 0.00625 0.016898148148148148
7 0.5679412262872628 0.7404957091237578 0.010451388888888857 0.013379629629629672
7 0.6669630660584034 0.6720601153809804 0.012178148921363964 0.01995863295445767
7 0.6972862554112556 0.6857515632515637 0.012916666666666604 0.020370370370370372
7 0.694043274244004 0.7075168320910412 0.013468891206117443 0.022399876414474905
7 0.7242395833333332 0.7047824074074073 0.006944444444444444 0.009907407407407344
7 0.71937277905997 0.7793871324891217 0.011591246290801235 0.016622705791845268
7 0.34685624954818184 0.7543946842092578 0.02299528301886795 0.03100978336827388
7 0.35046743210959974 0.6996936603123528 0.01343029350104822 0.025681341719077485
7 0.3619936182019977 0.698585933325112 0.007272012578616306 0.0259433962264151
7 0.4069612039328933 0.5839234965163184 0.02088490099009898 0.030253025302530264
7 0.413805070267004 0.5310914564907127 0.022013782542113346 0.028784527253133702
7 0.45765775261704367 0.5567562847256334 0.02290083887306109 0.032776722591537404
7 0.4619392792135846 0.4991843504574986 0.02260406774295668 0.03165558721114276
7 0.5157407407407409 0.5171895601102722 0.02517080186983102 0.03535898357904822
7 0.5217689826739759 0.4566687336567134 0.024159475008989517 0.035284070478245264
7 0.5188118055555553 0.8113481481481479 0.009062499999999968 0.015694444444444487
7 0.5207057669082124 0.7821527777777778 0.008715277777777745 0.013796296296296275
7 0.5484900284900285 0.7780056980056979 0.009131944444444429 0.014814814814814815
7 0.5486703929539296 0.805940605239386 0.009375 0.015925925925925864
7 0.5780717029265917 0.77184712229643 0.009438210030479312 0.01627874757550566
7 0.5752528112380886 0.8033191484493862 0.008651063294324897 0.0168302504089594
7 0.6765219820645233 0.7549627963795879 0.009059706257982074 0.01766709237973611
7 0.6764836765644956 0.7887758088548318 0.011055236270753553 0.019103873988931416
1 0.3422701633845996 0.7267349094664343 0.04483912869704238 0.11627571293888365
1 0.402000850804042 0.5561893889317056 0.046741452991452964 0.11463844797178124
1 0.45138073488435354 0.519763593829234 0.04551713586291315 0.12443900448796412
1 0.5081198990988637 0.48561214445788353 0.0473450797075393 0.1342942187063007
1 0.5166743326118326 0.794088504088504 0.015902777777777842 0.059722222222222225
1 0.5445841802168022 0.7889137308039748 0.017743055555555602 0.06347222222222218
1 0.5727858527131782 0.7826178940568476 0.017986111111111095 0.06527777777777778
1 0.6730548241235293 0.7657711997426466 0.017062125271080534 0.07266020325721824
7 0.6387513398558657 0.48174945265462504 0.022321428571428627 0.04354056437389776
7 0.6829790796992036 0.30187886727654917 0.03205768718358644 0.045186073363531365
7 0.7533554662118257 0.4193766556705153 0.023476158344579466 0.04938896386264807
7 0.7982376741057298 0.21623733776511556 0.03969313865147212 0.05341880341880341
7 0.9071837183718372 0.3285185185185186 0.023033553355335495 0.05931426475980935
7 0.9571388699666971 0.0975186698960541 0.04446715107478051 0.06370471288727421
3 0.6133146232050678 0.42890807177976664 0.056538259958071296 0.19156184486373168
3 0.72504875003118 0.37066954028446447 0.07199546485260769 0.22080498866213147
3 0.8681956190308078 0.28167359737515635 0.09349480326651821 0.2576713684731502
2 0.6350690968746526 0.33946909872835795 0.06704621287954622 0.08647536425314205
2 0.6655853933835437 0.2726816421012851 0.053217120181405876 0.09221466364323508
2 0.7525532189950872 0.24601715392890092 0.0795053003533569 0.10731579636173273
2 0.778365781828842 0.17781264713982384 0.06202360011726758 0.1061516661780514
2 0.915792668656018 0.12536325161390988 0.09462216956292796 0.13362295945234334
2 0.9381812116061305 0.04687655315003677 0.0723631239935587 0.12332259796027911
