8 0.015396471088435372 0.4757298752834468 0.0065192743764172344 0.047241118669690094
8 0.021644577371178357 0.47877081867229654 0.003968253968253969 0.04771352985638704
8 0.027091305272108842 0.47871492346938765 0.0045351473922902496 0.04733560090702945
8 0.06322751322751322 0.4786816578483245 0.005598072562358277 0.044784580498866244
8 0.06804805255435506 0.4771630874572051 0.0049603174603174574 0.04506802721088432
8 0.07447179322179323 0.47675992318849464 0.005881519274376412 0.04572940287225999
10 0.11938604486681405 0.3492684902941314 0.1512048907882241 0.1620370370370371
10 0.45184241843724604 0.3431495268779754 0.16957016283524903 0.18478607918263093
10 0.8879236379236383 0.3374763652541432 0.19528953556731338 0.21874387615128355
11 0.8055059231424173 0.4766997140081431 0.1602410600255428 0.24052788420604512
12 0.26407202297233934 0.033354821065791525 0.06285161744022502 0.0823370839193624
7 0.4227280890804597 0.02467805449127288 0.06665070242656451 0.05028735632183908
7 0.06549299180472021 0.15143754469886161 0.024335232668566003 0.03650284900284901
7 0.14658570310576483 0.14054494507169407 0.02218364197530863 0.037591009813232025
3 0.1363577465036194 0.11740986717267554 0.03318212365591398 0.1310483870967742
3 0.055307974099482654 0.12599370462273687 0.03411910669975186 0.13084734858928407
7 0.6999608182793037 0.12789814891192436 0.01886909180895818 0.02608677720036295
7 0.7096372756172311 0.079426265395085 0.02296770601336304 0.04732739420935412
7 0.6935886331766064 0.07816409579587011 0.006031922791388271 0.027427204487338118
7 0.7726900706996831 0.12132764098337184 0.01924215512137361 0.026971909742780086
7 0.8498162053600316 0.11337758425702515 0.020676174760333135 0.026913405626276917
7 0.8438148508430611 0.05786136330883412 0.020941418071768365 0.04827784983427007
7 0.8251386394625695 0.06408870708481604 0.008511673151750977 0.032245280299755014
6 0.8993077042079206 0.09355805372203888 0.015470297029702982 0.017235056839017243
7 0.9932317280396625 0.09786527261338344 0.011457458718164067 0.025655378300214575
7 0.6873864963030224 0.24559437502101925 0.013760071201049268 0.025997751545812284
7 0.6879450065579914 0.19643946709713997 0.013760071201049268 0.025685466241958648
7 0.7605528575160163 0.18978502754177093 0.016046461271962503 0.026138332096015817
7 0.7497216035634744 0.18955188484698507 0.002783964365256174 0.015724243174131815
7 0.7593829516539441 0.2430390502909587 0.013252756573367384 0.022618037885213483
7 0.750196315558911 0.2385729198706298 0.005679752817157496 0.020093703299810185
7 0.8340812181885596 0.23487095650610668 0.021026800260671212 0.02708536982730531
7 0.8395336300958426 0.1821630191476072 0.015670248437738288 0.027434842249657056
7 0.8286655997561346 0.18274653254077125 0.004477213839353706 0.020068079052989893
1 0.7545369310958556 0.2114533011272142 0.022386695906432722 0.10928362573099414
1 0.8335583261817751 0.20196188406868504 0.02266300731869598 0.11310711909514305
1 0.9806323436204964 0.1868678866082698 0.028262273901808833 0.1266867642836635
