10 0.1836300181349488 0.6933455970080882 0.11072137188208617 0.13109410430839
12 0.09474071382565408 0.3810166954908467 0.09619307224447411 0.15947188844385105
10 0.36053567480829696 0.7168116712004174 0.09127781818154354 0.11201998006675634
12 0.2790745380359351 0.448984961852609 0.06455707282913165 0.14564853719265486
10 0.4830060901675484 0.7445170120517343 0.0738536155202822 0.09788359788359788
11 0.022086241105637658 0.7632104086845466 0.04123263888888889 0.14699074074074073
10 0.5789262659530525 0.7549821789735721 0.05681649352889421 0.08749971010837604
12 0.6386829381232365 0.5931516659128595 0.06169549079996837 0.0954223591039511
7 0.1995313714063714 0.48873001998002 0.045978327228327225 0.05316442816442822
2 0.3988215488215488 0.5273769440436107 0.03336940836940836 0.01603334936668263
12 0.6892949309846815 0.6159615751028493 0.05783689994216306 0.08514876935929565
3 0.36012339877471455 0.5469613638473287 0.03757816257816257 0.08597883597883597
12 0.762732585351207 0.6495668835718111 0.0751498739696165 0.06670527056793163
5 0.017237 0.571429 0.033978 0.07738099999999988
12 0.8078036037348558 0.6620447595795657 0.04079839043332187 0.061782165440702
12 0.8462042043379852 0.684591762052043 0.05952380952380952 0.059051398337112655
3 0.4327575575947973 0.581758793409339 0.026351686507936508 0.07233796296296297
3 0.39627783072584194 0.5681096406111332 0.026822457378012907 0.07512772850502666
12 0.9089586798438195 0.7079442699226326 0.04454162617427926 0.04565318190768363
3 0.4902090635940596 0.6034808644794305 0.021136328094456137 0.0597069903297811
1 0.03745 0.688161 0.018849000000000008 0.07473500000000001
3 0.5878170794495934 0.6411090427483869 0.018838364125249387 0.03225561627200971
9 0.37158558598878155 0.06922067072443011 0.020559210526315774 0.042061171447136364
9 0.40561908242829287 0.10380697113153252 0.018383632692843172 0.04162605588044183
3 0.519811119285042 0.6187953227304193 0.023179487902712285 0.059593611704429644
9 0.425644202359693 0.1163268795492664 0.016037775534241933 0.027343092714117438
7 0.1932888540031397 0.41941634203538974 0.02117673992673992 0.02721815221815224
7 0.32941054601224684 0.1546178489244872 0.01344664371772808 0.028818979622192476
7 0.25982539851473435 0.17143256952750355 0.023376208721036303 0.029647874475460675
7 0.18668831168831165 0.18876493876493877 0.023240648240648226 0.026362526362526385
7 0.6740546779609278 0.6464878953718238 0.024665314843886336 0.029979940694226395
7 0.016466299321192732 0.19947013042943273 0.02393641565153193 0.02153316106804478
9 0.9372403205588653 0.7404179753336806 0.012755102040816358 0.0565543677788575
12 0.8818086262282693 0.6984214982289212 0.030637254901960776 0.053688141923436086
9 0.924703214619181 0.7366518035785744 0.011034175574991987 0.05722924090271036
9 0.9126174279235502 0.7380790411402657 0.013160025915127896 0.06100853039628546
12 0.9380559539483997 0.7139994374605961 0.025687358276643958 0.04572265414102154
7 0.3744063694150499 0.30306544557123255 0.019290123456790136 0.02461787184009403
7 0.43961930111267533 0.29131541618799517 0.019416533178001103 0.02548419979612643
7 0.053786760182109025 0.21998687502563474 0.022878983634797588 0.024096632623764415
7 0.3501246142961259 0.5725858802409189 0.01759182355112588 0.025122021246052256
7 0.3561667304137184 0.5304108851632279 0.010657710205902974 0.025366014321837646
7 0.3889335366523794 0.5830474568110573 0.015087018981677688 0.02394297646523163
9 0.9871040578505856 0.7582325724686836 0.00975105141771807 0.04889657667435451
9 0.976946712623796 0.7514668973002306 0.009645061728395011 0.04988581377470261
9 0.9664038929911946 0.7609050267780427 0.010916938000271385 0.05101637046081494
7 0.7843867799726146 0.6802380134090525 0.01777650715458589 0.024272160971668306
7 0.42636056694797686 0.5938989023391589 0.017087140088593553 0.023744155284852936
7 0.5078752694493435 0.2805457573976092 0.020392416225749603 0.024862825788751725
7 0.21907160300017442 0.32550947729519164 0.01430860805860804 0.022130647130647125
7 0.04903896787783043 0.5659515868836563 0.013517452794703979 0.019747235387045845
7 0.6258097823539406 0.3665825359716092 0.01680904920107579 0.021203571868023685
7 0.5652928564836788 0.3738530295839267 0.016077773163528958 0.020571859234649915
7 0.5013369783118516 0.3796972177907343 0.0066711427882794275 0.01994169564668485
7 0.15985759311822223 0.32364134231915015 0.012973137973137991 0.022130647130647087
6 0.4529877615603203 0.15819919446916134 0.03188775510204084 0.02903360418241374
7 0.04675501565311992 0.6052925484205104 0.012812194388023772 0.019433787206299118
7 0.3941123131351307 0.5447950785252372 0.009025022045855386 0.02121913580246916
6 0.5061657482432129 0.20363421771872478 0.03881113256113244 0.018947518947518945
7 0.4645611467814994 0.5708720274164693 0.01433377107837539 0.018635884942839343
7 0.48806453609694334 0.5784940584323299 0.009663681538681556 0.02301408551408551
7 0.4301609901989588 0.5559385068165325 0.010299662500659204 0.020214804267960403
7 0.48501131776919215 0.6111780775781435 0.014854776563219835 0.021900434169563394
7 0.4922176422476183 0.5113633960556424 0.014393247306916379 0.017922170200347694
7 0.5858824431989993 0.550481253833288 0.013085500048690267 0.016027201610023637
7 0.7103719061627225 0.4282033491217165 0.012856333009394243 0.019031422092646615
7 0.780126479018517 0.47668430886095803 0.011102379748054982 0.015606056956588017
7 0.7290103892286431 0.4814538048665034 0.01259763164525076 0.015222138238011327
7 0.6054945746440858 0.44027301722507944 0.013507500635647093 0.018095247227463727
7 0.6557914358925387 0.4358661604372388 0.011990473272642396 0.01841882586367878
7 0.6816430917455145 0.4851688786345773 0.012806864979409178 0.015326589633894525
6 0.31255756366372245 0.03821913721308473 0.03827824889468727 0.03315146121493898
6 0.5966507529136886 0.2816828454298444 0.0312673707615342 0.017370761534185666
6 0.5341122762859976 0.22053985163920486 0.03807920474587137 0.01814886074145336
7 0.6068923371389926 0.647659782275167 0.012912444977662372 0.017253278122843337
7 0.5834226207259535 0.6409838978355306 0.013510592304366617 0.019300846149095136
7 0.5860701933172751 0.6072475106197546 0.010036439997529484 0.019172173841434534
7 0.5403271413235181 0.6288553621484377 0.0133193709582599 0.01996374681559869
7 0.5429467311616004 0.5886549578679208 0.008935866013071888 0.010455571117335864
7 0.5130124175483642 0.6219247158974458 0.01560186619839555 0.020013428364838323
6 0.3860550328638538 0.09978448835968028 0.038738762466638585 0.022632394190899584
6 0.631056064547751 0.31554548742461125 0.006244580175696625 0.013431738491120924
6 0.5611940556909107 0.24694505826581292 0.032249511416177976 0.01688196132640579
7 0.1541601380657175 0.6266321502373005 0.011389570134205348 0.016889206803369916
7 0.1620957428360862 0.5909674096369375 0.009367123101028656 0.018166541771692014
7 0.19468004178304607 0.5993634140987504 0.010857347230737774 0.018592320094465997
7 0.19377615135636547 0.6320894562092009 0.004683561550514328 0.017456911233735252
7 0.5671727628249368 0.49694233571045154 0.010783298826777152 0.013898474043401617
7 0.006167445083878733 0.5554935841738567 0.010813962235763183 0.020530855838912777
7 0.004595933950199353 0.595271164021164 0.008463100880162491 0.021314476290779632
7 0.04314384930144814 0.6774389529360075 0.011250204549173616 0.019773086783396038
7 0.03942898393607157 0.7129106892852599 0.011505891016200292 0.019432171494027175
6 0.6179717347379937 0.29487097476258134 0.027021184608733234 0.01621271076523992
6 0.4223494515502711 0.13119229990814688 0.036511189175123596 0.023636048226212163
7 0.5260567456399026 0.5007945091172628 0.007850862167408934 0.014512199763998302
6 0.2638276521653929 0.008149357105639332 0.04012867103482224 0.01764456254870596
7 0.5934495192307692 0.5777825286097344 0.012162316849816824 0.009777548840048892
7 0.3455348002654876 0.15442254545727258 0.008665614840313628 0.027358109687426954
7 0.5101428443698053 0.38142831596753646 0.012104896188410302 0.020443824673759596
7 0.5433032588035214 0.6007669271412269 0.009665324463118588 0.007051431683784603
6 0.645053123341425 0.3133724889960044 0.017496606718696947 0.023250260779951976
3 0.5456619818321947 0.622809847100627 0.020140296071147194 0.04913411385042595
3 0.5481309939263335 0.5905363195974476 0.01635849375211078 0.014775413711583921
3 0.5886120564175121 0.6091918115910602 0.014501474542458124 0.022226559111805006
