7 0.1844161769878232 0.35729892728383067 0.044576781003069194 0.06194620163747694
7 0.15239460789272513 0.41842026864536463 0.055342128990991134 0.06768854535132539
7 0.12149614599030722 0.4050691954010918 0.009648150967965502 0.017721093614630506
7 0.4868294237538171 0.4391747353114623 0.03072716900975017 0.05835816526431936
7 0.4948264415969997 0.5056469172274194 0.037283737024221476 0.06359954443155318
7 0.5216564670607265 0.5094839187631234 0.004612449785216504 0.015142759672220148
7 0.637229155386831 0.4830776573459217 0.039943771626297635 0.05610084119098161
7 0.8061434643523705 0.5883038014133657 0.045381569720551504 0.05885549004802967
7 0.660449974957114 0.5499760685221546 0.04562835177309707 0.06163759200539397
7 0.7768318113171478 0.5218474778112138 0.04191675122061205 0.05373150292108589
7 0.9821810381523736 0.5808359211275198 0.03305210544136232 0.04948069358306279
7 0.3207327317655501 0.03591957318906472 0.03551048385098808 0.027389869326924925
7 0.3889933406502711 0.07198306504478934 0.03546291789480833 0.03560604999322901
7 0.4665589633147058 0.10250287539276944 0.03478269950091088 0.03415338097855965
7 0.14620287761646344 0.6178866702810996 0.051993381202561556 0.04318237865121977
7 0.4811843578379928 0.7228287410986068 0.04048621770689703 0.046010146278178066
7 0.6309907531541635 0.7502229458704524 0.03900288602468985 0.04407105765501676
7 0.7660562526926378 0.7788664555519799 0.04184678905119091 0.041491075967167966
1 0.16721287573128085 0.3473990155431358 0.08533737024221454 0.18952870690377152
1 0.5027584586551915 0.44339635268030464 0.05151384083044979 0.17609957080577907
1 0.6586947006643974 0.4859103134621571 0.07670847750865048 0.17230952247090514
1 0.7999550091940825 0.529029562115378 0.09572690118230917 0.16877162629757783
6 0.4414564282357176 0.25290190123667916 0.023908794023765403 0.09689558449918957
6 0.5176743252460297 0.28503673766826926 0.03543365564448986 0.09266377217118568
6 0.596592062961652 0.30830521059723254 0.029730281959168 0.08696655132641293
6 0.8487076521282044 0.39718818497598335 0.03826793713381397 0.07356345182851984
6 0.9478265522724447 0.44615660300516996 0.027941176470588195 0.04009868425254277
10 0.6909015201727382 0.9356214881559874 0.31484906335759455 0.1536970892088652
