7 0.1894861695189144 0.5046718130431114 0.01985256896988103 0.03564498439213706
7 0.18156695530202258 0.5701387420368285 0.02179154302670621 0.03613034399384547
7 0.26882180832084496 0.5675860510478365 0.004014129736673095 0.017662170841361593
7 0.28281551059730253 0.5642285085926705 0.01645793192035963 0.022586169985013973
7 0.29029753839205064 0.5043933386864734 0.01698001355013549 0.03664182475158089
7 0.24555351617151785 0.6362612356008852 0.02553217669496739 0.032966244206554265
7 0.7878869047619047 0.49681216931216937 0.013298611111111174 0.0382407407407407
7 0.8027291666666667 0.4962370370370371 0.014027777777777809 0.03912037037037037
7 0.787239817310572 0.567563267445343 0.011464884696016656 0.0370619946091644
7 0.8049826807585 0.5681361422423985 0.0118392482779274 0.03581411600279525
7 0.8230017361111113 0.6492546296296297 0.02670138888888892 0.021574074074074138
7 0.40461921349904795 0.059570917605887494 0.023786089238845103 0.024970836978710994
7 0.4337138197301428 0.13959396657261602 0.018209980533093764 0.029949086552860157
7 0.4623726851851852 0.2097588734567901 0.01545138888888889 0.028148148148148155
7 0.831667795844625 0.15866832279433904 0.024277326106594267 0.023261065943992777
7 0.8356625520648892 0.07898616099784714 0.02596920793915779 0.034316453348172876
7 0.9034127305848323 0.15387752855098136 0.024566105155691766 0.023892575577108513
7 0.953603591782088 0.1484798388626124 0.027174235731114195 0.022982501828391174
7 0.9675201669047169 0.06641267146360526 0.031589390142021674 0.03196649029982363
1 0.17832584915187857 0.5255061641086767 0.038611111111111124 0.1376894360971991
1 0.2787046957671958 0.5253655202821867 0.033784722222222244 0.1403703703703704
1 0.7962101044804462 0.5195730669448303 0.031176692653462606 0.15314814814814812
9 0.16289596301768947 0.9109112341875324 0.015417505030181071 0.04387417095163578
12 0.14552049056325683 0.8454124316002096 0.04025517908797005 0.06224831263116105
12 0.3861046903218166 0.8479140453069643 0.014791666666666713 0.06532407407407403
12 0.6614379084967318 0.8494648692810454 0.020972222222222253 0.059722222222222225
12 0.7809212038840202 0.8566809567600708 0.019558720112517688 0.07460150023441162
10 0.2105275822587325 0.9053932429154083 0.014467592592592579 0.0187209066990487
10 0.2791715105537809 0.8219654907651937 0.15305555555555558 0.16930555555555557
10 0.6953435505242983 0.8291196703795111 0.1380902777777778 0.17
4 0.3597493188656493 0.40700325375092605 0.1257689008091316 0.3706271987288335
4 0.5259432338227357 0.4079375569896491 0.12316837480606285 0.38171296296296303
4 0.6974854559884821 0.3799761544190633 0.12538194444444442 0.39393518518518517
