7 0.25597426470588236 0.4346745642701525 0.041666666666666664 0.028594771241830057
7 0.09283088235294118 0.4158885776532835 0.04350490196078432 0.0321350762527233
7 0.12352487291212778 0.3102759622367466 0.02634803921568627 0.02886710239651417
7 0.043576989619377164 0.2670927848263488 0.056576797385620915 0.06018518518518518
7 0.06712962962962964 0.17950513538748836 0.05106209150326797 0.06590413943355118
7 0.12433619281045753 0.1485974945533769 0.04227941176470588 0.05446623093681919
7 0.2817500563443769 0.1554071820299001 0.038807189542483654 0.07979302832244009
7 0.25888480392156865 0.21171477850399426 0.037173202614379106 0.06263616557734203
7 0.23300199709513436 0.29438997821350765 0.04963235294117649 0.058823529411764684
7 0.2810749299719888 0.33644568938686586 0.015522875816993478 0.026143790849673214
7 0.4178080545943867 0.3227284377803408 0.04738562091503269 0.059368191721132904
7 0.4098583877995644 0.24210239651416118 0.0167483660130719 0.04765795206971675
7 0.43756808278867104 0.2448257080610022 0.019812091503267956 0.05746187363834423
7 0.4136233660130719 0.19899237472766884 0.008782679738562156 0.032407407407407406
7 0.4394199346405228 0.19969135802469137 0.013480392156862721 0.03676470588235293
7 0.6715459331880901 0.23543028322440088 0.03615196078431369 0.04684095860566452
7 0.708067810457516 0.28164488017429196 0.04248366013071892 0.056100217864923724
7 0.8029067095588234 0.24415339052287585 0.03553921568627456 0.06889978213507625
7 0.7122237784002493 0.35968461458657536 0.03145424836601304 0.05746187363834423
7 0.8717598781937017 0.3828357100415924 0.04350490196078438 0.05691721132897601
7 0.856608766695084 0.3030690537084399 0.042483660130719 0.05446623093681916
7 0.9272875816993463 0.2617296918767507 0.03962418300653591 0.06181917211328975
7 0.9879864824717767 0.32288571994454346 0.020833333333333332 0.04956427015250542
12 0.6024193836693836 0.7417000333667001 0.01370120120120117 0.04942442442442438
12 0.6386542792792791 0.7470793161582634 0.03556681681681676 0.052427427427427474
7 0.6965101189302847 0.8441586175175767 0.019428838951310864 0.026529338327091208
7 0.6812578027465668 0.8562686793023874 0.018336454431960032 0.02444860590928015
7 0.6697168312336852 0.8683463852003179 0.018180399500624212 0.023200166458593473
12 0.6889308759833818 0.751910290030152 0.03629673826571202 0.05314682223990101
7 0.6217948717948718 0.9700435729847495 0.020833333333333332 0.02913943355119828
7 0.6402894491129785 0.9641106442577032 0.022467320261437922 0.02886710239651401
4 0.8438921458222927 0.8134899605487839 0.266952614379085 0.4019607843137255
4 0.9737110853113174 0.7799205939685816 0.055759803921568755 0.30446623093681924
11 0.413651533174729 0.915297236173525 0.10667239404352813 0.18088965253913708
7 0.5218784838350056 0.8680770607099111 0.015432098765432063 0.030468502690724916
7 0.5120395361623432 0.9284042251878508 0.011425688509021844 0.022356758467869515
7 0.5064621913580246 0.9526946818613486 0.020773979107312435 0.033634061411839236
7 0.49039574430199434 0.972457166033555 0.017954653371320007 0.034425451092117657
7 0.48635842038619825 0.9260314445499632 0.012316001899335226 0.023543842988287465
7 0.4764042220639443 0.9866980584573178 0.015580484330484347 0.028885723330167652
1 0.5051900704945577 0.9566379331336601 0.03368352326685656 0.05678220955998738
11 0.15759484554358902 0.689676313728966 0.2882900101936799 0.41836561331974165
5 0.24134027287697013 0.20336173623635403 0.063710499490316 0.2327556914712878
5 0.04780861623369269 0.1740390654763743 0.09110601427115189 0.23955147808358818
5 0.4251174093490606 0.24114120673753686 0.05319826707441382 0.23572884811416916
