7 0.34944658947633783 0.09431544260769724 0.02936188934698711 0.04650110230242507
7 0.34963737893083063 0.1661814612554877 0.029312141925236884 0.04754901960784313
7 0.4579346302909533 0.025386033704521662 0.031057309075055477 0.0471424785839892
7 0.453824501551333 0.09629610082296917 0.03263384502892539 0.05581817839421893
7 0.5820151375991726 0.021648606975881047 0.03920244048565177 0.03867467338308742
7 0.4427667234885632 0.19502635284142697 0.02015204738162879 0.028165406609520226
7 0.46211857677010515 0.26980739930200237 0.03146626297577855 0.04287324388683812
7 0.5404409424197486 0.13569487509798928 0.019373558246828175 0.02832015159004777
7 0.5494858218181544 0.2200165597444924 0.008215872854332047 0.020000791550761024
7 0.5683203357700545 0.21420534549499373 0.025261487199203472 0.046471894439022464
7 0.6913347248340487 0.14784250378116617 0.03931135400834334 0.05344817054547677
1 0.3384604620984712 0.11793673698677001 0.04506600025631169 0.1662428377323236
1 0.44336834238767986 0.07655455978299779 0.04669117647058826 0.12771332293009474
13 0.15673807268377782 0.03801262456695116 0.044374531881573 0.09094135391713246
12 0.7320160127000197 0.5542674261616152 0.03340541165743609 0.06223436350513699
9 0.7540088073637695 0.6259887202795597 0.017362498233020076 0.04901448616224252
10 0.4966645559328494 0.4364141216245133 0.21970454003102258 0.2630911188004613
