7 0.6647105827144069 0.019894056724785024 0.04423375879561444 0.03784159711994764
7 0.5114048948617248 0.049347488136147935 0.037841597119947626 0.04602356406480118
7 0.4606271605506463 0.06312259654720995 0.035540418916707575 0.04295532646048111
7 0.3895424564904113 0.07810259306767454 0.03375061364752087 0.04090983472426772
7 0.3475966202632255 0.08721343634819334 0.03042668957617411 0.03886434298805433
7 0.15348175135032915 0.008999732100997925 0.016796011653606575 0.01862735248811198
7 0.15258511521419582 0.04823724219127283 0.012086849507735562 0.023859754872413104
1 0.15392419714017816 0.026737576183778724 0.01962150894112917 0.06257953251624138
7 0.09113209827707452 0.03997555421606054 0.014284458509142053 0.023022570490924914
7 0.09161936574911257 0.00486032043697304 0.01852270444042596 0.009836916482486103
1 0.0913642861328779 0.026336425334315627 0.018836648583484022 0.05190543165226709
