11 0.381050335197363 0.4836305781352728 0.6894780471918762 0.6581790123456799
2 0.09153791365329825 0.23943951347797499 0.1168091168091168 0.0734508547008547
10 0.808139124809075 0.7055670475439978 0.1812450748620962 0.10841459810874707
3 0.053013368397983776 0.32694773175542413 0.09116809116809116 0.12366452991452989
7 0.2235959581459151 0.15776031199157814 0.0497057134654034 0.037952196382428936
7 0.1026670358065707 0.1980973914113449 0.046655182314096946 0.03606804478897499
7 0.47889563953820996 0.07406763807366218 0.05670831474044325 0.04783020972780009
1 0.8846879441141734 0.5157698062411175 0.04044566544566543 0.09405525030525029
1 0.674563653131405 0.5311822126228869 0.040187439107737394 0.08731472509331037
1 0.7754984086951298 0.5227692958225745 0.0429894179894179 0.09176587301587308
7 0.7287023564824437 0.16780843668445 0.04498756707237272 0.04281998429524933
7 0.6660317258524734 0.021113194621013083 0.06282312060344092 0.03813882532418002
7 0.5341151127892342 0.21575580081969864 0.044373446929357435 0.0381611643592474
7 0.1655361757105943 0.18421170686190066 0.047014068331897786 0.042258828596037884
7 0.09017222276008219 0.34664234194985 0.036829960951366696 0.03993610223642175
7 0.7712087087087088 0.4313845095095095 0.02405182960738517 0.01657907907907909
7 0.6137870907918078 0.3312532756813417 0.029699510831586222 0.022274633123689744
7 0.8952958806759976 0.5439595297051437 0.02919586252919586 0.024503670337003708
7 0.44166666666666665 0.44772652116402106 0.019703483245149932 0.014674272486772506
7 0.8939404882276469 0.4972454940857367 0.025839793281653662 0.023994093761535534
7 0.6809462915601022 0.5562462505130878 0.02616747181964572 0.02298040794417607
7 0.8184882413277476 0.448672051681311 0.0239128016905795 0.015744911578244904
7 0.7849922040743297 0.5519131968407331 0.026391125424941857 0.02331588835212028
7 0.783756460726815 0.5073093248707855 0.025407728769984792 0.022821764280549516
7 0.9756861856759921 0.5886283837354173 0.031430513081889336 0.014016309887869562
7 0.8648268151192129 0.5879454015418928 0.028500722945167395 0.022418251584918242
7 0.6830252998666406 0.5151549871444548 0.025302749049765795 0.021463139750729315
7 0.7636900856841812 0.5921788334227949 0.028404007872606905 0.021806226516371416
2 0.13776190991380866 0.1672414259439576 0.09864672364672364 0.08279914529914531
7 0.976139238116812 0.573890021519991 0.02279420092875739 0.004034998301053369
