7 0.12745700245700245 0.15968146176479509 0.049424424424424414 0.06318818818818818
7 0.5337195887031603 0.4186663216744881 0.025081344902386053 0.04037117377681372
7 0.20091099660165487 0.4959459958628842 0.09042245370370373 0.11622299382716053
7 0.19972643097643095 0.7193322109988777 0.08775252525252522 0.12065095398428727
7 0.6840045310069655 0.4767490025021978 0.06666011530398319 0.06332983927323546
7 0.6747436356811358 0.6093195468195466 0.03125 0.03903903903903906
7 0.7830341409256495 0.576528986137122 0.028351172273190648 0.039358930796239665
7 0.44666097921813286 0.9480796428887118 0.030413020418987063 0.043754972155926664
4 0.1040656347951074 0.47835826783820323 0.19439650728011762 0.6068262781178337
13 0.6258291063974257 0.9192122774778537 0.06442836100239602 0.08675548824203361
13 0.7318813890126701 0.8996525877713586 0.060229067930489794 0.06701355401587923
13 0.7303008125957351 0.9578090905685205 0.04250187386764621 0.043389484430832154
13 0.8395648030820168 0.8674532429882713 0.04836518643432631 0.04746736618574737
13 0.8449899339611515 0.9273116384594567 0.07022404528881213 0.08963410733704348
7 0.7740031698365034 0.04246233412900079 0.06569069069069068 0.07507507507507506
