7 0.8074202980072307 0.15302002583979332 0.03714470284237724 0.047238372093023236
7 0.6819332791016683 0.13553430152805696 0.035529715762273824 0.04710378983634796
7 0.554609317717932 0.13704595446168483 0.03433208489388259 0.020755305867665424
7 0.46246574737028195 0.21233522827720316 0.030385397330504743 0.0212974012198356
7 0.4474733160965261 0.21968124337045872 0.023092901971183563 0.012513259082471489
7 0.4399584548749227 0.22898987890038008 0.02541324140369491 0.012678997613365123
7 0.5701980803793353 0.22337418581826057 0.030049838756962727 0.020705071826443856
7 0.5582700848018937 0.23050425095279978 0.019300302941463895 0.012093227792436226
7 0.5413721402434389 0.243299863187726 0.02357568650444648 0.020613456464379946
7 0.5441036352975667 0.231260077689827 0.005130460275578933 0.00256523013778948
7 0.6748245752875383 0.23307044357391582 0.024335232668565993 0.020365918803418814
7 0.6592319047029194 0.24521843645484948 0.027748100664767343 0.019253027065527048
7 0.6422772410091251 0.2534586739749783 0.021664292497625845 0.019141737891737877
7 0.5671255209771362 0.29822654123772335 0.015826529404804158 0.006434149804756867
7 0.5544215674673609 0.3115940421251923 0.028990651993846886 0.006101348952786662
7 0.5474368582284805 0.3155814893700943 0.02839900603478885 0.008874689385871468
7 0.5424759538178068 0.3254792332268371 0.01612235238433323 0.006101348952786662
7 0.49698260560880375 0.3128169531923526 0.014643237486687978 0.0056576144834930946
7 0.4712275174535558 0.30433251242456516 0.029286474973375956 0.006877884274050395
7 0.465447875991007 0.3092607383741569 0.013607857058336281 0.007987220447284374
7 0.4550681871967814 0.3175890796947107 0.014347414507158908 0.006766950656727033
7 0.45305289314873987 0.30968968169447403 0.01153709620163294 0.006656017039403632
7 0.38828262786596124 0.2805507330246914 0.014054232804232819 0.005270337301587307
7 0.3833774250440917 0.29606205908289235 0.028108465608465638 0.008267195767195782
7 0.367969982827439 0.3063376757866889 0.020943562610229303 0.017464451058201054
7 0.331818754437802 0.3533356524427952 0.020786092214663654 0.026218820861678042
7 0.40985667188554115 0.35915562429195147 0.020302694721299388 0.026416574381690615
7 0.44974570362167254 0.35050602928509905 0.014457979574258619 0.010382059800664421
7 0.4854681069958849 0.36656468322327496 0.01870693367786392 0.025839793281653714
7 0.5980499730499731 0.41501838376838385 0.01386001386001386 0.02389408639408638
7 0.24323193188884112 0.4411261778351748 0.014759809314264745 0.012857535753575336
7 0.24385771910524387 0.45033461679501285 0.012284561789512313 0.003369086908690851
7 0.2988894127507989 0.4500268479228876 0.016043270993766085 0.013132563256325606
7 0.3538610805524997 0.4521051063439678 0.01384305097176387 0.00990099009900989
7 0.3499877765554333 0.45859690135680237 0.010909424275760934 0.004469196919692012
7 0.26648485530064475 0.4218767571974808 0.015182186234817836 0.0059041835357624625
7 0.32823709070246465 0.4226374387385467 0.0169628130154446 0.013424988753936083
7 0.3256662747403488 0.4327601410934744 0.01126788163825199 0.002847589653145219
7 0.26643990929705214 0.42829323087259596 0.012615128355869105 0.002939447383891844
7 0.3879305065647658 0.43108067558299035 0.01555457573976095 0.019198265726043533
6 0.8895760290871314 0.05992187161840454 0.051968359087564406 0.02586920529801324
6 0.9307427416960355 0.07808566670539484 0.01885577630610745 0.012992089771891093
7 0.9093155254494902 0.27376333125075347 0.027041567561445212 0.031111960584437645
7 0.8498187411925431 0.3408838787233356 0.021742988995385164 0.024183528576499844
7 0.8359464363191734 0.3783840035836842 0.030913501360785745 0.02496006389776358
7 0.8313835909682555 0.42337815051473193 0.03209679327890193 0.026069400070997516
7 0.9256558266837472 0.3958834946211665 0.033723819666311605 0.02806620518281859
7 0.9877553234049509 0.37682575603901475 0.024652407999053383 0.031111332978345747
7 0.9881966631167908 0.3240212485420153 0.02277836942373681 0.029730209442669537
7 0.9308217962371317 0.3448205094071708 0.03372381966631171 0.02862087326943556
7 0.9932167118469033 0.2887372123793849 0.011044550940716944 0.0321219382321619
7 0.7910380428351674 0.3947406372026979 0.029434386463140495 0.02385072772452964
7 0.7884052183173588 0.436878771742989 0.02884274050408235 0.02373979410720624
7 0.7496471254458474 0.45028351463055943 0.025736599219027417 0.022297657082002095
7 0.7517157732812686 0.4086406194533192 0.025588687729262777 0.02385072772452972
7 0.862922354535773 0.4764447590925227 0.027363625606437098 0.021188320908768234
7 0.9769685652038592 0.4540441176470589 0.009259259259259259 0.015522875816993478
7 0.7165707374040705 0.4578328328328328 0.012512512512512435 0.01539039039039041
7 0.6849849849849848 0.46810716966966953 0.025650650650650655 0.020457957957957972
7 0.6892079579579579 0.431569069069069 0.023148148148148147 0.021021021021020974
7 0.6536610139551315 0.47457383854442675 0.02139639639639631 0.01961336336336335
7 0.6574574574574573 0.4397334834834835 0.02127127127127132 0.01923798798798799
7 0.6293779003589878 0.45137349783293923 0.017511601435951245 0.018551352771210915
7 0.6258599447133725 0.4839768846861045 0.01915331407057179 0.01805883898082483
7 0.5862354204397257 0.49580153595177845 0.01904386656159705 0.017402153926976638
7 0.6764950529725943 0.5174313399293697 0.020466684178268118 0.017073811400052583
7 0.5902709494154922 0.5359220630238328 0.01769911504424781 0.0169001966568338
7 0.5622381640900159 0.5030690412634857 0.013430096763430141 0.01632882882882885
7 0.5612974085196307 0.4745422505839173 0.011094427761094355 0.014014014014014009
7 0.5882841174507842 0.4648554804804805 0.019602936269602945 0.01645395395395397
7 0.5419247885333156 0.4806294722719141 0.009772742330881943 0.012733551977738008
7 0.5518562689105324 0.48141108460875903 0.005383290267011131 0.011801828662293762
7 0.5405872479515891 0.5080914993705692 0.014245014245014221 0.013230471079308298
7 0.5106327128403789 0.5171413745831505 0.017588549247937985 0.015465793304221225
7 0.515530187311685 0.49099120347907343 0.017386382015203067 0.014505498948730397
7 0.4874506158494074 0.46463061946445633 0.013287456640930865 0.012378314870761957
7 0.4778006228786692 0.4819879200701205 0.009720823542575743 0.014109180933199007
7 0.49121052312541674 0.5207935533733407 0.010153361217190961 0.011763502454991779
7 0.4997189571657657 0.521086478533287 0.009395647693520038 0.014832242225859223
7 0.4765530962339473 0.5252334840100799 0.011517245559798698 0.010967903255137341
7 0.4833887546653503 0.5256637570467357 0.007955991998545221 0.013922985997454083
7 0.45606838722780757 0.5346188579884233 0.015015015015014996 0.013638638638638649
7 0.4577175214430117 0.5106503562385917 0.014764764764764756 0.013075575575575569
7 0.4391370537203871 0.537474974974975 0.007757757757757765 0.009509509509509526
7 0.44597722722722727 0.5394065940940941 0.0042542542542542425 0.009134134134134086
7 0.47807182182182184 0.5020332832832832 0.007424090757424059 0.010447947947947966
7 0.4876450524598673 0.5039414414414416 0.005839172505839256 0.012700200200200209
7 0.42681570459348234 0.541381659437215 0.008425091758425072 0.0076326326326326445
7 0.4344463511130178 0.5428732303732304 0.005672339005672324 0.009947447447447485
7 0.41164497831164504 0.5261699199199199 0.01001001001000998 0.011386386386386407
7 0.4165355832022499 0.5256238381238382 0.005005005005005016 0.011886886886886888
7 0.4101959101959103 0.5492456742456743 0.013763763763763743 0.012887887887887927
7 0.3989093259926593 0.5496981356356356 0.007590924257590885 0.008133133133133125
7 0.40867057533724205 0.5322644072644072 0.009426092759426087 0.008571071071071006
7 0.38806663806663816 0.5523112398112399 0.007590924257590938 0.008571071071071086
7 0.38884718051384715 0.5336273773773773 0.005005005005005016 0.006381381381381364
7 0.3939251751751752 0.5536317567567567 0.004587921254587949 0.011448948948948927
7 0.40090320381731415 0.5298933303510565 0.008449784139968183 0.006550357873210701
7 0.3966452143535477 0.5352452813390314 0.004070004070004056 0.0069317256817257086
7 0.4291217931879871 0.5190028237457316 0.007092198581560288 0.008052600472813273
7 0.4394566229672613 0.5176834837739092 0.00807722616233251 0.014479905437352317
7 0.5214069754886081 0.5527463961775185 0.007693553611920939 0.013767411726595371
7 0.530977405977406 0.5517079579579579 0.0072572572572573366 0.007695195195195166
13 0.2223465493019034 0.5226411267763231 0.022029204431017115 0.028165911379657554
13 0.2781184817942119 0.5261173836513715 0.02237887434262057 0.02391742195367578
13 0.3292518785343559 0.5333165491775763 0.021050128678527465 0.02454682779456192
11 0.05112587955136031 0.6185949717349957 0.07923789173789174 0.10359432234432238
10 0.9628124059018367 0.5719004065040652 0.06473953628425169 0.024277326106594426
10 0.9777269647696477 0.6136729336043361 0.048931044866004136 0.024841915085817512
10 0.842707391442979 0.5826257705780824 0.1333120619687338 0.09432520739580488
10 0.6829852902547937 0.6083585062603976 0.09807956104252405 0.07626028806584367
10 0.581053591470258 0.6089979657687989 0.08144718792866938 0.06635802469135801
10 0.5065329218106994 0.6192129629629629 0.06755829903978054 0.055812757201646135
10 0.4546682098765432 0.620780285493827 0.04818244170096025 0.04372427983539093
10 0.40715393332140515 0.6249888173197352 0.04355281207133062 0.03716563786008228
