10 0.011269225766591874 0.46462946704386554 0.03178551686014372 0.0907499539340335
4 0.055151281830386305 0.14764740511009172 0.09466556108347152 0.27731711811313803
4 0.09836631315263251 0.044480846389796436 0.055920981133715894 0.0617283950617284
4 0.15829719831333686 0.17872254100736104 0.11737089201877937 0.24039297513475916
4 0.2359108353826665 0.2379834562933155 0.10514475743348982 0.21278908015997217
7 0.1892489194425814 0.2913778970116999 0.014997391757955154 0.019127108328986307
7 0.2846244131455398 0.3057218782366772 0.029668753260302574 0.041079812206572794
7 0.28954747000521647 0.32876890975482526 0.009128847157016177 0.008259433142062279
7 0.2600040346244131 0.10915900495565989 0.02037689097548249 0.03412450008694141
7 0.20880879412276127 0.03675085492378138 0.0135302556077204 0.040210398191618854
7 0.22515649452269174 0.042383933229003655 0.009291862284820042 0.03477656059815684
6 0.17547541667416888 0.05064259149226469 0.031318082788671 0.016339869281045746
6 0.12832234728532746 0.011880038857527496 0.006583023543990091 0.020738675478452432
6 0.14367999368272713 0.011920815414145832 0.00819650970673275 0.014370783422828033
7 0.30122597773864646 0.028551345319101133 0.028913672036348634 0.05206182018449677
7 0.2875340161529915 0.23238129714930067 0.031133362044214744 0.041989664082687346
11 0.5688889377246444 0.4742234417208047 0.19541583994708994 0.38770392416225746
11 0.8127078243219862 0.5839423887067346 0.17482034273079058 0.19209508015478163
6 0.9390704306749083 0.34080439553076364 0.008982863460475382 0.022341993735028556
6 0.8821992468214481 0.3446022203795835 0.006909894969596545 0.0170444075916713
6 0.831692233278054 0.3452260303421166 0.002763957987838555 0.016123088262391727
6 0.8274599226091763 0.3450916712732633 0.0032822001105583037 0.013128800442233269
7 0.9415920819222705 0.27416948879213027 0.007927148846960108 0.01677148846960166
7 0.9477638015373865 0.2735266713254135 0.0018998951781971603 0.0035814116002795358
7 0.9475399633123689 0.2795684835779176 0.001441299790356412 0.002620545073375261
7 0.9418384579548101 0.28824054662629084 0.007140985324947577 0.011093640810621936
7 0.9484189378057303 0.2859451432564641 0.002292976939203426 0.003756114605171174
7 0.9479330450733752 0.2916666666666667 0.0016378406708595448 0.002620545073375261
7 0.9383589564407174 0.2840185573414085 0.006354821802935047 0.005852550663871414
7 0.9389506588799044 0.2904811819906159 0.004716981132075502 0.004280223619846248
7 0.880684796073947 0.29078124007369294 0.007534067085953842 0.025419287211740027
7 0.8878952655485675 0.282087118565106 0.0024895178197065584 0.004367575122292119
7 0.8873656970649896 0.287604821802935 0.002096436058700135 0.003756114605171174
7 0.888233752620545 0.29376310272536693 0.0024895178197064005 0.00489168413696714
7 0.8878242924528302 0.2990478686233403 0.001965408805031485 0.0041055206149545566
7 0.88083071278826 0.30728511530398317 0.004454926624738044 0.005677847658979724
7 0.9398584905660378 0.30155194502678784 0.004651467505241176 0.006201956673654797
6 0.834048027444254 0.39519937318679454 0.005955784257671029 0.008973381614891003
7 0.8345157316786062 0.3809529815356675 0.0069682675814751365 0.017232069118861555
7 0.8754547416450855 0.37327118764410666 0.00661092052601491 0.008258687503970498
7 0.875638013388603 0.38228193888571244 0.006789594053744945 0.007623403849818965
6 0.8768701162569087 0.39183766385024243 0.006551362683438179 0.00802045613366368
6 0.875559843720221 0.4085668000762341 0.00541976367448061 0.010164538466425252
6 0.8356560891938251 0.41083793913982597 0.00541976367448061 0.009688075725811563
6 0.9224818188633979 0.3899947518368571 0.007216224321487472 0.0077472884490428365
6 0.9165437930057811 0.40469863325613814 0.007122507122507058 0.009621632428649963
12 0.22558541331186252 0.5282642243692968 0.01321373456790123 0.039223251028806666
10 0.21088445216049376 0.5158500514403291 0.02768132716049381 0.04192386831275714
10 0.28578290105667625 0.508071832639556 0.01831171950048033 0.0683103853132671
7 0.8322157479343938 0.2959160603444732 0.004127358490566104 0.02375960866526904
7 0.8258230893844101 0.296701289625818 0.003996331236897296 0.02332285115303984
7 0.8267950733752623 0.3151642208245982 0.0026205450733753663 0.0060272536687631054
7 0.8314072327044025 0.3149021663172607 0.002882599580712824 0.005066387141858831
6 0.8319630066387143 0.47966165851385967 0.006747903563941312 0.0103074772886093
6 0.8849289541113442 0.47933651681031125 0.005699685534591165 0.010482180293501044
6 0.9440055031446541 0.4781009783368276 0.008713312368972798 0.011268343815513627
13 0.4105681140564861 0.402834810538299 0.01391373484396736 0.01590141125024842
13 0.40885960171934016 0.4189959749552773 0.013727390180878589 0.01134631948585436
13 0.4443779214034277 0.41265123973301016 0.012857781753130522 0.017889087656529478
13 0.4416186800925173 0.40014782841333224 0.00916666666666662 0.011061087921553036
13 0.4481740196078432 0.40036492374727667 0.006354166666666651 0.005925925925925958
13 0.4781264874881001 0.3930333140668208 0.008712430300557608 0.005723287547032983
13 0.4782498073348747 0.4053432461429197 0.018019855841153207 0.03008975928192578
7 0.918585412335412 0.3745187495187496 0.007724070224070248 0.017036267036267025
7 0.47114476457488275 0.294105755719929 0.011414588801399835 0.026064450277048724
7 0.4369863923259592 0.2985629400491605 0.006698381452318516 0.021689997083697888
7 0.4303954193225846 0.3062898387701537 0.0029390857392826318 0.005376932050160385
7 0.44565101648478156 0.2542938711608416 0.021872265966754158 0.02460629921259841
7 0.40370526250155875 0.21572723115932993 0.02525252525252526 0.028526000748222965
7 0.4118414787606708 0.14034849051684065 0.0173026561915451 0.018549694475620403
7 0.4858393747282635 0.10132607354829576 0.02104377104377109 0.045984536725277456
7 0.4487522643589895 0.04374479033348429 0.024434156378600847 0.05206384836014465
7 0.4002094751264756 0.3129293922927987 0.008607363687464837 0.013194054087814619
7 0.44482049141221375 0.20696388182075204 0.014445504664970344 0.017670342097823023
7 0.453949080499653 0.1873457861053281 0.014578032230703997 0.014843087362171329
