7 0.766793658274747 0.6560523938572719 0.02492140173299587 0.01797216471129514
7 0.7047365162540111 0.6751494299827211 0.023875091224229116 0.01753215654077727
7 0.976955600919648 0.6977257896759148 0.02015042707864076 0.016396374910565257
7 0.7219017726067615 0.9718862196492348 0.02259580621836582 0.014741073580553
7 0.6653723284805069 0.5184889286330475 0.03090356512975561 0.017198719765684045
7 0.6752874761015517 0.5281366018629675 0.018502771478961885 0.006938539304610706
7 0.041483282224022956 0.813494546133435 0.032711282711282715 0.011261261261261264
7 0.6520362876150648 0.25860397219935366 0.0629899018699052 0.04627920858850975
7 0.4360448753749235 0.2156381784064874 0.06711434537420712 0.050426193201260565
4 0.32223312902101314 0.695886688505645 0.15541962948776475 0.2548045229339842
7 0.269332701630208 0.3688890270562585 0.04298941798941795 0.03159905937683715
4 0.4896542757771853 0.7123102175509998 0.15176183087132772 0.23960680230117334
4 0.6454013598765047 0.70314580452041 0.15177804191425154 0.23183175049453733
12 0.6748216532660279 0.9583872162954417 0.03031305114638443 0.04380681366113696
10 0.7998076849346861 0.9421441207881541 0.13661766600473574 0.09350198412698413
7 0.5431967251695143 0.7283749885790705 0.023014903967284978 0.02543752543752543
7 0.5441841007317197 0.7767137789459216 0.028586933348838064 0.02543752543752543
7 0.7291073937756591 0.7415023414723653 0.027993478233286344 0.024861063530128347
7 0.7372185578884921 0.7862455434452985 0.028692032368503026 0.02437606987239334
7 0.8241887186314919 0.7453832665265415 0.02716060717346053 0.02343080548414746
7 0.8317846896191966 0.7907088800162088 0.027013935464639663 0.02416117072807213
7 0.06553631553631553 0.7014603889603891 0.039235664235664235 0.028488309738309774
7 0.06267126199558631 0.7557762878708826 0.03914628914628914 0.02902456027456029
7 0.7821238333608376 0.3120922110982757 0.06254991514425479 0.036851415094339646
7 0.6984408966668023 0.47491818444655176 0.044491798153665114 0.05342931818540058
7 0.5983965791149349 0.40769051280188856 0.046641648124189146 0.04642735102475089
7 0.5546147401200592 0.26693646332941545 0.06879599964706341 0.054484338061465694
7 0.4599485512240939 0.4447101983620183 0.04181110502949589 0.05715768108009488
7 0.3798174799269813 0.3769874695161083 0.04258385744234806 0.04983715184186885
7 0.3029030823808467 0.21785401078929229 0.07608132608132606 0.05761357505543554
7 0.1916003362796366 0.1646810935258457 0.07194147500269947 0.051121639131843206
7 0.1286156492305442 0.33912479986638394 0.04045335437023093 0.05460097557074887
1 0.8298579989965374 0.7827646081993168 0.02786255603810635 0.030888279197746275
1 0.8253666091204447 0.7455443394541588 0.02841231958177063 0.02397289464711898
1 0.7429226585305745 0.7588932595833664 0.049908415452095775 0.09616377529946302
1 0.07020304412351894 0.7227427788891106 0.042107713708566044 0.11645108164920473
1 0.54786408662246 0.7154505686418058 0.029453061913198617 0.04505527533716597
1 0.5537375544781604 0.7825673547228432 0.0406953474296648 0.033816186376149464
3 0.21161502384056013 0.2845052544015321 0.11988120301937635 0.2977796259829468
3 0.5040163032796575 0.35399384634327713 0.09184017904948127 0.2737401999716126
3 0.7478253326324035 0.3937506437290573 0.11164216173969657 0.2570926774809259
2 0.28548066338764005 0.06023205514484584 0.10784594117927451 0.09652509652509651
2 0.5525683302649812 0.13611148851364974 0.09920502846255694 0.11711959725978419
2 0.7806086145735354 0.19291444448227488 0.09684703188843972 0.12236548366116473
2 0.334843383941 0.16665273423935328 0.10019519525901745 0.13393498528660966
2 0.37425908597061286 0.26113704425786427 0.16710289316672294 0.11305829956095913
2 0.5947153429384158 0.2355713798773129 0.10243449231544464 0.10427211559226866
2 0.6484859481813208 0.3114787920399117 0.16475721112817882 0.10116147433435739
2 0.8031440061095384 0.3009346040833426 0.10087668295688351 0.06668982820298609
2 0.8806943083932396 0.3515323730086087 0.16354699787089408 0.09051934650408043
6 0.9191638573942413 0.45196453011561527 0.015954721714321045 0.009688766992606731
6 0.9966859980323699 0.4573665775834143 0.00667786956052257 0.00607385811467447
6 0.9622554117720606 0.47286250809847774 0.044625985314760794 0.022776967930029163
