7 0.09762782694198621 0.3466076696165191 0.03549041297935103 0.039126515896427405
7 0.16099942285494423 0.4325470622604135 0.02765486725663716 0.03994591937069811
7 0.04330534297052154 0.5621220710506425 0.01686507936507936 0.02418745275888141
7 0.12226946334089192 0.513567649281935 0.014314058956916101 0.016439909297052205
7 0.21497012255461678 0.5098354520311589 0.023914643119941126 0.04016433652195238
7 0.6943429174788823 0.03863439462854667 0.039595516569200837 0.03695581546458739
7 0.7403752436647173 0.21182586094866795 0.034722222222222224 0.0341130604288499
7 0.8203886452241714 0.18279930149447693 0.036854288499025424 0.04061078622482131
7 0.8979958576998048 0.15074723846653668 0.044773391812865604 0.04710851202079272
7 0.9220625577100646 0.3101381621695564 0.040204678362573056 0.043047433398310554
7 0.8494190119395709 0.3285920240415854 0.03411306042884992 0.040204678362573056
7 0.775919834307992 0.35196014728178465 0.03624512670565312 0.03573749187784272
7 0.8159329436902967 0.9521639852522203 0.03804125816993462 0.04221132897603489
7 0.6779433264533883 0.9275921625960325 0.03421160130718953 0.046296296296296294
7 0.5623588283352556 0.9136910483147509 0.03063725490196079 0.041530501089324635
7 0.3224974200206398 0.8871008198601075 0.027062908496732006 0.03336056644880172
7 0.25520532968089193 0.8812315775983595 0.024254493464052295 0.03302015250544659
7 0.10534747753267976 0.8683321418845314 0.02348856209150326 0.02791394335511981
7 0.05990221609477125 0.8635876225490197 0.022722630718954247 0.026892701525054536
7 0.0077103758169934635 0.7846881808278865 0.012765522875816991 0.026552287581699304
7 0.028777135854341735 0.7458469498910675 0.020169526143790847 0.02689270152505443
7 0.07184436274509803 0.7419435366739286 0.018637663398692814 0.025871459694989156
7 0.04528113328664798 0.7858942187986305 0.01991421568627451 0.026211873638344176
7 0.09523080065359477 0.7841813422900022 0.020424836601307197 0.030296840958605582
7 0.12060866013071896 0.7400145243282495 0.020935457516339875 0.028254357298474933
7 0.1341109360410831 0.7079880563336446 0.017616421568627454 0.02485021786492378
7 0.1604920814479638 0.6954133148986089 0.015829248366013064 0.02178649237472775
7 0.21658305249183002 0.7355281522331154 0.022722630718954227 0.031998910675381215
7 0.19315087145969495 0.7871958968772693 0.022212009803921576 0.0357434640522876
7 0.25898054534313725 0.7889944172113289 0.0245098039215686 0.03812636165577338
7 0.2811819172113289 0.7340686274509803 0.023233251633986915 0.03302015250544659
7 0.3279590482026143 0.671330337690632 0.022722630718954268 0.037785947712418354
7 0.3529172554907849 0.7310987458046281 0.025494244244244235 0.0360777444110777
7 0.33246788455121784 0.7867010529047567 0.02737112112112112 0.03920587253920589
7 0.5090029569196237 0.7197689142133588 0.03010878010878015 0.04079254079254084
7 0.49405251611133966 0.7889795389795392 0.027195027195027262 0.04662004662004662
7 0.6103098290598291 0.790544332210999 0.02573815073815074 0.05018130018130015
7 0.6213699494949495 0.7194217819217821 0.027195027195027185 0.045001295001295016
7 0.7547016861219198 0.7136786149432064 0.02539991353220914 0.04989912091079408
7 0.7514733656449815 0.7927636319506073 0.02404885430177267 0.05170053321804291
6 0.7142894494645246 0.39915061480489855 0.020080321285140458 0.0769745649263721
6 0.6402029305853907 0.41924372771015134 0.028168228469433308 0.05559274133571319
6 0.40707765703336213 0.4709469687026975 0.010458500669344062 0.02082403688829386
6 0.2886546184738956 0.5046187837770836 0.01980142793395806 0.026773761713520715
6 0.24345840150726358 0.5122754392053812 0.015618027666220434 0.01803510337646883
1 0.7389318091991502 0.7345497175699488 0.04355330764290307 0.1766217084136159
1 0.6055141684937879 0.74341221328963 0.050176621708413666 0.16190323271248122
1 0.4924982998979941 0.7413021941810336 0.06061335902376368 0.1487904089060158
1 0.3337368225810024 0.7467480935190723 0.0640253692999358 0.12871976022265036
1 0.2609593175384763 0.7489721845587827 0.06442678227360309 0.12202954399486199
1 0.19440065393822611 0.7538049084291861 0.06241971740526652 0.11346606722329271
1 0.10001327120443554 0.7538917943542225 0.0670359666024406 0.10142367801327339
1 0.05309072550763302 0.7559738484593974 0.055595696852922295 0.09393063583815023
1 0.018318138383695975 0.748605824208531 0.03813423249839435 0.09125454934703485
