7 0.25086800000000004 0.43263899999999994 0.008681000000000022 0.009722000000000034
7 0.23142399999999996 0.500231 0.005207999999999973 0.006943999999999964
7 0.0542621736612314 0.4430030220677774 0.008377745478036176 0.017226528854435808
7 0.09158810183624812 0.45656022835553217 0.0076185260083136775 0.015869003482754773
7 0.1815715602480308 0.34866461720015646 0.01544137286324787 0.02837873931623931
7 0.21905882745726496 0.3625356125356126 0.005675747863247851 0.010127314814814815
7 0.21761902377136752 0.3729578436609687 0.0027544070512820363 0.0032273860398860763
7 0.22520803400383144 0.37107648099027407 0.012853899572649595 0.027154558404558368
7 0.23884047809829057 0.43457494954890774 0.007428552350427332 0.010795049857549878
7 0.23838141025641021 0.44212962962962965 0.005174946581196593 0.0034499643874643954
7 0.23723791399572647 0.4464810363247863 0.006844284188034185 0.006232193732193728
7 0.250332349941725 0.44164602758352756 0.007929353632478629 0.009348290598290565
7 0.2507345085470085 0.43223703379953377 0.007345085470085482 0.009237001424501432
7 0.26132838182117024 0.3868383145226093 0.01360510149572648 0.025040064102564097
7 0.3762371646486229 0.3537808641975308 0.014940571581196594 0.03093839031339032
7 0.3394325848894463 0.33123529047442096 0.016192574786324816 0.03271901709401714
7 0.29736384033811547 0.30615519034896693 0.016648986327204126 0.03352716224003353
7 0.45732330820791484 0.2529827739241006 0.017550229968530652 0.04074880981199066
7 0.4930069038024312 0.28083532291315616 0.01845800048414424 0.03731945453078348
7 0.5265391049299366 0.3107632116768852 0.01725327812284334 0.03373974388467144
7 0.5966311089285388 0.370300649315218 0.014681208053691266 0.029579915485955788
7 0.6201616945021344 0.39059345073266416 0.01439998701972998 0.02590645552094149
7 0.706526697397484 0.4329844105125004 0.017322097378277116 0.02236787349146899
7 0.734239020441206 0.46717376149677303 0.03711293260473588 0.051760777170613205
7 0.3721697186942515 0.5062832272723239 0.025365610938040895 0.041608976577823906
7 0.5709859289074406 0.5222757790587248 0.011180679785330957 0.017971907506791313
7 0.592127387678235 0.45222401578333776 0.01671374764595102 0.009887005649717492
7 0.5967984934086628 0.44499372253609537 0.016949152542372933 0.011613308223477687
7 0.5807775087436104 0.49318446776073893 0.010828625235404923 0.0069052102950407784
7 0.5335746233521658 0.49776365348399254 0.008474576271186467 0.015379786566227247
7 0.4890553728798548 0.5281495874112455 0.010344703511802007 0.016971310688927273
7 0.49270585959988483 0.504161869123009 0.008545624640184239 0.010254749568221129
7 0.5094511289364231 0.45787119561629364 0.01262626262626259 0.011718492110649
7 0.511160272189684 0.4685510567863508 0.010707565854624651 0.006932065755595179
7 0.4800931639166933 0.4459089385559974 0.012935729847494552 0.02079619726678548
7 0.5017195124146996 0.4396160055696597 0.00575609031491382 0.008500033009836937
7 0.5005013368983957 0.4308299498250478 0.0038373935432758797 0.008995180563808044
7 0.5071512413640442 0.4340259573823588 0.004580114874232461 0.019723377566514832
7 0.47982532806404216 0.41935735221188924 0.012131115072291563 0.025004951475539706
7 0.45395636355209495 0.4037098834095497 0.013440860215053776 0.025954764553207277
7 0.216512129074334 0.569502927707598 0.012051096649795154 0.01767494175303286
7 0.23138352717974098 0.5000618658747834 0.0051812670131155475 0.0059803678957353916
7 0.2304563322102297 0.5067211720886553 0.005026602326156867 0.0054648189392064814
7 0.202889136352388 0.49787593829910093 0.00572259341747091 0.004639940608760185
7 0.2041934752124062 0.49056889108856444 0.005335931700074228 0.00639280706095854
7 0.17305788742314354 0.4884707390275318 0.005026602326156886 0.0057741483131237645
7 0.1636230371695488 0.4036694714989289 0.007950705625124222 0.009689922480620162
7 0.1623103425429007 0.4140550807217474 0.00819916517590935 0.009275823229311626
7 0.17574372225535018 0.4104330926036353 0.00888242894056847 0.00944146292983503
7 0.1770390764758497 0.4002528075929239 0.008820314052872213 0.009358643079573301
7 0.20314156397005234 0.419717197817973 0.007888590737427927 0.009110183528788169
7 0.21603080133938807 0.41682593560947756 0.008261280063605665 0.008944543828264765
7 0.21467422811899553 0.4265291305019987 0.008820314052872213 0.00877890412774131
7 0.2014329339910735 0.4296769122350517 0.00832339495130196 0.008778904127741361
7 0.34528240308469066 0.4264504155571693 0.01176859632741984 0.022629422139226037
7 0.37457060927113006 0.4409561471193416 0.011268028846153853 0.021367521367521385
7 0.39823958333333326 0.4597222222222222 0.004340277777777778 0.011111111111111112
7 0.6849549448233658 0.1700029989503674 0.02490471240471245 0.05062755062755063
7 0.7912710714977718 0.5293171004757907 0.011020151133501264 0.010145535964175712
7 0.7843986146095719 0.5631122306185279 0.011982227819759177 0.014110458065118054
7 0.7847921914357683 0.5890338806480704 0.010932689616568798 0.01411045806511795
7 0.7402492903122625 0.5905734810016926 0.006034844668345979 0.013643996641477711
7 0.7409302406940946 0.5657788350903381 0.004810383431290196 0.01247784308237701
7 0.8250369837271602 0.562452520890808 0.004547998880492641 0.012477843082377114
7 0.8253889122119601 0.5900348291196318 0.004635460397425106 0.012244612370556995
7 0.955456588835212 0.4916800858829844 0.02425523349436389 0.02616747181964572
7 0.9177989130434783 0.5190664698514941 0.007447665056360759 0.014626945786366087
7 0.9100241545893719 0.519296833064949 0.0028180354267310767 0.003488996242619443
7 0.9106280193236713 0.5253958668813741 0.003321256038647391 0.004830917874396071
7 0.9635302298345776 0.5167984189723319 0.0047302737520128505 0.012882447665056366
7 0.9713072756551018 0.5166886253842775 0.006843800322061119 0.014090177133655436
7 0.8889749124124124 0.4620940384829274 0.019915749082415682 0.010844177510844167
7 0.9029863196529865 0.4039081816859595 0.020437103770437184 0.025303080858636372
7 0.9752344937530122 0.45225781336892446 0.02262679346012675 0.011400289178066958
7 0.9895964875131541 0.3916133013355235 0.019505964297631018 0.027388499610721814
7 0.974352328518995 0.4322179322179322 0.017100433767100437 0.004448893337782225
7 0.9852560894227561 0.611733528400195 0.013868034701368022 0.016127238349460525
6 0.9567184371871872 0.016109859859859865 0.019290123456790157 0.02724947169391614
9 0.9447896417661762 0.018783362646178532 0.013287204171680698 0.03275839015911218
9 0.8937327147592206 0.023187732669017105 0.016044925792218123 0.05381735526139859
6 0.8771069411017517 0.042744685118331335 0.019178700361010846 0.031087043722422786
9 0.8278862633555774 0.0558837472194873 0.0083985158443642 0.04345500735392432
6 0.8042974875104837 0.06051793506667154 0.02018150822302434 0.053315951330391756
9 0.6873151073004412 0.10616705943307929 0.012660449257922184 0.056324374916432676
9 0.6421962977819374 0.11469769676080684 0.011908343361411906 0.03008423586040914
6 0.6998972121941437 0.11283976085420129 0.017674488567990445 0.028245754780050817
6 0.6452880565583634 0.1348358737799171 0.018551945447252253 0.024234523331996258
9 0.6075553215670543 0.13652114810357893 0.010780184516646566 0.043956411284931135
9 0.615792400539693 0.14145668477798445 0.0015042117930203997 0.03409546730846368
6 0.5933363417569194 0.14754038580753379 0.02193642198154827 0.04378927664126219
6 0.5142889674421713 0.18011891629897042 0.024443441636582405 0.03961091054953869
6 0.47937450668322923 0.2022598760400088 0.020432210188527873 0.020390426527610642
6 0.43697042240211675 0.21224665147712993 0.02892552402151733 0.03238422061460458
10 0.3465056555863344 0.6292545142095002 0.04797149122807021 0.07200292397660811
10 0.30794651559454184 0.6611232943469784 0.011604532163742656 0.024610136452241704
10 0.3148300438596491 0.6160818713450291 0.01078216374269003 0.028630604288499038
10 0.4732514287612971 0.6291002126528441 0.06761695906432748 0.08369883040935668
10 0.6091297738361334 0.6423097876158659 0.018138474295190735 0.09213193292795278
10 0.6735294942357457 0.6517232677193744 0.04180486456605858 0.10088446655610836
10 0.8651495109828444 0.642135642135642 0.009469696969697041 0.10912698412698406
10 0.9212484629960254 0.6489952712017731 0.08455086580086592 0.12046122110460344
7 0.8243455014749261 0.41769092100950506 0.012905604719764104 0.022738446411012744
12 0.8430047577262485 0.4200246650817951 0.05023967551622424 0.12229596853490661
12 0.644757866273353 0.4488308136676499 0.05438790560471973 0.09853326778105533
12 0.43232222166981515 0.4760734185512946 0.051929695181907536 0.08378400524418224
12 0.3278133320468073 0.48846391573813025 0.04544793484584062 0.07804925344192362
12 0.20343126628430802 0.5168568825245031 0.05680152447962473 0.056679370663539536
12 0.15608203850288285 0.5215282171029058 0.03911975960128995 0.04886152643408576
9 0.23885176450034937 0.6185000205532951 0.0188078703703704 0.05310457516339871
9 0.2217280141223157 0.6223455817512189 0.009276279956426986 0.03233932461873634
9 0.13133508979587957 0.49772380834672253 0.026364764267990063 0.07869221578899002
9 0.09905825039800065 0.5029316417193628 0.025417011304108082 0.07513096222773638
9 0.07028306221854609 0.5077964647857122 0.02610628618693135 0.07202922525503168
8 0.12193044663218197 0.6495463843620025 0.01031875150638708 0.024303044910420183
8 0.14564730801308542 0.6320818080132176 0.01581469084379954 0.08174660560777688
8 0.1274496541040659 0.6144692725575079 0.0089358660130719 0.02864340180516649
8 0.16623749662070827 0.6367711994232677 0.013077858880778592 0.0850905650175724
8 0.16212996755879966 0.6126148959178156 0.00887064071370642 0.034603947012706096
11 0.24507415918579442 0.6381661858601062 0.06671470999301188 0.16349289541113435
11 0.22785513425253995 0.6194901359995699 0.020200034940600985 0.03494060097833675
11 0.2990706699346405 0.7457107843137256 0.011642156862745088 0.01688453159041385
11 0.30481515522875824 0.6755514705882354 0.015931372549019607 0.07679738562091498
11 0.32684844771241833 0.7125544662309368 0.024101307189542513 0.08769063180827891
11 0.5694444444444444 0.7250260824204487 0.01785015649452267 0.07563901930099116
11 0.5055093081982617 0.6875807493540051 0.036841892764857914 0.07361649440137817
11 0.7875007878234335 0.7130217898304775 0.055257634977289485 0.14032443296009187
4 0.9749821937321939 0.6893777518777519 0.026102369852369772 0.06912069412069412
1 0.8250016178088395 0.5775105696844196 0.005414603960396076 0.05913091309130912
1 0.7838976942049044 0.5726375728970746 0.011946507150715036 0.054776310964429815
1 0.7405679532797028 0.5741485606894021 0.0063600110011001396 0.055349284928492865
3 0.5669219265676568 0.5097749358269159 0.017017326732673314 0.07139255592225885
2 0.5808237073707371 0.48548421018572446 0.021572469746974736 0.026700586725339207
2 0.5967667079207921 0.44487990465713234 0.01718921892189213 0.012261642830949724
2 0.590879400440044 0.452401142892067 0.016759488448844846 0.01031353135313527
3 0.4851775587041462 0.5246149614961497 0.01572813531353137 0.05248441510817751
2 0.5000890714071407 0.49497658099143244 0.018048679867986788 0.016501650165016535
2 0.49228848666116615 0.48184245507884127 0.0078210946094609 0.0037816281628162566
2 0.511231926764105 0.4685289957567185 0.011087046204620461 0.007448661532819967
2 0.5069157957462413 0.4593876054272094 0.01607191969196925 0.011803263659699326
2 0.4564663197088941 0.49452060590674446 0.018478410341034073 0.015355702236890437
7 0.47065036364747587 0.4649492727050484 0.010141639163916397 0.011459479281261422
2 0.4655849416463385 0.45651077788938316 0.015384350935093494 0.02475247524752475
6 0.07919758812615955 0.4813096955954098 0.01204648526077097 0.0091647770219199
6 0.04120606575963719 0.4703703703703704 0.011550453514739233 0.010393046107331827
6 0.06401846452866862 0.46282123960695387 0.01204648526077097 0.00878684807256236
6 0.10554846938775508 0.4745134164777021 0.007511337868480735 0.005574452003023428
6 0.11271435657596371 0.4916973733938019 0.008645124716553296 0.007086167800453482
6 0.14962928153717625 0.44037872458925087 0.0121658312447786 0.00877192982456139
6 0.1892133275007291 0.45580182106866274 0.013670166229221358 0.0095508894721493
6 0.22566254738990957 0.4701261300670749 0.013943569553805761 0.008821813939924171
2 0.6934027777777778 0.4759945130315501 0.015432098765432143 0.019032921810699578
2 0.6928240740740741 0.45905349794238676 0.01183127572016463 0.007887517146776367
2 0.702331961591221 0.4264911344815323 0.02263374485596709 0.05401234567901233
3 0.6759366426611797 0.47035036579789663 0.017618312757201694 0.045267489711934124
7 0.664308176100629 0.4836890921796582 0.009052792071660005 0.01786735277301314
7 0.6917881646655232 0.48159265612095803 0.014472555746140614 0.00984689663934946
3 0.6149732075963388 0.534667253004984 0.00513046027557896 0.018811687677123035
3 0.6158722168217378 0.47595627150550074 0.01245968924069187 0.051060295123619634
