7 0.02687909454408107 0.11403264564529363 0.026808545739503423 0.018018436030685474
7 0.08664517923777179 0.013819342523046226 0.03211123581493952 0.024667976056864944
7 0.20093795093795092 0.0444257388701833 0.028526000748222965 0.023732697343808454
7 0.11018475230723945 0.25859695600228555 0.023349436392914657 0.020028180354267316
7 0.10438966246724132 0.2938423557828928 0.024422973698336025 0.019826892109500824
1 0.09886583864526427 0.2746867053585078 0.04265091863517061 0.07757819335083112
7 0.15161150640619442 0.2878572366157913 0.024494716322971177 0.020390889504462942
7 0.15669290184525644 0.24950809040144226 0.02616189596799014 0.020679439827639277
1 0.145867707087679 0.2624089253187616 0.04052528983276905 0.07415743305632504
7 0.20596340388007056 0.23928807634164775 0.027832892416225764 0.023871527777777776
7 0.19869232415188298 0.27914551237161533 0.027419532627865964 0.022838128306878307
1 0.1904778114949684 0.25610301991166834 0.050981040564373886 0.08380869708994708
7 0.21328954796696734 0.20310530643191932 0.025564713064713057 0.018696581196581186
7 0.3043550655786572 0.21941545103957077 0.028201617110067793 0.024330007824726132
7 0.2984955185659411 0.26342133186323335 0.029505738132498724 0.023474178403755906
1 0.29121447687736735 0.2378259593794652 0.05151278038601985 0.09340766823161191
7 0.37144921010169246 0.20602907238545543 0.031028368794326234 0.025364460204885753
7 0.36335204885736794 0.25215936514972426 0.029222484896243742 0.025610717100078832
1 0.3567649281934996 0.22473352894271253 0.05547457078069321 0.09880142533203759
7 0.44288740012424227 0.11063817396054236 0.02755285650022493 0.021086369770580284
7 0.4403083920627781 0.14837775528565003 0.02118008696956066 0.023897885739990996
7 0.4236413323988504 0.1498449546069467 0.0071580308488038815 0.013767664172901067
7 0.5280169403943914 0.1345158790011731 0.02595656318082791 0.020105698529411777
7 0.44543254925112685 0.18892392007909584 0.03122873529697677 0.027158063575386412
7 0.4380355233373606 0.23766560429946254 0.02867697093418879 0.027887139107611522
1 0.42948638229076 0.2089191619800375 0.057849739222288206 0.10583778966131907
7 0.6051368823897895 0.15639452299154333 0.03701012058570204 0.032804425064599484
7 0.5967596348376498 0.21159617060272823 0.03795219638242894 0.03179505813953488
1 0.5876203899459713 0.1771022971967738 0.06796403962101634 0.1197109173126615
1 0.6987530564401703 0.1561239739649268 0.07343882343882342 0.12959340216284657
7 0.7180641289437586 0.1314961276863283 0.03975908779149517 0.033596965020576124
7 0.7085643966007561 0.19335800273511985 0.04050925925925926 0.03391846707818929
7 0.7368062029738865 0.028398857954063907 0.03358335452156959 0.024790236460717006
1 0.8276458124233301 0.12692062252952185 0.07771706132361868 0.1392304189435337
7 0.8380701096467731 0.17102619736419156 0.04538554948391006 0.0358606557377049
7 0.8485081099835197 0.10641425969294822 0.04568913175470555 0.03677140255009107
7 0.20642622488260068 0.3268007940826732 0.02131493910017402 0.01868941088739749
7 0.41792060878082377 0.3052770512447932 0.028194861528194844 0.022585085085085093
7 0.4851817629595408 0.2955391288724622 0.03361695028361693 0.024086586586586616
7 0.7322663477761091 0.2638031407011884 0.039166064111834153 0.028470715835141016
7 0.8486472583694805 0.24863144394394396 0.04216716716716715 0.03078078078078078
10 0.1785285201418463 0.42199373151477926 0.1302024732458912 0.09072736150863155
10 0.40560576099713413 0.4234345058586617 0.1586975924597394 0.11075846790779183
10 0.7441999883090783 0.4087879582285747 0.23544019637769625 0.1426649305555555
9 0.6620194720465724 0.5045267489711934 0.017163504968382988 0.02472899728997291
12 0.8558619972229967 0.45758383021825877 0.06387023373158764 0.04584755142495314
9 0.9008204133042699 0.5081090407177363 0.01997223531876997 0.02828854314002827
