7 0.011644518834111042 0.46514546971029014 0.010124833238040785 0.010482180293501044
7 0.026267062295038876 0.47337668596614596 0.009588812654850391 0.009767486182580484
7 0.009442998626472928 0.4755481512150348 0.009588812654850391 0.010243948923194173
7 0.0420645875023823 0.4240865812210152 0.013400514579759859 0.014293882218410553
7 0.0925315540301728 0.34487369086816594 0.0165937691835482 0.019567219152854524
7 0.14037561387354205 0.3760055376509106 0.014579496623695516 0.018927767546552086
7 0.18242869201087433 0.4032518854687363 0.01314073050951505 0.01752097401268668
6 0.2604193121693121 0.2554144620811288 0.03184523809523808 0.03769841269841268
6 0.3073141427154908 0.25168519449565196 0.020198985042735037 0.022702991452991456
6 0.344759606537391 0.23564035276046189 0.026891691394658718 0.04313660841850756
6 0.427742323052515 0.22106599839243857 0.020207615296241637 0.03788500465014498
9 0.43294305532290744 0.20090727176642892 0.029952404398490038 0.0467749876907927
6 0.47615703284190325 0.211719405489632 0.017866774541531863 0.026069759079467812
9 0.47528697431041184 0.19171280108780114 0.010850694444444444 0.029324697293447284
9 0.516703235076729 0.1995584224499887 0.012131860776439081 0.03944348823866895
6 0.5257921004522037 0.1913276379989929 0.023420233072131837 0.05157055789967183
6 0.6268141248917932 0.1751696773020112 0.01637584257447276 0.044393708777270426
9 0.6318059200461948 0.1517083059815727 0.02658492380529659 0.0560363959165557
6 0.6885837413300692 0.15757578701275154 0.015979872161022732 0.05989618749716667
9 0.6969422653709677 0.13417065390749602 0.02133482932136543 0.06550614261752573
9 0.7431634883891829 0.13669691127479797 0.01111478542034108 0.051685283166764635
6 0.7536538113864967 0.1389063896254416 0.016331611260856485 0.05977338524508335
7 0.2780113969510407 0.3112784618391479 0.014108765757842276 0.022109840711423794
7 0.26774067208428515 0.3048762727450516 0.003651275137624981 0.005804591244429484
7 0.3173989856218007 0.3438934996988859 0.01609078590785909 0.01966651610960555
7 0.3524458228643217 0.3769259658078754 0.013958682300390792 0.017680997580495097
7 0.5150647717833008 0.26523315596865815 0.01842684268426843 0.025394206087275384
7 0.4230718479910272 0.44292271753180906 0.0114862586410386 0.01545551621424158
7 0.445443784072388 0.4638820978287341 0.010853987523183247 0.014190973978530929
7 0.8168762915275792 0.20449848990621522 0.02429065331425859 0.031592751549833105
7 0.8181584979078383 0.2625270589210783 0.021896071533274625 0.02907260822828106
7 0.8205513714028778 0.3111531608046895 0.019484412470024085 0.024980015987210207
7 0.7862714982895522 0.39131289513786466 0.01565295169946334 0.020042403763333994
7 0.14095541317302113 0.4751211423415188 0.011074197120708737 0.012868627209712503
7 0.173742809811385 0.49186755855641784 0.010726438822311005 0.011897716624747229
7 0.26961805555555557 0.4596719001610306 0.008784722222222206 0.013518518518518487
7 0.2639831349206349 0.46192460317460315 0.0078125 0.00986111111111109
7 0.2957154170147592 0.48028700867394825 0.010877889167362851 0.014097744360902269
7 0.295434738369521 0.5024587150191014 0.01369478951000688 0.015911356491066633
9 0.005184121775590193 0.6712404788013209 0.014055650848103679 0.05804904389810051
12 0.1161102543393001 0.5435108421251579 0.05692160235049627 0.0853816570520859
7 0.16966914613358128 0.5695258019525803 0.029879513404617992 0.033963531174130895
12 0.24224638268005608 0.5376867148975989 0.06225704567541304 0.09218766871828092
2 0.2786301320700545 0.5113271263142063 0.0161899250440917 0.02764917695473249
2 0.26580182613168724 0.5514495149911818 0.021150242504409177 0.0215865667254556
7 0.29995725341972646 0.5915276777857772 0.011624070074394055 0.019598432125430013
3 0.2970073579422495 0.5502741194171354 0.005680764236690786 0.00935200643047046
3 0.29514855005255664 0.5950788676383966 0.01889723613429793 0.04931057936066283
7 0.3286295541318838 0.5169438512478699 0.010244774477447767 0.012101210121012
7 0.32846305463879716 0.528488265493216 0.011069856985698578 0.005042170883755009
2 0.3230417381360778 0.5108236452576076 0.017548292902066484 0.028950783667764733
2 0.3181204405162738 0.5568064908342685 0.011340254395809959 0.013951240803092657
2 0.3100602762517967 0.5435364036728558 0.013327721661054979 0.00818368873924429
7 0.35119627773136547 0.558688387635756 0.009645061728395079 0.015677052714089732
7 0.389943160982765 0.5873015873015872 0.012228901461574695 0.018400649588768397
3 0.3861979527963135 0.5750346555183476 0.02252604807676527 0.07046108608608603
7 0.4197209194603671 0.5093412850056936 0.011207370737073714 0.010451045104510483
7 0.4161934575810523 0.5183837011152096 0.015607810781078119 0.010726072607260806
2 0.4144106627643898 0.502409517681328 0.017051705170517076 0.025027502750275075
2 0.4045908666953652 0.5448274899953763 0.022964796479647966 0.025302530253025292
12 0.4733492340667583 0.5214490117991257 0.05296392681611874 0.0962729966481942
7 0.5252608377608377 0.5074914658247991 0.014942827442827423 0.021175021175021257
2 0.5226804922555748 0.49706976870526554 0.016108753732516117 0.03732516108753735
2 0.5180209415022499 0.5478279681550708 0.01649575977847009 0.013989846544363773
2 0.5122632002134533 0.5331675945155956 0.016333506403599863 0.010889004269066575
7 0.5535026616830899 0.553941556235134 0.034722222222222224 0.04134103522482727
7 0.63406386959398 0.5001401177908248 0.017548461231015246 0.022148947508659735
2 0.6327606784640453 0.4907190637583808 0.01724874145990651 0.04022833513124777
2 0.6296272763437057 0.5396514353816333 0.013407590759075955 0.02514537168002509
12 0.6554725818241842 0.5209581132490723 0.03919956140350875 0.10221734892787523
7 0.7011048095606915 0.49629663600251817 0.017758142758142744 0.023388773388773362
2 0.7002028241852298 0.4846996669037987 0.01774407679738567 0.04187091503267971
2 0.7004476793482268 0.5353397109783974 0.021137469586374715 0.02892673695593407
3 0.7425140494904705 0.546927293545472 0.02023619957537145 0.09974345364472752
7 0.7443775798460391 0.5798389925525052 0.02003001860307797 0.023606178476802492
7 0.7606856535787985 0.5453843995510661 0.01746293580970991 0.00889269034430316
7 0.7603861192570867 0.5261350059737157 0.013491772564353254 0.0033941566199630372
7 0.7747533059821339 0.490931028137442 0.018539951989026013 0.0237911522633745
2 0.7744771037453965 0.5276590693257359 0.022922312556458893 0.031165311653116503
2 0.7742600362170985 0.4797879967807023 0.018650530503978757 0.043533254740151295
7 0.9018208661417322 0.5065707932341791 0.021598862642169713 0.025061971420239124
7 0.9041447944007 0.5541543635170604 0.021598862642169713 0.02442403032954206
1 0.9028990330416633 0.5196165865822389 0.024651488059272076 0.10081211712471196
7 0.9885006368802666 0.5018571059365476 0.021184229864785367 0.02604676987393033
7 0.989344945511355 0.5509667062221932 0.017081251224769764 0.026618329087464886
1 0.9904826835569621 0.5067693864239798 0.020633083480305618 0.10492194134169441
10 0.132293944045862 0.6958207378642821 0.05731102850061958 0.08123365000688418
10 0.2748142247290903 0.6897772787836344 0.0730115986679507 0.0818356053943125
10 0.48516371231654787 0.7068010118184279 0.0362627986348123 0.12009986966410204
10 0.4222284292711976 0.7004926844352031 0.038610544506770914 0.09829955741905426
7 0.5518400566171269 0.6333156404812458 0.007114000943618809 0.011893528347880744
7 0.5515455637501396 0.657868870099287 0.00692970040103794 0.012630730518204005
1 0.5508394813974605 0.6440023116505681 0.008514685067232837 0.05499528190610992
7 0.5909866333905768 0.6335965461344631 0.010251657117177852 0.012826274201400535
7 0.5907166329625885 0.6595232745384412 0.009830356139759525 0.013528442497097773
1 0.5893000492497579 0.6447586892510114 0.010427199191102134 0.055049994382653615
7 0.6301599399922571 0.6342350625887211 0.008872112530649111 0.013442594743407692
7 0.6301720383275262 0.6601416311782164 0.010122273841786012 0.01328128360648693
1 0.6292165506043247 0.6445475746700404 0.010364240547167312 0.05640512754333892
7 0.7065167129079141 0.5991940811203594 0.011111111111111112 0.011941251596424094
1 0.7021732403006863 0.6503967186189544 0.01291972439660793 0.061981590200768356
7 0.752974537037037 0.5995653292181071 0.005104166666666761 0.012592592592592508
7 0.74673344017094 0.60002849002849 0.002395833333333365 0.011481481481481566
1 0.7476551975529244 0.6439059762241578 0.01571830094557356 0.08614813160267702
7 0.7926655010672956 0.5984393139347639 0.003756600381979543 0.011796427367711557
7 0.7982366213534058 0.5992335442958968 0.0029491068419278893 0.010766580534022368
1 0.7936743412396019 0.6314393375973028 0.01397255689424368 0.09058456046407846
11 0.608459465994617 0.7760425495928768 0.057215795487003694 0.15745501285347047
10 0.7114315238155354 0.7179379066284348 0.06170398954116057 0.12011571859953026
7 0.7719915674603175 0.6947354497354498 0.008784722222222286 0.009398148148148128
12 0.7746100413450135 0.696771105392842 0.016644620811287484 0.03399960807368214
4 0.7524184986591114 0.7612111082921792 0.021969153515064475 0.07642390769899257
4 0.7806899650542947 0.7639329636142749 0.021307798481711396 0.07746721877156654
8 0.8100602811291856 0.7869780852701935 0.005030427954456229 0.03451773328098419
8 0.8204018007557216 0.7896417330545092 0.0071571129433320065 0.04209745670287477
8 0.8603371632011348 0.7883249955485305 0.006776001470047769 0.04288644656449587
8 0.8705080923537841 0.7908290275425874 0.005739546697928846 0.047707437801224516
7 0.8570544173741846 0.6978948771584431 0.008843976867232723 0.010458963947336083
12 0.8583906269226039 0.6933635139384492 0.014804048234280743 0.03629875722898985
9 0.8825408496732026 0.7275748910675381 0.007500000000000126 0.029166666666666667
7 0.8876743577491067 0.7710771560693057 0.008421602536388503 0.010688379689676708
7 0.9332390873015872 0.7737169312169312 0.008819444444444475 0.011666666666666688
8 0.9708949251482911 0.8157915078559717 0.008414932680538495 0.023913142028197117
8 0.9614507566698088 0.8115754614192975 0.0068424452604378735 0.019776508454599037
8 0.950578453064683 0.81901857605652 0.005864953080375478 0.01558320866766394
10 0.969760845784574 0.7326661889320027 0.058368945868945823 0.13445407040704074
