13 0.5610425215455518 0.28608043531023897 0.037424183765647205 0.0320683845263274
9 0.35337458624430174 0.40768667190461144 0.014549634422336047 0.026697586810740973
12 0.06602563865052193 0.3943099230432914 0.010698723934018049 0.023525035014005578
10 0.4092390273028653 0.40056109022512215 0.07788822109210458 0.043394799725949576
10 0.19931055301894193 0.40064902570612754 0.08241979919539832 0.04484818618805548
6 0.24138783697078045 0.12884955619527408 0.013910546026415043 0.016180380632521685
6 0.12284697836396583 0.12062668824188467 0.014646062696201978 0.0172022151478976
6 0.009740746864589454 0.11339713836923657 0.014872204025643177 0.02152095406063659
7 0.5438774829127716 0.19864914535637374 0.015845399149702975 0.012134687094160768
7 0.3124723505158287 0.18590683672205416 0.01802009048385859 0.014018288474810207
7 0.31109022556390975 0.20296835839598998 0.013401559454191019 0.009267961570593146
7 0.3064373897707231 0.216765873015873 0.012183235867446402 0.007962614870509623
7 0.18176438882639667 0.11940239240928216 0.015883431237761945 0.01025262467191602
7 0.032454882393001205 0.16974353685368537 0.020463355859395467 0.014672226151186558
7 0.46088694673600333 0.3122589325419515 0.008564984980079309 0.010507705083176756
7 0.4689250496378379 0.31262195177289515 0.0036869140642725342 0.00906130033488523
7 0.46117880594724503 0.3323250267932944 0.007090219354370235 0.010635329031555465
7 0.4691095385778062 0.33232889418566947 0.004083966348117331 0.008763511122001688
7 0.40663949043750786 0.3105960863279637 0.007929131999763932 0.010649008674101642
7 0.4144508123365001 0.31049812466808285 0.003810900651049354 0.009773116185755609
7 0.40703436381875047 0.3315357840218434 0.006945673767235112 0.01166319997639698
7 0.4152428873618465 0.3316070288653932 0.004364095906846876 0.00991141499970497
7 0.4118538679412286 0.3318381255848064 0.0031962392557188324 0.012585192069392818
7 0.3508255683982913 0.3092830082279295 0.007900553322584799 0.011141199445920472
7 0.358183648598527 0.3088170175080046 0.005014722468227469 0.010396087381065925
7 0.35148885544000485 0.3306842672413794 0.006214650611202395 0.012015941434044851
7 0.3602026698291067 0.3300369078027124 0.004447181171319061 0.00996339627805146
7 0.35647768047193334 0.3303504910904337 0.0026226965882138243 0.012272509578544031
7 0.35438332421091046 0.3060943486590038 0.002679711731435877 0.005045840175150539
7 0.26536011229888784 0.3453787530049613 0.01417233560090704 0.010325558794946515
7 0.24850846590588022 0.32708167896475937 0.006301471309903022 0.010581452929682279
7 0.2576849447750703 0.32733726961523474 0.005855349447255013 0.010706924703552004
7 0.252917636981718 0.32371717658395566 0.0014498960536059933 0.003889624989962249
7 0.24745264416427995 0.3066488329452073 0.006245706077072021 0.010581452929682279
7 0.25611856134621735 0.3062054993442008 0.005688053748762009 0.009954094060333488
7 0.20850804313494944 0.34398693891136706 0.014120874687323471 0.01032048621917903
7 0.18811742804117532 0.32639213092644465 0.005979758158407404 0.011076961648857124
7 0.19650677330415894 0.32590828138213757 0.006556120390543043 0.011239063526645224
7 0.18710813917785596 0.3050315243942695 0.006195893995458278 0.011022927689594387
7 0.19575903063557384 0.30515228210625817 0.007492709017763483 0.010698723934018021
7 0.15118154622374028 0.34324559641015334 0.014232134485299038 0.010621776840131254
7 0.12621520682295445 0.32504404568600814 0.005592007157769154 0.0103555688106836
7 0.13538870663087782 0.3252684163435729 0.007870232296119552 0.011701792756072495
7 0.1250492464827886 0.3030729805260076 0.006144304161005619 0.011235792159591742
7 0.13436695717489036 0.30394112237797 0.007248898167478531 0.011857126288232746
7 0.043729561183359945 0.3412269491795501 0.015617700422628557 0.010541947785274288
7 0.010742261768955813 0.32236970763664813 0.004277891854893909 0.010287311365340078
7 0.014680638397270839 0.3183871940288778 0.003938376628315026 0.0028010006192757493
7 0.022549469631947382 0.3231166411351216 0.008487880664472036 0.011967911736905573
7 0.009821249554309103 0.3001052250282229 0.004142085764262356 0.009574329389524492
7 0.021506746352742242 0.3010496946585242 0.00869158980041937 0.011713275316971418
1 0.4650481025226985 0.3193553036871021 0.014904387912186698 0.04409801678108313
1 0.410542359466123 0.3183855339702649 0.01498105621278899 0.04494316863836697
1 0.3547062103451129 0.31640779099378874 0.015897757330779142 0.04485701039439358
1 0.2519313859823715 0.3126941160060794 0.01611025339009684 0.04476918399272446
1 0.19182597552257186 0.3123353063355433 0.01631299285883505 0.04634150675195454
1 0.12984313659927224 0.3120444044265774 0.017522762697534305 0.04658817225395337
1 0.015626077286301235 0.3067010235627568 0.018672226289256532 0.04729721482368107
