6 0.03577152014652015 0.23066748066748063 0.02350427350427351 0.023504273504273532
6 0.07034959639126306 0.17434314656536876 0.028579059829059825 0.02279202279202279
7 0.05140774258421317 0.14747779453661808 0.025106837606837608 0.030982905982906
7 0.07972756410256408 0.2542573167573167 0.030181623931623925 0.04415954415954417
7 0.09134615384615385 0.05735596707818931 0.03498931623931623 0.03561253561253561
7 0.11994005223171891 0.02170386198163976 0.03659188034188035 0.03739316239316239
7 0.21926364234056542 0.1004821389436774 0.024305555555555518 0.03383190883190884
7 0.23401251526251524 0.09030321530321529 0.02483974358974359 0.028490028490028494
7 0.2594684829059829 0.06476139601139601 0.034722222222222224 0.0413105413105413
7 0.2883209626630679 0.04131054131054131 0.03899572649572648 0.0527065527065527
7 0.5742654914529915 0.212767094017094 0.033920940170940224 0.044871794871794865
7 0.8928552350427351 0.031588319088319085 0.03846153846153852 0.04594017094017094
7 0.9372625830959166 0.2031398385565052 0.05288461538461541 0.0722934472934473
7 0.9279246794871796 0.34230769230769237 0.057158119658119705 0.07549857549857551
7 0.806104181104181 0.26383113883113885 0.049946581196581186 0.07336182336182333
7 0.8008307544945474 0.39529914529914534 0.050213675213675264 0.07158119658119659
7 0.694198717948718 0.3192450142450142 0.044337606837606895 0.06730769230769229
7 0.6873753561253562 0.4372863247863248 0.04620726495726488 0.06588319088319092
7 0.8722697056030388 0.5407961380183602 0.041666666666666664 0.06445868945868949
7 0.984837406517094 0.5077435007122507 0.027697649572649634 0.06663105413105412
7 0.5892348392348392 0.4732397232397233 0.030715811965812002 0.050213675213675264
7 0.5272749042145592 0.398541932737335 0.039711047254150755 0.05773733503618562
7 0.5185556766635838 0.5063324819071946 0.03831417624521075 0.05773733503618562
7 0.4613942546473677 0.3509472115793955 0.03033205619412516 0.06571945508727116
7 0.45093989463601536 0.42986567232256895 0.0393119412515965 0.05294806300553429
7 0.44209935262253924 0.5316000205516656 0.03891283524904215 0.05268199233716473
7 0.36459758711913876 0.3358191935778143 0.026740102171136627 0.04017667092379737
7 0.38107232392034435 0.46554483389306717 0.03432311621966796 0.04975521498509997
7 0.37301605693568973 0.562387563685302 0.03432311621966796 0.05028735632183904
7 0.2757975979958739 0.513895028981236 0.03432311621966792 0.04682843763303531
7 0.26738037829744127 0.603319827953201 0.033325351213282256 0.04709450830140493
7 0.29682601880877735 0.7042164944463795 0.023347701149425307 0.04310344827586208
7 0.21710535068114092 0.624013321271463 0.03392401021711366 0.04496594295444865
7 0.22515020898641588 0.5403774333372034 0.032726692209450826 0.043103448275861975
7 0.0744221831985242 0.7733343976160068 0.023347701149425287 0.032992762877820415
7 0.16851343898757687 0.6397064514880606 0.03232758620689654 0.042571306939122956
7 0.1788992656449553 0.5613825031928481 0.02913473818646231 0.0436355896126011
7 0.09495572023929556 0.6707361475207816 0.02354725415070242 0.04203916560238404
7 0.10345008998026242 0.5961071442393282 0.024744572158365268 0.039910600255427864
7 0.06315084978878081 0.6091380947702788 0.014766922094508307 0.030598126862494617
7 0.058389208173690914 0.6857439335887613 0.0249441251596424 0.041773094934014425
10 0.8809406899684677 0.8412052625015588 0.2813602292768959 0.26748971193415627
10 0.5165876892067367 0.8872406987486352 0.19868827160493827 0.19400352733686055
10 0.26077762873537513 0.9212735259292382 0.14660493827160495 0.15432098765432095
10 0.07348818150448584 0.9256862970631088 0.12621252204585537 0.11941504997060554
1 0.9155428018379824 0.2519185852519186 0.09009009009008997 0.2919586252919586
1 0.7871227391775335 0.31758927877649346 0.08664914914914922 0.27068735402068733
1 0.673960598529564 0.36514483832491496 0.08070570570570565 0.25150150150150147
1 0.5091906975468621 0.4447312609413066 0.07225975975975976 0.22647647647647645
1 0.43090185255678193 0.4772554244385231 0.06819319319319317 0.21271271271271266
1 0.3628924532640748 0.510003246489733 0.06537787787787788 0.20311978645311982
1 0.2594804949877413 0.5532887960424194 0.06099849849849848 0.19185852519185848
1 0.20700026950026948 0.5815174148507479 0.05661911911911911 0.17934601267934594
1 0.15771511307225597 0.5976980381742285 0.05724474474474476 0.1718385051718384
1 0.0843674556909851 0.6272857825145408 0.05818318318318319 0.1576576576576577
