11 0.15198206018518517 0.4870480599647266 0.09250992063492064 0.16137566137566137
11 0.009383267195767197 0.43915343915343913 0.018353174603174604 0.18882275132275134
11 0.5480349511599512 0.5457621082621082 0.1480654761904762 0.23313492063492064
7 0.031813394081912603 0.07467012868247436 0.019841269841269837 0.03159905937683715
7 0.2523699294532628 0.04967666078777188 0.06338183421516758 0.07458847736625514
7 0.5185828189300412 0.06350431118949637 0.03058862433862432 0.014697236919459136
7 0.5165343915343915 0.03159905937683716 0.025628306878306858 0.007716049382716048
7 0.5639260912698413 0.05534428277483832 0.015432098765432086 0.03527336860670194
7 0.6380897266313933 0.05787037037037037 0.032242063492063495 0.017269253380364485
7 0.6389853395061728 0.02682245737801293 0.02149470899470907 0.006981187536743089
7 0.6068672839506173 0.12720458553791886 0.030588624338624377 0.04592886537330983
7 0.5407761301401652 0.1716289179739472 0.018738977072310432 0.026455026455026454
7 0.524682555932556 0.23460960960960958 0.018210174460174398 0.025025025025025006
7 0.5219606782106782 0.2827773661106995 0.018321893321893327 0.024727108060441386
7 0.5934040439248772 0.28251217487328595 0.019439081939081927 0.025322941989608626
7 0.5958880958880958 0.23454190120856785 0.017092985842985912 0.025471900471900493
7 0.6103607666107665 0.1708960042293375 0.01798673673673677 0.026663568330234987
7 0.6764577077077076 0.05203616314727424 0.013517982267982252 0.0353031603031603
7 0.6562615356220008 0.3696013289036545 0.011727882367417291 0.024865674090480353
7 0.6499762238013206 0.41688456174890287 0.017880214101144327 0.016278044378819554
7 0.7304907354708151 0.1206198135148998 0.03250885347498892 0.04400387866523326
7 0.7389198427676095 0.16974014274286867 0.015414532346803352 0.025690887244672084
7 0.7312515809776765 0.23864858028204636 0.008596566116486496 0.02384641328864437
7 0.755305497586374 0.32684956821743005 0.01986103206222728 0.02516389468580702
7 0.83189662208688 0.3297294048509456 0.019217983877669643 0.024931438544003964
7 0.8181526266687691 0.16991551035425206 0.01502877641122678 0.02441833981569081
7 0.8073039853358562 0.1758832212060689 0.0013139913802165085 0.0044894705490732024
7 0.8070042310522444 0.16586951189600194 0.0033671029118047886 0.007117453309506275
7 0.994533670275622 0.07675018364153174 0.008732953275206738 0.04098666070497056
7 0.7656224692257856 0.05525523701544108 0.033327132936507936 0.018010676492819344
7 0.7648632369614513 0.020857797484072994 0.023694373582766423 0.007086167800453513
10 0.2328594033679835 0.35198202834925546 0.16990246254264949 0.1827898965296632
12 0.10310927756519275 0.049252556925547995 0.06336030505952381 0.09197255291005291
12 0.4145408163265307 0.03971080359969249 0.0642297517297517 0.08677022565911456
4 0.6389070768971945 0.3732452586961976 0.17082962468476484 0.19948017819701136
1 0.5211060144530909 0.25007337601040747 0.02152321656632002 0.10148695493523079
1 0.5927572577562314 0.24832809880018417 0.019955300127713984 0.09730584443228121
1 0.7223126319493314 0.24924848611219713 0.02608442802408315 0.11498053883111353
1 0.8017313326991076 0.26013385345623996 0.024231435869366925 0.11669099312777474
1 0.6066054894179894 0.10102262706429373 0.04107762896825397 0.15363205467372135
1 0.7352497586872586 0.08341675008341677 0.04521122685185181 0.15776565255731922
9 0.9856693328373016 0.4114006351962082 0.016017691798941722 0.052703373015873016
9 0.8389415127696378 0.40321127560710895 0.015242642195767233 0.049258708112874756
4 0.8025756072631073 0.4536467101571269 0.03720238095238095 0.11849647266313938
4 0.7527056517941932 0.4554200300728079 0.03513558201058208 0.11505180776014112
8 0.9018993882275133 0.5073608661571625 0.006200396825396825 0.06234843474426803
8 0.9369488536155202 0.5130828373015873 0.006975446428571429 0.06131503527336863
8 0.970291644119769 0.5128792889209556 0.009042245370370409 0.06269290123456796
