6 0.9702274480920317 0.026988636363636367 0.029513888888888888 0.05156893004115226
9 0.9364611464763373 0.021532600308641972 0.020640432098765555 0.04513888888888889
9 0.8789785879629631 0.026076739618406293 0.015528549382716032 0.04809670781893004
9 0.8672919881687242 0.005411951303155007 0.009548611111111112 0.009902263374485597
6 0.8653337191358023 0.030228909465020572 0.02584876543209873 0.05825617283950617
9 0.7796444564391668 0.02774612503831648 0.01679261125104953 0.050960910532698946
6 0.7612007859399005 0.03421113757565718 0.025188916876574298 0.056558447616382124
6 0.5817150131361555 0.036013455155000616 0.023964455639518593 0.07195167459651088
9 0.5594109537749336 0.033298411761887824 0.01696753428491462 0.06250583076779549
6 0.48154721013663077 0.04438451121910399 0.02239014833473271 0.04571321951674596
9 0.49837162557565573 0.03916420714279656 0.017229918835712253 0.06565444537736728
9 0.40202658052679047 0.04318007484114398 0.017054995801847165 0.0639052150387163
6 0.383299356757603 0.041546691207281224 0.02282745591939551 0.0700858289019498
7 0.1756789538907594 0.14142193540341688 0.014964459408903865 0.042243421873051495
7 0.19773145686888374 0.14694541253995447 0.019523943135054247 0.04504925801222097
7 0.7089513855161622 0.12179478531469788 0.0377787558685447 0.04776343244653105
7 0.7012487585771038 0.22281033064483766 0.026530712050078304 0.04368805425143452
7 0.691031758181942 0.3023434487763943 0.025185837245696438 0.04091679707876894
7 0.08305839364268483 0.5259428756129481 0.02274904214559386 0.02554278416347373
7 0.05032509716196673 0.48532025789346817 0.02432815136177392 0.029123483570338258
7 0.01756510102836025 0.43784395838354623 0.025156664256447334 0.031131999678637383
7 0.060182950807950795 0.6243296868296867 0.01939439439439439 0.03795462128795464
7 0.052824205784732084 0.6961237553342816 0.021427677677677674 0.036286286286286266
10 0.06351243484864177 0.9516987173955567 0.09165415415415414 0.11469386052719394
1 0.06813170077972708 0.8380685510071473 0.026955409356725142 0.10132391163092917
12 0.1796942684643708 0.9138554977979929 0.012487816764132534 0.03979857050032491
12 0.19450874485596706 0.9310022742040284 0.00213206627680312 0.025787849252761542
7 0.08784874512670565 0.7676453866146847 0.012792397660818713 0.019696231319038356
7 0.027398436115541377 0.7691867505463997 0.015381335282651067 0.020305393112410655
1 0.047808002952643036 0.6425014572105644 0.043859649122807015 0.15066601689408707
14 0.08937154530161018 0.5065138588480331 0.05893640350877192 0.06172839506172836
14 0.064482981943162 0.47516757292842243 0.01446759259259259 0.01319850552306692
14 0.02614319363222872 0.4940753375207566 0.006853070175438599 0.009746588693957182
14 0.03658554064900813 0.49062607499140004 0.010812621832358671 0.020711500974658854
14 0.05414419888104099 0.45101442579512757 0.06487573099415203 0.04873294346978559
14 0.028869542750554554 0.40733668862449857 0.05116959064327485 0.043250487329434706
12 0.17710804820179815 0.5802906584156583 0.09537337662337664 0.19420394420394418
12 0.30230379188712514 0.9153539361872693 0.023448773448773448 0.05832130832130826
9 0.3207948849396217 0.9633142198931675 0.011949855699855681 0.043590668590668555
7 0.3510186322686322 0.6376343876343878 0.06245490620490624 0.0745550745550745
7 0.38725235990860996 0.582148368606702 0.029085497835497874 0.040283790283790366
7 0.40378272521129654 0.5247629354772213 0.016459235209235205 0.02645502645502644
7 0.39125520426749943 0.47968167230462305 0.015027322404371546 0.028536733454766216
7 0.36758251404494385 0.43381645339159386 0.016385767790262188 0.031210986267166004
7 0.3828547648772368 0.43854325611504136 0.004291510611735324 0.020027049521431563
14 0.36630090031409035 0.4214701389225082 0.01955220670108307 0.06580316271327506
14 0.32606671096613105 0.39249493240975664 0.04603620474406986 0.038233458177278384
14 0.3944893781393906 0.4002072011374998 0.03530742821473159 0.0338119017894299
14 0.4019892288121455 0.44979528139250347 0.042698948948949 0.033283283283283276
14 0.34057886011011 0.4437145478812145 0.023836336336336337 0.02827827827827826
14 0.41492103036862865 0.49392306033499617 0.03904354682193111 0.030122917677502834
14 0.2563022292913226 0.45431593829685163 0.02577539195637356 0.030816859804589886
14 0.3118742544308112 0.4660872528970688 0.010757498295841867 0.0171835946375824
14 0.2188112431833674 0.4048973244717109 0.009798909338786643 0.025420359009316044
14 0.24502243808225402 0.40858138301901076 0.008520790729379692 0.02428425357873207
14 0.2554213531015678 0.40739320608952495 0.010224948875255654 0.018603726425812303
14 0.270535105657805 0.40265469968946443 0.005538513974096778 0.013349238809361504
10 0.4509521516749944 0.9424494004115426 0.10877285207120219 0.12040078450022204
1 0.5111736694557928 0.8327543999825485 0.01336587633658763 0.10402325397145712
1 0.44381689286108356 0.8465326050976497 0.01726973684210525 0.10294834307992207
1 0.4534009708492721 0.8006823719526821 0.009744789102248477 0.028447945730072713
7 0.45712117847361017 0.7670133491252745 0.006944444444444444 0.02390998593530248
7 0.4478727144866385 0.7642014377246444 0.0053621659634318225 0.019573370839193704
7 0.6136694304429345 0.5777753427326078 0.02835305719921111 0.03807801884724964
7 0.49831808701172087 0.5778865991067583 0.028147600262984913 0.03835196142888446
2 0.6133701817959422 0.5588301250197493 0.029585798816568046 0.07286872671488057
2 0.49764830829919576 0.5628958119096186 0.02835305719921103 0.07122507122507121
2 0.6164032335907336 0.6343645232534121 0.021062729396062706 0.05283060838616391
2 0.49733274941608263 0.6342147703258815 0.01376376376376377 0.05310866421977525
12 0.5322984749455338 0.5823932865327203 0.06331699346405226 0.18730331638828374
10 0.8696085164835164 0.9498270248270249 0.04006410256410267 0.11574074074074074
10 0.9290569064505236 0.9503784237826787 0.045024420024419955 0.12337199837199837
10 0.9801003734827264 0.9455352653882064 0.032051282051282076 0.11167073667073664
12 0.9621834845049132 0.944156152489486 0.024992368742368855 0.03815628815628819
7 0.9860482654600302 0.8713998419880772 0.012210012210012167 0.027218152218152256
7 0.9841051805337517 0.8231704362656745 0.018505799755799676 0.024674399674399675
7 0.8512228678595585 0.8261211543585644 0.011615707434052859 0.02414734878763646
7 0.8652218152218154 0.8703839370506036 0.0053571428571427444 0.01622574955908289
7 0.85435405643739 0.877689594356261 0.013095238095238118 0.015343915343915328
7 0.8533068783068782 0.8616883116883117 0.008333333333333333 0.009964726631393243
7 0.8627397486772488 0.8271604938271605 0.00291005291005288 0.010229276895943553
5 0.8539650631207648 0.8769415823509391 0.012487816764132574 0.015838206627680262
5 0.8586559769379226 0.8321574389262266 0.023960363872644545 0.08365821962313191
7 0.7806802545579635 0.868287275924015 0.007954936360509162 0.024653136108244458
7 0.7923881053396018 0.8704245180853367 0.003762469900240717 0.015623208347666609
7 0.7775489581797632 0.8233922223860305 0.010964912280701828 0.02293314986813439
5 0.7873047309739168 0.8573591803422436 0.027842277261781904 0.10907579406031413
5 0.7924912573517724 0.8155897313622635 0.0069543792719757545 0.008742648227626798
7 0.9680086351264172 0.7660309510053879 0.018864829396325434 0.02100459013803823
7 0.8432938775680711 0.7647017458845418 0.017834987593052017 0.02044848819042363
7 0.7713708565685672 0.7655657538591981 0.015853322304935268 0.021597279661795848
7 0.768867669069282 0.7184911116362729 0.014905569341053138 0.039058910026651954
7 0.7877227219465124 0.7220585194375518 0.0068927488282326975 0.028030511901479722
7 0.9104904926534141 0.7198453855757226 0.005071785268414588 0.024032459425717856
7 0.8908815903197922 0.718957072889657 0.018648564294631676 0.04421556387848524
7 0.9494975421566797 0.5651570461632063 0.008127994524298446 0.01521028215073388
7 0.9367097783101376 0.5807673904225924 0.030016541181838836 0.025096965548710968
7 0.931187367275663 0.5586195498926504 0.01283367556468183 0.011978097193703
7 0.8279310256014011 0.5655874929171172 0.009078967702055409 0.013071137897285283
7 0.8114217628299686 0.5595360185068112 0.0083062895997527 0.007147272446298795
7 0.8159796518193597 0.5821980908907195 0.030375907896770273 0.02981249678050791
3 0.8983236151603495 0.6834965026575005 0.03340621963070937 0.15022675736961458
3 0.7763055522019664 0.6638485340344569 0.030433820274457762 0.16618710343809948
3 0.8954921056514683 0.5899088829865722 0.011066843736166416 0.01180463331857753
2 0.8307024167095357 0.6367578809954476 0.030965992377601816 0.053869832893579536
2 0.8155110915665004 0.5850760611094823 0.030965992377601816 0.030049838756962727
2 0.8186965737783335 0.5439348701569227 0.026476839636470274 0.04812860353757447
2 0.9506399333040164 0.642849726375452 0.025743916739958985 0.03847845206684252
2 0.9357822119613015 0.5844602022867195 0.030324684843154474 0.025163686113554226
2 0.9405184850869475 0.5424336640487174 0.030324684843154474 0.051426756571875336
