7 0.02998916986672051 0.6180745848642026 0.04953140514095754 0.03613594482777966
7 0.06021947524741269 0.32212096653332895 0.050320437671091865 0.06038984287110709
7 0.2091435132688432 0.0109903994317508 0.024721129370243247 0.030506199096401596
7 0.23649108583221176 0.923346460602505 0.01651559129507238 0.04828294219828199
7 0.6739213143829228 0.9057431362359644 0.018776751466660604 0.04415187871774341
7 0.7365980742126375 0.9052748402203414 0.021735062592437283 0.04310093270487479
7 0.8366483467425802 0.8998615257329383 0.01859511754528794 0.03679523712599224
7 0.33507642083658556 0.6169937012860081 0.04166702918441644 0.03620639860217331
7 0.48883837435479727 0.6169134463113884 0.03718779096808601 0.03308338624360687
7 0.6273524321118641 0.6217485592884104 0.03686741316447107 0.0349559392579586
7 0.596650998202049 0.4030296762431744 0.02503010719858873 0.028005065924870558
7 0.333905590927313 0.382613897524896 0.044544764080781014 0.0537572756428784
7 0.3387892157644867 0.4532706194109016 0.029957541965828227 0.06099251682934076
7 0.3134382397117501 0.44903591361371625 0.017888571205031508 0.05781748807967182
7 0.4963415366660253 0.3941800255000805 0.04078225752580901 0.05433133005524191
7 0.49549231181791165 0.45993078757798017 0.035085203413175614 0.062005744616521634
7 0.5203864149522652 0.4570568475616018 0.013324986926527872 0.04877880110351234
7 0.6464937198111707 0.40298411373073567 0.040181966195105875 0.05431690146873353
7 0.6684615536843771 0.4702295544903634 0.04268162429934661 0.05826517338029711
7 0.9195378860584001 0.3844862566207726 0.03829909528791007 0.049972113859948396
7 0.9287826976157347 0.5067784215943567 0.04949985919767231 0.0590587053634502
6 0.8925301755209271 0.061747048354541215 0.044236030709655226 0.06068092877271058
1 0.332349359859717 0.3870688440911497 0.05337525877223957 0.1852124949010762
1 0.502322737524037 0.3947369952279072 0.04848615916955023 0.17808535178777396
1 0.6635364729926241 0.4062557880209956 0.06693339100346021 0.17194121661786596
3 0.931114535805629 0.44885651077117666 0.09808221599845408 0.1976826632267961
3 0.7724463266054307 0.9585987665791152 0.0360710321864595 0.07427912341407149
3 0.7074778536236397 0.9559129091286421 0.028145990230002006 0.07887237940158762
10 0.5190147550370947 0.855458805883667 0.3211740991063825 0.26107817694551877
