4 0.017550967961292907 0.15250631381933658 0.03266472029988467 0.1347138119953864
7 0.20852303769805133 0.11857335813582397 0.01109770533600436 0.01259636981727677
7 0.2938104492818067 0.19420543002151766 0.00830552048780242 0.012436984525324582
9 0.290772926860446 0.15759533598074768 0.010894045163906851 0.037248286435008215
7 0.30548501444615445 0.11008044764181564 0.010595016104424445 0.013461902815033443
8 0.29775174775792673 0.22488524821693384 0.008165030718169583 0.03213049925852694
8 0.30834918000813777 0.22663266987467254 0.0060465362615634505 0.026775416048772458
8 0.4310636961743911 0.24214760611473016 0.008116047603588483 0.026195698362801847
8 0.495765188131105 0.23868504621099773 0.007552040424012697 0.023914794676040355
8 0.5217640703727313 0.2329846250935875 0.00856040945790084 0.02598159361783928
8 0.5314379515220239 0.23255576077807913 0.008166180074971231 0.02538086312956553
8 0.5416188764108584 0.23379143323996265 0.007771950692041523 0.02830942425990005
4 0.41820926948902937 0.13402466986613756 0.032639161515917905 0.116785811018494
4 0.46308525269038026 0.13115596995731515 0.03300398827142476 0.11788793003617698
4 0.5076583480228055 0.1261539847444483 0.0326714881862869 0.11942946844830678
9 0.5223341816206646 0.13512412488935382 0.007732658726965515 0.039983503661382466
12 0.9482245684164893 0.03792115926983553 0.024979211931010457 0.03777616837888826
11 0.7604512871754677 0.1489803861123155 0.1366050628994711 0.21143162056749576
