7 0.9063010620915034 0.4228770935457516 0.03785403050108932 0.03962418300653591
7 0.7956074586697426 0.4452614379084967 0.03404139433551197 0.03778594771241828
7 0.6905837498398052 0.4701617166474434 0.03213507625272335 0.035947712418300644
7 0.9518276446381022 0.5179738562091504 0.026143790849673214 0.03145424836601304
7 0.8583157119056775 0.5356353325643983 0.027505446623093614 0.030841503267973833
7 0.40093307987899607 0.8406495278390974 0.021615158204562168 0.024259565857248016
7 0.6871360084211487 0.29968878362452656 0.03960285586791612 0.03541945560017849
7 0.5598195250136349 0.3353971441320838 0.038673211363974426 0.03374609549308343
7 0.43999631683701285 0.37004831495293355 0.04127621597501114 0.035140562248995935
7 0.19122580594234478 0.44027955385052564 0.039318303811057435 0.041666666666666664
7 0.0630355026889071 0.5190174665025976 0.03603249475890984 0.03373951781970648
7 0.06617868940982148 0.580577294168096 0.03625087351502446 0.03423087002096439
7 0.19218204053109714 0.5472746331236898 0.030354647099930104 0.029153563941299785
7 0.19461914744933614 0.6027450209643603 0.03166491963661773 0.0324292452830188
7 0.301345213137666 0.5703223270440251 0.03057302585604473 0.029153563941299785
7 0.30333649142611413 0.6223038622802772 0.029699510831586274 0.03013626834381553
7 0.38746415576278936 0.5466321477625967 0.024240041928721177 0.03013626834381553
7 0.46546468829077525 0.5236106318533855 0.028071722516166946 0.03328924162257497
7 0.4692894554005663 0.5598519921436588 0.028806584362139946 0.03152557319223988
7 0.45461493239271017 0.6044444444444446 0.02748383303938861 0.025352733686067018
7 0.4597567879460883 0.6505078711868837 0.02748383303938861 0.027116402116402188
7 0.5285185185185187 0.6200264550264551 0.025426219870664322 0.024250440917107596
7 0.5344187514969408 0.6641926317852245 0.026601998824221103 0.024470899470899435
7 0.5105599647266315 0.718369708994709 0.022339800117577868 0.022156084656084672
7 0.44412250496906586 0.7112780297304108 0.024397413286302207 0.02347883597883601
7 0.5931337609883582 0.6349786172487528 0.026259866423800796 0.02254098360655732
7 0.5993346488565068 0.6768983378870677 0.02474195506982392 0.023110200364298648
7 0.6686854887674559 0.7372153916211293 0.019277474195506957 0.016621129326047424
7 0.7167046144505158 0.7422757285974498 0.01942926533090475 0.01775956284153008
7 0.6932373435105674 0.6576405152224822 0.02367941712204011 0.020491803278688537
7 0.701502732240437 0.6963181162720096 0.022313296903460813 0.02174408014571954
7 0.7434993796362291 0.6674833689712522 0.020947176684881625 0.020377959927140272
7 0.7510031414165411 0.7055119980993108 0.022009714632665437 0.021288706739526476
7 0.7961445051608984 0.713479052823315 0.020491803278688457 0.020719489981785067
7 0.7898451730418943 0.6769901887729756 0.019277474195506957 0.019694899817850598
13 0.9221833096090017 0.6658527248837041 0.040066451675950375 0.04626575784227498
6 0.44094241773962806 0.31836775751072965 0.05742330313145761 0.02756914639961848
6 0.05020399512531128 0.14589586430661913 0.0788825305992688 0.04709108249880782
8 0.4191738968187331 0.9296867711540251 0.012244612370556943 0.02711307024909044
8 0.41700818306611753 0.9015658110431409 0.004547998880492588 0.017404841869577265
12 0.026412242045665224 0.8576950434261754 0.04639077853363568 0.045422335600907124
1 0.084415093197773 0.5439843182643426 0.06596465746792543 0.12981118373275236
1 0.2090937902126413 0.5705964768948512 0.05718954248366014 0.1218681917211329
1 0.31660363359709753 0.5940208575012498 0.05567659162430406 0.11074800290486561
1 0.4699146774310172 0.6260286100972375 0.05416364076494799 0.09803921568627448
1 0.543043043043043 0.6389508380929949 0.05325587024933432 0.09554284676833696
1 0.6082271137488625 0.6531056707485037 0.05446623093681922 0.08805374001452435
1 0.7082478961083346 0.6732086216839678 0.050835148874364536 0.08169934640522883
1 0.7567249338548504 0.6824841697562714 0.04599370612442507 0.08124546114742198
1 0.8037737458877499 0.693004660880746 0.04599370612442507 0.07738743645606397
10 0.7227998703966413 0.8323739744946594 0.12598328416912488 0.09894296951819068
10 0.4951423624470952 0.8284636719250994 0.17330383480825956 0.12321779744346108
10 0.12896654586995496 0.8209760961891648 0.24621212121212124 0.15763099747474757
