7 0.2965628931150939 0.08622308301225445 0.049935944753301285 0.08756475345188151
7 0.331807095058477 0.025521165667281766 0.05554929647989585 0.06395992939762657
7 0.9829485106799927 0.18022257128159902 0.02750587889476783 0.043824404761904745
7 0.9345628325856091 0.20012167722780175 0.0379581236288554 0.04025721060782035
7 0.3934126295616226 0.3118995352156469 0.04741867640500904 0.027400386882163615
7 0.5283970658970658 0.22115800865800864 0.024437830687830644 0.02284226190476191
7 0.6081701014075052 0.23049336189406192 0.03551371815782842 0.022097654851414236
7 0.6784571909571909 0.2386776996151996 0.03525132275132272 0.021676587301587297
7 0.520395204643653 0.25963948013373755 0.035266096107071675 0.045351358455410766
7 0.5499287924985168 0.25920909631534406 0.013699207553532244 0.03229098923332613
7 0.6738393278275111 0.27711162312343995 0.039223386712308336 0.04282578368619727
7 0.7048113024957233 0.2736018705857528 0.007913061827389626 0.019196501840519537
7 0.8150304281256664 0.2930510812765276 0.041865927282593904 0.04077953296703296
7 0.8438671943136231 0.28727937489098204 0.006942324650658015 0.01752804487179487
1 0.5304070459741888 0.26963077563229165 0.06334404534246411 0.14068486590038315
1 0.6816050236619768 0.2941393071946085 0.07368155953061616 0.12476684962068968
12 0.1945140026095005 0.34363632730558447 0.13472226832211637 0.13675337522965159
1 0.823430456164419 0.30223443965649543 0.08615937966108567 0.12134586989238152
