12 0.981944 0.673785 0.034259000000000026 0.042013999999999954
6 0.4564525462962964 0.2485635747354497 0.022459215167548525 0.02955522486772486
7 0.5216246680254463 0.23822391040289878 0.042333189220348726 0.0336413748378729
6 0.6119270260359368 0.237986798679868 0.021543821048771544 0.029290429042904263
7 0.6932059017328535 0.22665677369150883 0.04259603469640646 0.03510945890128048
7 0.869720679791351 0.21482439658234706 0.04498756707237272 0.035949155869650556
6 0.967583386061647 0.212479410848976 0.02521752521752521 0.02808096558096559
6 0.7942535625616437 0.2271850448933782 0.022602568898865152 0.03402076318742983
7 0.08410234027517978 0.3010116598079561 0.04475308641975309 0.033564814814814804
2 0.06076831659668963 0.2722950791217159 0.07193732193732194 0.09514790764790762
2 0.04334984165701138 0.33849912412002686 0.07039216370467094 0.049983295348041384
3 0.16649471725158368 0.39805494867526725 0.05426954732510288 0.12432484567901238
7 0.25179982848781424 0.2912793024971214 0.04245826137017848 0.03283318940702363
2 0.2357554946872561 0.2502195724663571 0.0687745623436942 0.10483654876741694
2 0.21691774840220718 0.32270453733476245 0.06922115041086103 0.05872633083244017
4 0.06430238759416684 0.5912433118265357 0.09763654705288947 0.13794314742758323
4 0.16786591999384903 0.587501651281688 0.08307672352825958 0.1376678210426245
7 0.4603887676663958 0.6935379497711035 0.019217330538085282 0.011184112009583675
7 0.4487173887724202 0.5198369802585604 0.02620545073375261 0.01952306079664573
7 0.44893551651847036 0.556145178197065 0.024895178197065007 0.017230083857442305
1 0.44636833432547396 0.5327551957967752 0.026380153738644302 0.07540618448637315
7 0.9243699148232901 0.3411786088863464 0.020446648021018737 0.01867213323162981
11 0.7421496480506985 0.6849578229682907 0.4653439153439152 0.45478460870251913
