3 0.3552067400395576 0.47461109743087354 0.09340660189614465 0.6392991465071176
7 0.49904361316682083 0.3212742402439442 0.0814494680851064 0.09037628053585499
7 0.430769270473581 0.2813246349081812 0.07122147657036074 0.08654793992925905
7 0.8211552915855448 0.33248200626856933 0.08119588895068593 0.09598953628425169
2 0.49009166691940853 0.22049505297028743 0.15344751315160213 0.5151072124756335
7 0.2699673551238629 0.8696441002353098 0.029915804826305997 0.022761424909396265
3 0.7249727711303534 0.4473604304341987 0.10720296972631481 0.6372711746169204
2 0.8367364519235383 0.28745073166322765 0.16546177901813322 0.4669728484523171
7 0.9677553345099971 0.6200554128638385 0.04531319167773344 0.09036142628964325
7 0.9718917766348019 0.304376404667344 0.04448860487669716 0.09166666666666666
