7 0.041764937106918226 0.01630821353698712 0.05634171907756813 0.028007075471698114
7 0.04629629629629629 0.09059068152454781 0.06096344189016602 0.04864104406130268
7 0.18339357015007574 0.060708384964890554 0.0558481343797329 0.0450485336637753
7 0.18564357823577834 0.1364812740130672 0.05131058358061327 0.043737636003956484
7 0.29940084364241665 0.10745800703665874 0.04723262588431128 0.03971598002496879
7 0.3030212280487309 0.1767708715315976 0.04657132379904657 0.04015401540154016
7 0.45786676152767464 0.17146127196238556 0.04567763754846162 0.03456755753526354
7 0.46002433391074815 0.23412946980945312 0.04258434380928817 0.03503155159613958
7 0.41785418548629927 0.08167061878952123 0.033875338753387566 0.02574525745257452
7 0.026218088829579468 0.21287436416662786 0.05614796486129112 0.040819783197832
7 0.14558300454328074 0.24207634654471538 0.04918981481481479 0.03714767156862746
7 0.4011075111704043 0.30562702496664773 0.04184931071723526 0.029898036973508683
7 0.46878568573712465 0.3255029904647711 0.03697042366107113 0.02747801758593123
7 0.5329001769162725 0.25940370983327576 0.041176300911503406 0.031855745932848754
7 0.5302011458481526 0.20117270860008543 0.04181338028169008 0.03172681924882627
7 0.5908351606135669 0.22682168301864197 0.03660485096128652 0.03025302530253025
7 0.5963230835679817 0.279375410115206 0.03808360951218093 0.031015611372754236
7 0.6269793061915293 0.3639398965828738 0.018367961457392383 0.0237691960252936
7 0.6652371980448305 0.37592509007520697 0.02783546786662054 0.02201237452405683
7 0.6868569958847737 0.3137775157232705 0.033193570929419935 0.025746855345911968
7 0.6869932316360887 0.2660533910533911 0.033498247783962 0.026283240568954844
7 0.7335294341133527 0.03226182961151003 0.03760911941689979 0.02828629544876684
7 0.7321608933034072 0.3303117884729329 0.030703923508077775 0.027097757995384105
7 0.732348494953537 0.2848852955816472 0.030901249388644362 0.024468120581565955
7 0.7717170391792821 0.3435383843252578 0.03066064457773968 0.02320765495572693
7 0.7730876068376067 0.3006472578347579 0.029537037037037014 0.02357638888888888
7 0.834925083716614 0.3248707372609537 0.028241749374646897 0.021710844831759876
7 0.8371327873528095 0.36378307969685864 0.0275944261092776 0.021383388338833874
6 0.8110206343457093 0.08363935529908074 0.05285999836452378 0.02382897603485839
7 0.8721019767531395 0.014622180319854744 0.03909096932352746 0.02615036772013516
7 0.8605340415041908 0.1073829192998969 0.03299474847982306 0.024357379767827522
7 0.8795692633705336 0.12137492856509889 0.03278399668325036 0.022802653399668315
7 0.9233591256033844 0.32176616297179966 0.017832289491997243 0.01250434933890049
7 0.9377470518171808 0.3665314933623855 0.023733787049366233 0.018493860038467206
7 0.940127609716788 0.39916539428062475 0.023983151488161526 0.018683199732798923
7 0.9792019053688934 0.38035786888887313 0.022464697197674636 0.020762471655328813
7 0.9815759637188208 0.41335191484001005 0.02210884353741499 0.017077664399092956
7 0.9282050195475062 0.4451037245659671 0.014557404908282057 0.014713600239916028
7 0.9931985761505212 0.46225600930978505 0.011745888938871421 0.01283925626030885
7 0.9797872320850259 0.09167370495495493 0.03480732570806098 0.024382148692810468
7 0.9689621336055328 0.18907754491973003 0.02627437756421079 0.019916540212443105
7 0.9820979990428651 0.19729732836713107 0.021075703928511304 0.017176698701736645
1 0.06717430814044695 0.07112302686623216 0.08813766596785465 0.13151927437641722
1 0.20421244277985842 0.09034019975031213 0.08010819808572618 0.16713483146067415
1 0.32018346611573495 0.13697567053428134 0.0727128147069923 0.1523835516739447
1 0.4797776403936867 0.1953894642961632 0.0698641374422749 0.13116360182613412
1 0.5477469216310767 0.22840279387943724 0.06426574822801243 0.12232330038933813
1 0.6123090347329787 0.249233842298924 0.06116577794312169 0.11305137349111816
1 0.7026336304214452 0.28814197436827677 0.05430555555555554 0.10229166666666667
1 0.7461651233968372 0.3066427452109066 0.051254314119404606 0.09590866944830785
1 0.7859129527879524 0.3152251221001223 0.04763888888888893 0.08343750000000003
1 0.8493750296831221 0.34130840700996623 0.044698094531056685 0.0829389383815887
1 0.9490575932654642 0.3812317915480052 0.039108390527422265 0.06996614728250793
1 0.9733021238986939 0.3870779476344353 0.02721849366144658 0.0628262490678598
1 0.9894616851398521 0.3941572664502016 0.02839147286821702 0.0662994696042432
14 0.8737527777536548 0.09488187063919905 0.08751910090696442 0.07174344679186227
14 0.9744126926501468 0.07220116708424226 0.04432161753590317 0.07729373800802372
10 0.1100364058782639 0.39894984388700094 0.2499537037037037 0.1571768446768447
10 0.12075137305705468 0.5134337490752793 0.1998104890207226 0.028001792114695372
10 0.455487785177443 0.44997445022667765 0.19666126675560638 0.11436380312559559
10 0.4453731144547067 0.5358055173503876 0.14041757768501958 0.020173983800437313
10 0.6703451067627363 0.48425986105015817 0.1301851851851852 0.09048271007339924
10 0.6698788875744752 0.546559117714568 0.08172660981337287 0.014136077122728984
10 0.8315910981798663 0.5097618302591127 0.09449543746645211 0.07271537842190018
10 0.8216986861339629 0.5534073035177848 0.0426781633529852 0.012357354879072663
8 0.8293460648148151 0.5740569196428573 0.00990740740740745 0.03732638888888889
10 0.9332592808283463 0.5184453318236986 0.07344122854951977 0.058260231413265647
10 0.9338455650021174 0.5468139230919573 0.009833382194859745 0.0025652301377895193
10 0.9090076223981237 0.5472071056874817 0.00848969021792243 0.0028400762239812138
10 0.910851051668953 0.558109710791038 0.0087162780064014 0.009109224965706472
10 0.9329275262917237 0.5591992455418381 0.015432098765432063 0.009109224965706472
