7 0.16880708889415355 0.11398036273658162 0.018755429203190392 0.021881334070388787
7 0.21347572593852357 0.1402995611824977 0.01557480631141348 0.02125850340136054
7 0.0573100058685446 0.19852913778970122 0.022793008048289737 0.02666461733363141
7 0.04061551019077427 0.2515575707330403 0.02148306505700872 0.029226283627692064
7 0.022893772893772896 0.3053846583776162 0.02288033758104181 0.029342723004694853
7 0.3398859713884194 0.01853120095674155 0.02278285345145811 0.02601923629055412
7 0.3695473128958732 0.015350311815797235 0.022109942168081695 0.024737500512694313
7 0.39082484959167957 0.052976163492279356 0.020860249784668383 0.024481153357122348
7 0.418530580326786 0.04745120769192576 0.020571859234649936 0.028070013535129813
7 0.4364730303009147 0.08508872769978179 0.019965623203784758 0.024225877289944135
7 0.1994180693602127 0.2431657198387741 0.04644448188080263 0.05677847658979735
7 0.3582684246746747 0.1947669395586062 0.02111486486486483 0.03306878306878307
7 0.7456692908544472 0.03778469691082025 0.023187601143132633 0.030629870651562627
7 0.43411790885945006 0.18440612112291307 0.021342418546365895 0.034722222222222224
7 0.4308759093915345 0.2474212150747238 0.024344715956558054 0.03454817599554443
7 0.49487317423056865 0.21794346324862762 0.018164542812430157 0.031205753036738924
7 0.3624111912497631 0.31428562736743654 0.011494942225420838 0.019658017139125423
7 0.29459327485966535 0.36710388212564266 0.013318274803954996 0.019494008157492634
7 0.2924185784098842 0.4029250257514833 0.012075235822252518 0.021467085906226747
7 0.4423106311127145 0.31037057078723745 0.015638778659612017 0.01883083480305703
7 0.4895595901759397 0.30744528203438237 0.011610546996576394 0.019614327212366448
7 0.4743161685917693 0.3607108047897522 0.012883204387781084 0.020355841294056376
7 0.4749404648396353 0.40064684658506167 0.01208864552686059 0.021717942198491345
7 0.42407105589149235 0.36340121182217733 0.013713046947173952 0.020296184317348337
7 0.4229567341339827 0.39796268301559307 0.012663244310069722 0.02038366787044036
7 0.34064554801691993 0.4026083135948278 0.014462139297231643 0.021464170540687662
7 0.5601214746856948 0.26484832536659353 0.02775957477792344 0.035900360823908226
7 0.6088454525954528 0.1274823931073931 0.028153153153153105 0.03843128843128842
7 0.46330833594402676 0.07874866564559545 0.017687447786131984 0.026455026455026447
7 0.8389383445995764 0.178489708984878 0.062427927011260376 0.07504070004070006
7 0.7836002778231053 0.5372071897421162 0.011883231311444992 0.01600992836385157
7 0.9582269764901846 0.28068240327681143 0.020364048397136607 0.023018466645917633
7 0.94590008241324 0.34494080546712125 0.020109395109395155 0.025114400114400113
7 0.841294809310749 0.5382465999076738 0.011884787472035828 0.016023933809168677
7 0.8566752656655693 0.5585613016051464 0.012547177386974931 0.017342987410441033
10 0.37809296755601934 0.4634515025903227 0.10846015484321328 0.14914665683031503
4 0.47745819725797906 0.5308130116749021 0.031312743872409746 0.10583589044209561
3 0.5526169914190745 0.22197981756805293 0.03477085278555862 0.1488905747484179
12 0.3208876624608048 0.1730950340986461 0.10382526829895251 0.1645294682575384
12 0.7156645876854679 0.4458737052709681 0.031734314460692414 0.04563231679373412
12 0.7718491569382553 0.45281817207044317 0.02241927359851897 0.04015900242315338
9 0.8452703427365589 0.49424907533015644 0.01541720291720301 0.04781567281567281
12 0.6760280041643597 0.12327995064035521 0.11304909560723504 0.22289385176982077
9 0.783144751894752 0.4898589065255732 0.01333923208923208 0.0434362934362934
8 0.8416529405438246 0.5854915472329114 0.00944170771756979 0.058930852034300325
8 0.8292194192491809 0.5842790685785855 0.004749786387985106 0.05781902132833806
8 0.7846796529540413 0.5815810709048314 0.007635308192633031 0.05581673575304155
8 0.7704071501871668 0.5901662794138122 0.007154304029304133 0.04141547110297107
8 0.7568173185588234 0.5904109337564031 0.013363962089690243 0.04783736579853089
4 0.9473567173714323 0.5493430591117913 0.037009050093682536 0.12910818868502608
1 0.4249577075684146 0.19908151158985915 0.03319381002677944 0.1368281659465641
1 0.862720350914742 0.36600020759715646 0.023377497047024107 0.10597633629129688
1 0.41622581465444836 0.3725436699054738 0.02894088669950737 0.08907545471406395
1 0.9417079399473764 0.3534674034233893 0.026111530292868317 0.11073384752962218
3 0.7520904195011338 0.156627290555862 0.024399399399399387 0.10939510939510938
11 0.351252796838368 0.5970324671482671 0.04658676533676536 0.1578169784691525
11 0.3131535553410553 0.6363953238953238 0.010657979407979393 0.12467824967824978
11 0.2839068527844038 0.5769183575306024 0.016804340783932635 0.08260447035957234
11 0.27795493197278914 0.6794453892668177 0.014374797538062846 0.030909189072454418
2 0.5859558226856543 0.18640278872252863 0.04287508443093552 0.0469647078689632
2 0.6019959321568558 0.1061135155869549 0.032213080001059984 0.06845624541784809
2 0.7950370103147879 0.15990296854494385 0.034262933568489154 0.05058299039780522
2 0.8069645510810635 0.07537913427831122 0.014192019400352722 0.07458847736625512
12 0.11901264618655916 0.19226524661307276 0.08497239475500344 0.14809063722107202
2 0.04649854054290591 0.1831970994491539 0.0324227144174825 0.05024258889634496
2 0.02343298430483304 0.23917900493530742 0.02460706504824152 0.012384583463014813
3 0.012267070181239742 0.2750681926302861 0.03617610837438424 0.11893831812789384
14 0.42212259810561525 0.04495160378164323 0.19014550264550262 0.10480007370554634
14 0.7253496117439225 0.021755633778059023 0.1987670068027211 0.05905139833711262
