7 0.8939967105263157 0.2501644736842106 0.026562500000000065 0.03604166666666666
7 0.9039861505681817 0.3155859374999999 0.024431818181818086 0.03666666666666665
7 0.954251893939394 0.3046944444444445 0.021590909090908994 0.03583333333333337
7 0.9642844460227274 0.3671744791666666 0.021164772727272695 0.03458333333333332
4 0.4981172414900874 0.20499442215616573 0.12652607256173268 0.28483813859382906
4 0.6104988497684964 0.26365260353216935 0.11208442543799148 0.28041224076884164
4 0.7003673130692541 0.30916515538448247 0.108204579942061 0.2731411229135053
5 0.9298762903468113 0.12027364652187597 0.07544907288179235 0.14961048158640225
11 0.7654076976173433 0.7238353018372703 0.12778498568360774 0.3924704724409448
11 0.7070396385110952 0.9356955380577426 0.039705619183965736 0.15050853018372704
11 0.9550701177848637 0.7370145848246241 0.09562902648532576 0.3629429133858268
