7 0.1574697701714161 0.6927650095231164 0.04902679968701096 0.06276082420448617
7 0.3140822056522139 0.665998304642671 0.05049393583724569 0.06732524778299426
7 0.8604061121768071 0.5882710584274697 0.06308100929614871 0.080050169691604
7 0.013179169647114923 0.5242856859004928 0.02190629470672389 0.06894770306787482
7 0.02559074539983227 0.41988006950268303 0.049177396280400576 0.06556986170720072
7 0.1535492614707731 0.49393143143143153 0.05702923126614985 0.07280900086132647
7 0.1765963137919897 0.37722733634797595 0.054203003875969005 0.0705211024978467
7 0.334889305709495 0.4476440162560036 0.05651945320715035 0.0755053160415936
7 0.35505711222449027 0.3254872751764569 0.05432877672625307 0.07784203762121741
7 0.7346989633173842 0.3596454309173606 0.04440789473684201 0.08930311890838209
7 0.7332107149594417 0.21719565490787895 0.050712719298245584 0.08650097465886938
7 0.9699025065997543 0.13779437517969625 0.024103805640502823 0.0869294370823423
7 0.9752566389607676 0.29453309460954724 0.021236833163438638 0.07531996828632917
1 0.012254901960784312 0.5221436058700208 0.02260220125786163 0.06726065688329838
1 0.019858818134171903 0.3951116908074455 0.048807651991614256 0.1284067085953878
1 0.15314768141859586 0.4009329678103998 0.110111327280588 0.2568813950136908
1 0.3305939734414998 0.34558034628841616 0.09799099761432346 0.269579475308642
1 0.713510101010101 0.2535755787968177 0.07449494949494956 0.30925925925925923
1 0.977189724131171 0.12887695551876235 0.04184550044588128 0.3353253652058433
