9 0.016303141303141307 0.34520704163561305 0.010232822732822732 0.021043771043771003
12 0.3112497813439867 0.3508253441598624 0.08360947471772212 0.08897889052528228
12 0.4446526874638742 0.3694533368903117 0.08710081254724111 0.08306563366087175
12 0.5609110631432063 0.389091177781654 0.09595852229780802 0.07519211388259005
12 0.7901973049756302 0.425007167618005 0.11940192743764164 0.09448223733938015
12 0.8927542791310071 0.4322333772218565 0.10204081632653064 0.0902305366591081
12 0.9578414699213015 0.4450113378684807 0.07157029478458046 0.08172713529856393
6 0.018413299663299666 0.3861975216141882 0.021332833832833836 0.022662522662522607
7 0.07231420665328712 0.520330663592366 0.019769381182424665 0.023643381131303872
7 0.1236484932137106 0.49397339554344377 0.016055133808756995 0.019489814175804508
2 0.020988343253968252 0.6002220332577476 0.03766741071428571 0.03926917989417989
2 0.014901348423141185 0.5043533312447787 0.028056795634920636 0.052703373015873016
2 0.016450427827380952 0.5542379712301587 0.022166418650793652 0.02769510582010582
3 0.06271323174956601 0.629538695613222 0.029261943186899175 0.12726241709516353
2 0.09846230158730158 0.5184771825396826 0.026196676587301588 0.04670965608465608
2 0.1002360579648526 0.5636751228269085 0.020306299603174604 0.02066798941798942
2 0.10440153018278019 0.6033424523007856 0.03689236111111111 0.03761574074074074
2 0.1721463856500353 0.503295028842474 0.019732649750897918 0.013758544780442597
2 0.1767755764106129 0.5360135944077549 0.017741281427412808 0.03693083072645115
2 0.17599040832878163 0.5698934074846482 0.019732649750897918 0.018586104352527735
3 0.1457352461002096 0.6282761574732381 0.027879156528791544 0.12599930483142158
7 0.024816564105513386 0.690121140377783 0.015935319377348364 0.01853129872453549
1 0.02586793574112415 0.7037926326372383 0.01749290698566061 0.07620197837589145
4 0.018769094361079798 0.7844389189258649 0.02957818930041152 0.11610817166372714
4 0.06307912123884343 0.7933668697557584 0.038763962375073485 0.11463844797178126
4 0.11461803514272652 0.7884686567814138 0.03821281599059377 0.11267881638251998
7 0.1840903403403403 0.6960829877496545 0.014188295438295452 0.01847085180418508
7 0.18331575623242288 0.7310683699572587 0.014188295438295452 0.01847085180418508
1 0.1853196468151825 0.7102978829169305 0.014858608608608624 0.07403236569903238
6 0.3021048999309869 0.4330141476880606 0.017468944099378905 0.02012882447665055
7 0.34883252818035426 0.4879610459320604 0.014233954451345792 0.040832758224062585
6 0.3897623360938577 0.44472121578099844 0.016390614216701144 0.018403496664366237
8 0.33436404331037567 0.7025163521226512 0.031050806149231336 0.1338374369870433
8 0.36724085206562307 0.7036389918473305 0.029293213348331452 0.13487897346165065
8 0.39958147872644956 0.7049480038113517 0.028707349081364842 0.13618089405490974
7 0.4195127504553733 0.7063275219012923 0.012522768670309678 0.01680544713331594
7 0.41906821927313737 0.7381024662445426 0.009270101483216203 0.016480180414606534
1 0.4222929847929847 0.7174661757995089 0.016384078884078928 0.06834215167548496
8 0.48547245238421727 0.7189535682182742 0.028096903096903124 0.12395012395012388
7 0.496308120308847 0.7099454365079364 0.012208533284114666 0.016406217956605584
8 0.515151762579746 0.7186279766440944 0.02755731922398594 0.12400793650793658
8 0.5427048291310119 0.71552069044353 0.02617945326278651 0.12462032137958068
7 0.49044280702477067 0.5083753272550852 0.016048085901027086 0.04060652038593214
6 0.5373787772684832 0.46658815041167984 0.018965919701213824 0.016777544351073766
10 0.1582924836601307 0.8622217511951564 0.05787037037037038 0.08514261387824612
10 0.36534263930059335 0.8542231255645893 0.064847077042199 0.06742805523293331
6 0.6052394472493632 0.47322916792787123 0.016654205965800258 0.012939958592132522
7 0.6207825320144161 0.522910116811083 0.0176127214170692 0.03850037062597451
7 0.6072249844894775 0.5733011620692778 0.015695690514531197 0.018052040998900905
8 0.6187895902998666 0.7135127338414181 0.026282279080786584 0.12158124720313773
8 0.6445489841858353 0.720524644650704 0.0248015873015873 0.12039103835978836
8 0.6688952443954055 0.7180204080010988 0.02527250351617445 0.12076384702966986
1 0.6852675702534725 0.73171376625324 0.014157991131675374 0.06225499646552289
7 0.6832414139744967 0.7483413968376373 0.009037015615962986 0.015396396975344362
4 0.5649003022261535 0.7663869641423823 0.027573529411764778 0.044740118269530095
4 0.5629960317460316 0.8260569852941178 0.025093370681605935 0.023342670401493903
4 0.5976986858198037 0.765272814962256 0.03373632061520256 0.03964146044891383
4 0.5964362395521815 0.8267880421089532 0.0278825298235236 0.021566597653554228
7 0.7172157671289616 0.7221479009673453 0.010104350382128193 0.014919922327329783
7 0.71845491253386 0.7501099362697804 0.010020843354176747 0.015031265031265045
1 0.7203912709865089 0.7302561461879509 0.014613729891507662 0.059457003901448306
9 0.7049570350144554 0.8668206548065205 0.011042402826855131 0.02196795483014561
8 0.7178227887150147 0.8722960719427151 0.009464916708733001 0.02886215342045739
8 0.7186430814964383 0.8990315403742963 0.006222306354815141 0.021149999065193346
9 0.7144704151612967 0.5377070500671246 0.027772610780423243 0.07905505952380952
7 0.7367787801395068 0.6409050548323904 0.016485760971055096 0.033846872082166246
9 0.8138078244415048 0.5353353725749559 0.025059937169312246 0.049775407848324564
7 0.864865832696715 0.5735046543870074 0.01867413632119508 0.035403050108932445
7 0.8121683080564658 0.7269181976784316 0.01054597408764079 0.01448525754081314
7 0.8132673660415227 0.7550103759570927 0.009751707700624073 0.01423083853424405
1 0.815629668992499 0.7380782460492271 0.01574094550100745 0.05764001507035559
11 0.8324817862301052 0.7863137037274196 0.06929103256422839 0.019091256204658312
11 0.8206952446982291 0.8440225228975456 0.07772868597610866 0.15443462608411065
8 0.8668178247135041 0.6721299583789974 0.019967379607210196 0.19140660030490536
8 0.8905679905458798 0.6728225478225477 0.021525905959868235 0.19123739642607562
8 0.9143575599271805 0.672403662909992 0.020592833092833086 0.1913981080647748
8 0.9649286131147966 0.6787377405610591 0.02025876322751313 0.1887615128355869
8 0.9872128074205692 0.6819410508569502 0.0218451066961001 0.18669627527243415
7 0.9604152850867812 0.5838363472572814 0.019069144953578962 0.033848707197763804
13 0.9365186793862348 0.7149853786671776 0.019942500809847725 0.03360868156786527
9 0.9861289784638839 0.5563071188071189 0.02199386043725661 0.04570355395827092
