9 0.06882860951718543 0.3322791688402017 0.04890453834115806 0.04499217527386542
9 0.09995156121916685 0.3618586519114688 0.030646844027125718 0.03912363067292644
10 0.3078979575458449 0.3597116889370411 0.28625456442357855 0.2142018779342723
10 0.13497652582159628 0.3834115805946792 0.06520605112154408 0.048904538341158044
10 0.23593722830812033 0.4517149191444967 0.09780907668231612 0.08313771517996871
10 0.5223347884578426 0.5796217362655465 0.21126760563380279 0.15356025039123627
10 0.6501858372456963 0.7157179186228482 0.14214919144496604 0.11785993740219101
10 0.7338941053729787 0.7879132433489827 0.10041731872717795 0.08215962441314559
8 0.3727445394112061 0.6276709401709403 0.04471351693573914 0.043625356125356125
13 0.9828494550716772 0.7629561796228462 0.037986704653371395 0.0394705603038937
7 0.711431058653281 0.6067485754985753 0.028885723330167756 0.02136752136752133
7 0.6303418803418804 0.4766309222327741 0.037195314973092766 0.02700617283950619
7 0.5986643100840632 0.42987298195631535 0.04194365305476424 0.02938034188034193
7 0.48710034821145937 0.2605338131653921 0.03838239949351066 0.03858024691358024
7 0.42836164749745 0.1724899757307165 0.045900601456157035 0.04214150047483382
7 0.5357708135485914 0.19287155745489074 0.034029756251978446 0.03590930674264007
7 0.4853691832858499 0.09941832858499525 0.0328426717315606 0.04006410256410257
7 0.35983499525166196 0.0783104819563153 0.04115226337448561 0.03531576448243115
7 0.5222512398438325 0.019784742006964232 0.04115226337448551 0.0373931623931624
7 0.5761910414688194 0.08072174738841406 0.06687242798353915 0.05193494776828111
7 0.6453040914846471 0.022202190170940175 0.06172839506172836 0.042735042735042736
7 0.6895881895881898 0.13299393507726842 0.056188667299778464 0.04273504273504274
7 0.6226797893464562 0.19640852974186304 0.05777144666033551 0.04451566951566951
7 0.7246319727231594 0.2289136731626915 0.0523560209424084 0.040175974403723086
7 0.6639982800920655 0.2852549510585022 0.04847779716889662 0.040175974403723086
7 0.7981648950235336 0.26753133428526094 0.051386464999030455 0.03835805700988948
7 0.7737688747249413 0.3582561904039254 0.04411479542369597 0.03217713787085515
7 0.7215287789496758 0.4066206970685688 0.04241807252278462 0.03290430482838865
7 0.6672748426675129 0.4312265323390977 0.028359511343804523 0.025450843513670742
7 0.6426850733133456 0.3847552244149103 0.022542175683536957 0.022542175683536985
7 0.6802495394609268 0.3576979712041885 0.023754120612759336 0.025269051774287378
7 0.7450927248047665 0.46128827542440104 0.038539848749272736 0.03035922047702147
7 0.7930967616831492 0.41746820297212955 0.04144851657940667 0.030904595695171604
7 0.8111611197860853 0.4676353295979914 0.03975179367849522 0.02781413612565444
7 0.7683973240255964 0.5072716695753345 0.033934458018227656 0.029450261780104684
7 0.8541366315097252 0.4958330171737864 0.031995346131471765 0.02726876090750431
7 0.8388476827612951 0.5394397178592204 0.03805507077758387 0.024905468295520688
7 0.8017379290285048 0.576988801628854 0.03805507077758387 0.02581442699243747
7 0.8549629857760439 0.5760231666837765 0.03732790382005036 0.018724549156486366
7 0.8161109580233306 0.608801399222314 0.03587356990498355 0.021815008726003525
7 0.8671385172257772 0.6078630987007949 0.028117122357959986 0.019451716114019746
7 0.8335272445220088 0.6391312778747333 0.023996509598603877 0.02108784176847007
7 0.8813532846400793 0.6516829875250469 0.02932906728718247 0.02072425828970326
7 0.8503718532206367 0.682136074325018 0.02860190032964906 0.02272396742292031
7 0.7811995022946154 0.696853184991274 0.024481287570292744 0.017633798720186177
7 0.870938253137206 0.7255308318789994 0.01430095016482453 0.013997963932518884
1 0.8850233728874506 0.6901485114962981 0.09913709521039367 0.10634816753926704
1 0.8588031877478547 0.6271209036261393 0.08338181113050222 0.07271669575334501
1 0.8428204615179402 0.5991667500333463 0.1003401360544218 0.0783730158730159
1 0.829662420523765 0.5627521842070161 0.10411942554799698 0.08149092970521536
1 0.8018663875806733 0.49010770975056694 0.12131519274376416 0.09056122448979594
1 0.779095351991634 0.44505987326437413 0.13019652305366589 0.09679705215419503
1 0.7599847895262356 0.38681377900954633 0.13926681783824643 0.10487528344671201
1 0.7093804663249106 0.25761320032153356 0.16250467639356525 0.12293069584736252
1 0.6812576551922063 0.1608287017818982 0.18284698840254393 0.13257575757575757
1 0.6225484361006248 0.06122621416182021 0.21441264496820053 0.13625841750841752
