12 0.1501158434388248 0.5071046534555852 0.02569916855631141 0.04407596371882087
12 0.7854214216550817 0.4757143019244735 0.06310626102292771 0.06758432539682546
7 0.3629168926247289 0.5043336873342974 0.027918373905358687 0.02395155459146786
7 0.8887635951809111 0.40413932985765333 0.04757906521130706 0.04189406661069128
9 0.8289624153398886 0.46289048343842865 0.048353909465020634 0.09391534391534388
10 0.584777084777085 0.3712877541002541 0.36716524216524216 0.24278846153846156
7 0.03364818419977408 0.26987646309515223 0.04261101897917818 0.034722222222222224
7 0.14845717400651062 0.25036132992445176 0.04744794545789572 0.0361042012161415
7 0.5354112923039125 0.17018495485535284 0.05988575640316932 0.045087064676616904
7 0.7210926046098014 0.13624510298747805 0.06195872489404821 0.048887506909894976
7 0.9288050488299242 0.09291649391929242 0.05712179841533077 0.05562465450525151
7 0.04616352012185346 0.02331912878787879 0.050016534391534404 0.04825975529100529
7 0.16311821308628463 0.026628183556663763 0.04458161865569273 0.045071526553008036
7 0.07121553039920388 0.080522395573416 0.05844401252564518 0.043428085519922256
7 0.06685506282713587 0.15581044447854328 0.057634164777021914 0.042213313896987355
7 0.3335603223243672 0.019698388378163654 0.05711610486891387 0.03441011235955056
7 0.33048207969205157 0.09519106975655431 0.05971702039117767 0.04790886392009987
7 0.5153065636292473 0.052091866688512053 0.0576854810081647 0.05313720269790557
1 0.051523168189834836 0.11740395021645017 0.08305274971941638 0.16414141414141412
1 0.31658292797405696 0.07118855606758831 0.08717891278375146 0.1323084677419355
