7 0.4505997474747474 0.17837414321789322 0.027657527657527648 0.04238816738816739
7 0.527427483949223 0.15117204655248132 0.05291005291005288 0.08274711399711399
7 0.6089627208908254 0.30370597312999276 0.09089052287581696 0.07863562091503269
7 0.5865994160009683 0.40200049927378356 0.09089052287581696 0.0814440359477124
7 0.36503721859114013 0.41655724789915954 0.05957244008714595 0.061785130718954265
7 0.32639507823331354 0.5511224376114081 0.07489106753812635 0.06433823529411763
7 0.4329664872484942 0.5750342416378316 0.0357434640522876 0.047487745098039214
7 0.5515131399782135 0.52593954248366 0.01565904139433548 0.035488153594771255
7 0.30248397435897434 0.6777019702111613 0.08748638344226581 0.07046568627450975
7 0.4067190147664004 0.68916802832244 0.040168845315904186 0.055402369281045735
7 0.6227059060339113 0.5992025433361747 0.05514705882352936 0.06944444444444445
7 0.6027493067934243 0.5291425282234105 0.026892701525054536 0.03676470588235298
7 0.6355992523271933 0.49726353609625656 0.0503812636165577 0.05999795751633986
4 0.3607106260543496 0.863952821070436 0.41019514137793706 0.3147401433691757
5 0.806045237688863 0.8800715626752496 0.10802469135802475 0.12059438470728784
5 0.761814682065578 0.9268800610646489 0.03683791318199917 0.032108721624850664
1 0.7475093459744865 0.5050499576058888 0.06919553962564717 0.17585125448028668
1 0.7603571313248731 0.7056249798185281 0.074173636001593 0.13590203106332133
1 0.664230998066339 0.34445128182982804 0.21306252489048189 0.2348416965352449
