11 0.30283337696533724 0.7081822021894413 0.45730608419838525 0.41270184544405997
11 0.5090865700494354 0.7504358908809668 0.13546657888522862 0.278923688927478
10 0.9542909638031305 0.7823620753529847 0.02971089480322096 0.10536925050393983
10 0.7218217704570428 0.7883908988360082 0.09458978753678488 0.0945897875367849
12 0.7812987877919108 0.8018909320230528 0.020504178363909317 0.03563578594589892
7 0.16479238754325257 0.41987513959832307 0.022827758554402174 0.03844675124951939
7 0.21205496727394008 0.39388522949931215 0.023015939189283078 0.0393731789904717
7 0.26414963969681104 0.36359458080946117 0.023015939189283078 0.041341837939995324
7 0.33483414627367597 0.36729617431664363 0.024058170397854368 0.03508845068856738
7 0.32800886805139107 0.42302561323280885 0.02596892761356842 0.03555166455904353
7 0.1819877567395245 0.5033698617270155 0.01702940340671649 0.01950197527149534
7 0.23194166839796448 0.48350968690971696 0.0195368002273373 0.0203377742117023
7 0.2526929078462624 0.5550310614380054 0.02643214148404459 0.03371055725501343
7 0.24539322574871741 0.6183614102334646 0.02666000477270017 0.03567096209680628
7 0.3721052374438147 0.3025574114734813 0.025524060513398245 0.04995842386202085
7 0.4114189912567656 0.32732461925470835 0.024895389072181535 0.03839086934363348
7 0.4071829484187656 0.388884418336418 0.026278466242858317 0.03839086934363348
7 0.4445135729021119 0.26035760965249166 0.024769654783938173 0.0553230868270701
7 0.5032596887562496 0.2787365169109337 0.024140983342721512 0.0420790751321048
7 0.5001217982583505 0.34822202240796396 0.02640420053110163 0.040905555108500316
7 0.4691617797939969 0.37974898406695107 0.01609398889514764 0.026320377672272723
7 0.46855454033373084 0.44968677683733616 0.019991751830691167 0.01994984040127684
7 0.5577293616945181 0.4150535423167595 0.023638046189748064 0.023302754754432563
7 0.5581441773805176 0.33895384945517726 0.018357206083527856 0.026152731954614972
7 0.5290167835976053 0.2100795779133084 0.026781403395831713 0.05800541830959472
7 0.7086216839677046 0.21567254352721482 0.03878316032295265 0.03556324490580544
7 0.7369431228373703 0.11315359477124183 0.025230680507497084 0.05074971164936563
7 0.8499528153507392 0.033597217853273215 0.035899653979238756 0.05536332179930796
7 0.8653917449332674 0.1400285604437854 0.04599192618223757 0.04459823144944253
7 0.8840859576153693 0.567464986919043 0.01995153379236417 0.02213600829517782
7 0.7623711992224103 0.5935113201549188 0.01638355877110207 0.021456394005413666
7 0.7664984957372502 0.6303982659230639 0.018058322556592475 0.0223301838065391
7 0.7396901317635245 0.6726034903962422 0.015255307210324483 0.020184544405997693
7 0.70349342268553 0.6037547806414698 0.010220022484049528 0.01958837642776142
7 0.7061070891498819 0.6403852183712898 0.010402522885550308 0.021291713508436425
7 0.6836427893794937 0.6804851944010323 0.013320003352450281 0.018558206918020702
7 0.5595545889480419 0.6303334302914543 0.009877755295075398 0.017261127939879422
7 0.5597512822177089 0.6632799777007442 0.009653260856550968 0.018358656305998856
7 0.5140922642209743 0.6727782367441855 0.009054609020485823 0.01776000446993371
7 0.5150550959239794 0.63957301490377 0.009353934938518493 0.016961802021846717
7 0.5283551442152272 0.5958215432180064 0.012047868200811747 0.02274876977047685
7 0.5136950817528158 0.5802279420590983 0.010102249733599926 0.020453937732226996
7 0.47240579680026046 0.6798205356452184 0.007013934349574504 0.01636584681567378
7 0.4745229658724468 0.6481477358063286 0.009741575485520177 0.015326745430551672
4 0.8091963114818854 0.5127275863340232 0.0959852111674646 0.219225482296061
4 0.9253600715064431 0.4841652615921469 0.10576148267526185 0.2425305335671739
1 0.8835010038873937 0.5703077164053711 0.021482122260669007 0.06478277585544018
1 0.7614482995105833 0.6052038197366917 0.021193771626297576 0.08285274894271438
1 0.6995210566292516 0.6165170994270498 0.02032871972318339 0.08073817762399077
1 0.5555956042547738 0.6448321158528773 0.015570934256055362 0.071126489811611
1 0.5112690545216496 0.6524050001558653 0.01485005767012694 0.07074202229911576
1 0.4701688161895775 0.6609870329593512 0.014994232987312605 0.06785851595540181
1 0.23887698187264372 0.5859342273637579 0.05262399077277971 0.13475586312956553
1 0.4933879597590671 0.30770216583365373 0.04152249134948097 0.14965397923875431
1 0.40086178755631 0.3477943896759592 0.04541522491349481 0.1389850057670127
1 0.32042277695391885 0.39210651580893796 0.04779411764705882 0.12946943483275664
3 0.6744336248012719 0.24976317147597432 0.05857122260668977 0.15819236191208508
3 0.8347229178048929 0.17756328537606994 0.0669814494425221 0.17701525054466233
2 0.7140227971759113 0.1681863327624573 0.0600730488273741 0.132160707420223
2 0.7183198183625434 0.0700070798285838 0.07959678969627058 0.13536460335768294
2 0.8844421483190226 0.08726166574109674 0.06457852748942709 0.1513840830449827
