6 0.19674952496651404 0.08188487057284366 0.025067750677506766 0.017784552845528444
6 0.21418209876543207 0.08695023148148147 0.007268518518518514 0.010347222222222216
6 0.2609050472040668 0.06936819172113289 0.04180555555555559 0.026840277777777782
6 0.22325980392156863 0.09298202614379086 0.017083333333333322 0.012118055555555557
6 0.3226231481481482 0.05929375000000002 0.03967592592592595 0.025902777777777775
6 0.44107060185185193 0.03351822916666666 0.026527777777777758 0.0253125
6 0.5202191219758002 0.020095910993123536 0.030487804878048738 0.026382436443412056
6 0.6046468755203501 0.009613840719332049 0.024887604367373122 0.016377649325626204
9 0.4566898148148148 0.006956018518518519 0.002222222222222201 0.0059375
9 0.47004392212725554 0.021968482905982904 0.015416666666666646 0.04131944444444444
9 0.5204610339506174 0.008317418981481483 0.014490740740740825 0.01375
9 0.5195162037037038 0.03356423611111111 0.012268518518518519 0.00875
9 0.5817361111111112 0.010882936507936508 0.017500000000000085 0.025833333333333337
8 0.22169662309368188 0.49812704248366 0.0029629629629629524 0.018020833333333285
8 0.22594605475040258 0.497506038647343 0.003796296296296291 0.0181944444444444
11 0.7059523902495192 0.49962971962614433 0.06513432406671597 0.0938629177958446
12 0.03551039891428545 0.319853139528705 0.06786133694670281 0.06839402664859975
12 0.20215213199137677 0.31085271577791423 0.09135484598662892 0.07588192721257236
12 0.5090893511725616 0.2853569728239517 0.08238268095191235 0.08452862988318538
12 0.7847073014314613 0.26238684160509257 0.07043671624380286 0.10039780183727033
4 0.9224262009534286 0.4775110011001099 0.02972222222222214 0.057326388888888934
12 0.9613909017713365 0.4301721014492754 0.010648148148148148 0.011562499999999984
4 0.9622894283650042 0.47821376585366343 0.03125707173568691 0.05823581409821222
7 0.954396135265701 0.4272342995169082 0.012916666666666708 0.01708333333333335
7 0.7009288194444446 0.4088932291666667 0.008333333333333333 0.010694444444444428
7 0.6942450142450142 0.3896607905982907 0.003425925925925968 0.008055555555555571
7 0.7016179337231968 0.3897185672514619 0.010416666666666666 0.010277777777777747
7 0.7054497354497355 0.36415013227513227 0.005185185185185206 0.009409722222222191
7 0.7133511396011397 0.36267227564102567 0.006574074074074095 0.011284722222222222
7 0.859224537037037 0.35594618055555555 0.003287037037036995 0.0031597222222221905
7 0.8596560846560846 0.3598164682539683 0.002222222222222201 0.003298611111111111
7 0.8699179894179893 0.35303571428571434 0.010277777777777799 0.018055555555555554
7 0.9229188485829445 0.35452370751213935 0.005653146719984753 0.010131033990288469
7 0.9328138389031704 0.35206086951347226 0.008568980291345354 0.017539631533847456
7 0.9894349477682811 0.352601545650611 0.0056247836621667845 0.010870976116303213
7 0.998740481135341 0.3520995586708204 0.002363851390331067 0.010384215991692654
7 0.9266550925925926 0.3319756944444444 0.013055555555555471 0.01892361111111111
7 0.9115432098765431 0.3311954365079365 0.010092592592592571 0.019444444444444445
7 0.9708381226053638 0.25475335249042147 0.030138888888888847 0.020972222222222215
7 0.8666602142211897 0.27265614918053943 0.01701294790725685 0.00536359530261967
7 0.8596195226917055 0.2608766022058276 0.027433117221849664 0.016872065727699552
7 0.2076238443022047 0.31875076932545543 0.01613873844302202 0.006564910553093739
7 0.20807294625610723 0.3113677107399412 0.013471743530827706 0.005795585097653029
7 0.5201337448559671 0.2829938271604938 0.009629629629629608 0.0023958333333333253
7 0.5232310932875848 0.2923374124998434 0.0168034737092553 0.012980683440399727
7 0.5994543650793651 0.28407366071428586 0.023009259259259174 0.018055555555555554
7 0.6299822150147986 0.29288031255526525 0.05160593188762206 0.056030628213726806
7 0.45054629629629633 0.2919560185185185 0.015601851851851874 0.00788194444444446
7 0.44293091168091175 0.2973637820512821 0.015324074074074085 0.005486111111111135
7 0.4497685185185185 0.30396990740740737 0.017824074074074076 0.005694444444444437
7 0.4158138401559454 0.3577521929824561 0.016203703703703703 0.015277777777777817
7 0.3652248677248677 0.33871527777777777 0.014444444444444466 0.013333333333333326
7 0.3270121082621082 0.30145299145299137 0.014212962962962985 0.0066319444444444525
7 0.3287037037037037 0.31147858796296296 0.019212962962962963 0.00777777777777777
7 0.2981305114638447 0.36330687830687836 0.015879629629629608 0.014895833333333365
7 0.10392766624242433 0.32912092049933295 0.041149012933274894 0.041050103842159937
7 0.2834703685434989 0.27903623400792543 0.02083824801446881 0.03851881339938667
7 0.07658730158730158 0.280896164021164 0.010185185185185186 0.012847222222222222
7 0.0872962962962963 0.28276388888888887 0.0019444444444444524 0.0020833333333333333
7 0.08577546296296296 0.2871875 0.00106481481481482 0.001388888888888889
7 0.07546652421652422 0.2701148504273504 0.007685185185185183 0.005208333333333333
7 0.08260416666666666 0.27076388888888886 0.006898148148148151 0.008090277777777762
7 0.12670354676710605 0.29008239171374756 0.017870370370370366 0.019409722222222214
7 0.3247978080120937 0.286734693877551 0.01087962962962963 0.021111111111111094
7 0.3144088319088319 0.2818589743589744 0.004861111111111111 0.009131944444444429
7 0.23795965608465613 0.26430059523809524 0.010648148148148148 0.008090277777777762
7 0.24382233796296296 0.25503960503472206 0.020694444444444467 0.022812500000000017
7 0.1251802746367964 0.21654799508060374 0.016342688444137714 0.018691051299746932
7 0.11358750907770511 0.2070315904139434 0.018425925925925932 0.021354166666666667
7 0.0478121266427718 0.18606518817204298 0.010648148148148148 0.020902777777777794
7 0.056444444444444436 0.17775694444444445 0.004351851851851848 0.009861111111111123
7 0.06322318007662835 0.19423730842911877 0.01749999999999999 0.021319444444444436
7 0.22562630045776125 0.11412687265917601 0.03125 0.037777777777777785
7 0.29018138001014704 0.14410340563165902 0.028425925925925917 0.03270833333333333
7 0.345025718699907 0.1731841276338269 0.02705011389521643 0.029818400404960775
7 0.4514559148700941 0.22898009950248763 0.022962962962962973 0.025590277777777795
7 0.5763458605664489 0.04508741830065359 0.03671296296296294 0.04836805555555556
1 0.6973329307568438 0.3974803743961352 0.015694444444444382 0.04281249999999998
1 0.862358068366155 0.3940911187662529 0.012695170660856969 0.04809250871540603
1 0.8510967078189299 0.3934699074074075 0.006851851851851831 0.04868055555555549
1 0.9163937621832362 0.3750493421052631 0.009629629629629608 0.01760416666666668
1 0.9221189333072046 0.38885564513871396 0.01892269253380355 0.04308127572016463
1 0.9245480599647267 0.4109508193709581 0.017330491867528823 0.017636684303350986
1 0.9893658179244933 0.38991830974666547 0.020561579967520588 0.05107653622505105
3 0.29044667339766406 0.323936143800586 0.007675819719615355 0.00423618352450469
3 0.29060426156020214 0.3568396579016798 0.024524002626192445 0.047839821224418065
3 0.4074500962000963 0.3433193542568543 0.02939814814814815 0.06298611111111115
3 0.9190917107583771 0.3001118827160493 0.039212962962962984 0.08427083333333331
2 0.2562174707150606 0.34076571705186837 0.01910559057388865 0.011162093684340648
2 0.24094231686000317 0.3309260068506453 0.021680468009722738 0.0068749227536769476
2 0.26017234274359713 0.3014943098104963 0.02464055276126605 0.020195092211553127
2 0.2588425925925926 0.3137065972222222 0.003425925925925968 0.0015972222222222301
2 0.26601851851851854 0.31828125 0.011759259259259249 0.0022916666666666745
2 0.31949735449735445 0.2959672619047619 0.023796296296296284 0.019791666666666666
2 0.32865740740740745 0.31147858796296296 0.019212962962962963 0.00777777777777777
2 0.29951719576719577 0.3229811507936508 0.007037037037037058 0.0026041666666666665
2 0.3161291152263374 0.33214891975308647 0.022222222222222223 0.01729166666666669
2 0.42831275720164613 0.32192611882716055 0.03291666666666668 0.021458333333333357
2 0.44230850168350166 0.28566287878787877 0.025092592592592614 0.019861111111111086
2 0.44341049382716047 0.29699845679012343 0.015462962962962953 0.0057638888888888965
2 0.4497685185185185 0.3040046296296296 0.017824074074074076 0.005694444444444437
2 0.5963412199261255 0.2752021563342318 0.02483278426674655 0.032522836178496564
2 0.5879853128991059 0.3125933908045976 0.028224776500638565 0.020019157088122616
2 0.8589368687655691 0.24979687650562793 0.027448193465990985 0.03333178840687185
2 0.866661244172164 0.2726182984822326 0.01701294790725685 0.00536359530261967
2 0.8559476511490418 0.2942286349958509 0.031453959267122716 0.02653927813163482
2 0.9714502502608312 0.2428628684178073 0.03013626834381558 0.03893381251871817
2 0.9679510740831496 0.2825821104122991 0.03494060097833675 0.02859201856843367
10 0.08471981241877176 0.44559937773849306 0.09067158444751805 0.057690679914973154
10 0.2731303581686019 0.445121121226853 0.10766580534022394 0.06432791691512627
10 0.5449525491124151 0.4476807491589238 0.06429068063646523 0.07329776422764224
10 0.7942739144289531 0.45084464415859765 0.011843238587424677 0.07491055456171733
10 0.8631577263436494 0.4481216234466657 0.09365740740740738 0.08708333333333332
