11 0.4694324194324193 0.4429894179894181 0.35413660413660414 0.3630050505050505
11 0.05565285368709593 0.5206131543718732 0.12231465544718555 0.13894865174985654
12 0.8585978835978835 0.486170634920635 0.018253968253968193 0.019246031746031723
12 0.7581289081289082 0.4902236652236652 0.01402116402116405 0.01488095238095238
10 0.8092999592999592 0.46785714285714286 0.10449735449735449 0.058730158730158716
10 0.677361251829337 0.4736575481256333 0.05555555555555548 0.05694444444444442
4 0.19590725178960472 0.4140347805788982 0.0812169312169312 0.07837301587301587
7 0.07316704459561602 0.4321003401360545 0.01957671957671958 0.014285714285714263
7 0.07509448223733937 0.40486111111111106 0.019312169312169315 0.01329365079365077
7 0.08744588744588745 0.3077561327561328 0.012433862433862441 0.011309523809523844
7 0.17145796590241036 0.33932980599647267 0.011640211640211636 0.01329365079365077
7 0.19794028722600152 0.33188775510204077 0.02037037037037038 0.017857142857142856
7 0.2056166056166056 0.2949328449328449 0.01878306878306877 0.018452380952380918
7 0.23668430335097007 0.3036375661375662 0.012962962962962978 0.015277777777777812
7 0.18825396825396828 0.268558201058201 0.01957671957671959 0.0154761904761905
7 0.21114890400604686 0.25602324263038545 0.01984126984126984 0.016269841269841247
7 0.2276785714285714 0.2402405753968254 0.020634920634920628 0.01765873015873017
7 0.25195767195767194 0.22851851851851848 0.020634920634920628 0.01765873015873017
7 0.3759994121105231 0.2710427689594357 0.027513227513227528 0.024007936507936496
7 0.42213403880070544 0.2550793650793651 0.02671957671957678 0.02658730158730157
7 0.4736860670194003 0.23779100529100528 0.02883597883597885 0.025793650793650792
7 0.3995953937130408 0.16643323996265175 0.02883597883597885 0.02321428571428572
7 0.49440665154950875 0.18109410430839 0.01984126984126984 0.025595238095238105
7 0.5476851851851852 0.19089781746031748 0.026984126984126954 0.024603174603174585
7 0.45186507936507947 0.13746031746031745 0.029894179894179924 0.035515873015873015
7 0.5056084656084655 0.09998299319727891 0.037037037037037035 0.05853174603174603
7 0.5630817406327611 0.06802721088435376 0.04312169312169315 0.05178571428571429
7 0.6813932980599647 0.02266628873771731 0.04206349206349208 0.0375
7 0.7372260015117157 0.12324263038548751 0.04206349206349216 0.031150793650793658
7 0.8239682539682539 0.09164682539682541 0.04867724867724862 0.03412698412698412
7 0.8148589065255731 0.18112874779541444 0.021428571428571488 0.021428571428571422
7 0.7376228269085412 0.1891014739229025 0.04021164021164033 0.017460317460317454
7 0.7886574074074074 0.19036458333333334 0.021164021164021163 0.018055555555555543
7 0.9942974720752499 0.21503527336860673 0.009259259259259259 0.020039682539682527
7 0.8581349206349206 0.389356737012987 0.021043771043771003 0.015331890331890374
7 0.8149283843728289 0.394002859280637 0.020642937309604 0.015031265031265008
7 0.8219382028905836 0.3644974403902976 0.01944043610710284 0.016534391534391495
7 0.8227828168304357 0.3348965848965848 0.021645021645021658 0.01608345358345356
7 0.7759669524375407 0.3710335144158673 0.01883918550585218 0.015331890331890316
7 0.7784381990731197 0.34218316956412187 0.021244187910854653 0.015782828282828308
7 0.7342271925605258 0.37605218855218847 0.01883918550585218 0.014279701779701762
7 0.7369433685223158 0.34807663097136776 0.0208433541766875 0.014430014430014446
7 0.6988353958050927 0.37989472648563555 0.014029180695847385 0.011273448773448784
7 0.7063152896486229 0.4051157176157175 0.013828763828763734 0.013377825877825836
7 0.6683043587805494 0.3846500721500721 0.01763668430335102 0.014730639730639754
7 0.6351711560044894 0.3893191588504088 0.015632515632515626 0.013077200577200583
7 0.6633972576001561 0.35190152037978123 0.040283790283790186 0.02810846560846559
7 0.6621562323316709 0.29591023012075646 0.04048420715087392 0.028409090909090898
7 0.6895175297953074 0.3228465207631874 0.01342793009459673 0.010371572871572856
7 0.6638057158890492 0.2393071338383838 0.01142376142376141 0.015031265031265036
1 0.8136697800813445 0.34715473490983684 0.03387863081740644 0.06590136054421765
1 0.7705938125737624 0.35320550525974803 0.03158406219630713 0.062054583738257195
1 0.7304401772466774 0.3568822811311473 0.030909189072454418 0.05992873339812112
2 0.47034832451499115 0.16976095993953136 0.09325396825396826 0.039186507936507936
2 0.48903084268937924 0.08632767131242741 0.06712962962962964 0.10044642857142858
2 0.41195922813569874 0.19496965452847806 0.07539682539682539 0.03149801587301587
2 0.36113473167044596 0.21191184807256236 0.07308201058201058 0.026537698412698412
3 0.36266350676072895 0.25322420634920634 0.05952380952380952 0.07043650793650794
3 0.40595031415343913 0.2386145213293651 0.05720899470899471 0.06522817460317461
3 0.45662626912626914 0.21803946803946803 0.06117724867724868 0.07341269841269842
2 0.42191453876236484 0.09469893029675638 0.028439153439153438 0.06101190476190476
2 0.3751653439153439 0.11867559523809523 0.026785714285714284 0.06076388888888889
1 0.0710978835978836 0.4185230278980279 0.028439153439153438 0.04117063492063492
1 0.08219095719095719 0.34736877705627706 0.0248015873015873 0.047371031746031744
1 0.09762377173091459 0.3393565759637188 0.022817460317460316 0.048859126984126984
1 0.11203231292517006 0.3341128117913832 0.023809523809523808 0.04985119047619048
3 0.18178382464096748 0.3201412509448224 0.04332010582010582 0.04117063492063492
3 0.15880531505531506 0.3283166486291486 0.037037037037037035 0.03968253968253968
3 0.1359126984126984 0.3325511294261294 0.03306878306878307 0.037450396825396824
2 0.1936544679600235 0.2917768959435626 0.06812169312169312 0.019097222222222224
2 0.1553130511463845 0.2974743716931217 0.0539021164021164 0.010912698412698412
2 0.13237433862433862 0.3064732142857143 0.056216931216931214 0.009424603174603174
