9 0.01573001573001573 0.4537573287573287 0.009384384384384383 0.03366461699795031
12 0.026248052563842033 0.4078640043552324 0.025248462748462746 0.04707088040421374
10 0.06712707605564747 0.41297249630582955 0.05273130273130273 0.08252299918966584
12 0.15080731992496693 0.413386075150781 0.016981266981266983 0.04558129558129561
7 0.02609228215095562 0.2074110067307346 0.009009556203433754 0.021865889212828015
7 0.02583558933777593 0.2515252132599071 0.009718172983479103 0.02240578771191018
7 0.072658527696793 0.24973679948169747 0.007187398769031423 0.022000863837598528
7 0.09410141607663473 0.2189674055563268 0.00759232264334306 0.021730914588057468
7 0.09319033735943356 0.26050102580714823 0.007693553611920958 0.02294568621099234
7 0.13809169501133786 0.25810522621747106 0.00809847748623258 0.020921066839434167
7 0.16287415560214305 0.22835485230663427 0.009671059199361095 0.022461814914645096
7 0.1621626458704413 0.2691586583509788 0.009749051612259148 0.022149845263052807
7 0.2717989711607914 0.2436911172575249 0.009827044025157257 0.021629895843732344
7 0.2710870036562843 0.28437983552959967 0.010450983328341849 0.023085754217829706
7 0.32943995208146143 0.25311137732521377 0.00974905161225912 0.02027802735349905
7 0.3288983381030027 0.29203825718500775 0.011230907457322548 0.02038201723736312
7 0.35517744833782566 0.2885199327809391 0.0073312868124188885 0.01767828025689661
7 0.34696224751256194 0.24411047515519912 0.0078772337027054 0.004575554890020306
7 0.474700821104123 0.27474127316894614 0.010528975741239874 0.0179902499084889
7 0.26626275510204084 0.11639484853770567 0.01294588348159773 0.02670940170940171
7 0.3466187299095463 0.13580523784605417 0.014989970347113253 0.02543752543752543
7 0.33952806961048715 0.15770566938149355 0.01430860805860804 0.02979824408395835
7 0.17776277541902544 0.09761650386650386 0.013354700854700845 0.022662522662522663
7 0.1633812786830028 0.10409051357327219 0.016129703629703625 0.031218781218781216
7 0.1447670918824765 0.11759518971057435 0.016129703629703625 0.03006253006253005
7 0.24125402663719822 0.051943017967589475 0.02108492292209869 0.03430767119527927
7 0.2709220673717952 0.02843442378077878 0.017368258542610083 0.03516536297516125
7 0.2941946337719632 0.019146645387439494 0.029447417775948056 0.03649955018831099
7 0.370127386149632 0.03713868915140102 0.021648843153080407 0.028584880279795537
7 0.46632088569891245 0.05413712095007497 0.031212167070217938 0.04736122320868084
7 0.5079313342025207 0.03212565447734939 0.0327885391444713 0.05016366245179805
7 0.5561440677966102 0.022677633348908998 0.030896892655367277 0.03811317370639405
7 0.5159600389863548 0.3345095957486309 0.02654204956836541 0.033648937157709065
7 0.5558166248955723 0.32811339691822144 0.030022974101921507 0.03495428385779264
7 0.6253098322914568 0.3166140927030218 0.03317756196045662 0.039885593613663804
7 0.6760180771870151 0.3076992249141372 0.0361145920356447 0.03974055509143227
7 0.6913646420739348 0.3254301842569386 0.021646999443052078 0.024511510257124267
7 0.8301067263465179 0.2731725546305099 0.042314988861041535 0.047572635291933535
7 0.8670493508075743 0.29357609881184443 0.031001984126984128 0.031183282279773503
7 0.8018804112554112 0.13159037464593018 0.01157407407407415 0.03126503126503127
7 0.7407240393351502 0.12360153563857264 0.017736892736892735 0.02425044091710758
7 0.7155934343434343 0.20737133237133235 0.013377825877825891 0.02264710598043928
7 0.6115836681037298 0.1269677967208831 0.013135655496766629 0.017881638252008624
7 0.6368372340594562 0.09244694429879613 0.01956569664902993 0.0421320791691162
6 0.9206983859761638 0.09017088878199987 0.026087595532039983 0.019841269841269833
6 0.8045440398381574 0.05585670482184643 0.014789094650205744 0.017759161277679802
7 0.654208070762636 0.1706375897144352 0.016481566002332734 0.02799753199114224
7 0.6538427405040824 0.22282865933025678 0.016402327704244702 0.026729719221731993
1 0.6596159297052154 0.19760435038212812 0.02637629125724362 0.1136411354665323
12 0.5580938770857178 0.09390060933934297 0.0476232159530479 0.08948023653906008
12 0.510673019207683 0.09303258340373186 0.03365929705215421 0.06266395447067717
12 0.4889546398269453 0.08567436636490347 0.03376350540216091 0.05766195367035704
7 0.5191510551248922 0.19525642405971863 0.015861480251015136 0.02710871170173496
7 0.5469166564127805 0.1727352583295736 0.014707918050941233 0.025186108034945233
7 0.6127658320003282 0.18606531041931562 0.013842746400885945 0.023071244001476577
7 0.47962232373569585 0.1615948381936754 0.01470791805094129 0.025378368401624215
1 0.5257462723461477 0.18406870177011375 0.02566675895164259 0.08536360280546326
7 0.9839224515563801 0.23790197897340754 0.02710459183673468 0.054799697656840535
7 0.16743634390693216 0.24820513791102025 0.017361111111111112 0.0879240585122938
7 0.031193946876996417 0.22955161596802465 0.019695378151260504 0.09453781512605042
