8 0.7232571691924595 0.4200443634691603 0.0297022022022022 0.12839699455553122
8 0.6803223314788879 0.4199055373007326 0.028427550357374938 0.12059531871959309
8 0.643551226623093 0.4312941559411753 0.02750939345142245 0.11110392224522658
8 0.5691174884091703 0.444710070988785 0.025642106446355332 0.10353439554881132
8 0.5389180996472664 0.4473263888888889 0.026666666666666623 0.09972222222222224
8 0.5123492669279209 0.4532083174923475 0.025979216626698567 0.09754696243005599
8 0.46035548284905603 0.4599690267066553 0.022315052842045106 0.09216116823764643
8 0.4374452861952861 0.4686374158249159 0.02124999999999999 0.08958333333333333
8 0.41726269736499466 0.4685526917415227 0.021208062252838368 0.0875829187396351
8 0.367117840253112 0.5250787630686493 0.0038629020929906023 0.0032922461019805854
8 0.356437430843579 0.5178044669195111 0.015451608371962355 0.04244802640820345
8 0.27947554503474376 0.5253199933301056 0.04990583804143124 0.04783906553773834
8 0.22983244285247373 0.5359546933121664 0.04080351537978654 0.04312189693545629
8 0.19276933450088168 0.5382661558838553 0.03569444444444445 0.043585999072786305
13 0.5239589119974024 0.536932877504585 0.011696941102461214 0.013195918848785087
9 0.4522673611111112 0.44456336805555563 0.010972222222222243 0.020555555555555494
9 0.9733377965677339 0.29962025819726684 0.04671311327030878 0.07137893674544078
6 0.6257 0.4441111111111111 0.012314814814814877 0.0066319444444444915
6 0.7472299382716049 0.42390914351851855 0.016574074074074054 0.006041666666666699
6 0.7737920875420875 0.4198532196969697 0.013657407407407408 0.0078125
6 0.8342624158249159 0.41105113636363644 0.022314814814814836 0.010624999999999968
6 0.862425925925926 0.40474479166666666 0.010972222222222243 0.008715277777777825
12 0.32191721132897605 0.5098022875816992 0.045185185185185196 0.018090277777777827
12 0.27308382683457383 0.3939972030546607 0.04234252500675855 0.02853811841038115
12 0.287436115294996 0.3726200131309621 0.024330900243309004 0.01231751824817522
12 0.33097494764879826 0.38022005063013203 0.051507024265644984 0.030110282696489635
12 0.38760312327339963 0.36112992324981674 0.12461430947146271 0.03390044967470342
12 0.5247563352826509 0.29751526821488306 0.04313162649170347 0.05590990942804162
12 0.6263721710049681 0.2744886548748413 0.12168845315904146 0.09050304239923454
12 0.72391790285447 0.255260032968172 0.03614013266998347 0.03275526556776557
12 0.8109292783494069 0.2066988997540787 0.13262689184200807 0.07363572043804602
12 0.8866782407407408 0.2142621527777778 0.016527777777777693 0.008402777777777754
12 0.9693364197530863 0.5948032407407408 0.0051388888888888465 0.005625000000000015
12 0.960300472040668 0.6021697984749456 0.017824074074074076 0.01836805555555551
11 0.5028748426308991 0.6324656644516246 0.04466682002913884 0.09324778371493525
11 0.5378808025502155 0.6332573892445388 0.03346025152878732 0.09069963655244027
11 0.56085319827502 0.614131442093955 0.03291960058877352 0.09461898794605561
11 0.6183205272463741 0.6098034724504462 0.08407691837764278 0.09986111111111116
11 0.6622213475283648 0.5979930461838356 0.005763607737291973 0.01961032388663971
7 0.018662700842737585 0.5454450738245902 0.009501453163424994 0.012540520903196987
7 0.027785346337282964 0.546390321093226 0.005495938594530147 0.011178180192264698
7 0.034144524959742344 0.5554604468599034 0.015509259259259263 0.009409722222222191
7 0.10506111111111115 0.5611819444444445 0.015879629629629636 0.00947916666666673
7 0.1455701754385965 0.5550730994152048 0.009768518518518529 0.01107638888888892
7 0.1540446127946128 0.5551609848484849 0.003055555555555566 0.0078125
7 0.075992134607726 0.486415770609319 0.0337037037037037 0.021111111111111094
7 0.26975661375661386 0.5031835317460316 0.01925925925925927 0.013159722222222175
7 0.2181995650421366 0.45771640091116184 0.01956255800219353 0.016767906859023025
7 0.25969259259259253 0.4472375 0.020833333333333332 0.01857638888888889
7 0.3120042438271605 0.43257378472222224 0.021296296296296296 0.019965277777777776
7 0.471231933329913 0.40380626746051346 0.025610225610225624 0.024723160660660663
7 0.5765813336444855 0.37657390481131675 0.028259278063079464 0.029363692134057432
7 0.6531098714311274 0.3364749575856913 0.0349537037037037 0.027012307338394277
7 0.7205036232122103 0.3310999044834995 0.03112037162986075 0.0335215081752113
7 0.7669135577183023 0.3028055669348032 0.037921735604217376 0.030516814389989558
7 0.9567333877995642 0.3926376974400871 0.026977805010893183 0.034722222222222224
7 0.5817287037037039 0.4752465277777778 0.013101851851851832 0.013888888888888888
7 0.6122388888888888 0.4757652777777778 0.013518518518518539 0.008368055555555524
7 0.5954629629629629 0.49938611111111103 0.011064814814814857 0.00934027777777773
7 0.594465663580247 0.5174609375000001 0.010138888888888932 0.009895833333333333
7 0.6303381642512077 0.4953336352657004 0.010324074074074053 0.010451388888888857
7 0.6295686026936027 0.5143276515151516 0.01185185185185181 0.010347222222222206
7 0.8005957180485481 0.5347423802612482 0.009671059199361152 0.0077680443246480975
7 0.7838326630442535 0.5135666688058871 0.009234301687131793 0.011698861934710989
7 0.7637890625000001 0.4483441840277778 0.018425925925925905 0.020277777777777808
7 0.8061042081819245 0.4658174761327967 0.013816712034974794 0.012141177926255863
7 0.8280551806867598 0.4492333933123408 0.014339981006647635 0.01246438746438743
7 0.8128552043422732 0.441828903256705 0.01939814814814819 0.021076388888888905
7 0.9731670096021949 0.4247839506172839 0.01583333333333346 0.010069444444444445
7 0.952286324786325 0.47235844017094014 0.012824074074074095 0.015069444444444476
7 0.9726075268817205 0.47836133512544815 0.013333333333333417 0.01270833333333338
7 0.9888753858024691 0.5258796296296298 0.010092592592592677 0.00930555555555554
7 0.9893298059964726 0.5427480158730159 0.00990740740740745 0.009062499999999968
3 0.773927666684647 0.5104344424096509 0.02512555936399131 0.040830590003318436
3 0.7687025427002684 0.475143296592198 0.018657407407407386 0.012379281328598937
2 0.7851990740740741 0.4862343750000001 0.03226851851851854 0.014444444444444492
2 0.7962163398441181 0.45203131794471985 0.02931203547561057 0.039469739554056575
1 0.021475466030727558 0.5480916257278039 0.018926852955458436 0.03583796602489815
1 0.1488396375098503 0.5555393026004727 0.018425925925925932 0.029097222222222205
1 0.5902260348583879 0.5080895969498911 0.020231481481481503 0.03923611111111111
1 0.6249581363278173 0.5043225472813239 0.020972222222222305 0.04034722222222216
1 0.9852469135802471 0.5326255341880342 0.01745370370370383 0.036736111111111094
