12 0.2025941180796379 0.36690796289226524 0.05417917917917918 0.037443693693693686
7 0.09739748005118942 0.4862143250338754 0.02416440831074977 0.015032181571815705
7 0.1337411942124357 0.47074464929764626 0.026100987091875485 0.018903442166540114
7 0.15530090830937487 0.4875264908887198 0.02394089294774228 0.015101788432267919
1 0.13643620896707315 0.47014906389906397 0.026370234703568047 0.03968253968253966
7 0.010388437217705509 0.4828431372549019 0.01987353206865402 0.01405826558265583
7 0.5310195003177458 0.32701947175631374 0.01996176338281596 0.013706140350877168
7 0.5642690050731228 0.31683924265309904 0.020327088357138506 0.014201910591726928
7 0.6026143922777082 0.30521661755009216 0.02185855772206756 0.013782497678737234
7 0.5623687022701801 0.3731878958479944 0.020242656449552972 0.015181992337164728
7 0.5963218586684842 0.3643543370824813 0.021301976823449274 0.01565695296523515
7 0.6800000550000549 0.28103137478137474 0.020405020405020322 0.01653095403095403
7 0.7753105913196959 0.25006607517988405 0.026695891642780814 0.01549064238745576
7 0.634301109018623 0.3300965160075329 0.025580665411173854 0.020715630885122415
7 0.6337969786293292 0.36432873782035535 0.024246704331450056 0.0183027306967985
1 0.6240007850926782 0.34546047116790973 0.038957591655736645 0.07436293798013867
7 0.6809373832621282 0.31795354896861716 0.024028870794959467 0.020180716905710917
7 0.6798740364730211 0.35416960424891913 0.025498213949990568 0.02000493513818383
1 0.671071456426155 0.33577184054283316 0.041260248798416735 0.07925148430873626
1 0.722187488570565 0.3234626567954208 0.04382542655014561 0.08212390761548068
7 0.7346118444775204 0.302879649285476 0.02517642816669239 0.021490109720290543
7 0.7324493103352632 0.341520006419172 0.02440375006438989 0.020282800185442717
7 0.8239629994806374 0.3408563546840004 0.01995285162463071 0.021994291070211287
3 0.8035049610534745 0.3318014713789208 0.05151128139633893 0.07724874709412559
7 0.8962752410635036 0.32356345315904134 0.02473674655047207 0.02428286129266522
3 0.874251566552394 0.3174710575779132 0.05502018960838337 0.07854098986124439
7 0.9606769393771877 0.18796353878754368 0.03221738529574338 0.022737873134328367
7 0.9770470771976792 0.305835843373494 0.02259036144578309 0.02729668674698793
3 0.9551214385179363 0.2968892781987328 0.05783032167115207 0.0869476560606131
7 0.5911477178639649 0.4296149201040505 0.017162471395881052 0.019228324434274115
7 0.6035550600767994 0.4300274795126053 0.004131706076786183 0.012315662344266481
7 0.5939578887743034 0.4618961564155949 0.021398288136949065 0.017848572114230875
1 0.5843091200405476 0.44334153529640574 0.03449527959331881 0.06989587891792187
13 0.6942347058626128 0.4206433101781939 0.031018005824207374 0.025916697428325364
13 0.6814203550887722 0.40585047055414647 0.013996554694229089 0.008843976867232723
13 0.7444883222775013 0.4135660240464344 0.03648148148148146 0.03920138888888892
7 0.8660100792453733 0.43849655246714064 0.01826414326414328 0.012324481074481024
7 0.8681960676008295 0.4165703674632247 0.020909645909645957 0.01091269841269838
1 0.864585465960828 0.4279178000058493 0.026770568278201866 0.04207750212044108
11 0.6028053503591159 0.5485730434276643 0.26793761998408017 0.20206147430723703
11 0.7848155208585492 0.5311951555313483 0.03407921810699587 0.11998456790123452
11 0.8670083774250443 0.5676669973544972 0.03356481481481482 0.09230324074074071
4 0.9055081293560746 0.4397289570398917 0.07818930041152264 0.08680555555555555
4 0.9525358589490212 0.43527792907326046 0.08194524459584697 0.09421017402945112
