7 0.17020094665201377 0.4657706248674493 0.08465462143559487 0.11266797771222549
7 0.13246760433015412 0.657192777710706 0.09005644090305444 0.11730854360336425
7 0.31714927728698733 0.2782028087328625 0.07954293935369634 0.1438689685701638
7 0.39834959262979547 0.5872539967599779 0.09313900810681927 0.12796057860435547
7 0.4364204154082551 0.3795711245341669 0.08747615641392462 0.12279446828803049
7 0.5638986509368112 0.17019079476316518 0.08777420123986654 0.16273247496423462
7 0.7081971062997847 0.4882019747595146 0.09857253086419746 0.1409465020576131
7 0.7427366462564715 0.2676992068233107 0.09047067901234572 0.13503086419753085
7 0.8545384982747721 0.06875895957114876 0.0928177691309988 0.13736505568122662
7 0.9311958980686894 0.4575021344750438 0.06981252453867294 0.1043711556079047
1 0.1229309288263215 0.5397367650278534 0.1834016393442623 0.42410443230115363
1 0.3825478215618718 0.450923333971353 0.1742167312661499 0.45704134366925064
1 0.693640425970709 0.33636368512197906 0.17012972735268247 0.4915469559269031
