9 0.980489 0.168527 0.01587300000000004 0.014633000000000009
7 0.029072422830722974 0.16821810502351495 0.04044667889289402 0.029643331436160127
7 0.08398943906912032 0.15988048467505636 0.0421594047092055 0.029643331436160127
7 0.14681134369049376 0.15163552140643768 0.0413689158709079 0.029149275912224118
7 0.16389817421221362 0.26555821083222564 0.02590116506372664 0.019792399718508106
7 0.11336937621244447 0.2868501669961909 0.03925899861860451 0.03616389084369378
7 0.2488665751528368 0.28762103500403985 0.023620559334845054 0.016249315818281363
7 0.33120911199728914 0.3361671023089038 0.03127687856751895 0.027855969974196575
12 0.39025363186799145 0.2786829361247366 0.036173288944224904 0.039852645302152684
12 0.4345274434560149 0.2836482212906985 0.03752035002034998 0.031547073957788205
12 0.48292209652642 0.2655295734184362 0.03561253561253559 0.03195589133089132
12 0.47077137478923187 0.2894801750828536 0.032796238153380994 0.01246892987964419
7 0.39069565979288196 0.34967891180688804 0.027890429676143975 0.02548294959009246
7 0.44142474241158464 0.3608225721125158 0.02525582882725733 0.02364327141112855
7 0.5380581719867433 0.27142407443746724 0.016534391534391533 0.011855703819989571
7 0.5998950583577911 0.26739914890147815 0.01698863306006164 0.012264521193092631
7 0.5509041223326937 0.31246787863497044 0.009629920344206079 0.011446886446886455
7 0.612026862026862 0.30998804436304433 0.009539072039072028 0.011787567591138977
7 0.5690213708757664 0.3445072555649478 0.010992644921216389 0.006677350427350423
7 0.5119390626794807 0.37783366942774604 0.02298462119890696 0.021054094714809003
1 0.5181858462000303 0.3785590886654719 0.05387304494447349 0.050897762951334434
1 0.5573381290855781 0.3688579083190052 0.011446886446886418 0.03175148264433977
1 0.5987190197716514 0.36773660628218896 0.012173672887958599 0.03188775510204084
4 0.5554769675973013 0.4209175206457966 0.026782704993018394 0.08311057214836477
4 0.5909463670249722 0.42505682431158925 0.028182733560984143 0.07938853240271675
4 0.633833587230127 0.42638636619638975 0.028745699373882782 0.08072095561484355
6 0.5488167334663443 0.23073413037956977 0.022647603292764516 0.014770176060498639
6 0.5880327500911218 0.22676323079548888 0.01649336326755679 0.01027758084209699
7 0.5742288874009304 0.223934331797235 0.010421179776018476 0.007938969632518035
6 0.6286645935083435 0.22450379131956746 0.01772421127259838 0.015570227263775653
6 0.7006750819320341 0.2175438962841633 0.011652027781059992 0.013170073653944608
6 0.747509773564364 0.21187154794474894 0.009108275237307471 0.009846784040332426
7 0.6652560716652399 0.2626872573285986 0.017888324339937284 0.013046988853440486
7 0.6758121408659042 0.30618574973413687 0.009436501371985203 0.01255464965142383
7 0.7745863256615944 0.3617616142817756 0.004513109351819066 0.005538816022686989
7 0.7676183583441648 0.36155390868092485 0.002215526409074863 0.002277068809326868
7 0.7685961987037255 0.356530510260349 0.0050875050875051914 0.004246425617393375
7 0.7743723350933978 0.3764403817771939 0.006154240025207803 0.00904673283705541
7 0.7667271332145886 0.3769266874105584 0.003774600548793961 0.0077543424317617965
7 0.7126609949190595 0.3651541390956713 0.008944162169968491 0.013970124857221622
7 0.6999094095868288 0.36601727125920674 0.001559074139719248 0.006954291228484781
7 0.7106799157490403 0.3910550641541424 0.009600614439324107 0.0143393792587341
7 0.7451769760768062 0.3914712080034661 0.011241745112712845 0.009169817637559589
7 0.6792495051508334 0.3627381473681283 0.006154240025207803 0.009600614439324069
7 0.6722317407801277 0.360693853637402 0.0025437525437525207 0.003569459214620538
7 0.6782117313426611 0.37913376682352007 0.006236296558877142 0.00873902083579505
1 0.7058648610417602 0.3776668505791815 0.020185907282681485 0.05538816022686989
1 0.6755249429980611 0.3691692678587839 0.012882875786101582 0.03711006735200283
12 0.6739009176418904 0.43879639525402653 0.019201228878648214 0.01784729607310252
9 0.6862092507253797 0.45476879751073296 0.007138918429241076 0.01649336326755679
6 0.9934608561279156 0.19199782245183186 0.013726664670060916 0.017782270140760708
9 0.9805780830482917 0.1678109385097965 0.010139013676749563 0.011347896076669669
9 0.9280837160161062 0.17357861427240354 0.012322801237895533 0.010762952979934117
9 0.8936977277517111 0.1763473449302852 0.010139013676749563 0.010996930218628333
6 0.9371512624966128 0.19795310026526333 0.013570679844264829 0.017665281521413587
6 0.8835700463058956 0.20194035524224202 0.013882649495857003 0.01836721323749623
6 0.7926313213964831 0.20928846184700292 0.011542877108914797 0.014740566037735858
7 0.7904635037103591 0.2531243760606968 0.019966057701906802 0.013453691224917661
7 0.8695515918393275 0.24809563798360962 0.01684636118598371 0.014623577418388736
7 0.9545431420431418 0.24083907117515607 0.015442497753818474 0.014038634321653184
7 0.9424718396843833 0.24023837177147286 0.00423441734417335 0.0038109756097560996
7 0.9426446730453701 0.24655111028151097 0.0016937669376694904 0.002389421215640726
7 0.8582338050349178 0.24692584497869613 0.0014257750697250114 0.002380124511557057
1 0.941545289886522 0.2919932555596063 0.02570275082123434 0.06429605807567894
1 0.8577260697737639 0.2941449969491043 0.023038441284886895 0.06323817046565859
1 0.7777955398413534 0.2982341896737631 0.021471200381153032 0.06041713683893776
7 0.78301706411896 0.3152093677123298 0.010187065874269801 0.014927969608064435
7 0.7705838570767481 0.31522913631918364 0.003918102259334504 0.009873617693522923
7 0.7849567309532388 0.28708966333685726 0.009246721332029393 0.016103400285864718
7 0.7723505650045934 0.2871897717869282 0.005015170891948087 0.01081396223576316
7 0.8519400995704314 0.28344154528988647 0.0067391358860552746 0.01269465132024375
7 0.8656516845811522 0.28337559352334935 0.008933273151282591 0.015163055743624481
7 0.8634104276547668 0.3122923405802553 0.010030341783896324 0.016103400285864718
7 0.8497295227153049 0.3129103321638867 0.005328619072694889 0.011636763710223461
7 0.9480675571381206 0.30795630741325847 0.01018706587426965 0.015985857218084723
7 0.9339429659334872 0.3079447540348014 0.006268963614935146 0.012224479049123603
7 0.9509280278725498 0.2785494134462632 0.009716893603149522 0.016691115624764916
7 0.9360999314593312 0.2787337947290554 0.006582411795681949 0.0125771082524637
7 0.9792904786980617 0.3732932746558339 0.005328619072694889 0.007522756337922243
7 0.9805077024666286 0.35351469445071343 0.005171894982321413 0.00905081621906268
7 0.9706207869714979 0.3541786346881134 0.004388274530454633 0.00846310088016248
7 0.9689527165830484 0.37380503908939927 0.005328619072694889 0.008580643947942532
7 0.9343769711068292 0.38880534289302077 0.01222447904912349 0.009285902354622781
7 0.9223212718473383 0.35521515083126465 0.004074826349707981 0.00963853155796282
7 0.91327949740272 0.35501623179348296 0.004544998620828109 0.008580643947942532
7 0.8814162842598863 0.389461669343883 0.013164823591363898 0.008698187015722583
7 0.8666424266740224 0.37454706737882093 0.005642067253441692 0.01022624689686302
7 0.8588088342235262 0.3762357694525942 0.006582411795681949 0.006817497931241994
7 0.8679771935103688 0.3549604741844079 0.0067391358860552746 0.008228014744602379
7 0.8584562050201862 0.356719702098849 0.0034479299882143755 0.00787538554126234
1 0.7707023853539936 0.36487118880357766 0.01426189222397748 0.039376927706311585
7 0.7925850698362545 0.39046239875623767 0.013164823591363898 0.008698187015722527
1 0.8592241530630154 0.36853983299480936 0.00814965269941581 0.031854171368389396
1 0.8670499093089931 0.37501462758176823 0.0067391358860552746 0.01069641916798311
1 0.863288531140032 0.35809495599187546 0.002977757717094247 0.01140167757466336
1 0.8670102389059459 0.35261220501589907 0.010784415890856821 0.013498183439330215
1 0.9167618550152302 0.3567619841652509 0.015179113539769211 0.03516946396044758
1 0.9211830821360176 0.37593627813572217 0.0130854166711968 0.016086659026975942
1 0.9748771303393153 0.3603164022019065 0.017806267806267796 0.041635243841126185
12 0.9772946927161569 0.4420476865179321 0.01740900670371702 0.019928731358202386
11 0.8249449681352675 0.46817215182420424 0.24532682866016203 0.16318963193963196
