7 0.3256310117885296 0.08394405470777787 0.03480509148766906 0.04684875806594183
7 0.11835209091912172 0.3858269888557872 0.024305555555555556 0.029961565338923836
7 0.15875813296411367 0.3836016804998973 0.02388765065213801 0.03178140993891363
7 0.19291418095948296 0.42769995146952633 0.022744220730797928 0.0289584886900323
7 0.22264083471850016 0.4672645184959035 0.021248647813320944 0.026979343738731836
7 0.10229789217927684 0.5676666337926728 0.022921205519244738 0.03691600096828848
7 0.09099132506292701 0.6331280714371329 0.03090165408126574 0.03693215869591271
7 0.1492654560562077 0.6126327008568584 0.017923161470823346 0.033056887823074935
7 0.20199894140297686 0.5650221633757411 0.028983491003524382 0.036789711247140255
7 0.19710848643919507 0.6312919218431028 0.029965004374453208 0.03762029746281712
7 0.24803093470856627 0.6045964269648478 0.01665823211875844 0.03139526165841954
7 0.10905570204350694 0.7045215947654971 0.016655374887082193 0.019497139415838555
7 0.17051212135276464 0.7036727621522941 0.016708437761069343 0.020247377703518053
7 0.23139342677780392 0.7028226105912471 0.015075784383109199 0.019462137296532154
7 0.09335384041759881 0.7604156534708038 0.014541387024608504 0.021501367138950997
7 0.09014945652173913 0.7994001610305959 0.011736111111111116 0.02370370370370362
7 0.1570416666666667 0.758724537037037 0.01395833333333333 0.02092592592592595
7 0.1520376302336116 0.799434845445329 0.01216996699669968 0.020718738540520785
7 0.21600259464728563 0.7599855693650044 0.019936943620178046 0.021087482140894547
7 0.21650023758266906 0.7985888882424053 0.012106412792614584 0.02555225848994393
7 0.5025819088319088 0.3743454993454992 0.02389408639408638 0.03157003157003154
7 0.5210447867797425 0.41994132349599694 0.020077113156100918 0.028828675301067967
7 0.5329047974549207 0.46223720013278824 0.01725460122699387 0.026769484208134506
7 0.5025338488325667 0.5679795385811987 0.06160830090791178 0.07285974499089257
12 0.36277435502502875 0.8434696729844976 0.02536848072562362 0.044784580498866244
12 0.33505920471716505 0.5129742983199087 0.08547155783345989 0.19008853196400644
7 0.5825117360282508 0.7010134866399105 0.015423310554290106 0.02378089935037548
7 0.6489153349292616 0.7015269750210872 0.0170376121463078 0.02084771106510238
7 0.63393621987372 0.5147214522214522 0.03024659274659274 0.03888503888503894
7 0.7525499832591956 0.5116826900081313 0.030734323432343225 0.03905390539053912
7 0.8535763068183103 0.03999424279608989 0.03923670541529971 0.05142316043043471
7 0.8466714160515602 0.13917240040353895 0.0279859886341367 0.04629629629629631
7 0.833598709794551 0.22296259204597813 0.025984931009440812 0.04417816509319776
7 0.9658699397071487 0.5051596766713047 0.032113396938978335 0.04025044722719134
7 0.9219756235827666 0.6531519274376417 0.03252551020408166 0.041383219954648484
7 0.910472442031848 0.7021059248782019 0.01998860600345738 0.022853475823772788
7 0.9848724803433353 0.7012398944687401 0.019763671613852 0.022563176895306892
7 0.91966437015285 0.7588012114214961 0.020018677475758927 0.02510199756265563
7 0.9240603860894749 0.8089856467499132 0.01996900333810206 0.027949981454988632
7 0.9921734257428461 0.7615694970798778 0.014334630911187989 0.02555107010124318
7 0.9914751683501682 0.8102123082678638 0.01515502244668912 0.03853348297792746
12 0.4364997897486987 0.8521796041228367 0.014206876743804346 0.05908161248218899
9 0.45269324066008515 0.901163658213963 0.01342310298102984 0.047481933152664836
8 0.3388161687631028 0.9809486373165616 0.0072569444444444365 0.04055555555555551
8 0.36725226167702857 0.9834039069557363 0.011616625816993478 0.038208061002178634
8 0.4355885218482811 0.9828768327385763 0.006313131313131256 0.03795581602185381
8 0.4482858377055796 0.9816462348232604 0.008278540118162741 0.039146972873388
1 0.08874014163374848 0.5828257011940217 0.0441066066066066 0.14333978208978196
1 0.19303224804692698 0.5870230542242385 0.03830699506454063 0.14503279760398216
1 0.5832851160669722 0.5578506916074919 0.017637358901128802 0.08409266059204856
1 0.5835545803391009 0.6835117215553503 0.010868728839642945 0.01508066584590124
1 0.08304845114423368 0.7730328597389285 0.035514622854561875 0.09539935260463712
1 0.1476793998008887 0.7638615779174884 0.02853218817703497 0.09014237078303936
1 0.21035204567181315 0.769056385044757 0.026685738895041233 0.09676434676434668
1 0.5771293540764396 0.7816368665973079 0.019360971990354237 0.10132628454832127
1 0.6474210483229725 0.7778470289748063 0.02069579701158651 0.10281131333762916
1 0.7229232057801623 0.7621999309017996 0.014930555555555556 0.10289053279379536
4 0.10396056042730799 0.9424569214525442 0.031893971038707884 0.11486006683375112
10 0.19335330161745745 0.8889536669775971 0.16685185185185183 0.17951427255985264
14 0.4977145727707444 0.35218562685962895 0.10046746177796216 0.09145853056151265
14 0.4447705425758861 0.4027767068479536 0.010160446706248254 0.01931957402695314
14 0.3938681138479887 0.39226825731745224 0.023541542436891265 0.044308619890015236
14 0.3890753507498791 0.3471415900661183 0.011726939203354271 0.019741439552760302
14 0.3798526879305182 0.34787111909753415 0.005699685534591165 0.024196366177498294
14 0.3542246530097232 0.3465140156856924 0.011481295925183706 0.024864543902620065
14 0.3676024889284743 0.35829890233141176 0.004662101981741292 0.01131893416462554
14 0.4769888117283951 0.3869032921810698 0.03366126543209873 0.04102366255144037
14 0.5305615138387255 0.4018854164694309 0.04486236598705654 0.0866125993924337
14 0.5404748247639288 0.449394108339858 0.04119921952475147 0.08083988171532305
14 0.493395660800552 0.4412067230273752 0.04013888888888894 0.037017195767195796
14 0.47761737339299665 0.49017054557220757 0.010754048582996016 0.018743439796071366
14 0.3995914966718698 0.43453705198820647 0.0079558910597987 0.02129794092493911
10 0.6070086540433748 0.8892473699516398 0.1467606217943483 0.1826622530642632
2 0.6324378958155634 0.49270673536061704 0.03067228892700587 0.0705958960675942
2 0.6349010547201337 0.568703007518797 0.01827485380116956 0.05433723196881096
12 0.6873139751498187 0.5073458430399083 0.06626148593765867 0.1874696229877661
2 0.7518029220977719 0.4901675102887966 0.031219149206220386 0.07242735281523206
2 0.7554079682865615 0.5666653991431542 0.022173739447866738 0.05142976652216896
14 0.14646556634721591 0.37316983996667114 0.0889252367129437 0.08898355977532153
14 0.19332731927855387 0.4157052698322338 0.06276247638483554 0.07961159516323843
14 0.14146133174509612 0.39399608125661767 0.02860131766381768 0.022455682177904425
14 0.23022287805151448 0.4490136174767247 0.05859488433616341 0.05275624461670979
14 0.17803509723561553 0.4362693012845696 0.020444368548876747 0.02074478850435134
3 0.9222523069064918 0.5825592113297422 0.03381929231597967 0.16871671929339044
2 0.965849066729939 0.48384290330599045 0.032764727815063406 0.07401193139448178
2 0.9800733526420923 0.5679596336840458 0.03302417088251827 0.05504028480419707
5 0.9262707152914792 0.7858610615317757 0.029852995733630098 0.1093643727199654
