7 0.8305776014109347 0.4558715461493239 0.09672619047619059 0.123015873015873
7 0.8177196804647786 0.26425199709513436 0.09232026143790853 0.12200435729847499
7 0.8368259803921568 0.12540849673202614 0.05106209150326811 0.13507625272331153
7 0.7905433006535948 0.15059912854030502 0.013480392156862643 0.037037037037037035
7 0.5246323529411765 0.18442265795206975 0.0702614379084967 0.130718954248366
7 0.249124649859944 0.22808901338313098 0.07352941176470591 0.13616557734204793
7 0.17015931372549023 0.3823529411764706 0.08251633986928106 0.1160130718954248
7 0.1559912854030501 0.5598765432098765 0.06944444444444445 0.11928104575163392
1 0.13993857036485483 0.42669810540249853 0.13194444444444445 0.39596949891067534
7 0.46710208704694006 0.5030080213903745 0.09035669191919192 0.11994949494949496
7 0.4736302166400851 0.32509857345383664 0.08601641414141414 0.1173190235690236
1 0.46398133116883106 0.36432028619528606 0.09509154040404037 0.4035143097643098
1 0.817002118644068 0.2910014694972322 0.10456123737373733 0.4198232323232323
