12 0.16297737724699926 0.9648101702704415 0.019033776301218157 0.03778751896968957
12 0.17458964646464648 0.9612079124579124 0.005555555555555556 0.00722222222222218
12 0.17520833333333335 0.9669074074074072 0.002326388888888885 0.0021759259259258416
12 0.17540972222222223 0.9702222222222221 0.0012152777777777778 0.002407407407407534
12 0.7004721866839085 0.9823912527599515 0.020468205819570862 0.031527824588997604
12 0.40764907890551133 0.5990762876723869 0.0992361111111111 0.21907407407407398
12 0.721213790226264 0.5800040142306182 0.07508091442899369 0.22365318906605916
12 0.7773452388455224 0.6187267089611577 0.013342869447520576 0.07311020876912351
9 0.765021156922752 0.6961288617685512 0.0680179127725855 0.25703703703703695
9 0.5283341153331963 0.706149975433064 0.06611111111111115 0.2481018518518518
9 0.30392131372582426 0.7159833518827678 0.07357638888888893 0.24018518518518517
9 0.009871291977762996 0.13961019419653728 0.014100079507056251 0.07257859603789835
9 0.056044838504871936 0.11288257159165903 0.02041596429130326 0.04546080050326335
9 0.2405194898149416 0.10290977707264856 0.020703299776286363 0.08077460850111857
9 0.323612975020405 0.0928135386760881 0.023194444444444427 0.08203262786596117
9 0.38344106125356126 0.06798907882241217 0.017604166666666605 0.041435185185185186
9 0.3781979166666666 0.0821712962962963 0.006493055555555571 0.008194444444444452
9 0.37870486111111107 0.10830555555555554 0.01256944444444446 0.044629629629629616
6 0.050174953993853126 0.13447305018248756 0.0405170401493931 0.05645930594460006
6 0.20554938379157714 0.11220446172907812 0.03661597729115979 0.061296296296296286
6 0.2940472031370016 0.10264901615491738 0.03729872702748271 0.06235759849378968
6 0.38613835470085467 0.09513746438746438 0.03739583333333335 0.062037037037037036
6 0.5674312943262412 0.07253250591016547 0.02312499999999997 0.05722222222222222
6 0.6677182575098924 0.05242723518529313 0.022982035191337503 0.07608383577375825
6 0.7739801027516544 0.04421078602113084 0.025574712643678135 0.06449553001277139
6 0.9618260321369928 0.020803066437302894 0.025937500000000096 0.05236111111111111
7 0.3886362067339028 0.15872928887516718 0.0411020776874435 0.0803470340258958
7 0.9065549516049144 0.09599379935227341 0.043232907604113927 0.09060185185185186
7 0.9063325471698114 0.19805380852550655 0.0296875 0.08125
7 0.8988956412252521 0.28715246939976397 0.02710985384252701 0.06587563518256587
7 0.02213657407407407 0.5906697530864198 0.020937499999999998 0.02495370370370364
7 0.674002070702479 0.5614027637816196 0.02771579303556043 0.040600137452094454
7 0.1774975071174179 0.633867226966826 0.03264435695538058 0.025298920968212343
7 0.18268903574754636 0.6161546513201359 0.01563731284475968 0.007004640574380603
7 0.2860416666666667 0.6085648148148148 0.011458333333333333 0.00620370370370364
7 0.2854128619426009 0.6284843789452914 0.02838193723318333 0.03027777777777782
7 0.5815603455186789 0.6059436962214739 0.028788029100529005 0.038745590828924245
7 0.8176336752823207 0.5979868171932834 0.03242450825329352 0.03971053192022217
7 0.04376398210290829 0.7150173268412511 0.019388516032811335 0.03169276659209551
7 0.12296124369009127 0.7655579424498515 0.024247064828994386 0.03807214565254387
7 0.22883522727272726 0.7580808080808081 0.02184027777777777 0.038425925925925926
7 0.9907280448350736 0.7423797287418028 0.018561607308477175 0.045059667346812604
7 0.7185819892473119 0.7979181600955796 0.010416666666666666 0.03467592592592597
7 0.7094191919191919 0.8035269360269361 0.006597222222222143 0.023425925925925885
7 0.6515387426900584 0.8047758284600389 0.005798611111111127 0.019537037037037058
7 0.6457954545454546 0.795441919191919 0.0045138888888888885 0.03138888888888887
7 0.6401066468253968 0.7997453703703705 0.005347222222222175 0.013935185185185143
7 0.6407031249999999 0.8101041666666668 0.0036111111111111426 0.0055092592592591964
7 0.17158335654956547 0.8031801535637467 0.019634842921256633 0.039157486740106044
7 0.23095196759259254 0.8026612654320989 0.01861111111111112 0.04009259259259266
7 0.15364600068547438 0.8714940842133824 0.013053467000835421 0.023902348463751943
7 0.15013638866414955 0.9166928862519478 0.010745347896440135 0.014102391226177562
7 0.1508996212121212 0.9055050505050505 0.009548611111111112 0.00791666666666673
7 0.5242377021563341 0.9111281654520647 0.008563566936208468 0.02208745133273432
7 0.5164093636970994 0.9183618617580882 0.010061021263851444 0.01035739243286413
7 0.648900018369045 0.9088445150392052 0.008340356791684182 0.021538605609402094
7 0.6382787259446551 0.9094082569114174 0.0064089057451889335 0.02118743269185746
7 0.7112461419753086 0.9085185185185186 0.007152777777777826 0.021620370370370286
7 0.7223169191919191 0.9109638047138046 0.007083333333333365 0.020462962962962985
1 0.145800835939154 0.8651528585332594 0.02623289806367638 0.07170187484161543
1 0.1384375055854296 0.9165400135922759 0.028444627008201332 0.038590841852975344
1 0.21199826771760727 0.8552931607176888 0.012745378311416053 0.04820214725875105
1 0.2058989778081775 0.8884487257435273 0.0028499772001824098 0.012856563814156103
1 0.2122153477317636 0.9093154527491052 0.009832421340629298 0.021406495414703387
1 0.19936458333333332 0.9019629629629629 0.015312500000000008 0.0540277777777778
3 0.9904212429709136 0.6585582828926723 0.0184674743313541 0.16480355467361224
3 0.2201866945761446 0.7157800318092145 0.04289691481446221 0.15356253298587236
3 0.11870840979077027 0.6497761642622121 0.01486965325234119 0.018033409263477584
3 0.11655653224236705 0.7458218798038547 0.04658048278540213 0.13050521706030285
2 0.17451848625629113 0.6026655769203194 0.026253387533875325 0.037413429689852534
2 0.17816487953928192 0.6335049227634614 0.03264435695538058 0.025298920968212343
2 0.15377482142132243 0.6838842712749965 0.04101567987076835 0.05023061428842052
2 0.2783756038647342 0.5936805555555558 0.021875 0.03939814814814821
2 0.2869745609480606 0.6284893749025846 0.02838193723318333 0.03027777777777782
2 0.26314709595959596 0.6772348484848485 0.037256944444444426 0.049861111111111134
2 0.579442059984474 0.5880510501239491 0.028824926900584795 0.07165391949062368
2 0.5741386592209524 0.6626708459923089 0.03486092617251073 0.053139024510529174
2 0.8157297551789076 0.5775776836158193 0.03246527777777778 0.072037037037037
2 0.8239088962995401 0.6586054886561047 0.040869800785552475 0.058286703970157165
