7 0.26165141872182446 0.5082068195880844 0.08717846725006632 0.06339498806682574
7 0.8331836109613888 0.3150927369677368 0.10552218885552214 0.08101851851851853
7 0.808284202569917 0.2008021541950113 0.09958427815570671 0.07568027210884352
7 0.7730608861043966 0.13657288275122093 0.07570338578922267 0.06154625655698616
7 0.16728385465781062 0.20357020981201698 0.09491351509821166 0.07109352096159482
7 0.21923028470647518 0.1343589905097842 0.06584362139917696 0.06082818930041151
1 0.15828881766381767 0.1960011017628205 0.19675925925925927 0.2745225694444444
5 0.8083162352693603 0.2143012152777778 0.16493055555555555 0.2669270833333333
12 0.2260828361918965 0.8171785248914022 0.06863506863506864 0.07260101010101007
12 0.06124578211999151 0.8315471698967207 0.06592159277504106 0.06507367291178746
9 0.2106446567230881 0.9404694570135748 0.03322440087145969 0.0665849673202615
9 0.019027347781217754 0.9236326109391126 0.03404139433551198 0.07169117647058824
