10 0.10995421499561957 0.4576739895402388 0.17317548752549683 0.1631725354501662
12 0.258741633310426 0.5282838565842406 0.02323539710001647 0.05320755753281708
12 0.3444132126628115 0.5310902118938765 0.01744263882023398 0.05363665073872688
10 0.5115217523863858 0.46882380831098097 0.14604959630911185 0.1488641492402588
12 0.6779993967614114 0.5333828696637872 0.014927242435892961 0.05417496766977739
12 0.7692134384074139 0.5373693056032429 0.017694243472790222 0.05203903704480403
10 0.9133903058654962 0.4638721754429532 0.16522213197743624 0.1629042008329718
7 0.7945761655145697 0.32590030794589664 0.024879811372753212 0.04044564207775772
7 0.26613149582387485 0.3166326801232701 0.024861000207020954 0.04892102642967694
7 0.16918509117217873 0.3101587665685901 0.02560036080797326 0.054589457703644574
7 0.07539298505937468 0.3095171135508185 0.030319221114051154 0.05547922744645727
7 0.34941704799310475 0.05445576068865755 0.014894582400434246 0.024241242056222728
7 0.674498266946818 0.0580879551034228 0.015948749287725758 0.025187668778026435
7 0.09790958962244269 0.13993028812072028 0.030186707035755475 0.03853256989070138
7 0.09283584757432387 0.20287118115219943 0.025938684297248313 0.03827511396715551
7 0.20729635808571797 0.1402810579569519 0.025101952545724168 0.03836093260833745
7 0.2044898450619297 0.2053475749916154 0.022784849233811178 0.03853256989070138
7 0.39966187354732213 0.1384230691176125 0.028272162324701713 0.03740568682651606
7 0.40420940276474426 0.20666608345538268 0.014326741216563646 0.03580777399120857
7 0.3867499661907885 0.2036237664089481 0.008171145180549651 0.028326636625905358
7 0.506444899226472 0.14232021420700255 0.028435585228312747 0.03762358403133069
7 0.5159522543644809 0.21283908436689242 0.010513540132307224 0.036461465605652534
7 0.4982051974852651 0.20701351878955532 0.009859848517863192 0.03609830359762813
7 0.6107184197363696 0.20796530964036272 0.013836472505730696 0.037914113637750234
7 0.6279140546773301 0.20762185623467133 0.00806219657814233 0.03144982989491546
7 0.6173759810821645 0.14261599031374292 0.029034802541552968 0.03834990804737957
7 0.8113202169351056 0.14377769764214668 0.020852086447382512 0.037919140701345826
7 0.816805520656356 0.20820414225963932 0.02250229950505889 0.038763085278787614
7 0.9320985311646732 0.20973778755927264 0.028720897461992585 0.03953404625091986
7 0.9246258730048067 0.14644693532874897 0.025672197347431182 0.0398810120143957
1 0.9378543231433889 0.1660283019361644 0.04588282053679966 0.14285046291966708
1 0.8233397298096161 0.15673649321509378 0.039038647465906726 0.14412231155437952
1 0.6192903145701647 0.15334737443835092 0.029771266795488204 0.1445497985290373
1 0.5070639563642941 0.15909151292527787 0.029338316902787678 0.14629714260843074
1 0.3954106854788741 0.15056726918269575 0.03073210708431976 0.14400020546441963
1 0.19951960296190188 0.15706607160750075 0.03756146421416862 0.14549499972286664
1 0.08967253081803941 0.15349658562295204 0.04439835926579435 0.14398435650068364
