9 0.42170654014078235 0.7310276493157513 0.010564201200676138 0.030640231068627663
9 0.45799743963203404 0.7298555409254293 0.009538900436717925 0.0307208994708995
9 0.6666426401289683 0.14401145006613755 0.010590277777777846 0.020899470899470897
9 0.7001698532948533 0.14781144781144784 0.00992063492063492 0.018716931216931226
9 0.7504545035068293 0.15245939461055735 0.011954365079365146 0.02070105820105821
9 0.8603737175764617 0.16328639179248935 0.013591269841269887 0.01984126984126984
13 0.1523687893930953 0.42616165003541195 0.043890566698003765 0.06695944638017817
12 0.20577048718108193 0.6939527107907416 0.020709325396825396 0.04399220649220649
12 0.46333671118367314 0.6846648394828267 0.019270833333333345 0.04286733965534826
12 0.5784566917831161 0.6808505864563831 0.019522911751488594 0.04315597191189094
12 0.8923594329588324 0.31630349995219437 0.03480036787652333 0.06098666534803608
12 0.9218826471560846 0.31617898690815355 0.03787011599511598 0.06031746031746031
12 0.9688169337316117 0.29681167529899066 0.05149252558850454 0.0905974303433011
10 0.49267623716153125 0.6632155176885569 0.010349191760037381 0.024072128851540604
10 0.5020752414370269 0.6927532594158496 0.046701388888888876 0.09697729519158087
10 0.24494897183854988 0.6711557000760484 0.011841826324297098 0.03299747447980608
10 0.276710371814139 0.695247778867155 0.08894565983748416 0.10285643729873722
6 0.2512755344800933 0.32388973822561645 0.020578775075177944 0.01256930963165976
6 0.2571272413286302 0.31117357436801885 0.021378968253968265 0.01263227513227511
6 0.20835993867243868 0.15262325637325636 0.015352182539682534 0.03898809523809525
6 0.333052712047073 0.16374378255643918 0.015042566734296074 0.03497500364668285
6 0.4343460039829285 0.17121534583621784 0.020982142857142835 0.02887920600338903
6 0.4919858958441802 0.17238041838546464 0.018438697318007628 0.020799124247400103
6 0.5538580780711531 0.17475477322127841 0.013998184019370462 0.02342839207245986
6 0.6499208914887792 0.1898102536033571 0.018774801587301656 0.03376322751322752
6 0.7007695152156505 0.19301697204838525 0.02285458567484966 0.032041802228137635
6 0.7502464849108371 0.19761904761904758 0.026984126984126916 0.02976190476190476
6 0.8351907085842213 0.21108787173658658 0.013235608400847133 0.021816492134729613
6 0.8441161042140235 0.20095458283952777 0.005433885100347744 0.019509367734581954
6 0.8522114221045415 0.19574707347919443 0.004037467700258382 0.014004649867562956
6 0.8966975857558022 0.2046729808936125 0.01688070650622876 0.021448082727909202
6 0.8792292097998619 0.2082456291695422 0.011681547619047597 0.0067129629629629475
6 0.8837807953042329 0.21922536375661375 0.00627480158730152 0.009391534391534385
7 0.27556783968013104 0.1427045949048984 0.017086374256328734 0.018717232298415907
7 0.5070791062068135 0.16596816083991378 0.01544926461500435 0.018060926014207442
7 0.16376415195111088 0.24458047291672658 0.021997929606625277 0.045311551850787245
7 0.4399021914840579 0.26275773918362916 0.021930438842203564 0.04447751322751323
7 0.2790247771837808 0.4348865206745158 0.016138416036196437 0.03138512922391428
7 0.6070309996639391 0.2675409460244516 0.02300649457222576 0.044303377021249965
7 0.6908112414316717 0.2752990562326895 0.022495039682539637 0.04447751322751323
7 0.769982424806702 0.2788420316463915 0.022732272256728747 0.04400489664464819
7 0.6741461823927103 0.29863254458161875 0.015972222222222245 0.036011904761904794
7 0.6636337868480725 0.3137282690854119 0.0018849206349206124 0.003736772486772472
7 0.6476057974559684 0.3239735087337828 0.018849206349206348 0.03501984126984122
7 0.8683633426497775 0.2871130575851061 0.03248989679910721 0.049761780365228686
7 0.885919635919636 0.2988165934594506 0.006417193917193972 0.019135956635956613
7 0.9101762784650473 0.26019342549126373 0.036136210059113966 0.051438768339079864
7 0.9584556878306879 0.23141387419165196 0.0371428571428572 0.05428571428571428
7 0.5933121857479332 0.3774285769028759 0.012284898383029147 0.026771806853582547
7 0.6749617089997577 0.381800347011861 0.01334741912031986 0.025916501743473742
7 0.7538855820105821 0.3852308515998991 0.013888888888888888 0.02599206349206354
7 0.8903161679742141 0.3928850169271625 0.015257252326217816 0.025497172048896195
7 0.9629716829260442 0.39636122648293043 0.01648877941981393 0.023809523809523808
7 0.9342608897693645 0.42226746887763844 0.018228593440457845 0.02868678716136343
7 0.8918601190476191 0.5091785714285714 0.012103174603174649 0.020205026455026424
7 0.9441299957482993 0.5102489606953893 0.013913690476190453 0.01970899470899468
7 0.9428037898364137 0.5661846816828986 0.029036004645760727 0.039031290998246176
7 0.9836236414237498 0.5527266563321979 0.03229988314344152 0.04135288516679101
7 0.2103338842956957 0.4952979576484028 0.007991162519543153 0.023131586153289044
7 0.21968586072255228 0.49530925900962913 0.006541987969366944 0.022027453162678512
7 0.21002698852529514 0.5362376032788593 0.008307920869497233 0.023213308311830463
7 0.21977810520760027 0.5359539820306886 0.006047677691766339 0.021869379935882356
7 0.2793745046457901 0.49606185874967185 0.008736452288205205 0.022303486410331145
7 0.28854404867122135 0.49587262098309925 0.005631078252113312 0.020316047027232338
7 0.279638387147613 0.5370706259248567 0.00861223732676152 0.02324199945235002
7 0.28926798021121886 0.5372498799043038 0.005010003444894945 0.02059208027488497
7 0.3464826926296245 0.4951503345558954 0.0077567380419729095 0.022282589396683403
7 0.3563510135597863 0.49444013250341146 0.005060189623948012 0.019264230673626655
7 0.3469385540674603 0.5369646990740742 0.008134920634920623 0.02285052910052907
7 0.35727137445887447 0.5380531505531506 0.005084325396825397 0.01521164021164021
7 0.46033078877998984 0.5003904424565845 0.0087778572753531 0.021530593316903848
7 0.46831570769035985 0.49994528407624317 0.0042233086890849985 0.017886954447889323
7 0.4606015512265513 0.5397832491582493 0.009250992063492051 0.022056878306878247
7 0.469358683644398 0.5387879867046534 0.0036316609977324744 0.018463403880070596
7 0.5820336619585237 0.5011273549586762 0.00998051802880778 0.021624455729083544
7 0.5908142306218263 0.49751884321803846 0.0029941554086423228 0.008450171931057203
7 0.5908605291360154 0.5056574011973073 0.0025200808022740077 0.00618792117786077
7 0.5835633681732325 0.5403441663880078 0.009475345461775456 0.021539583126221944
7 0.5921970098640245 0.541448969597891 0.003469115551578987 0.015878538843048216
7 0.684410785602217 0.5043159219186178 0.010828010065814908 0.02125274228932765
7 0.6862272045402446 0.5422369228339377 0.011361461921163411 0.02213444377623484
7 0.7414012896825397 0.504363425925926 0.011011904761904785 0.021296296296296327
7 0.7428091522694902 0.5423796451104643 0.011578374305942576 0.021372152386456723
1 0.21466578925460506 0.5106823224696032 0.01840277777777779 0.0912200372726689
1 0.2840936148649315 0.5065859033142808 0.01801729660474057 0.09098098158906881
1 0.35157888808772086 0.5080476411374344 0.017826140873015872 0.08789974323062565
1 0.4641517857142857 0.5124531949531949 0.016567460317460307 0.08726851851851855
1 0.5868873337623336 0.5125594344344345 0.017757936507936598 0.08482142857142858
1 0.6888238483588887 0.5121938309269846 0.017949396739828063 0.08267195767195767
1 0.7453854581439167 0.5107120303966588 0.018150535067828204 0.0740939650714087
