7 0.34150663008687693 0.5992406107390372 0.06853667392883081 0.06989832970225128
7 0.4582652505446622 0.6888919147906075 0.031771968046477875 0.04690147664003874
7 0.5494548037079754 0.7254154385065573 0.02360203340595501 0.03903413217138705
7 0.7036253053409918 0.7564204132831583 0.03131808278867104 0.04115226337448551
7 0.762371956579903 0.7736752920791449 0.0279139433551197 0.036310820624546145
7 0.7838031045751634 0.7947026547244411 0.020424836601307245 0.02329944323408376
7 0.8879962478818689 0.8269385943677883 0.022240377632534426 0.020878721859113974
7 0.9257775403608739 0.8204499748617398 0.029956427015250458 0.023904623577826207
7 0.7259353741496599 0.8918367346938776 0.009282879818594204 0.02173091458805745
7 0.7344622143729285 0.8921121867550437 0.012755102040816426 0.019935752078609214
7 0.6969018047498634 0.443642884294379 0.041973449352967485 0.07362784471218202
7 0.6158313810798749 0.36665179235460366 0.04532016956715752 0.07827606723189054
7 0.5079519466755913 0.25374646735088496 0.048806336456938874 0.08943180127919084
8 0.3465532450468008 0.8117169122351157 0.02518583724569636 0.18518518518518517
8 0.41995413841071116 0.8229124403485383 0.028853677621283286 0.15616849243609812
8 0.44664858056722406 0.8249938225846306 0.026897496087636974 0.14280125195618157
8 0.473250258049479 0.8262300358494542 0.026408450704225334 0.12976004173187272
8 0.5254086245870285 0.8308772387410885 0.026652973395931194 0.1242175273865415
8 0.547662906451052 0.8339582246565815 0.027142018779342674 0.11834898278560249
8 0.5689019452633112 0.8431824798922736 0.02787558685446009 0.13302034428794998
8 0.6230188671712817 0.773011082367219 0.04401408450704222 0.19072769953051638
8 0.8656291249320598 0.8376200274348424 0.030791404612159408 0.06464011180992307
8 0.7959324491107053 0.9187546493541623 0.03455843815513633 0.0530660377358491
9 0.39300374621393275 0.3769830726629706 0.05015432098765429 0.12406197046719927
9 0.6372407180464776 0.5286250302590173 0.03835330428467682 0.09440813362381993
9 0.716230936819172 0.5869660964522984 0.03676470588235298 0.08412006778019845
9 0.8261846405228759 0.6636490174071873 0.029275599128540365 0.08200193657709999
9 0.860243491983688 0.6832369700016757 0.03653776325344956 0.08200193657709999
9 0.9010378842895181 0.7207445735495844 0.03290668119099489 0.07625272331154687
12 0.3731060606060606 0.349719416386083 0.03598484848484844 0.08249158249158246
12 0.42839722006388664 0.30427494316383213 0.0696548821548822 0.14534231200897865
12 0.5277386265758358 0.4039229504345783 0.10816498316498316 0.14702581369248038
12 0.6011409136409139 0.49179482512815825 0.07091750841750842 0.09680134680134676
12 0.7738304764819917 0.5684198891269597 0.08775252525252518 0.06509539842873172
12 0.8100596609368539 0.6093340815563035 0.09722222222222222 0.06677890011223345
