6 0.9405626453523629 0.0985533781077287 0.09906686774375344 0.048106482564359454
8 0.3006811764463406 0.6363615284733815 0.006183144747418552 0.005101094416620337
8 0.2706628674677274 0.6606126594736083 0.04830581833920736 0.04202606195511041
13 0.8846870435871621 0.7872335985172392 0.060299804648566685 0.044257977308439285
13 0.9566135142087281 0.8321320417868974 0.05721392943594994 0.039133514470230564
10 0.5321402759487555 0.7341300240642814 0.139383015701786 0.12428053256226626
10 0.4090623806343083 0.6054491342938625 0.21369066596942363 0.16368234909493592
10 0.18571445021218874 0.3715995461719703 0.31988483581620836 0.25115711010265335
10 0.2435058948347857 0.36106217660675377 0.048253676470588244 0.0471686070261438
7 0.9587275741766846 0.6721232569694221 0.024667055506950596 0.017588947214931414
7 0.9695570037710958 0.5693301823891255 0.044790725685034526 0.0341011743450768
7 0.9771004801097392 0.4153930238999686 0.05573559670781894 0.04697145061728389
7 0.97940777081962 0.17896430573232844 0.04790210492488153 0.04460927490454261
7 0.33243351811681526 0.20488069414316695 0.04278139310677271 0.04180224150397684
7 0.39109459811583663 0.29230129235131863 0.040271884331290274 0.03863348511669749
7 0.5003442676861101 0.46404981017564256 0.03768593391234897 0.02845163222521718
7 0.5300046296296296 0.5090289351851852 0.03537037037037041 0.02638888888888889
7 0.6114590056624415 0.6389915978888294 0.026521237589090706 0.020393029291805694
7 0.7011872703974481 0.3018130872654936 0.05162925864094484 0.038374142088666276
7 0.755814922510436 0.5259905432987682 0.04398639616261701 0.035570004718093885
7 0.7734544489706732 0.6842545769536921 0.029030294517020105 0.020104649529428305
7 0.7445119902478576 0.7142526157511537 0.027646573699205187 0.021051225820962728
7 0.73359905233241 0.5730847723177063 0.03653776325344956 0.025133896151052996
7 0.6966056759618408 0.6084694086093231 0.03753206874524922 0.025884875022805984
7 0.6894931918917663 0.4518335226086049 0.0420611714471363 0.030414578111946533
7 0.6457719213032749 0.49347532073828443 0.04077968155070961 0.030300817757009293
7 0.6713546648117555 0.3950501888724651 0.04448687231706109 0.0322420634920635
7 0.6206888652464356 0.4405392291567466 0.04417217008457886 0.03419736509310122
7 0.6244137942585334 0.2655564348641678 0.05289460020768428 0.04040109034267911
7 0.5651572778798298 0.3185458468748529 0.053302560720958334 0.040028437190900074
7 0.5926252448922473 0.1697068289952421 0.05819106259912301 0.04574237335572347
7 0.52560706401766 0.22938741721854303 0.05702722590139805 0.04541482707873436
7 0.5518635047015681 0.05237093874406061 0.06314536573301173 0.05072110925616769
7 0.4803494251533325 0.11873327350239621 0.06281842085401532 0.05149482109227872
1 0.7699735011928585 0.7006042789311377 0.08490434134016679 0.06749175110896782
1 0.7287317375460484 0.594053745554448 0.10141222523336353 0.08157827613538184
1 0.6847984413377022 0.476601702794135 0.12719860800397723 0.09537607188469263
1 0.6685594869793949 0.4183894365972002 0.1340101462564381 0.10376005365452477
1 0.6178921233704963 0.29815339439718136 0.1621198875646028 0.1209705180640763
1 0.5951242171631027 0.20258626506630084 0.17928371974902102 0.13524600146630808
1 0.5396203302134094 0.09732046485935122 0.20462540017755715 0.1438974504337695
