7 0.22732422746541725 0.06125195225345826 0.028726015171798302 0.044437007288412905
7 0.3004822319581355 0.11113477478939326 0.0211958946898706 0.036999851256879365
7 0.2816538070644846 0.39632723539294373 0.01147900981063196 0.013974446725986746
7 0.38306736223402893 0.035297049185938074 0.025233566900233564 0.04156934712490268
7 0.45602667885276577 0.02326601964283124 0.01579704704704699 0.023043877210543875
7 0.4757564277240204 0.06537015410472201 0.020176426426426433 0.033366700033366704
7 0.4759261517982449 0.1249751540449215 0.019690419399721687 0.03304512025442259
7 0.5129865259906046 0.161518437670207 0.017616421568627378 0.029020288671023967
7 0.5129660651222855 0.10715077921849742 0.018510008169934623 0.030467047930283212
7 0.5447448624172762 0.14422771779093616 0.01657088122605362 0.027713920817369078
7 0.5456434139252214 0.1933875016514731 0.016858237547892684 0.028799489144316726
7 0.5726927426217028 0.3008307582068163 0.012847642079806576 0.017466075507187928
7 0.5890660378223286 0.23581662679096885 0.013309087075690467 0.023631316325813462
7 0.5885281233162323 0.1936544563398173 0.013836179633143549 0.023719165085389002
7 0.609387474796682 0.2152684745395742 0.01132246376811597 0.02178649237472767
7 0.6108269394714406 0.2532946149474283 0.008347541915316805 0.019240788102680678
7 0.6249826253752919 0.2712886772016095 0.012654518329070738 0.019003978402955375
7 0.6270661349100104 0.2345121225643314 0.009036144578313256 0.018462739848282044
7 0.6507529563932003 0.2963258089020284 0.009950880758807616 0.017855126467931318
7 0.6490871694017863 0.26192485111579505 0.011327066395663919 0.016725948509485094
7 0.6450884430782505 0.24793473028656116 0.007078142695356683 0.011115305566041735
7 0.6769410507411342 0.10387683175663143 0.014375811537748164 0.019708773882396582
7 0.7368450767841009 0.23297271332501687 0.009485094850948568 0.012345679012345687
7 0.7549006323396567 0.27017464619090636 0.007678410117434472 0.010689551339957859
7 0.7764259008330824 0.22729515875405668 0.009428635953026307 0.013700692562481168
7 0.7886712084713439 0.2657081200441634 0.008807588075880802 0.00971093044263777
7 0.8243951840560071 0.260938911472448 0.007960704607046093 0.010764829870520926
7 0.8170110659439928 0.22015206263173748 0.010049683830171654 0.013775971093044261
7 0.9922288359788362 0.20322444597806916 0.008152173913043568 0.01073537305421363
7 0.9919987922705314 0.21515476829486488 0.00845410628019323 0.01073537305421363
13 0.7666738679317376 0.35042482565100413 0.014009399855386878 0.02580943199164454
13 0.7983894570120166 0.34792089889703776 0.011674499879489039 0.02520687715915481
13 0.8327769419759132 0.3452056072586477 0.012277054711978824 0.027315819072868952
12 0.2536901755651756 0.3830342111592112 0.01353753306878305 0.025628306878306892
12 0.30684730489417994 0.39796902557319214 0.013330853174603164 0.016534391534391565
12 0.4485804738562091 0.4262387825500569 0.012710813492063504 0.01708553791887126
12 0.4694733796296296 0.4294073339212228 0.012710813492063504 0.016947751322751285
9 0.43520426332926326 0.43047712318545656 0.00816385582010576 0.020943562610229303
10 0.25065889913556544 0.2594563989006028 0.18510853568800587 0.22718910963944075
8 0.56018002586539 0.4733503934841229 0.004282235430080859 0.022976170821638834
8 0.5685794732648534 0.46797871907698124 0.003508337460789177 0.035977656705739915
10 0.47436471193415647 0.3500617283950616 0.09593621399176955 0.13648834019204387
10 0.5794733562003297 0.380276278302594 0.05965099715099716 0.07775403608736944
1 0.484517996437565 0.09131663844212212 0.03454947484798225 0.12737239727289476
1 0.5214082581882253 0.12911786553344393 0.031958264234383665 0.11447392666298138
1 0.5514729592776854 0.16348811498065222 0.028157822001105615 0.09696885940667034
1 0.5945904008223986 0.2077494270040312 0.02418463239358767 0.08476137829371658
1 0.6135798964116616 0.231751868675944 0.022629906025428425 0.08061544131195872
1 0.6317368782037396 0.24961494958246092 0.021862139917695422 0.07681755829903977
1 0.6540734917307245 0.2749825296995108 0.01916152263374479 0.06498628257887515
1 0.6923749237921046 0.3179933191078595 0.015560699588477354 0.05521262002743483
7 0.6892701525054465 0.3062615992899217 0.012474279835390926 0.013888888888888888
7 0.6889373033163884 0.3336157508270798 0.008616255144032988 0.014574759945130335
