9 0.07500610103588091 0.45091994986470924 0.012193550761981893 0.043712729146727476
3 0.2852488115803691 0.2733927154070024 0.018767649047448598 0.14500391096262713
7 0.32547826432804366 0.2513323787933023 0.015282583621683984 0.019992310649750107
7 0.33691250250445387 0.3002975561945298 0.010813148788927335 0.02132170183732152
3 0.34799975167629454 0.2941875993000379 0.01799772415875153 0.13604731272690682
7 0.41521442454977636 0.2803536084005135 0.011649880540451494 0.018365189212940065
4 0.22154958028007646 0.45989049730078724 0.03485919266452087 0.10391937456489764
4 0.26465789471934315 0.46148107643318065 0.03508472310913764 0.09949953220369186
4 0.306510614268553 0.469811813989601 0.034379737151694297 0.0962700524315655
7 0.3188250794898617 0.5120587994572062 0.007234557508155358 0.007840661256610362
7 0.33261703972501183 0.5128292423016689 0.007737494661128706 0.008046994447573837
7 0.30039113769239956 0.5621594479576821 0.00694465159288867 0.010937437855466726
7 0.3106713295601335 0.5599006292701401 0.007597169192220517 0.010564570655848555
7 0.3299122313955827 0.5550298492325833 0.00872142492483975 0.01143948418325865
7 0.3610630005479288 0.5476472839997297 0.006896021136539327 0.013322925188960342
7 0.39953832541003154 0.4928706885055035 0.007913156702084048 0.009232016152431374
7 0.5652264989828852 0.3267827051757698 0.011320625085880606 0.014990069079235023
7 0.582371172579969 0.3644714427931763 0.012169931716815588 0.016774770744799855
7 0.5976892584391917 0.3361978275473085 0.011466690748697697 0.01402144568234533
7 0.6106298545744916 0.05679902565715713 0.03417862414402205 0.041538622853501746
7 0.6882401220828139 0.10682080318758519 0.02764881082738388 0.03686508110317844
7 0.708210634681223 0.12778615719792194 0.015803832845355293 0.019962736225712003
7 0.6837275934960256 0.036828430493588867 0.030072070596425127 0.03873112071142414
7 0.7921607196644112 0.046685340802987876 0.03705397483084652 0.050507276721104326
7 0.8992782496242706 0.02593990656274393 0.030997693194924965 0.03863898500576701
7 0.8911852648597819 0.0837034255942616 0.02660689944426968 0.03967005697109502
7 0.8920605665444403 0.13755831568799595 0.0317400884849111 0.03959441546592298
3 0.9056423940131649 0.10013879021285063 0.05674226592209393 0.15730811835508812
7 0.9331259114748455 0.17493523433395536 0.02864635228899088 0.03517575801493986
7 0.9327930712620558 0.1251562069896958 0.02464932842207092 0.03448916950571238
7 0.9355009558900509 0.06371134026665211 0.01577570499640607 0.012815583749839808
7 0.9398984720976262 0.08001485039302156 0.022775521120639138 0.023402370325794425
7 0.8742816839760656 0.23206530122869354 0.024056218654018177 0.026972123945414244
7 0.9052812301391141 0.25739361488540047 0.012666831438457708 0.013417131558505753
7 0.9689451864993256 0.20761517191345363 0.025475045451879744 0.029568158270287186
7 0.9697705373545502 0.16323908507651405 0.022084481848571928 0.024925224327018946
3 0.9471256628941415 0.13717193410695763 0.052250397797590636 0.13828201954891015
10 0.6797037931737641 0.2971456931211341 0.19568618970079374 0.2529843713186209
10 0.9075720207508858 0.38535781666194724 0.11353806228373713 0.16550124951941558
