11 0.025489834776733614 0.6428889503101775 0.04606596646397641 0.17792979546710883
11 0.18247720927103306 0.6850779594308205 0.023337370067615278 0.13860505600968812
11 0.5349030873735836 0.6658865951383725 0.4544574089416674 0.44486259720250876
11 0.8599854309302059 0.6476421983911931 0.11853250044403843 0.143268748835381
11 0.9422166818295492 0.6690537012299914 0.10099765258215954 0.14931001106664096
10 0.24371156215430584 0.6452809039650372 0.08315112966275759 0.059506062413039094
10 0.3415679260749684 0.642569431741967 0.054540204188091516 0.028224904985468414
7 0.03438975888640318 0.5169942473633748 0.021749937857320403 0.017664056674123744
7 0.03619293230590769 0.48494205195128004 0.01994780014914243 0.01775727069351226
7 0.21848421351926023 0.5762138870345646 0.015143648321218416 0.012858579958463108
7 0.24816445669249404 0.5815145354061827 0.014602803738317767 0.011479426272066462
7 0.192421930012315 0.5445211030148496 0.017673736161131114 0.014047285580899032
7 0.19325651216586512 0.5191138622648208 0.018390328560722594 0.0135708791858952
7 0.24985638010273042 0.5311196558915535 0.016317151353647707 0.01270855057351407
7 0.249928118908382 0.5557638888888891 0.01787037037037038 0.015312499999999968
7 0.267854938271605 0.4968265993265993 0.013055555555555577 0.009479166666666651
7 0.31843346253229976 0.4941335594315246 0.012407407407407438 0.008402777777777794
7 0.20968871203665473 0.39584862315184327 0.05747697608162725 0.04832538262770822
7 0.23576740873252502 0.3615893957463725 0.020704962565427715 0.015218147485589344
7 0.21290703455132978 0.3526332960477255 0.021687795177728054 0.014867636092468335
7 0.1975160683214374 0.3442410381378501 0.017275664926671624 0.016778523489932893
7 0.20915471923536438 0.31149063307493535 0.05794504181600954 0.04743503584229391
7 0.2691409465020576 0.4229166666666666 0.01314814814814819 0.011701388888888825
7 0.3397527777777779 0.41900694444444436 0.017361111111111112 0.011875000000000016
7 0.3122382342328411 0.3581529565839326 0.021215108636820534 0.015476397587566698
7 0.29182646356033454 0.34840165770609316 0.02259259259259257 0.010312500000000016
7 0.20956571449992503 0.043108740065976904 0.05613660218923376 0.051591318038686454
7 0.2961677595931144 0.22479739068062735 0.04694019471488178 0.04186949466852109
7 0.29744723529060935 0.1504144498647554 0.05251255091408543 0.04333617504973003
7 0.2974842521734603 0.11553761149287657 0.050486317177711834 0.04806503461918891
7 0.3749570107419408 0.2762496439952067 0.04408190170147901 0.03765758249907307
7 0.37309918337744086 0.21173869284879024 0.04253871022630596 0.037434064999149225
7 0.36950488151765265 0.17063741448114012 0.04253871022630596 0.042591883614088825
7 0.43653422329892927 0.3199473764731119 0.03890445066915654 0.033372724089635854
7 0.43408354377104374 0.25892045454545454 0.03814814814814814 0.034027777777777775
7 0.5042407445674082 0.27431344805681834 0.03905034235916589 0.038077731092436985
7 0.5187980739039098 0.39536386260460543 0.028146719984766307 0.028429377320765545
7 0.5228475695759128 0.347169288841062 0.026956583833190575 0.02802770636960869
7 0.5681579362923022 0.3292090761524582 0.026182995334666313 0.021913381890888317
7 0.5317873677248678 0.2991475175341454 0.029271640826873387 0.026697755167958644
7 0.6877529149519891 0.42610210905349777 0.020462962962962985 0.02361111111111111
7 0.7142422839506172 0.4491851851851851 0.018425925925925905 0.016701388888888936
7 0.7119880174291939 0.4798120915032681 0.016203703703703703 0.017500000000000033
7 0.7118563321385902 0.5110987903225807 0.017824074074074076 0.01743055555555557
1 0.03894539113775324 0.49716062167441216 0.03136623186128137 0.06026049033474771
1 0.19960517496742505 0.5313411044555059 0.029053826035602796 0.05631485699822826
1 0.254362977502165 0.5378174919244216 0.027070350774054404 0.04648662551440326
1 0.23751539703909397 0.358354763557575 0.09570121680433433 0.17960631494804155
1 0.3221592893865328 0.17566814558168228 0.0865369282123224 0.16040305010893247
1 0.3969391647982371 0.23630042995354686 0.07263196765658696 0.1449052262990772
1 0.4560009046843245 0.28505273755208554 0.06700554528650644 0.12842729513247073
