7 0.6329158806321084 0.011995570866141734 0.02132545931758527 0.023421551472732574
7 0.5603384953366757 0.029974661706830552 0.020823224971696655 0.02399051161787697
7 0.4923343035130719 0.04835245730236539 0.01816351540616247 0.02387760659819484
7 0.33213083773428603 0.09049394221808015 0.01896551724137932 0.022924648786717756
7 0.3261039255438362 0.15534512108536275 0.02196035534341022 0.026518164942985947
7 0.22087202369626155 0.15032685956878214 0.028922631959508314 0.033642644814011406
7 0.13615178631957153 0.008634066240330222 0.022045115585384047 0.018829231916480237
7 0.07107344334046667 0.025815330586730304 0.020809561946123486 0.02808415032679738
7 0.09484038604305862 0.07268945687653929 0.025906335065577817 0.03165470593087519
7 0.08094772742261976 0.1008788101534067 0.0322980558331769 0.03130110276274113
7 0.1535083446977077 0.13528475875056822 0.023540489642184543 0.03499686126804773
7 0.12722750222750223 0.25445500445500446 0.028369715869715862 0.03821128821128818
7 0.19889632854703115 0.2709733613816998 0.023929220631674634 0.03663940013633264
7 0.4120455578113536 0.2582925905665121 0.04624332570556828 0.04831467199040723
7 0.4044136331872181 0.28209241259555723 0.02846864875166762 0.009767486182580484
9 0.7541275255014639 0.37517393374276425 0.02728536646782042 0.11459345819249205
9 0.7905973164111679 0.3892929035808691 0.025772014876736353 0.10490666441371801
9 0.8192481256339947 0.3979648544865935 0.024182836682836575 0.10058135058135054
9 0.9071878250799822 0.42102014868899407 0.01939439439439449 0.09134134134134134
9 0.9283777227435984 0.42460800216274663 0.020123682076236882 0.08380643417139763
9 0.947291964755608 0.4265584226914897 0.017885336491020275 0.08083349779619761
12 0.8656473609578994 0.36000699020244575 0.05187828083989498 0.08206960241080972
12 0.8219914902392575 0.35299563201348905 0.04991319444444445 0.0796830484330484
12 0.7113545276348491 0.3171143158279565 0.0731897627965044 0.10018726591760299
12 0.6439433198219903 0.293216858425908 0.09452348560855554 0.11442479006520756
12 0.48414853212907016 0.22991499420918235 0.10504814673007314 0.14341465964553168
12 0.32926101185526285 0.18395191416293727 0.14198977859277373 0.17322278911564626
12 0.024480725719283506 0.10670040245401911 0.03600443131462334 0.15605339460583184
3 0.13286439965821342 0.23202221544053714 0.038785912970583744 0.09269641204393993
3 0.21047506798485272 0.2742526372663359 0.04013347763347761 0.09276437847866419
10 0.10663272106338781 0.4541603530837351 0.11978578723861742 0.15945825351765952
