7 0.6851578326945202 0.08651328095772541 0.035774410774410764 0.05268736750218231
7 0.5618709285708022 0.03282715367462468 0.037582634121535737 0.06006864988558352
12 0.27903264241691356 0.37567517904485115 0.020889534207157744 0.05525625835299258
12 0.31892008818149215 0.38282881689324844 0.035971865181376746 0.053615633628487085
12 0.36651132611646176 0.3917002986366683 0.0348736272609819 0.051612295434969827
7 0.3725175149093855 0.4793106712509181 0.0177785635706428 0.023639268688773574
7 0.3590770607772283 0.49102681946905097 0.016845434543454375 0.02200220022002194
7 0.3458210287656013 0.502161800166904 0.016170276774969888 0.020613272719169295
7 0.3142731975967957 0.5873850318943779 0.021011812045690567 0.017739702319141664
7 0.3044504297911618 0.5822312122610668 0.004908164589823451 0.005787037037037037
7 0.3043783171801085 0.6010285662089918 0.006774078400830774 0.012006749740394571
7 0.29439681830676195 0.593588064769002 0.01699604101765316 0.027366735894773238
7 0.2793835710989138 0.6070491107484876 0.01740167445482865 0.0217960366908965
7 0.18553270097935604 0.5651274689400878 0.011378848728246321 0.01556224899598396
7 0.1756836087519476 0.5797269222609928 0.02325970548862115 0.03134761267291392
7 0.15457175925925926 0.565445816186557 0.008784722222222227 0.01189814814814817
