7 0.3505843166921977 0.06562698528690018 0.07912124388539483 0.06252468629416949
7 0.28599930925967665 0.17269566497842218 0.07602578068264339 0.04318444331755692
7 0.5213504433978646 0.060952371587106806 0.07425911503403713 0.09830142350294219
7 0.6328635909740562 0.1358495098248005 0.07623177963294246 0.05906330749354005
7 0.45230371483000076 0.25999565828746957 0.03891572732152442 0.042620629169542214
7 0.49623652393496903 0.3154183099868535 0.03654970760233922 0.06302699578403374
7 0.8883678295030432 0.1954448816548524 0.07053828640460923 0.05515969662395413
7 0.6912820345513299 0.30477924589858313 0.04420674869500374 0.04228187919463085
7 0.7828442492706529 0.3647006866847536 0.047069072107008426 0.05880121396054633
7 0.8996595033782118 0.5828424091951473 0.0555092592592593 0.04954861111111113
7 0.8695151401401405 0.6327557244744745 0.029768518518518496 0.030173611111111144
7 0.9016204012056442 0.6746310496544641 0.05484787142394825 0.05154932950191567
7 0.8720034319798456 0.7388132775102079 0.027257910414207828 0.0229725172820772
7 0.5741349902534112 0.6626853592314117 0.02152371669915525 0.02471456418824837
7 0.09673840199135621 0.6118285070983096 0.021335959297554573 0.028003446578040325
7 0.11856729945110055 0.6075106679796487 0.0055391432791728305 0.006154603643525371
7 0.12016293743275523 0.6187428196290825 0.008753214070791613 0.013334974560971663
7 0.09208197167755992 0.6634154200473295 0.02185105363984675 0.02858596743295018
7 0.11169979246487868 0.664967971743295 0.009378991060025543 0.01885775862068968
1 0.10824891968019035 0.6239883482916077 0.04642401021711368 0.10799808429118775
1 0.5845776612808673 0.6878102244748288 0.04289119388129292 0.09915723715228669
3 0.2097807181964069 0.16784475453584827 0.14276732377538826 0.2993925090867866
3 0.5750009466159506 0.17615123734226001 0.19376334119761826 0.3578015578773921
3 0.8656482587434738 0.23363655709470382 0.21336623070154384 0.3290277777777778
2 0.3851235340885368 0.07496264946760028 0.1716101013820575 0.18622322610624514
2 0.6621550007389091 0.09644841415550821 0.10560185185185192 0.1159375
2 0.7151703721874879 0.16896198619288777 0.17862289734008444 0.12024787511675541
2 0.9101219617319969 0.18456202395584975 0.11238560131502953 0.0655357455783119
2 0.9444596926804224 0.24128016715193046 0.12899106002554275 0.11476422556435636
12 0.6581854708803667 0.8970665335448694 0.03398708900924566 0.044364434597078645
12 0.3641867954911433 0.8782457729468599 0.024953703703703693 0.05166666666666657
12 0.23016067538126367 0.8702553104575163 0.028796296296296264 0.05347222222222222
12 0.013058887853611825 0.8587470258893215 0.025831087151841868 0.055310534591194956
10 0.08471082358322714 0.8667158441824606 0.14527695351137487 0.13255234091658427
4 0.31770638256831907 0.5947145342432856 0.17560622630504522 0.269224929378531
4 0.5159339224350025 0.6211117765107299 0.17320125272331155 0.2561458333333333
4 0.6869754724066751 0.6536933596223041 0.18561514117588887 0.24827263069606123
