7 0.8026204200622804 0.6742844364937389 0.016978069303650676 0.01024895646988671
7 0.8219798323964989 0.5605816152691152 0.02098252098252102 0.016458766458766483
7 0.760923689779659 0.5855274077762562 0.025404465837678775 0.017047733654231855
7 0.7637035874361253 0.5526561328240813 0.020724695814948606 0.017047733654231855
7 0.7038126361655774 0.5618430010893246 0.01997095134350041 0.017105800653594846
7 0.7031790411100757 0.5923967070518794 0.021328224776500645 0.01700191570881226
7 0.6976616899483105 0.5342146049596309 0.014808006535947719 0.010680487472766882
7 0.6784219881646354 0.528029178075134 0.021956699346405154 0.014084626906318141
7 0.6492309516811813 0.5687506122996168 0.01857523679882023 0.016058363110430445
7 0.6477290868454659 0.5982686282726689 0.019476372924648794 0.01620370370370373
7 0.5737275091301937 0.5929540956806059 0.015846383296047754 0.012304250559284134
7 0.9472193786051207 0.18691492734118154 0.061702540524921204 0.04154515799294381
7 0.8578224006464746 0.20618239194628082 0.05803880803880801 0.06184282573171463
7 0.7502995813470237 0.25548817954712144 0.05259259259259255 0.037060299779978025
7 0.7699045138888893 0.4661848958333334 0.014861111111111174 0.008680555555555556
7 0.608989032154991 0.312499431789249 0.050775318440628645 0.05211871002433917
7 0.4326147889270812 0.37373767336391917 0.04371950800522226 0.042517006802721094
7 0.9839128943758573 0.47577096193415636 0.026759259259259344 0.01687499999999997
7 0.18213839194013 0.4467701767665739 0.037428854243999 0.03449022519178426
7 0.10297495400912966 0.476605396193206 0.035274652497717746 0.031104178913359468
7 0.03939950980392157 0.5000357434640522 0.032679738562091505 0.02750970179738567
8 0.011893466271675448 0.63529300944867 0.025206877159154813 0.07192998312846464
8 0.07000037301013441 0.6207489397904258 0.03846308347392945 0.05701675102434318
8 0.10762624881051745 0.6120304028224928 0.029716605059070825 0.061630245705588116
8 0.12857282328553118 0.6080005990899657 0.03379059406768596 0.06280637254901965
8 0.15003059955628023 0.604475682131669 0.04123556755135701 0.06002586594691858
8 0.27312570145903486 0.593057519640853 0.021219135802469154 0.06413966049382715
8 0.3440979038317001 0.4973440728267113 0.0345833333333333 0.15422325102880655
8 0.3754331881609138 0.49889609963948833 0.03617590863445207 0.16032511611289751
8 0.4137290324625422 0.483459217792991 0.03872275969901301 0.16280049838756966
8 0.4992635037414323 0.4881614318053199 0.04337231968810919 0.14957967836257313
8 0.5460270878609761 0.4555602414361703 0.04175946547884187 0.18265899529819352
8 0.596567308364118 0.44456007538501224 0.04594645022856612 0.19267772180240691
8 0.7255292678812418 0.4055853400528563 0.05141325536062385 0.21226242690058478
8 0.792416831127739 0.3887125724940369 0.053076531909483846 0.2217613780828884
8 0.8635214215866042 0.3593209767405313 0.05878712871287127 0.2385863586358636
12 0.2953013606534114 0.3211392448129305 0.19034521142585967 0.057358075288403164
12 0.2185892212315854 0.36167134023583547 0.09927140255009105 0.049749544626593804
12 0.14030171407220585 0.34842195600392317 0.032179720704310875 0.01411657559198542
12 0.12203568036901366 0.3915140415140417 0.0627458960792294 0.045914733414733414
12 0.0705026455026455 0.3804421768707483 0.019841269841269844 0.009424603174603164
12 0.2530707052173957 0.5887975322232927 0.03519843636122707 0.032051282051282
12 0.2377737451667971 0.592787679350987 0.039173789173789185 0.026212482607831412
12 0.21868524735679878 0.5955558414542168 0.034121778307824834 0.02105694692903989
12 0.2157265976586191 0.614440469091632 0.034370237858609945 0.006832637646591167
12 0.6230985091253447 0.18560648399141225 0.09092425759092422 0.0877079002079002
12 0.51743407239439 0.17270644368858654 0.08775720164609058 0.07723765432098764
12 0.7108954699098524 0.10344876728596246 0.15208447559337937 0.14556235396533734
12 0.8557612699369979 0.09536102316326935 0.07237436089287944 0.04968145494220334
1 0.6446941221120053 0.5820870570528416 0.03210327115436603 0.047267842660178395
1 0.6993355828302312 0.5774340941033214 0.031900274833137024 0.049568119356105216
1 0.7600035990053657 0.5698227489857349 0.0314095013741657 0.05116313309776209
6 0.9604538815863386 0.4321003258060891 0.030193236714975917 0.011372785829307553
8 0.833959718888 0.5197596856906217 0.06211097188315404 0.1391656119548805
11 0.5741283726520863 0.7314371536574586 0.28607779066687633 0.21276199321225467
11 0.8040076622834789 0.744622564385936 0.07232876489506063 0.11690937947316553
4 0.9457933188764974 0.6889413041393758 0.047845243012529355 0.06505576208178442
4 0.9796593706143374 0.6836796270933424 0.029207971912432885 0.06559531185460561
