10 0.04906184390924428 0.18887396070642762 0.08446497355879089 0.38845726970033295
10 0.5661411700937248 0.43883322629312427 0.1876999412417575 0.2578833975321538
13 0.43536451399553205 0.3525258001670966 0.03917216165045373 0.05222954886727164
13 0.4869997388522556 0.3169952775782898 0.037131944897825925 0.05386172226937391
13 0.5464344742511759 0.28013249811870544 0.033459554743095914 0.05984635807708213
7 0.4051470588235294 0.13610149942329874 0.02768166089965398 0.050173010380622836
7 0.40203287197231835 0.05058150711264898 0.024653979238754325 0.04988465974625144
7 0.4911673647787288 0.04228130880835306 0.04476643598615917 0.06459054209919261
7 0.4963853188334157 0.13511286867688252 0.03092560553633218 0.03892733564013841
7 0.5002450980392157 0.20955401768550558 0.0328719723183391 0.0392156862745098
7 0.6210495963091118 0.02918108419838524 0.02162629757785467 0.04267589388696655
7 0.5999907315867523 0.08982122260668973 0.025302768166089964 0.049596309111880045
7 0.5960489694599067 0.14149240258763351 0.03460207612456748 0.05132641291810842
7 0.5727076124567474 0.2000961168781238 0.02378892733564014 0.036620530565167245
7 0.5747188581314879 0.26468986287325386 0.027465397923875434 0.03517877739331027
7 0.6716407151095732 0.21386005382545173 0.03330449826989619 0.046424452133794696
7 0.6718209342560554 0.16254966038703061 0.026384083044982697 0.04181084198385236
7 0.676239907727797 0.10076893502499037 0.01838235294117647 0.03431372549019608
7 0.6914854176964904 0.11006755643433844 0.013408304498269897 0.02104959630911188
3 0.6044389978213508 0.10602225639711221 0.0555795847750865 0.16839677047289503
3 0.6818020713187236 0.18033528770985519 0.05644463667820069 0.1444636678200692
2 0.6633178672538533 0.06841774142812206 0.08109861591695501 0.07756632064590542
2 0.7358740956275558 0.14355929537590437 0.07309688581314878 0.06170703575547866
