7 0.030563987000245287 0.15279438516883334 0.03437729948491538 0.06469217561932794
7 0.09742033169185489 0.21064932737118167 0.031732891832229576 0.05932671081677704
7 0.008669483418367346 0.3572461970899471 0.013795882936507933 0.02707506613756615
7 0.026824874686716793 0.39183244569757725 0.019686259920634917 0.0206679894179894
7 0.05299479166666666 0.386830357142857 0.01999627976190476 0.02562830687830684
7 0.07443739557226399 0.4214638157894737 0.017981150793650792 0.02004794973544969
7 0.10338345864661654 0.4174716304650516 0.014725942460317458 0.024181547619047634
7 0.05358176256613756 0.5155629960317459 0.021236359126984124 0.021701388888888888
7 0.04538213522588522 0.5678689077126577 0.02216641865079365 0.032862103174603086
7 0.005754743303571428 0.6285135582010583 0.011160714285714284 0.016947751322751337
7 0.06231398809523809 0.675774360670194 0.00821552579365079 0.01818783068783066
7 0.08479542690732209 0.6222531575354157 0.014260912698412703 0.021081349206349177
7 0.11279555224867722 0.5396756503527336 0.01860119047619049 0.02686838624338632
7 0.23302801724137936 0.3234671003618562 0.02274904214559387 0.027937420178799473
7 0.27436320420036897 0.3162028168014759 0.022000718390804586 0.027737867177522392
7 0.3161252128565348 0.35592864575942484 0.020803400383141754 0.026540549169859498
7 0.30176026390540367 0.44889103580393713 0.026041666666666668 0.034722222222222224
7 0.36451889434333745 0.46171575670498083 0.058369252873563225 0.09857918263090676
7 0.39865378970461 0.4377291640917892 0.026191331417624517 0.03332535121328225
7 0.5734389624281322 0.4190831550563801 0.023691335740072202 0.0379395641128493
7 0.6791907967308465 0.4040218862815885 0.0293321299638989 0.03610108303249096
7 0.6369740033999963 0.5447156800947414 0.013412555154432463 0.036268217676159877
7 0.5950828987832598 0.5921162588581362 0.010905535499398333 0.02105896510228633
7 0.7957262435527583 0.38991607658012073 0.03184281842818437 0.03861788617886177
7 0.75281425891182 0.5364203321520395 0.01405826558265583 0.03681120144534778
7 0.7352430555555556 0.5375451671183378 0.007283197831978327 0.03364950316169831
7 0.7084103227395909 0.5836412909583639 0.016768292682926816 0.029584462511291716
7 0.7073170731707319 0.6437282229965159 0.009485094850948488 0.02258355916892501
7 0.7089402664859984 0.6869542306534178 0.00863821138211386 0.021680216802167987
7 0.777465082343131 0.5811184073379198 0.014227642276422772 0.02913279132791331
7 0.7785117434507678 0.6385426076482988 0.007960704607046093 0.022131887985546498
7 0.7806180946424849 0.6845771662844835 0.00965447154471535 0.022357723577235755
7 0.7694937176644495 0.6880389258438039 0.008807588075880802 0.020551038843721815
7 0.7665505226480835 0.6434701251774422 0.004742547425474363 0.011065943992773197
7 0.6958629742547426 0.6471036585365855 0.0033875338753387514 0.00971093044263777
7 0.6982433217189316 0.6920247773906312 0.004573170731707342 0.00971093044263777
7 0.8480691056910571 0.5754008581752483 0.0174457994579945 0.03139114724480576
7 0.8516937669376694 0.6378349894610057 0.009485094850948568 0.024390243902439053
7 0.8399728997289972 0.6427280939476062 0.00643631436314362 0.013775971093044261
7 0.8538067411924121 0.6821505194218609 0.010501355013550217 0.023712737127371288
7 0.8426889048302247 0.6865800520750306 0.00965447154471535 0.021680216802167987
7 0.9634235487091717 0.8800099843103695 0.010670731707317 0.018066847335140114
7 0.9800733301450661 0.6780514373771188 0.007283197831978327 0.023261065943992777
7 0.9924179021201978 0.6787820819384665 0.006944444444444444 0.02235772357723586
7 0.9778455284552846 0.6308190304125263 0.00643631436314362 0.022809394760614266
7 0.990032833020638 0.6310888749913139 0.007960704607045935 0.02303523035230352
7 0.9781127672387833 0.5710629328515507 0.018800813008130034 0.023712737127371288
7 0.9635727190605242 0.5215748268593797 0.016598915989159954 0.03997289972899725
7 0.9836188540456834 0.5186475674280552 0.011178861788617824 0.03455284552845523
7 0.85965870596206 0.07663166214995483 0.034044715447154456 0.06887985546522132
7 0.8496558978747683 0.015582655826558267 0.03370596205962073 0.02710027100271003
7 0.3404446112779445 0.02351425499573647 0.033992325658992364 0.04323768212657102
8 0.36991199119912 0.8670654565456546 0.005930280528052773 0.04870278694536125
8 0.3828775734716329 0.8704374901775891 0.01564218921892188 0.05832874954162087
8 0.395022575174184 0.8699627403216512 0.005586496149614896 0.0492757609094243
8 0.40594918866886687 0.8657808489182252 0.003953520352035156 0.04652548588192149
8 0.6084038359545519 0.899152778627719 0.010110050384513396 0.025744718465482156
8 0.6193405166362488 0.9018775900707671 0.008038318748342653 0.017126314859011678
11 0.7983380871620928 0.897870994425111 0.16917848699763596 0.15858944050433404
4 0.08254358119615167 0.8362252523391275 0.025603254769921435 0.08370744481855584
10 0.017178600020999024 0.778342126676641 0.047272423025435065 0.1340547374683921
10 0.29294660572562353 0.7656722411186699 0.14121403769841265 0.15955687830687817
10 0.6725230653282976 0.772443489255505 0.15357905982905987 0.17153371320037988
9 0.5972660950661853 0.7870370370370371 0.010404131568391506 0.02807862013638185
9 0.40460790212595266 0.7866024869634978 0.012284396309667045 0.03610108303249096
1 0.0527543904409576 0.6888220341785846 0.019347705914870093 0.08430071862907683
1 0.09789760873054085 0.6854913009623329 0.018656716417910463 0.08360972913211716
1 0.0400825474616965 0.5330107340577377 0.04059563294637921 0.12760272710521461
1 0.9593063796338553 0.8752134151495173 0.020411785587504342 0.028399006034788742
3 0.9712322000130644 0.4684404054260022 0.0421626984126983 0.16681363903586127
3 0.7452232502011265 0.48388754804684003 0.04025319567354965 0.15937397574565718
3 0.6286986962380277 0.4898742974373914 0.03856317600786628 0.15302359882005895
2 0.7893569147181866 0.45701047868677935 0.034722222222222224 0.056733033611646354
2 0.792709085982659 0.37017802665382155 0.03171162491971747 0.06877542282166557
2 0.6707188250008452 0.4678996383057838 0.03351798330122027 0.05164846927852704
2 0.6759794476557481 0.38658600797329123 0.02910244059087993 0.06583172768143868
12 0.44355563855688357 0.738573483842408 0.01286520584329346 0.02508484580197729
12 0.39480236946949043 0.7439831318002843 0.019366976538291267 0.032831636417293766
12 0.5230665626797645 0.4073281266132721 0.08876568100358426 0.2217741935483871
12 0.2126439122406865 0.4455396256471525 0.11200716845878135 0.19563918757467147
14 0.2890913920627035 0.31770229618590284 0.18939393939393934 0.1377665544332211
14 0.06160054292238204 0.3723399844089499 0.1339000638569604 0.12319071945508726
