6 0.8545130557696368 0.03317714780628701 0.032054881701108165 0.034464748535085285
6 0.8991837788027043 0.06532888498498239 0.01992993490014343 0.024122362170958114
6 0.8033986055793979 0.10393328471433404 0.04457582582582579 0.03053648886982219
6 0.8442228158589461 0.130850749205396 0.02073318731198327 0.022519232641932025
6 0.6849388096287897 0.2656474541119603 0.03535702475434619 0.025785777273872514
6 0.6863618549372024 0.3362471163447302 0.020282426057914138 0.019511299337763577
6 0.6736093865331154 0.30492263543111003 0.010573818836530701 0.013796623966115475
6 0.6497948832477005 0.31314451179944064 0.030478395061728458 0.024440039713621433
7 0.6167881712362948 0.42335376076394526 0.027122260759071763 0.03195686740848218
7 0.5184792314161852 0.40188465916722266 0.027179065100413416 0.031929557522566314
7 0.4152353365027298 0.3800871793967397 0.027061167923423883 0.03450343743185391
7 0.5066227850156891 0.536710448041863 0.02132163184501714 0.02879709171468636
7 0.4930431337079258 0.5563570103574348 0.022001408090117778 0.026935057176992676
7 0.47969905923292316 0.5722433056514384 0.020885547201336705 0.028818817068511072
7 0.42399577033153507 0.5255074617205154 0.024878850813430286 0.029720697555588503
7 0.41072606646825394 0.5427480158730159 0.020188492063492085 0.028240740740740695
7 0.40047815153193056 0.558740156269226 0.01825396825396823 0.028306878306878277
7 0.33925825873548954 0.5101717997955014 0.02416177499379217 0.030800527190418835
7 0.34797307125402427 0.6455663049302746 0.019528808898887653 0.0234345706786651
7 0.4195880746507957 0.6533391629356519 0.019001661540637014 0.022094955279810553
7 0.40784085047002977 0.6634817957006407 0.015993167588912265 0.021378345846430898
7 0.3994721467789818 0.6765764411876348 0.01732057359843394 0.024027689332295567
7 0.27481823159152163 0.6371022954159749 0.019739170682566875 0.024957572127383462
7 0.2575884914228646 0.6646307412047627 0.01504067637788572 0.026620666155549897
7 0.8099294711136816 0.173960542381595 0.03579662296767564 0.03554559475612108
7 0.6852462581629247 0.14507314854537076 0.03753753753753762 0.0362465640243418
7 0.5498255701655039 0.11585902266861821 0.036905694662508155 0.047097963764630435
7 0.35056464246534597 0.7604020514111473 0.015716220018287937 0.02090611396372111
7 0.3184883598436587 0.7453678819167949 0.012102697649572645 0.014666323260073376
7 0.28993016320297804 0.7526025400382726 0.016194352633941356 0.02001979026400632
7 0.2259698686459878 0.747210393552846 0.016959908963585433 0.020364048397136722
7 0.27018180574215056 0.8621767759698793 0.012281061850027397 0.015143222039773748
7 0.22084492730172878 0.8589446931971442 0.013343010815437303 0.015116000103745064
7 0.1704515325060982 0.8544315606305214 0.013339829250185599 0.015687418248665493
7 0.24063335501120017 0.8993063082592676 0.011215285304814894 0.013398126068839295
7 0.1965831929676808 0.8960957878607103 0.011265805757331191 0.013619854721549586
7 0.8440679795800523 0.4733510491453643 0.027633732534631184 0.030563415591285007
7 0.9253877154768024 0.49130115945260716 0.02546443595998159 0.02769234395069584
7 0.6811138387996557 0.6160990078933026 0.018880674139438725 0.02274513960657528
7 0.9834480462706292 0.47214044562871266 0.027296967222508694 0.054079995415735486
7 0.9879975793964243 0.5617569972082215 0.022616461671556443 0.05490828506231353
7 0.9225111860354501 0.7478736360332753 0.034745899155207025 0.04340771047214948
7 0.8559887385688302 0.7803150108642098 0.03172560023246522 0.04124138849539304
7 0.8544327260225079 0.5735531095154112 0.0292304421768707 0.04793005165028973
7 0.8550313340272355 0.656315956862405 0.03350247202706218 0.04738051869199414
7 0.7872015684515684 0.6221616638283305 0.03134018759018762 0.04379108545775215
7 0.7900733525733525 0.6986245676721868 0.03186628186628187 0.04318983485650149
1 0.7180684320576181 0.6924560151784405 0.04616468584480094 0.15311749182716922
7 0.7317175221191478 0.6635602998656854 0.029189926939302554 0.03934044882320744
7 0.732606886840758 0.7348857748279536 0.028030473195567566 0.038996206449036626
7 0.651144247226099 0.7219877135237651 0.02264065692283518 0.036015506312536076
7 0.6529578588681849 0.7892770876466526 0.023680124223602547 0.0372670807453416
7 0.611590895189161 0.7521476656030285 0.023912744288466795 0.03383337920910172
7 0.6132124388337764 0.8141787413273235 0.025012067533283912 0.034518757998248766
7 0.5779199775696602 0.7789857058795582 0.021083103208280052 0.03246072906610382
7 0.5772770385029834 0.8367098606787065 0.02165960723912207 0.033202484348036944
7 0.6742261088636268 0.8748408496877004 0.023455764734834583 0.03262566869986592
7 0.5242591758311104 0.8204456613092351 0.02001979026400621 0.030178452414956248
7 0.5231809178553805 0.8741675829749996 0.020443280557060576 0.030351373587783264
7 0.49836876886026005 0.8387864585636171 0.018100322766060904 0.0315489086380451
7 0.49882011866235154 0.8928627613397031 0.019744952997380192 0.02865426105717367
7 0.47343749999999996 0.8574669312169312 0.016765873015872994 0.027149470899470868
7 0.47325838054238784 0.906356800198712 0.01812423687423688 0.02623244810744804
7 0.4387510263202096 0.8844472107664811 0.016534391534391554 0.024780867512697088
7 0.4371051217438033 0.930449068391032 0.017039809616228866 0.026618685643431006
7 0.416563781597295 0.8993125468882438 0.009795584900626942 0.022555318423665763
7 0.416212157940099 0.9425012882645936 0.010941876750700253 0.0240373927348718
7 0.3990746156919951 0.9134787437031903 0.009320341724800315 0.019307675889416908
7 0.3978434096643352 0.9541907529835092 0.009291862284820004 0.02333445115135255
7 0.37599878478943505 0.931786897234052 0.015566524712866172 0.022368477653030606
7 0.37451536523646817 0.9699287986668685 0.01411472448057816 0.02215339613713598
7 0.35787835249042144 0.9421676397251112 0.006191844553913518 0.01751505199781054
7 0.36752531472359057 0.9410520434227332 0.0040708812260536065 0.017971173143586962
7 0.3447908963455968 0.953955525329624 0.006644019227213926 0.016671948868288267
7 0.3545127609187509 0.9532264714599713 0.003672780815043729 0.017002086469640517
7 0.3437304016394166 0.9870442875103419 0.007742732596655784 0.016285961611504203
7 0.32821966377660244 0.9678060111730821 0.01256724725684457 0.018920226554454772
1 0.9728442927592048 0.5095880562538477 0.04774791861188919 0.19987161531279182
1 0.836738520018937 0.6081078665423141 0.05671180097595983 0.17617772709297472
1 0.7737315347904287 0.6588188264157376 0.05215740106745324 0.16338985088985086
1 0.6384657022232807 0.752463858874763 0.041363582160744136 0.13746455733100132
1 0.6002017607984125 0.7817829238017537 0.038404960524355755 0.13030962587792613
1 0.5671026598948644 0.8021501768786711 0.03458301094933302 0.12543668378232636
1 0.5137415267288705 0.840962223318341 0.0325037147102526 0.11419294480215728
1 0.48937024449905797 0.8636778795977736 0.030488464683722485 0.10961611783356405
1 0.46546067216458287 0.8815053131743077 0.028943452380952393 0.10539021164021158
1 0.4292522475356561 0.9048278955219188 0.028337608827713655 0.09821237422393493
1 0.4109775461547304 0.9193581345885661 0.02470799640610964 0.09365328940800638
1 0.3932924173698228 0.9198563128921304 0.019802567754453323 0.078676088368531
1 0.367154649412714 0.9470252964876621 0.0266562514546385 0.08383566851308787
1 0.3520212594896613 0.9575417639899219 0.01775640633288448 0.0802466302144966
1 0.33926848547947974 0.9623507797762278 0.016279162671780107 0.06653705479208827
1 0.3221522481607694 0.9657302469316605 0.02048340374037945 0.05235729733904917
1 0.3107440843131098 0.9719360674652586 0.011457316871827395 0.043988385194022005
1 0.2998623392375058 0.9767759403914072 0.011442903535805411 0.03553133733196358
10 0.8776953025467359 0.9500202010499836 0.16196306739069885 0.10813492063492064
