11 0.13097097352602888 0.6678885239094452 0.11812506286407641 0.11309354966645067
7 0.17224415204678367 0.6373209064327486 0.015925925925925916 0.014444444444444413
7 0.17565365961199295 0.6118444113756615 0.01597222222222222 0.013715277777777778
12 0.13397286866656782 0.6085114617067545 0.02382935856181529 0.017264128510984654
12 0.10921941747299689 0.6038160290574267 0.023619357270756758 0.019702431439072635
7 0.2551298204513264 0.5111234065506929 0.016582317306955 0.014737175063262005
7 0.3227546296296297 0.5536292613636363 0.016574074074074054 0.01256944444444446
7 0.16023989898989893 0.4902732182940517 0.01898148148148148 0.01715277777777781
7 0.11439729072441761 0.5171718015802274 0.019298911667932184 0.014790559352062773
7 0.11048219476465489 0.5448599031315431 0.017189740993841223 0.015265122753733273
7 0.17699751580849138 0.5291438008130083 0.01662037037037036 0.013784722222222238
7 0.17393865740740744 0.5547517361111111 0.014999999999999989 0.014305555555555571
5 0.12349796622910421 0.5306643781204808 0.047909989316239306 0.06666018570889894
5 0.1853231146818077 0.5416521844028565 0.04467447074548356 0.06327831942827579
10 0.33924923401720564 0.5542613269397216 0.2387436456063907 0.17216435185185175
10 0.6307745301945837 0.6115903450726592 0.1422261985912292 0.11071702453987729
10 0.7796439759336234 0.6416239146619211 0.08085797359825746 0.08175377666285605
13 0.7376594564614529 0.5665089959495118 0.014250939791705159 0.02582501386577931
6 0.6109658200415439 0.06319036692087918 0.08217850367070854 0.025442341004701805
9 0.600203112466779 0.0471622665191461 0.0286092789897965 0.03112844579739557
9 0.591733936111558 0.07620275498797603 0.01691188905800779 0.015854895991882292
9 0.6437222079125392 0.0987041128712021 0.0257417781927586 0.0317071272953626
9 0.6368202287773819 0.1252597232308561 0.01621018777881518 0.012157640834111423
9 0.6631608857534782 0.13835488928081519 0.019576719576719546 0.03619047619047618
6 0.6603003998316498 0.11337713068181818 0.07888888888888893 0.025520833333333333
6 0.6907014172175328 0.15847492045541217 0.06861982847987938 0.015505725190839708
6 0.7578485921429775 0.22085792165458326 0.07088461754622605 0.015174506828528046
6 0.7843844215940436 0.24664337589211047 0.06779351430337772 0.01659711684370259
6 0.807509720890593 0.27649317207307983 0.06382053194133733 0.012910141685309443
6 0.8361105040792541 0.32099085810023303 0.00595397079772079 0.003213474893162408
6 0.8477452813390312 0.32124083719135804 0.005453169515669532 0.002462272970085482
6 0.8482309068246568 0.31306150446775444 0.006065259971510029 0.0041316105769230735
6 0.8368760386989553 0.3129451566951567 0.005119301994302027 0.0023370726495726677
6 0.8659256044238683 0.31403950023741684 0.011741007834757827 0.004715878739316261
6 0.8775190184951951 0.3543627810397808 0.05238175485900456 0.009057971014492792
7 0.7334562571831094 0.2688669572350128 0.0190815815815816 0.013196790540540546
7 0.7974040616703659 0.325352526439483 0.020098223223223185 0.012610266516516531
7 0.8072435416185416 0.3312642570455071 0.022757132132132138 0.011965090090090058
7 0.9008969907407408 0.30340118263295346 0.028044871794871803 0.027321492165242173
7 0.8885613867301724 0.4103488570939976 0.020490656819961935 0.02019343739509899
7 0.9690747425653283 0.39750099782150494 0.02411811585084504 0.02335787089467721
7 0.9458670033670032 0.4673655303030303 0.016898148148148148 0.012812500000000032
7 0.25811748137618773 0.3108136565848008 0.049751243781094544 0.04111387506909894
7 0.32484711056139626 0.21891451062559802 0.04678986022269606 0.03464818763326226
7 0.3877426514073296 0.36406164702384447 0.04229949373834269 0.03528427258193448
7 0.4270903452676455 0.2662376677605284 0.02473021582733813 0.014550859312549964
7 0.44113042899014127 0.2852398636646238 0.035804689581668 0.017361111111111112
7 0.48564981576979827 0.4088438415092383 0.03788500465014498 0.029439520761529614
7 0.4927546628407461 0.3699635341941655 0.021732026143790873 0.02128267973856208
7 0.5126958190683681 0.32121585193217067 0.02386139641041609 0.01590219421101777
7 0.5264858696231246 0.3373804476745653 0.02373171490818543 0.012352163087457216
7 0.5871734457671958 0.3717981150793651 0.020462962962962985 0.0140625
7 0.6117722786356348 0.4608234201913394 0.0302814143448585 0.025071332661967066
7 0.6147069549522819 0.4294672989912477 0.02385897245710335 0.020258492805221726
7 0.6289436277568601 0.3888944812954604 0.02664045888344954 0.022808188696039147
7 0.6648879974908797 0.4826889268558412 0.029017206182560547 0.022090988626421726
7 0.6660600147597782 0.45327685841870224 0.02041196042378075 0.01682755450485942
7 0.6774426379845068 0.41147475045967946 0.02489930829174322 0.012805358550039376
7 0.709392178066144 0.5026949851311165 0.025412273587456066 0.020782643957826412
7 0.7113257821116444 0.47432822839735456 0.02108678021086782 0.013432684509326897
7 0.7194125825512685 0.436525315722396 0.023790213571235473 0.01490267639902672
7 0.7549064845576473 0.4613964846522985 0.02167277167277167 0.012477106227106245
7 0.7774367877492876 0.5299459134615385 0.021574074074074138 0.017881944444444443
7 0.7731074074074074 0.50150625 0.017453703703703725 0.01711805555555562
7 0.7806507201646091 0.476797839506173 0.0198148148148149 0.012569444444444381
7 0.8050429867550176 0.5444182088468609 0.020407950227566907 0.016558624577226608
7 0.8056447584385928 0.48973964111247353 0.017341040462427716 0.013808606294155368
7 0.8329771090534981 0.5054523533950618 0.018564814814814774 0.012569444444444381
7 0.8689670781893003 0.569155864197531 0.018425925925925905 0.013229166666666636
7 0.865965909090909 0.5465143623737374 0.01574074074074074 0.013993055555555618
7 0.8675111749680716 0.5190780651340995 0.017083333333333374 0.007604166666666619
7 0.8679145622895625 0.5288131313131313 0.011296296296296233 0.002951388888888889
2 0.37369074244330996 0.2587180143407037 0.12430626344999432 0.05075603126061839
2 0.3552528913555077 0.17440945872818112 0.02123683316343869 0.015609072375127415
2 0.33404527288319347 0.21097466445803603 0.06172839506172841 0.04629629629629631
2 0.46742904069052293 0.3245995648705047 0.1070360053646962 0.04226632621479417
2 0.44841924871327543 0.2555524927782935 0.06086866811100793 0.03714020427112348
2 0.4395200512888535 0.28581238670026976 0.03585061384504282 0.01721603218817703
2 0.5505804068710795 0.369268400721763 0.09108620551136813 0.03487286093034467
2 0.5352635730542705 0.309517646000204 0.05457828132246734 0.03757950705625126
2 0.5272908826830396 0.33696531800851653 0.02416938997821342 0.01257404003267975
2 0.6652737854430605 0.42812910323290393 0.07233223322332231 0.027846534653465385
2 0.6435707507655245 0.37999724408087326 0.045719395407869 0.03964867607785294
3 0.2871065863334575 0.2639933259831342 0.09930915371329879 0.15364133563615429
3 0.4133348154466876 0.3361995849153384 0.08661303181851122 0.1313464883670363
3 0.5094847322570096 0.3873906394017781 0.07315731573157312 0.11544279427942798
3 0.6335364595521535 0.4368152392787855 0.06093314763231195 0.09372098421541317
3 0.6809877288583399 0.4691473414246498 0.04533304435775173 0.07874584597601503
3 0.7208207767309728 0.49226390370866674 0.0416550635848881 0.06944444444444436
3 0.7868475909196869 0.5121023558106337 0.040541469112897674 0.0635178313749743
