7 0.19724265242389746 0.6217028937921373 0.05836288416075651 0.04524970449172577
7 0.20649065242792314 0.6999215374582209 0.06131796690307328 0.04321808510638295
7 0.029998344918901028 0.3093105207988524 0.057651991614255764 0.05699685534591193
7 0.025254860854194927 0.20898846960167713 0.044549266247379454 0.05863469601677147
7 0.027699621170326236 0.14102670197506345 0.0423654786862334 0.05961740041928722
7 0.1511006289308176 0.2170204402515723 0.057215234102026544 0.06911687631027252
7 0.1527819373731323 0.27548480083857435 0.06201956673654786 0.04782494758909854
7 0.1693030938313957 0.36894594530207725 0.05546820405310971 0.049135220125786146
7 0.07700580887491265 0.4623419483752621 0.06420335429769393 0.035049790356394085
7 0.2718021409059144 0.3307991471316943 0.0598357791754018 0.04553197064989519
7 0.28178138830654553 0.4190961303284416 0.05241090146750522 0.045531970649895157
7 0.32274394892319413 0.30148179912330847 0.041928721174004174 0.03832547169811317
7 0.3926872703500822 0.3472327889362278 0.04979035639412996 0.04946278825995808
7 0.42632774283717684 0.408791928721174 0.05022711390635916 0.04094601677148846
7 0.4475828591394629 0.38325471698113206 0.02140111809923129 0.028170859538784045
7 0.4720529786862334 0.38878242924528295 0.021837875611460545 0.03963574423480086
7 0.44252271139063587 0.4828026729559748 0.046296296296296294 0.03734276729559751
7 0.4968601987731966 0.44278112625203814 0.04323899371069178 0.03537735849056602
7 0.5094630794316328 0.5125567784765898 0.031009783368273983 0.036687631027253705
7 0.557593757279292 0.4734815397158163 0.038871418588399716 0.03341194968553454
7 0.5779549765398823 0.5352463312368972 0.027078965758211015 0.031118972746331273
11 0.4714201877934272 0.7859595070422535 0.3651538862806468 0.3261932707355243
1 0.18266363848124853 0.6584337875611461 0.09739692522711389 0.16705974842767293
5 0.07095637303970637 0.24785903692153693 0.16141141141141138 0.24336836836836837
5 0.19483976730353544 0.31390629760194977 0.16516516516516516 0.22022022022022023
5 0.3158796050952916 0.3714560148383679 0.15598932265598933 0.20457957957957962
