13 0.2657944023569024 0.42163312815656573 0.037083333333333295 0.049965277777777733
13 0.36103174603174604 0.4291815476190474 0.024444444444444425 0.0435416666666667
13 0.350477207977208 0.4528472222222223 0.027916666666666645 0.006527777777777762
13 0.455001758087201 0.4358337728551334 0.03212962962962962 0.04725694444444449
13 0.44249614197530857 0.4598263888888889 0.011759259259259249 0.004930555555555493
10 0.6272784948405525 0.6200934222150727 0.10540154664269924 0.09838683855746548
10 0.8021849773542193 0.6030845353491618 0.14106481481481484 0.12201388888888892
7 0.30010555555555557 0.28521458333333327 0.026296296296296276 0.029201388888888857
7 0.3986091410559496 0.29161643026004724 0.02486111111111108 0.028541666666666684
7 0.39030349794238683 0.3057060185185185 0.009444444444444434 0.0055208333333333645
7 0.4938425925925926 0.302547514619883 0.02537037037037035 0.02937500000000001
7 0.35823539886039885 0.19075454059829064 0.031342592592592616 0.03732638888888889
7 0.35548611111111106 0.21620486111111115 0.025833333333333364 0.004444444444444468
7 0.4769437429854096 0.20611584595959595 0.03175925925925932 0.044375000000000026
7 0.5947060185185185 0.21641030092592592 0.03175925925925932 0.04204861111111112
7 0.5828902116402116 0.2386259920634921 0.013935185185185248 0.0045138888888888885
7 0.44711447811447813 0.0622348484848485 0.040879629629629606 0.048125
7 0.599336650082919 0.07163194444444448 0.04138888888888882 0.05614583333333334
7 0.7361930199430199 0.11155181623931622 0.033194444444444464 0.015069444444444437
7 0.7480149281934997 0.08299178004535146 0.040462962962963006 0.04604166666666666
7 0.8094090413943352 0.29482843137254905 0.03629629629629634 0.03545138888888889
7 0.7580886243386243 0.48401620370370374 0.02236111111111109 0.02354166666666665
7 0.826642771804062 0.4659195788530466 0.03287037037037037 0.02347222222222219
7 0.6598875661375662 0.3719990079365081 0.027777777777777776 0.028888888888888825
7 0.6353982501473321 0.4170952049050275 0.027426447255088617 0.02277981776145792
7 0.6328338945005612 0.45795980639730643 0.0272222222222222 0.022569444444444444
7 0.6971287086846163 0.38999773716095987 0.026879784961720235 0.025027299781601817
7 0.6937912457912455 0.43524810606060604 0.032129629629629675 0.024791666666666618
7 0.7374822984749454 0.3709834558823529 0.03046296296296294 0.025937500000000016
7 0.7340543519694422 0.418819998405181 0.032181908334411306 0.026440386107877363
7 0.7847741754891963 0.3500983521508213 0.03361568358481946 0.028892318244170077
7 0.7800296771130106 0.40048076923076936 0.03384259259259265 0.0286805555555556
7 0.8918539605240647 0.30606208448216193 0.04081573785623631 0.03331602630668051
7 0.8890714468031481 0.3630232779791549 0.03783251108891206 0.03327723378212973
7 0.9656319416111339 0.27436080511355904 0.044822974749535276 0.03467972256221954
7 0.9583828045388075 0.33578166106714913 0.04509118663131683 0.035157338904250914
1 0.6185131808223521 0.435577424703025 0.04947147458017025 0.08533183804922939
1 0.7273474527656676 0.38634859521872994 0.14199074074074067 0.13892361111111112
1 0.8660381428169881 0.3293600433434457 0.07029597516591735 0.12215277777777776
1 0.9370039607988696 0.29963557642603583 0.07609017421290681 0.13309485422544676
