4 0.07595328772898126 0.1462984998910497 0.1339670400689358 0.28412356321839083
4 0.17053942734578428 0.231600728071983 0.12252261956053424 0.278436018957346
4 0.2510878395470112 0.3161899793093607 0.11679909446022728 0.2587890625
3 0.3937885045498954 0.04326168694673889 0.05245803357314143 0.0954236610711431
7 0.49093143040194215 0.1935738130563798 0.02971574049096307 0.04760138476755689
5 0.5072839925986998 0.20844652484640777 0.057956231454005996 0.13074925816023739
7 0.539927124505929 0.34677536231884065 0.02357954545454549 0.03208333333333328
5 0.5564382841060592 0.2982248421335484 0.07110860723315375 0.12419387343812976
11 0.25167613058238053 0.7208464760548093 0.12178576631701633 0.39162660256410253
11 0.45815212191076765 0.7781644697273457 0.12139931289640593 0.29917635658914726
11 0.6513330252532975 0.7412485773497086 0.1498994686198478 0.271853607161664
13 0.9787150349650348 0.6403846153846153 0.02926136363636367 0.04479166666666667
