10 0.08190690690690691 0.531275025025025 0.1607638888888889 0.32916666666666666
12 0.16070574682663885 0.6044419811047355 0.04254694835680753 0.13139019300991134
10 0.5907439557613169 0.5199224108367627 0.3676215277777778 0.4085648148148148
6 0.43894243063546856 0.1156341900012786 0.02285513361462724 0.02168307548054383
6 0.4101837201125175 0.14174578059071732 0.023953938115330527 0.022562119081106436
7 0.8661265432098765 0.6168959308925784 0.043702107279693474 0.06492124308216268
7 0.770831330128205 0.047008547008547 0.06109775641025645 0.08368945868945869
7 0.5888209013209013 0.07778101528101526 0.06043002136752133 0.07923789173789172
7 0.16945060815253124 0.1586469975893053 0.05341880341880341 0.06944444444444445
7 0.04025671844181459 0.18174378150339685 0.05074786324786324 0.07077991452991451
7 0.027655359686609687 0.039544753086419755 0.01702724358974359 0.0271545584045584
7 0.09799011752136749 0.02385297958214625 0.05709134615384616 0.04184472934472934
