6 0.09841112302551472 0.36431608093872725 0.030081352755771368 0.06643335131707223
7 0.18811198777095212 0.6908256873457318 0.034689079789302496 0.06076112701947883
7 0.21264485875617575 0.6113326046815873 0.037726358148893364 0.06388640484884614
7 0.22998700454840804 0.5143112410656272 0.045524691358024685 0.07767489711934157
6 0.30824314503586847 0.4125626763586943 0.039311017929438974 0.08676465355769554
9 0.3082884655453272 0.4465929945742992 0.017224968746448487 0.016731699309264977
9 0.30529267361957035 0.38439196690681593 0.013610555664393129 0.04475474400286433
9 0.38128869179657443 0.4248243616445463 0.020560423673806557 0.0851920693928129
6 0.4153121651400415 0.44453009760537293 0.04423117087590773 0.06533427586059168
9 0.4640513123266687 0.4486482557943701 0.03144830283534603 0.08148177444965925
6 0.5122546901134251 0.46212747894732986 0.04363382408466182 0.07896362706033484
9 0.6714864417989415 0.487066798941799 0.016964285714285737 0.049735449735449765
9 0.6744235769020251 0.5417544699872286 0.01525297619047619 0.012235449735449735
6 0.6782915874568675 0.5095963190485471 0.04312690353919341 0.07947520876067479
6 0.7716475751388489 0.5281733069886753 0.05373236096288394 0.09331255329120855
9 0.7603736772486774 0.5131029541446207 0.01763392857142866 0.052777777777777826
6 0.8580971447473108 0.5565302497708108 0.05105125029488086 0.07888063222458126
9 0.8178814037176595 0.5414188482618627 0.022048796395114412 0.08057207230099438
7 0.751658950617284 0.6382275132275133 0.04292052469135805 0.06852586713697822
7 0.6865563115563115 0.6981869481869484 0.03975472725472722 0.049568799568799615
7 0.6302955298905856 0.7615486394233847 0.03622922630100537 0.04600401520744187
7 0.8124020204672777 0.9428471514868573 0.025394272292250174 0.033372724089635764
7 0.8610330268164887 0.9514002624026546 0.02551259402018254 0.03033628666006405
14 0.7190174505421902 0.9852628793862791 0.06885350409718641 0.030168997001126966
14 0.7877959927140256 0.9733414195339103 0.025777387457715406 0.028948737965131397
14 0.739202395964691 0.9475786811852386 0.02846083788706733 0.02970769364211991
14 0.8306898945591931 0.9215898726793439 0.1229683654283632 0.08332151098018437
14 0.7966585043857143 0.9436010942660984 0.03135761786011163 0.024244943197561587
14 0.835478509134597 0.9506476313471129 0.04150731968089481 0.06656591824985608
