7 0.2287811366407147 0.45156759940122815 0.05535346854791299 0.04535064513134696
7 0.40701990085208894 0.4175120689469686 0.06738826997494834 0.04941413600141071
6 0.5405406354487803 0.4929339837949266 0.0342479799844141 0.020725667527993055
7 0.46753490975610773 0.7716178716430144 0.019462137296532154 0.020678520877565474
7 0.5650061728395059 0.7653742283950619 0.027685185185185163 0.02159722222222216
7 0.43096228819913035 0.6447452766531714 0.029989503673714175 0.020524066576698155
7 0.5439682905530839 0.6333372629984618 0.03195634208745383 0.02216784219317726
9 0.5135781282202343 0.7048035579552844 0.03175925925925932 0.05880300539538012
7 0.4861091688916733 0.06799097448216194 0.07033475783475777 0.0556702241911666
7 0.029863164840673917 0.2807021543757664 0.05927770629404831 0.051114558064315495
7 0.29534767645225996 0.13407629671682625 0.06577320225066469 0.047762286493505196
7 0.11825867461575297 0.19029174488076367 0.03719760222650396 0.035196701377613236
7 0.1886580961491934 0.3194867835331142 0.06051489174634576 0.05435970214925984
7 0.19508045561512535 0.23030980477256516 0.06797877145438123 0.05342406763590392
7 0.39097116843702584 0.27168689934243795 0.06491316809981452 0.05964424211768673
7 0.39325735584320354 0.16641168326832148 0.07135336856699086 0.05972544375677366
7 0.8472263587428851 0.14096397539488692 0.059884446441050176 0.06865115502127944
1 0.14559573800408446 0.26362257064719885 0.13796296296296295 0.2261281595394231
8 0.5800053134565156 0.831415704070407 0.01608182161753586 0.07439484126984139
1 0.342913935760196 0.20463320073842006 0.13925925925925925 0.2408759733311348
7 0.8393865441669057 0.030170351229782746 0.0949931412894376 0.06237139917695473
7 0.803343621399177 0.15943287037037035 0.027314814814814816 0.027893518518518533
5 0.8123463991054184 0.11315074677807782 0.142901588035798 0.2046744942313829
4 0.3550077383778156 0.6299043282299915 0.18130863095350205 0.2841790254237287
4 0.23574108337850275 0.6404946599251162 0.1702329263593893 0.2947538518232116
4 0.1118302871091296 0.6569889511449082 0.16082169910294908 0.2546559836006356
12 0.8672593490755075 0.5939551006104478 0.10795419790276094 0.05239594566183104
8 0.5545234869015355 0.8282355182926829 0.01840560072267389 0.07295901084010836
8 0.4994291602401196 0.8305024130426432 0.017864556746639403 0.07369831546707499
8 0.4746590526863057 0.8324028345550019 0.04199074074074076 0.090875365497076
8 0.47526863134848607 0.8076351078846541 0.009746588693957128 0.02250417710944027
8 0.48029761904761914 0.8363715277777778 0.006712962962962963 0.0050347222222222225
8 0.4772751322751324 0.8521122685185186 0.015138888888888858 0.03486111111111114
8 0.45997895622895624 0.8069854797979797 0.006157407407407439 0.00961805555555565
8 0.4519032921810698 0.8455127314814815 0.016157407407407398 0.060555555555555585
7 0.022773067602963343 0.36208214258958393 0.04547141796585004 0.049802029200692904
