11 0.5330841584804247 0.5393311959958079 0.241769547325103 0.19244734931009444
11 0.7809928862560441 0.5655592579934685 0.040885040885040816 0.09131493506493508
2 0.8813667506948483 0.2789367001163468 0.07005041690905564 0.02999563699825478
4 0.8190388966230511 0.45576488898579365 0.07005686342463661 0.08133182420087716
3 0.866352007555925 0.324934937940805 0.0523790213571236 0.08363746958637468
3 0.7348168928270246 0.3483003171490479 0.04714111922141121 0.07261253041362528
3 0.7957644511920829 0.34235917819388223 0.05148979107312441 0.07033475783475783
1 0.6681695274087395 0.33396336946026045 0.048904538341158044 0.07567977308294213
1 0.6204293048352459 0.34442185289957555 0.04338624338624331 0.07261904761904761
12 0.1769893974734194 0.3516652181664215 0.04713196951464098 0.03559967910148419
1 0.5777129662636433 0.3488372839823283 0.04005537400145253 0.06348720043572982
1 0.535208445160136 0.4401892109500805 0.03327965646806227 0.05776972624798715
7 0.965103712017292 0.2060801618882427 0.03273475495697716 0.0217452300785634
7 0.8897799088771314 0.2267852549970606 0.03072641093474431 0.020874669312169303
1 0.10700529377038392 0.4439853526115612 0.024864752392842276 0.034176029962546844
7 0.9319452837971355 0.2382937278770612 0.027746601820675842 0.025486344930789388
13 0.693182690936221 0.42141881439057294 0.02333558254610887 0.023968173639226206
7 0.8891399666862629 0.33618092298647845 0.02186213991769545 0.022472993827160476
13 0.6467539115022614 0.41626988219655314 0.02035203520352032 0.024408690869086928
7 0.6314696211956488 0.2930478957876219 0.02083786330361666 0.015288649706457925
7 0.8180892762971076 0.34942326122672507 0.020498661311914277 0.022904116465863447
7 0.7537412329148602 0.359239184846489 0.02306119609728954 0.01870792276843234
7 0.10276847966071584 0.4457189456767919 0.025396349586997068 0.018422761790567517
7 0.6786815493979831 0.31789621567851056 0.02641672949090003 0.022415019466906234
7 0.5619435187289084 0.31092602060137847 0.021017950465803296 0.014627357418768444
7 0.5266913285901705 0.3189276320768997 0.019426783731960818 0.014191643960036318
7 0.6320560158436772 0.3286308636470042 0.02423968684131292 0.02038166214995485
7 0.627290147864001 0.3614894738240982 0.023547254150702412 0.01856168756159096
7 0.6740924251790036 0.3537344498531911 0.024661309431824128 0.019510122083140204
7 0.5883875037954789 0.3354463002974398 0.02244250209127935 0.01849137663626779
7 0.4961772500121476 0.32669514806965605 0.01841760016146936 0.01305631244323343
7 0.5840996168582374 0.3682485350462023 0.021839080459770028 0.017289272030651323
7 0.12351883199322897 0.46023475337377145 0.0238142819078071 0.013926358912869653
7 0.06949141541467681 0.45629842280022137 0.02281508126831869 0.01498800959232614
7 0.5359741041854863 0.45742773261065933 0.019196025293586286 0.017050587172538358
7 0.5420519512801393 0.4265217188665175 0.020258513547104236 0.0159395973154363
7 0.8911515538527033 0.36666187739463596 0.016794380587484066 0.009243295019157058
7 0.5550584431303385 0.3653208968772694 0.01993853096794272 0.015537464985994376
7 0.5224845418774594 0.370842701892449 0.019361688838923193 0.014462713134719883
7 0.96088 0.43784699999999993 0.020833 0.015972000000000007
7 0.9652780000000001 0.41388900000000006 0.020370000000000093 0.015972000000000007
7 0.7780232512470052 0.4489881583598445 0.012646793134597984 0.011729336043360425
2 0.9166822781606702 0.22813938927835453 0.055507077758386564 0.04544793484584058
11 0.6997972449361337 0.5515221661054994 0.030964405964406045 0.08500180375180375
4 0.8605143031770597 0.4510516427292555 0.07083496924486328 0.08306340793089914
4 0.9062477583220666 0.44808386846121445 0.07377960999869125 0.09655967805261095
1 0.9570938089596769 0.4247062071285447 0.0282016171100679 0.05232785602503919
