7 0.017993308434484906 0.2789449112978525 0.03764005602240897 0.050575785869903495
7 0.05562363834422658 0.4400612096690528 0.06069094304388422 0.08247743541861191
7 0.09837962962962964 0.4832743282498184 0.05077030812324929 0.06574852163087462
7 0.20459572717976077 0.31625613208246256 0.031804388422035486 0.046296296296296294
7 0.2811211290071584 0.3119164332399626 0.033846872082166204 0.06263616557734204
7 0.35739658182113426 0.3129778481440885 0.03297152194211019 0.05991285403050111
7 0.3773993571787689 0.43763018027723916 0.05310457516339872 0.07197323373793965
7 0.3933677637721756 0.4842826019296608 0.03092903828197941 0.05680049797696856
7 0.4107337379396202 0.511204481792717 0.0262605042016807 0.033457827575474657
7 0.44079184704184704 0.566554904790199 0.022467320261437947 0.04046062869592278
7 0.49583722377840034 0.2951291627762216 0.012546685340803025 0.015172735760971053
7 0.5150268440709617 0.4222689075630252 0.019257703081232515 0.026455026455026454
7 0.5424652447290241 0.5894094968898118 0.013084301962254788 0.017706120068324827
7 0.5420596463903552 0.6235198164332022 0.01523247094113239 0.019268424780235785
7 0.5769089131715679 0.6188586545729402 0.01972409698787643 0.027861100695746346
7 0.5770502645502645 0.6691524670527295 0.020700537432820926 0.02655918010248724
7 0.6457837471403028 0.4203958200877064 0.01835708036495438 0.03827646544181979
7 0.6452618903406305 0.4863174154512737 0.01972409698787643 0.026298795983835315
7 0.6452876426161016 0.5359635105135667 0.02011467316585432 0.02760071657709457
7 0.639461970662758 0.5906695375199312 0.01523247094113239 0.020570345373494964
7 0.6423202781470498 0.6263421617752326 0.011912573428321457 0.017185351831021125
7 0.6965024804591733 0.6269048099756761 0.016208911386076778 0.020570345373494964
7 0.6974038101006604 0.5912321857203746 0.01523247094113239 0.019268424780235785
7 0.7210568849348378 0.42221284839395085 0.018942944631921102 0.03098571011956841
7 0.7235874361858613 0.4899427635648108 0.018552368453943324 0.026559180102487166
7 0.7239199266758322 0.5368599758363538 0.019333520809898766 0.02551764362787991
7 0.7529657751114445 0.592569158021914 0.016208911386076778 0.02030996125484319
7 0.7551953141274005 0.6279380008054549 0.015623047119110169 0.018747656542932156
7 0.8215975470171492 0.4006009665458483 0.017185351831021163 0.03541224013664958
7 0.7961337422107951 0.4201731727978446 0.01406074240719906 0.03645377661125698
7 0.80161854768154 0.49052896165757054 0.01952880889888771 0.024476107153272506
7 0.8029130287285519 0.540297046202558 0.01952880889888771 0.023955338915968804
7 0.9312162301827654 0.41968912539778674 0.01777121609798766 0.03801608132316794
7 0.914068433753473 0.6346562448924653 0.014841894763154614 0.019008040661584007
6 0.444507321708026 0.2990260234244976 0.01144016879052089 0.022007042253521104
6 0.5473168227471827 0.3001548384959966 0.01240079365079365 0.022356360384529397
6 0.6425340799275943 0.30084930130364024 0.011964145987033275 0.0289934048736866
6 0.69553082383188 0.30124264103137344 0.0126627822490499 0.026431738579625906
6 0.7478272412251284 0.3006930471719204 0.012313464118041531 0.023986511662568
6 0.8401070937116956 0.3017024561160064 0.014409372904091179 0.0256166629406066
6 0.8942476977248103 0.3016451630007968 0.014060054773082923 0.026431738579625906
6 0.948722572704747 0.3009521247857515 0.015369997764364053 0.024335829793576295
9 0.9439369804686708 0.2598185916847889 0.009431589537223362 0.021890602876518388
9 0.8903183485835648 0.2606744967157442 0.010304884864744002 0.01746590655041359
9 0.8568366215813399 0.2605447499813697 0.008907612340710979 0.023404314777554204
9 0.7374795189264244 0.25932887774993046 0.00864562374245473 0.021308405991504555
9 0.6865768474483264 0.2612370350046406 0.009431589537223362 0.019561815336463236
9 0.653201393188189 0.26127204824387923 0.008820282807958858 0.021657724122512847
12 0.5410435720170234 0.7480299515697745 0.016900196656833833 0.038043732733998296
12 0.8242720775443289 0.7604403546811923 0.012725421756835359 0.015062744120335819
12 0.8931168453419761 0.7611735551307977 0.012206016787168603 0.014370204160780144
4 0.9679723552376557 0.7003290440433128 0.03467028172525556 0.11530790326601839
3 0.9255147303249397 0.5358449239339291 0.02402247984708711 0.10855563866035074
2 0.9613907735869216 0.5076070567843193 0.03337176930108861 0.023892628604670486
2 0.9617019106547902 0.4633092329427408 0.015712000332419124 0.020949333776558908
2 0.9592583463656762 0.4373075053703326 0.017919471453502922 0.017659768968669488
1 0.8024665237342961 0.5151045081012924 0.020334950725946044 0.10578876100203115
1 0.7237414996401852 0.5114705474626782 0.01939460618370575 0.10672910554427141
1 0.6463164353419092 0.5090215610555262 0.019512149251485745 0.10437824418867077
1 0.6409751250249395 0.6095408720073875 0.015985857218084668 0.07271997793324808
1 0.6969842966149072 0.6091496630247677 0.01751391709922516 0.07601118383108905
1 0.5757322429366692 0.6434783299839156 0.021275295268186226 0.10171393465232317
1 0.5419016505908636 0.6053808695216074 0.015280598811404474 0.07460066701772868
1 0.37334265849890846 0.47036778807612145 0.11113018925518926 0.1373626373626374
1 0.754209033965699 0.6079902862944865 0.017116588419405332 0.07906233698487221
11 0.7439559156996136 0.7868480725623583 0.22875816993464054 0.2801120448179272
11 0.7195466570466571 0.7648497109281424 0.09045284780578894 0.08053221288515405
