11 0.8870463210536741 0.7440645906230057 0.17897263071895428 0.34179829339143064
4 0.5556923975639821 0.6361520487203546 0.1448656648451731 0.19846690953248333
13 0.7108777322404373 0.6407938676381301 0.021630236794171195 0.04326047358834244
13 0.7600010581005053 0.6274445462505958 0.016934198542805094 0.044968123861566504
7 0.7360017410791272 0.48766038832932745 0.022626366120218695 0.028081360048573152
7 0.6981524053449791 0.4677508533760505 0.021203324225865176 0.02751214329083185
7 0.7704219002049628 0.39502983391894164 0.02219945355191252 0.040604128718882804
7 0.735519288146597 0.375679163626089 0.021914845173041896 0.025994231936854923
7 0.6476164102754305 0.47645582386606783 0.018926457194899785 0.03339404978749232
7 0.6661160285114349 0.35200522414491 0.01878415300546447 0.033583788706739566
7 0.5900136940416141 0.4511025262670519 0.019495673952641113 0.03794778384942327
7 0.6122553835310368 0.31996055060889284 0.021203324225865176 0.03111718275652701
7 0.5263747295752602 0.4228967397140299 0.02163023679417127 0.04174256223436551
7 0.5535725593063235 0.2812503368146496 0.020207194899817833 0.034911961141469355
7 0.5541039210262785 0.23708388063273203 0.026468579234972683 0.05198846387370974
7 0.4975221177759994 0.20320620039842932 0.034722222222222224 0.06792653309046746
7 0.4680669398907104 0.5348484566868642 0.012665072859745012 0.027322404371584716
7 0.5064173157703604 0.5249368768104131 0.009534380692167587 0.02675318761384336
7 0.3696695165633907 0.752714567785031 0.01109972677595626 0.01650728597449908
7 0.38535801659992763 0.7579701100516458 0.011953551912568293 0.014799635701275014
7 0.3368040942778506 0.5605619890193144 0.01375576854810083 0.02159507750562063
7 0.33612818130447064 0.6024881731180224 0.015197905573304934 0.023222103893030414
7 0.28994773546348174 0.5480775035772755 0.014532303869364565 0.024701218790675668
7 0.2888275207136458 0.5911879365401348 0.0143104366347178 0.022778369423736913
7 0.24039156397383235 0.5331363997498183 0.014199503017394397 0.02529286474973381
7 0.23703687856044092 0.580017852011234 0.017083777067802647 0.025884510708791848
7 0.13782157988570584 0.5047944727314879 0.016861909833155844 0.026771979647378957
7 0.13666206631747482 0.5546962602340664 0.016640042598509038 0.024257484321382167
7 0.07129624347076423 0.48792176910996327 0.014088569400070996 0.028103183055259672
7 0.06985174671162805 0.5421466011379293 0.014088569400070996 0.028546917524553277
7 0.10458690728770227 0.351100782532043 0.024072594959176425 0.03623831499230861
7 0.2407955292570677 0.3246415265646035 0.02384768009768009 0.03052503052503055
7 0.1066264162194395 0.1306873574315435 0.025183150183150184 0.0345950345950346
7 0.15082603927080668 0.15518961013147065 0.026709401709401722 0.03383190883190884
6 0.24195714859189546 0.1750397535281256 0.024229242979242983 0.02365689865689865
6 0.2817725209521075 0.20083704138398367 0.036248473748473765 0.022385022385022383
10 0.2561495271042078 0.7477326506582569 0.10394550601556969 0.09347723519698042
12 0.19332932916154505 0.7500038800114228 0.037597310686482664 0.04482189195564988
9 0.09443831402639649 0.7604263666952237 0.01304847841472045 0.04187308327435715
3 0.557964214214214 0.3537536197792608 0.09837962962962961 0.21187854521187838
3 0.6436073647612109 0.3240281701820164 0.05098848848848847 0.0533867200533867
3 0.6098673683330874 0.42809092000842275 0.048642392392392333 0.1399315982649316
3 0.6983115697058004 0.3571927450132577 0.0523961461461457 0.05276109442776107
3 0.6633438304111382 0.4531781534986663 0.04770395395395397 0.1286703370036703
2 0.6224131244163295 0.3041324629198561 0.04457582582582581 0.052969636302969636
2 0.6734973274213836 0.3468533520691046 0.043168168168168264 0.0487987987987988
2 0.6970864093259925 0.4167040304193081 0.054429429429429396 0.04441941941941942
2 0.6436947816488414 0.3895795998716226 0.05755755755755756 0.03837170503837171
2 0.5892144967296787 0.353004891635121 0.0591216216216216 0.04504504504504504
2 0.5645023027835525 0.2430749521094072 0.04613988988988985 0.12143677207779772
1 0.07598121907332431 0.50986061128605 0.027412280701754384 0.11208576998050684
1 0.14184549916457814 0.5284913673071568 0.026955409356725153 0.10873538011695912
1 0.24422542309055464 0.5572353653494003 0.028326023391812862 0.09990253411306037
1 0.2953599556687418 0.5669527762057475 0.025813230994152055 0.09533382066276803
1 0.34121150858918137 0.5828726547270956 0.024442616959064307 0.08619639376218326
