12 0.21176682635015964 0.1935318254762699 0.02512929596262927 0.05463797130463798
12 0.25557215712444464 0.21028381322498974 0.03680764097430765 0.04977199421643864
12 0.3054868805587197 0.2189521897376303 0.03451368034701367 0.05005005005005006
7 0.10588259043927649 0.4059241186784791 0.02200419896640828 0.031492248062015504
1 0.0964274044528574 0.3988830298659938 0.04017280361757106 0.04885335917312661
7 0.21084277640817153 0.4409291216738991 0.019868301544050875 0.024472701584418204
7 0.2321174773774683 0.4285736311546181 0.020341356342718737 0.02560803310122113
7 0.25003186895485763 0.4192958554424207 0.021003633060853764 0.0228327782823696
7 0.3124369260268442 0.3161845712651798 0.018922191946715117 0.024472701584418204
7 0.29664836374645637 0.32875875008027594 0.017976082349379356 0.02371581390654964
7 0.28292379128328665 0.3398315979763676 0.017124583711777202 0.01841760016146936
