7 0.16060711086162707 0.04425462041573111 0.05819640062597808 0.055262128325508614
7 0.38488174745881026 0.13824026998772654 0.05472222222222224 0.04826388888888889
7 0.564805842417114 0.09084043133427377 0.06393518518518525 0.05434546125880481
6 0.7073299935603383 0.18516934599746782 0.03448150457190351 0.022942643391521224
7 0.6425740879048971 0.46891722180729734 0.015688445921004074 0.019956626061277186
7 0.7433497979655457 0.4614025416637955 0.02574877435834053 0.020817884068718307
7 0.9875662346303793 0.46119649333670704 0.02309754086069886 0.025865946918578527
7 0.7158013480159177 0.3260668651400303 0.03217557783347247 0.022468698455540566
7 0.601617671723173 0.3412667985212305 0.030431521864543735 0.02022758740048462
9 0.6858630965664789 0.3992022879788081 0.03149272917168791 0.05965277777777784
4 0.538630962246714 0.3027302030377826 0.18363869810233813 0.2409010557923286
4 0.416784686911825 0.32905001138550155 0.17411608324562242 0.22721561112301628
4 0.2900007852643965 0.3230352870384546 0.1650015137753557 0.21392942629463962
8 0.7557751198414607 0.5234619321638032 0.016342592592592676 0.0711111111111111
8 0.7303352720951998 0.5255895256718807 0.016898148148148148 0.07065972222222222
8 0.6770521943955442 0.527905476255061 0.01682617491441026 0.07039274042950518
8 0.6511263122289588 0.5291093340697502 0.03721682847896438 0.08614434421425475
8 0.6533006602451048 0.5039032469588026 0.009369488536155284 0.01951976778365668
8 0.6584300901430531 0.5187940917107583 0.0017146776406035626 0.0033987360376248905
8 0.6557393042607992 0.5411823808998906 0.014351851851851852 0.03930482069370961
8 0.6311985882805307 0.531104197565196 0.017612161661104943 0.06986929922135705
7 0.02336272032219858 0.336290277407426 0.016503818091881534 0.010340324151363392
7 0.022833333333333337 0.3475683760683762 0.016064814814814813 0.01107638888888888
12 0.6667477395283746 0.3373135014680069 0.1145536562203229 0.07419278252611584
