6 0.033437660570206494 0.1486305097279507 0.011456901220680746 0.0199193850768654
10 0.21043278376939467 0.4210721796912799 0.0740389567823196 0.0384095378564405
10 0.4172281672025025 0.4201196912738336 0.06769578104656637 0.037397157816005944
13 0.5572614429826906 0.31904629172538523 0.06469011098640728 0.03832972582972582
7 0.5554015301721723 0.22401163934038554 0.018405255408313507 0.021009295665258974
7 0.5385026977908922 0.234111350647809 0.015792463709130344 0.01581896113146113
7 0.5228706906947647 0.24576359211775878 0.0144145977479311 0.01478556166056164
7 0.33426270862132257 0.21125889907519904 0.01810682646417514 0.023157678056813482
7 0.330695161386804 0.23237949210571684 0.010864095878505077 0.008362494853849335
7 0.32399306985041854 0.24563935204245 0.008576917798819824 0.006718585609075516
7 0.2000483135549717 0.152906425199545 0.015040320010199526 0.009113836297571237
6 0.2563684442987369 0.16157316340190697 0.014044272327404853 0.014343086632243268
6 0.14217869209263356 0.15324905062426578 0.01344664371772806 0.01576245458022567
7 0.06421187395082978 0.1950937252411004 0.02171383948492382 0.024502772996748905
7 0.07175584889400677 0.21879110078123232 0.013517982267982271 0.008965438652938652
7 0.07884558665808668 0.23397819854293073 0.013126966251966249 0.00883975493350493
9 0.36074974509338636 0.4304748983353326 0.012995903073724101 0.02644215922426036
7 0.3517533256277003 0.4140720814914812 0.0104224569205114 0.010808473843493318
7 0.383103414301302 0.4169741015731844 0.009135733843905014 0.00810635538261996
12 0.07220446544376506 0.4204641081465011 0.013896609227348535 0.024319066147859877
7 0.059419777876939854 0.3645949538896326 0.016999213786362377 0.01115573404730031
7 0.16513142517158577 0.3667646777586536 0.012749410339771793 0.009960476827946669
7 0.22278266505174132 0.367830448779244 0.012218184908947953 0.009562057754828846
7 0.2781850077949368 0.36864977024551493 0.011491988442343058 0.008531042440616879
7 0.2079512637281561 0.30328092392335415 0.015151036067370716 0.011758521469676821
7 0.264119088820284 0.33237360802101834 0.005533421868083197 0.00918943274520967
7 0.27211846324285455 0.3327299268534328 0.004084192331204286 0.007904888382976068
7 0.26550843283911013 0.35199210373513157 0.005928666287232018 0.011264465945740841
7 0.27251370766200333 0.35207494536843814 0.0038206960517717633 0.008991810535635223
7 0.21297086785134595 0.33064171883892995 0.005928666287232018 0.009881110478720043
7 0.20472343430510756 0.3305033832922279 0.005928666287232018 0.009485866059571258
7 0.20501474408070247 0.3508233380411336 0.006323910706380839 0.010375166002656078
7 0.2135143289276755 0.35098939559223424 0.0052699255886507115 0.009387054954784006
7 0.15269609393115366 0.3497913109466894 0.005665170007799495 0.010276354897868883
7 0.15244723633391183 0.3291727270810936 0.005533421868083216 0.010473977107443218
7 0.14337491304622776 0.32925095253905007 0.004479436750353088 0.00968348826914565
7 0.14512789523856365 0.34989012205147657 0.005138177448934432 0.01057278821223047
7 0.36395423596618814 0.3349894074495668 0.0048746811695018905 0.01017754379308163
7 0.3718591243491642 0.3351507989207192 0.003425451632622942 0.008201321697337656
7 0.36542981513101025 0.3554433061405173 0.0064556588460971 0.01017754379308163
7 0.3729789835367524 0.35515534234942314 0.003425451632622942 0.007707266173401619
7 0.41774939683306217 0.33505947350568854 0.00526992558865075 0.00968348826914565
7 0.4250383198874946 0.3369599831964658 0.00421594047092051 0.008398943906912048
7 0.41839444941323134 0.35700452159615503 0.005138177448934413 0.009881110478720043
7 0.42627110605198254 0.3573668289803748 0.0036889479120555397 0.008300132802124851
7 0.4706438795084213 0.33803278947701243 0.0064556588460971 0.009881110478720043
7 0.47767483856461274 0.33798338392461896 0.0027667109340415606 0.006916777335104052
7 0.471541230726711 0.3565763401420772 0.005665170007799533 0.009979921583507238
7 0.4791416345201206 0.35769619932966545 0.0031619553531904193 0.008102510592550403
1 0.4750659880141952 0.3460124538311789 0.014624043508505671 0.04100660848668816
1 0.4218246063365586 0.34422769679658777 0.013965302809924366 0.04248877505849616
1 0.3685535973052574 0.3435434087824525 0.01607327304538462 0.044563808259027386
1 0.2684023292067306 0.34152646782484575 0.01409705094964059 0.043180452792006586
1 0.20870985564841715 0.33911711133744055 0.01594152490566832 0.04574954151647379
1 0.14842745420434666 0.3380017345583651 0.0156780286262358 0.045057863782963364
