6 0.8990652381223863 0.12390025006642094 0.05301259177228164 0.056092701441538655
7 0.9403847889430389 0.02923064773987262 0.06261657340794026 0.05164618305355715
7 0.975973126054471 0.4691604904796337 0.04589459307463665 0.05716738973246562
7 0.9222076180154418 0.7344090484590641 0.07270396888535315 0.03289909838239203
7 0.46706727936844583 0.3945077765995051 0.04290876242095752 0.06103206865401987
7 0.5241971578829585 0.4013353893924136 0.010769833277386086 0.032834004699563636
7 0.4702380952380954 0.49110939018464517 0.05470521541950117 0.06356292517006802
7 0.5213246409674981 0.49437358276643995 0.01266061980347691 0.035359977324263055
7 0.1428656809739233 0.3444465132958182 0.03738644304682042 0.058569182389937066
7 0.20087248735972377 0.3531993772351708 0.03581411600279525 0.05653825995807126
7 0.12701394440003555 0.44241606714628295 0.04407585043076649 0.06578070876632028
7 0.17569147673314336 0.4477942485754986 0.04941239316239316 0.06360176282051282
1 0.1719724124436324 0.3567938598204284 0.11198306063568746 0.2241823760121458
1 0.49852898698085674 0.4079296849695025 0.09081589859579679 0.21311076567562415
