7 0.02250673957663205 0.3363342319435509 0.030122269705603038 0.04392212725546061
7 0.02644594162451305 0.42608258878100147 0.03650284900284901 0.05559512503956949
7 0.18292846417846412 0.29377145002145005 0.03049924924924924 0.028153153153153164
7 0.18129218900675023 0.47686226889055544 0.03324225865209471 0.04614450516089861
7 0.22816151317250874 0.4873754202022895 0.030168488160291437 0.04887674559805704
7 0.26794830313488627 0.5021210813920046 0.03198998178506373 0.04326047358834244
7 0.4017052888486313 0.4214221014492754 0.024959742351046702 0.024154589371980673
7 0.36779675638371295 0.3906749226797537 0.022745571658615106 0.02750939345142245
7 0.371252204585538 0.5365850970017636 0.027102623456790157 0.03677983539094645
7 0.4073598752756863 0.5503777220067433 0.021674652064795828 0.025477222602479324
7 0.4476433430515063 0.5679118689322771 0.012819521748093227 0.035301999587713864
7 0.8133400818166638 0.2621356746628076 0.0339540314650934 0.09443625040970173
10 0.20158706831812032 0.7717502564287313 0.10961108060436635 0.21517115824557248
10 0.43790052252785167 0.7830742602999332 0.05434782608695651 0.16371443907675787
13 0.15428486505876174 0.5568217313699241 0.02970214190093707 0.07954777982402288
1 0.3848178069915097 0.5189074529932436 0.04470624778132767 0.10516506922257723
12 0.7685156834728174 0.19674650155360499 0.09057971014492744 0.23148148148148148
12 0.8436992095153661 0.25321707271692495 0.05300679669030725 0.18912529550827423
12 0.9616581632653066 0.4489984882842025 0.10629251700680271 0.16439909297052158
