7 0.16527021866058053 0.12681321516667557 0.05505695369685007 0.09146016240335282
7 0.2087466931216931 0.13983819801068575 0.010050316422865437 0.015156525573192234
7 0.16870173995524135 0.23104293800853676 0.03631660997732428 0.060158612055933494
7 0.21536537068531117 0.21312018731103555 0.005511463844797166 0.00243587018140592
7 0.2266464840674272 0.2380831574916787 0.023548214589562237 0.0375583397069054
7 0.1711230223639069 0.34523088152013715 0.040819908939174976 0.06096334221334222
7 0.22403747600764207 0.3467627441865761 0.02895353127551271 0.053765678765678726
7 0.6662561174504996 0.15731438035692674 0.07380024841915096 0.10013809667847778
7 0.6312043335852859 0.36877092106683945 0.039412590432998586 0.052437641723355986
7 0.790882232434285 0.22579190787203432 0.08099977012169764 0.055788270661390985
7 0.9276228487407924 0.17662371466296875 0.08219728349451658 0.09770082883929442
7 0.3175943800943801 0.7210111897611897 0.020377520377520355 0.027549871299871232
7 0.3409494040261851 0.7193680440842678 0.013563634826093265 0.023527992277992314
7 0.6122836950131637 0.725757946093091 0.022716816195077053 0.02652691511387165
7 0.6363173288639127 0.7233539551086136 0.010735373054213624 0.01890671727628249
7 0.6177584732630604 0.7793509370344233 0.022753749817970025 0.026621887287024918
1 0.20002662019937337 0.26030534671255223 0.09145466178674197 0.24273732758992328
1 0.627249210150083 0.7441618255945247 0.043896129462205155 0.11457589187800397
3 0.7232509246276424 0.33703336752256524 0.1213227396673484 0.2973162361476845
2 0.8172651049028425 0.17777116882345412 0.09775395812703279 0.11921843882368403
2 0.8868812184265075 0.25765803505914875 0.16958240294971205 0.11703103202291831
4 0.8717122734065668 0.7409216757608841 0.16979855795645268 0.25700794609309097
