7 0.495139201279552 0.2856851664417453 0.032691682910981124 0.0325901559454191
7 0.5024424487143785 0.22638337742504408 0.02802144249512674 0.03198099415204676
7 0.5695110640709845 0.24055469205084637 0.014822936972059766 0.017814198842516955
7 0.5874980829690976 0.25194503752587993 0.01701364926002603 0.017109500805152954
7 0.6260716735253772 0.2649076485339506 0.018147005029721153 0.017003886602652014
7 0.6089320625610948 0.32657217334636685 0.011574074074074073 0.014168906810035825
7 0.5963901689708141 0.3270209293394777 0.0032108721624850927 0.009408602150537643
7 0.6108248705694942 0.2976590501792114 0.01097670250896059 0.011144713261648755
7 0.6003957586618877 0.2998431899641577 0.0038082437275985767 0.010472670250896045
7 0.6287170773152081 0.8792067875011802 0.07853063343717552 0.049162772585669735
7 0.700061861430396 0.8850163134578547 0.05018757982120047 0.04422593390804603
7 0.6618346488565068 0.8947992562234365 0.02403359643796808 0.024666059502125078
7 0.6828072963972146 0.3256036179231002 0.010974871329094704 0.014853920678171345
7 0.6703501866989605 0.3246417398324756 0.0049197699061459665 0.011731759006963374
7 0.6868755676657585 0.29884448481178727 0.012110202845897684 0.01542158643657281
7 0.674260773034615 0.2974253204157836 0.005802805530326004 0.012867090523766262
7 0.8113835906751438 0.32495710969825414 0.007568876778685973 0.014380865879503485
7 0.8147535429551779 0.2959295661952338 0.006307397315571679 0.014380865879503485
7 0.8252346351801393 0.29796775658492286 0.004541326067211605 0.016083863154707837
7 0.8328792007266123 0.2941454738116863 0.0037844383893429864 0.010501816530426882
7 0.8391361388636593 0.324723735997578 0.0049197699061458615 0.010785649409627614
7 0.8214754263800584 0.32148804117468976 0.004162882228277348 0.010880260369361178
7 0.9167707032875572 0.2955680399500624 0.010611735330836378 0.016307740324594238
7 0.9020842003051741 0.2948918019142738 0.007906783187682035 0.015605493133583002
7 0.8980886986504965 0.3253187979311574 0.008010819808572583 0.015059300873907588
7 0.909557497572479 0.3213691219309196 0.004161464835622113 0.010455680399500622
7 0.8475540606716666 0.35368340678883475 0.01952369906440881 0.014062862444908378
7 0.9300731743320471 0.3551103414099239 0.019523699064408914 0.012613082811412666
7 0.31200991119134885 0.32633503610700804 0.012377591771978776 0.012155342195962583
7 0.31586793588270684 0.30272956671590345 0.012924667651403267 0.012104053832266556
7 0.43207553481526084 0.3014346764346764 0.01322751322751322 0.013182213524679298
7 0.42868014785823 0.3288962274407479 0.014133507284192182 0.013114263970428336
7 0.4058853373921867 0.3260607896126487 0.00924113937812568 0.010871928680147865
7 0.3970669952405112 0.2573540831857857 0.013861709067188494 0.01508480104370516
7 0.3914228112137268 0.27382239846190815 0.016398492425889692 0.012027071102413581
7 0.37021246854906353 0.24686849625695026 0.01694208885989707 0.01956947162426614
7 0.4644601068730422 0.12794102404643448 0.022802653399668263 0.028157822001105594
7 0.39487218974398464 0.13031337550568317 0.025987525987525985 0.02649283899283898
7 0.34755056474914636 0.13892582742316786 0.02528237457315475 0.025733845547675334
7 0.24171979845738711 0.14810113546815676 0.027744943525085355 0.02548758865248227
7 0.3177513756709974 0.030546069279381752 0.03528419308561155 0.046050039401103235
7 0.20941260967466424 0.04523934311670161 0.03477366255144032 0.04313271604938272
7 0.4395499618611746 0.020156025590808202 0.03623188405797106 0.041475972540045765
7 0.15455441435833595 0.15258082399626519 0.023488562091503247 0.02561614923747278
7 0.23788416075650118 0.20069936958234827 0.027827029156816382 0.009788711583924343
7 0.339095744680851 0.1935887017336485 0.02659574468085108 0.008680555555555556
7 0.4494188337273443 0.18595473798266354 0.021916863672182818 0.00941932624113476
11 0.681127136149033 0.4371317829832551 0.5682476297230394 0.45902515062351135
4 0.287661260109706 0.35463094550055435 0.2243487448801458 0.1774914846587201
10 0.3309038204871538 0.41222211795128455 0.018212657101546022 0.008445945945945965
10 0.3761400289178067 0.3980282365699032 0.008480702925147384 0.005109275942609217
10 0.39126759034166425 0.41600876670321124 0.04685240796351909 0.05641057724391061
13 0.1352978873861929 0.25793749447538233 0.013369574825422077 0.028838504375497228
13 0.17605266760726113 0.27004554531698144 0.03104835145407939 0.033277454043245905
7 0.33934438164923875 0.23191850729425473 0.015395442948887126 0.020866323568223818
7 0.6856001048218029 0.17175489168413696 0.03603249475890988 0.010809748427672971
7 0.7477973185022083 0.16829099597585515 0.010203604576445266 0.010339816677844836
7 0.7222545083122007 0.10134530266741809 0.04120879120879113 0.03920558608058607
7 0.6598112535612535 0.11205547924297923 0.03001628001627997 0.035962301587301584
7 0.6702533577533577 0.05165407509157509 0.026836589336589348 0.03758394383394384
7 0.6389397639397638 0.04996565934065934 0.005341880341880398 0.020032051282051284
7 0.6333952790818989 0.11097254825247785 0.012823856720570313 0.02298513302034429
7 0.8687221252666278 0.08783138037064737 0.018906340895869716 0.03472222222222221
7 0.8117068493740978 0.09727877965225261 0.015270506108202476 0.03144997091332169
7 0.8390779522978475 0.10191244909831298 0.02690517742873771 0.039085223967422915
7 0.8528591127485835 0.028521104001034192 0.0261780104712042 0.040357766143106454
7 0.8196787537974274 0.029601754896257514 0.014543339150668966 0.032358929610238514
1 0.49353871531817894 0.25550065537186767 0.05178983801820912 0.12188946759259257
1 0.42562864625288127 0.31171321142251374 0.023804168541010626 0.053137651821862364
1 0.6057671595646279 0.30972507317444026 0.021917487107360554 0.05731364275668073
7 0.7045312647252849 0.3243391292055414 0.006538026576194511 0.012391327396098361
1 0.6794804547416037 0.3074953406097942 0.02332485156912646 0.06043256997455471
1 0.8182861550908287 0.3028127028476279 0.019757946923301184 0.0620625546806649
7 0.792548848060659 0.23928258967629046 0.008238553514144088 0.008584864391950988
7 0.8016550014581512 0.2552083333333333 0.008019830854476596 0.008639545056867901
6 0.7321992966524216 0.2375328303062678 0.00901442307692306 0.002170138888888889
6 0.7468152748100664 0.23427414418625356 0.011295851139601187 0.005383613782051258
1 0.8329193899782136 0.29401960784313724 0.004575163398692754 0.010784313725490177
1 0.9068135497926767 0.30422464684798656 0.027450980392156845 0.06470588235294114
1 0.829325460726427 0.06750313115047413 0.060520665593129394 0.12399355877616747
1 0.6498080437555057 0.06744059592834889 0.054283516743580694 0.1370030173943912
6 0.7292464878671775 0.2566038739889315 0.008045977011494187 0.006130268199233689
12 0.9716922309514903 0.44372427983539087 0.02384960718294051 0.020576131687242753
7 0.8430400905525283 0.16087716180999762 0.04030772065597937 0.011228579325594248
