7 0.1317060348200313 0.7699747869935664 0.08362676056338028 0.10204747000521648
7 0.45358266763495514 0.7784762567578473 0.0814440359477124 0.10178376906318089
7 0.7770333583208396 0.7782682732707721 0.08161717752234997 0.09605151128139643
7 0.7227981570086833 0.5194488747120327 0.03388047138047136 0.11167227833894497
7 0.6696517645591721 0.5286922725194328 0.034511784511784466 0.1139169472502806
7 0.7132523148148148 0.3152367268746579 0.04090836526181355 0.12106215410813113
7 0.6698063005534269 0.31648219100326386 0.040309706257982074 0.11973180076628354
7 0.3563055792062816 0.5271155574476136 0.04170657726692212 0.11813537675606643
7 0.3024593331988977 0.5246773543053035 0.024345466155811006 0.09631758194976582
7 0.3274379675241744 0.47710271848202895 0.020953065134099606 0.007183908045977013
7 0.6934466794380587 0.47014687100894 0.023946360153256702 0.00798212005108554
7 0.35682183601577144 0.31507201646090527 0.04817481093659109 0.1185282140779523
7 0.3115283544963993 0.3113444731967931 0.02890488656195463 0.10762070971495052
1 0.6917158876904638 0.3499329452719283 0.09769303201506589 0.47473320778405526
1 0.3349166095229087 0.3527510450082628 0.09213692038495189 0.4728054826480024
