8 0.01238803125595578 0.5680340264983872 0.016279143637634202 0.026443682104059403
8 0.025245892070163138 0.5327034131703161 0.02068557919621749 0.03308050958760178
8 0.07329480781017425 0.5673266351457841 0.018387181507748887 0.02717034410296822
8 0.09336610947230416 0.5694837758112096 0.017371353654539498 0.026794493608652915
8 0.1122992461488037 0.5731496845296622 0.01696165191740412 0.02642576204523108
9 0.15627683243119708 0.4752162416469796 0.016134987233740204 0.03897610179207752
9 0.046476204183458075 0.45773438999232396 0.024347534062559975 0.043717616580310904
12 0.15194090237867178 0.42268131884578547 0.05477729885057472 0.04549808429118774
12 0.05126037917978708 0.40692959612573104 0.05119301994301994 0.0486611912393163
7 0.18868291551421407 0.5309246340045453 0.019466906259359085 0.014506588799041648
7 0.7319105515172493 0.6028091467635858 0.018100265374408658 0.01233125649013505
7 0.3911203703703705 0.5506121031746032 0.0125 0.01097222222222219
7 0.4137021604938272 0.5529571759259259 0.011435185185185206 0.00961805555555557
7 0.37043160885753473 0.5987262716977629 0.011574074074074073 0.00982877718988833
7 0.3919343054810043 0.5985489673593537 0.011941504997060575 0.0108851410934744
7 0.43444023934843146 0.596715573542904 0.012011685740499286 0.011045922062871227
7 0.5064881759797015 0.5943356314119026 0.013037809647979067 0.012087136027813965
1 0.3879550597317893 0.5956592542677448 0.019591694119996027 0.016378406708595448
1 0.4300828472549048 0.5938520586431637 0.019154936607766824 0.017454702006588798
1 0.5011375126390292 0.590456663510253 0.021183191473046484 0.019445882217621287
4 0.5112796192064486 0.4660152178444864 0.11382113821138218 0.15904471544715454
4 0.6005246520559808 0.488065631995008 0.09724081511230107 0.15046296296296294
4 0.67138545827559 0.5016682843197194 0.0972714736012608 0.14295212765957446
12 0.7232312212096577 0.5089178753262311 0.038926681783824635 0.02409297052154192
11 0.7064390951867411 0.6142436058396512 0.06627888572333013 0.22421058879392225
11 0.8994363546832681 0.678105545003693 0.1307771446660335 0.21337844254510913
7 0.45416095107453125 0.33937757201646085 0.04012345679012349 0.023276748971193386
7 0.9709810550682263 0.510313870614035 0.027534113060428817 0.020102339181286608
7 0.970642093449111 0.546930378344852 0.028386939571150075 0.019371345029239723
7 0.48973779935950984 0.12125528665413533 0.04800194931773876 0.05418494152046783
7 0.5287502940165372 0.19348097486837104 0.03922180607573864 0.036750936329588
7 0.52444860590928 0.25472066167290885 0.035060341240116526 0.03721910112359552
7 0.6057360987761727 0.17423226336553507 0.04669655246024128 0.047930675632404725
7 0.6490608607452623 0.295378046321501 0.03227336467870988 0.03232491957436281
7 0.6512586268525392 0.24253034005609173 0.03794440320052788 0.03271158129175945
7 0.7083557426735463 0.2181155355552194 0.03890121402600599 0.04136624144943614
7 0.7527378282095262 0.3320258096201492 0.030811257226351547 0.028825995807127885
7 0.7522205148974017 0.28115396297884504 0.033670033670033676 0.029481132075471726
7 0.8419302570245962 0.2799051708249822 0.033131176999101536 0.03172731356693623
7 0.8987908919378219 0.3799060953666217 0.028365072224721326 0.02455390613285344
7 0.8992721856910022 0.3358458583230965 0.03414264036418815 0.0249747091552858
7 0.9034105172446096 0.3071390434440511 0.026414882257067465 0.029822121058843364
7 0.9171053535410304 0.3188402742651605 0.004004383746417122 0.005532372281234209
7 0.9615608378122281 0.40217984948240787 0.02914761257364144 0.02305802743789395
7 0.9616784811517747 0.36083227724200445 0.03200901197933837 0.02302794263105837
7 0.9638402522340411 0.33293283170958016 0.02749748704863527 0.026349744838784515
1 0.9620995276732982 0.5261727766118868 0.03976843262557555 0.07601525458668322
1 0.5517094858193631 0.21017076977738938 0.07775403608736944 0.14530703415197088
1 0.6722735439010691 0.2588015384854344 0.07285672126309571 0.13155710491367864
1 0.7731769840792222 0.30055502898637954 0.07005041690905564 0.1199825479930192
5 0.9189827760306113 0.3606869077446981 0.08419844986456324 0.09599390633336703
5 0.9742407624391568 0.39004353448208867 0.05589880777875506 0.08434786533847197
