9 0.05359899145778776 0.24438402803757742 0.008995159932659943 0.03164359645841125
12 0.16536632053281047 0.22586142024424635 0.02543315848036877 0.03788480898638266
12 0.07958786272868495 0.20413779039661356 0.03366057154276578 0.04279909405808687
10 0.14195496437065488 0.13418789235003473 0.11443327666158737 0.146011396011396
11 0.863265163292409 0.28941514480258057 0.12248168498168499 0.2052009898725227
7 0.9845775462962965 0.1915952932098765 0.005972222222222317 0.008333333333333333
7 0.9840676440329219 0.19934156378600826 0.006805555555555524 0.006296296296296307
7 0.9025781249999999 0.20555362654320988 0.005868055555555587 0.006296296296296307
7 0.9023726851851852 0.1981230709876544 0.006493055555555492 0.007037037037037032
7 0.8712620772946862 0.20779186795491145 0.005763888888889015 0.005925925925925905
7 0.8717390046296296 0.20111111111111107 0.0056249999999999365 0.005416666666666662
7 0.805642361111111 0.23470403439153442 0.006041666666666541 0.00787037037037037
7 0.8057433127572016 0.22842078189300416 0.0057638888888888575 0.006481481481481481
7 0.8057548868312756 0.2220404663923182 0.006562499999999874 0.006620370370370375
7 0.9251769464105158 0.15687024866119909 0.008917537355353349 0.008660075646931052
7 0.9255091260273264 0.14798286853393022 0.009373946747556438 0.010860202973448663
7 0.8068133960573478 0.19964157706093194 0.006701388888888952 0.011203703703703724
7 0.8072508680555556 0.18708333333333335 0.006736111111111142 0.009953703703703704
7 0.8087878787878787 0.1767424242424242 0.00920138888888889 0.01143518518518518
7 0.8081734664351855 0.16255787037037034 0.013437500000000095 0.022175925925925915
7 0.8096990740740739 0.14904320987654324 0.011111111111111112 0.011712962962962942
7 0.8093780864197532 0.13730864197530865 0.009652777777777842 0.013842592592592608
7 0.8078576940035278 0.1204541446208113 0.015312499999999968 0.02337962962962963
7 0.8091309232026144 0.09784449891067537 0.01423611111111111 0.009583333333333341
7 0.8092317708333332 0.08497299382716048 0.013298611111111174 0.008935185185185178
7 0.8105137310606062 0.06968749999999999 0.0140625 0.02541666666666667
7 0.8116185290404041 0.05355218855218856 0.013229166666666636 0.017916666666666668
7 0.8122306910569105 0.028206865401987354 0.014027777777777809 0.02319444444444444
7 0.7460317460317458 0.03210504322851374 0.014213323445804033 0.02410085279940675
11 0.7099134708083775 0.25755026792409225 0.05352668845315907 0.1255446623093682
13 0.6667754020467836 0.27049220272904473 0.007118055555555555 0.01587962962962966
7 0.7029565972222221 0.21762499999999999 0.005312499999999984 0.006157407407407413
7 0.682084722222222 0.2192018518518518 0.005208333333333333 0.006064814814814825
7 0.6618613591269842 0.22055720899470901 0.0052777777777777935 0.006527777777777789
7 0.6714254385964912 0.2020029239766082 0.004930555555555572 0.006712962962962963
7 0.6685879629629629 0.19971450617283948 0.0024305555555555556 0.003703703703703704
7 0.647752057613169 0.20304869684499322 0.005798611111111127 0.007037037037037032
7 0.8854780982905983 0.16043447293447294 0.005486111111111016 0.008287037037037027
7 0.8860094246031747 0.15211309523809524 0.005972222222222159 0.008564814814814815
7 0.6558800747863247 0.17943732193732198 0.007222222222222206 0.008055555555555545
7 0.6310310990338164 0.18228663446054752 0.006354166666666651 0.008055555555555571
7 0.6669240953221535 0.1518461312150632 0.00627022653721683 0.00889967637540452
7 0.6389338367493707 0.15424821492782656 0.0073489751887809655 0.00907946781733189
7 0.6102162400706089 0.15400771468732632 0.005461165048543709 0.004404890327220398
7 0.6127202445163611 0.15717967158096607 0.006742179072276223 0.0058432218626393514
7 0.6447343329720183 0.10167007908787987 0.007707220950928059 0.005826764980083057
7 0.6126088545639462 0.10522078142215441 0.007866132723112113 0.009428765149588942
7 0.5815459940851366 0.10774218154080853 0.007548309178743927 0.009958471056869226
7 0.5864043033307905 0.11189595869706473 0.006356470887363407 0.012289177048902446
7 0.6193209876543211 0.0484130658436214 0.007187499999999937 0.012870370370370376
7 0.6227407407407407 0.056702160493827154 0.009062499999999968 0.01310185185185185
7 0.5792476851851852 0.052376543209876544 0.009965277777777793 0.012685185185185181
7 0.5851633230452674 0.061246570644718806 0.00927083333333335 0.013009259259259257
7 0.5439125 0.05777962962962961 0.008923611111111127 0.012361111111111113
7 0.549781746031746 0.06545304232804233 0.009583333333333381 0.011759259259259263
7 0.5851388888888889 0.004131944444444445 0.011527777777777793 0.008749999999999999
7 0.5419184027777778 0.008643904320987652 0.011458333333333333 0.01300925925925926
7 0.49812500000000004 0.016123971193415635 0.007951388888888921 0.012129629629629627
7 0.5039869281045752 0.018216230936819167 0.005763888888888936 0.010138888888888888
7 0.4035506272401434 0.03130824372759856 0.010243055555555556 0.014259259259259258
7 0.5576351686507937 0.25417658730158726 0.0066319444444444915 0.010046296296296265
7 0.4792282706093189 0.2084781959378734 0.008159722222222223 0.012962962962962963
7 0.4658153292181069 0.19983024691358028 0.006701388888888952 0.012870370370370376
7 0.42016559829059835 0.17567307692307693 0.005729166666666666 0.013101851851851858
7 0.4151297514619883 0.17050925925925928 0.0066319444444444915 0.01333333333333334
7 0.39763640873015876 0.16036375661375657 0.010520833333333318 0.015648148148148154
7 0.32513629165658037 0.11797234325829097 0.01316267247639797 0.02017267812474783
7 0.2932197436140317 0.10234564392942722 0.014524328249818435 0.021483902202856446
7 0.17748735859115972 0.03431784986365882 0.019680611785874942 0.027834008097165987
7 0.6172039952442449 0.2503860634510656 0.005205877730630151 0.008905652470008942
7 0.6172648514851485 0.26644107863167266 0.005746110325318278 0.008709204253758719
1 0.6185806120423117 0.2562392149789059 0.00884016973125886 0.028943370527528968
7 0.6106463559889822 0.2324120256637193 0.004616533081879639 0.007268584001257257
7 0.5937774884259259 0.20821566358024687 0.004826388888888842 0.006481481481481481
1 0.5979863501657947 0.2403697981449858 0.010743813942422124 0.036184471409310824
7 0.59602260476148 0.23325817620350545 0.006319890554365928 0.009517011658339248
7 0.5957364283448331 0.25008591746636 0.006282714727575546 0.009219605044016164
7 0.5692906519533232 0.2310206325046508 0.006611491628614945 0.010908168442415024
7 0.5694217945930276 0.21204790896571724 0.006373668188736698 0.010971588026382552
1 0.5721080669710805 0.22153974101748075 0.011700913242009154 0.04185692541856927
7 0.5536152237368722 0.19757321644114104 0.006789594053744945 0.010005717552887382
7 0.55375393081761 0.21948653198653195 0.006074899942824411 0.01064100120703894
1 0.5566984573516308 0.20853765968650406 0.011630809731299901 0.04410251755022998
1 0.5472837283061374 0.19969330324722484 0.013332879448075454 0.04591805858145727
7 0.5439267720977279 0.19105597485907946 0.007091957153231713 0.012027959331880882
7 0.5431889015426595 0.2127850766194993 0.007148692810457488 0.011725369160009685
1 0.5364535555937775 0.1913534460242836 0.01316267247639797 0.04364863229242315
7 0.5336418970525629 0.18271751016285612 0.006694807552650654 0.012557492132655524
7 0.5330921480980643 0.2062465045618077 0.006921750181554071 0.013087024933430164
1 0.516080684666211 0.17872174122174117 0.014430014430014479 0.0524805881948739
7 0.512998669886425 0.1668449967769696 0.007021748093176604 0.016491445062873644
7 0.5120400432900434 0.19109858395572685 0.006570810142238691 0.01322751322751322
1 0.5025246541311827 0.16773494614815235 0.014172335600907044 0.05415057552999882
7 0.498790289925494 0.15715647730953855 0.007988043702329388 0.015117157974300842
7 0.4989973532703124 0.18065433244004675 0.007537105751391475 0.012969834398405811
7 0.4842524832604198 0.17091105054068015 0.007923623995052509 0.01537483680340825
7 0.4844273132450475 0.1431479941332158 0.008761080189651615 0.015718408575551446
1 0.48746322474971565 0.15571363591549925 0.01571840857555142 0.05316773173916031
1 0.4598167654572682 0.13197118712324285 0.01744074923547395 0.057551817872918784
7 0.4548929663608563 0.11922439818082019 0.01035295616717633 0.016989466530750934
7 0.4555025043127107 0.14980135392979427 0.009715851172273204 0.016777098199116547
1 0.44036159431801614 0.11962404737634097 0.019192787971457646 0.06540944614339107
7 0.4360983690112129 0.10652395514780834 0.010751146788990853 0.017945124023105677
7 0.4361438765108489 0.13692068952963446 0.010034403669724728 0.017414203194019724
1 0.4192131202728383 0.09973446093051934 0.019192787971457726 0.070293917770982
7 0.4149441235322988 0.12159266810133273 0.011149337410805376 0.018369860686374452
7 0.4146387387141401 0.08805321950390757 0.011069699286442455 0.019113149847094793
1 0.3755408799322197 0.0672128419268942 0.019933127572016453 0.08007544581618654
1 0.3449834811337158 0.043135010336366617 0.020061728395061745 0.08590534979423868
7 0.3410493827160494 0.06802757923615624 0.01401748971193418 0.021604938271604934
7 0.33929183813443076 0.029565941602978638 0.010931069958847711 0.02280521262002743
7 0.3058918961696739 0.007478632478632478 0.014146090534979392 0.014231824417009603
7 0.3057659932659933 0.044651764559171955 0.015432098765432103 0.024176954732510286
1 0.3092689043209875 0.03637617169638773 0.023919753086419762 0.06584362139917695
7 0.2833040327210103 0.26751259727005994 0.008889845643576975 0.009727005995662702
12 0.29632998382998377 0.26995264495264487 0.00765188265188266 0.01386001386001386
12 0.2989287364287364 0.26390901390901383 0.009023446523446508 0.023966273966273956
10 0.31120528304454836 0.2052469995058028 0.0741487026039148 0.10336976320582876
12 0.4373338260449204 0.30338948386137143 0.004601740294511419 0.017988621151271776
12 0.4129146795515394 0.2958099760151717 0.006588855421686743 0.016036367692994227
12 0.3940472088853324 0.29265828912401326 0.005964553510565749 0.01626050897523291
10 0.41433704622257017 0.24706742785730512 0.05751533742331287 0.07782322199500116
12 0.48371024370094995 0.3179127082472808 0.006841181330028926 0.011531047776400922
12 0.47355456636565163 0.3132699190076011 0.007873812474184188 0.013675291102062415
10 0.48246453767466424 0.27225519581905416 0.04012345679012349 0.06622942386831275
10 0.5281903053944011 0.2946415945374639 0.03072435441838424 0.0538971807628524
10 0.5650005743289324 0.3036435188176481 0.024431414356787525 0.03731343283582086
