7 0.7216054747857845 0.037765720840942076 0.0338003933136676 0.0284742707309079
7 0.7211390732546705 0.07471935431006227 0.02519665683382494 0.013315306456899378
7 0.7212475633528261 0.14561403508771925 0.03167641325536057 0.05035737491877841
7 0.6600757536201615 0.08305630975587115 0.0359405458089669 0.05462150747238466
7 0.6617177522349937 0.007485454803462466 0.027777777777777776 0.013409961685823755
7 0.5886015325670498 0.02561373634170569 0.034722222222222224 0.039272030651340994
7 0.3571834432237251 0.17337314348924004 0.0430697887334779 0.06563290197828348
4 0.5867077464788734 0.4042883846287602 0.1379107981220657 0.3371152842983829
11 0.359715868812113 0.4930413439803112 0.5721830985915494 0.8392018779342724
7 0.3615635705513542 0.28122508779867705 0.03235892961023852 0.05574946674423115
1 0.3460102772929998 0.171066026759744 0.05290139616055845 0.10955982160170642
1 0.36342188610949516 0.28251782905651435 0.02963205351948809 0.05526468877254218
12 0.041035353535353536 0.20678559791463014 0.05749701314217443 0.08164078056551176
12 0.13255177220230988 0.2518518518518519 0.09651284348864994 0.0883612106730386
12 0.07916796530050388 0.21871158208231614 0.04349611708482676 0.04803863002787733
