6 0.565891617063492 0.7870513668430335 0.05527777777777772 0.02819444444444438
6 0.6232097671514235 0.8246103960151895 0.04420032549193667 0.023672140849238115
7 0.5561404344512196 0.8984092705510389 0.028158875338753355 0.05617660343270106
7 0.6692783372634524 0.04008224228256646 0.062327748878008925 0.10449040767386092
7 0.6057204519064208 0.1714001992398429 0.05181267013115563 0.08568423657510517
7 0.5925589829649408 0.3108697399001138 0.04505235375562475 0.08559766932041075
7 0.849329165640141 0.07027250828063836 0.044715447154471614 0.09492622704004819
7 0.841673826378511 0.22846198538113605 0.040109143713696935 0.09712072949846981
7 0.7348823508362982 0.5047821330716067 0.049834120557804736 0.07937846753636218
7 0.9705890845758363 0.4559973082714777 0.057554319518852044 0.08787219625872317
1 0.5690180921238501 0.1846291791459488 0.114129441941942 0.328909128078626
1 0.8042736235527924 0.14930573354502288 0.10724254430663159 0.2801110496679496
12 0.5130801754181206 0.9281692452809586 0.06933357699805072 0.11703703703703702
12 0.6009186821440842 0.9202870297779058 0.07427880294348957 0.1220972830768079
12 0.957846081698455 0.895781853328702 0.06405119607118337 0.10783109296126143
4 0.7015623298035234 0.808817572277251 0.17075902082339847 0.39912872226346613
4 0.8712320163857067 0.7785992303127024 0.16435715212876434 0.43116902911141597
