6 0.45977706800877544 0.24693262392280005 0.037961887555383475 0.020768808878565005
6 0.8906905674147053 0.19701775359102947 0.03158638934501 0.02146620142309795
7 0.0995096186622797 0.12429427991003167 0.06553082585691282 0.0746279761904762
7 0.31184508308531733 0.09132118830605164 0.06669973544973543 0.08000992063492064
7 0.5461310282308983 0.05376623773779722 0.07077173991539606 0.08476765513036048
7 0.1495430255834116 0.30305519867360164 0.05212267209677418 0.047353198461626354
7 0.361640792069516 0.2786560692825517 0.047293222844693464 0.05024145074696549
7 0.5979154886135812 0.24335423366099873 0.04206482481041676 0.051664767502299015
7 0.41497539682539675 0.2762978174603174 0.050826719576719595 0.05071924603174603
7 0.1261792313246452 0.417795222115692 0.03337949646674478 0.021139607968467013
7 0.28662730218600097 0.4855549575758204 0.02642696242413358 0.027643070429491948
7 0.3024520139088737 0.4753632250980199 0.024088293183059783 0.03090551402078982
7 0.2864246175184411 0.46739641165282714 0.014359429140192916 0.010944972048225253
7 0.3517606276226967 0.5011352905441576 0.03352490421455938 0.034995894909688074
7 0.8642772410431576 0.5160818428553193 0.038223120632268535 0.03769841269841275
7 0.8486591667318268 0.5861824822370935 0.02157198833411768 0.026711978030205735
7 0.8277799823633157 0.5820783730158732 0.00830026455026452 0.010590277777777733
7 0.8267148526077097 0.5930839002267574 0.005456349206349206 0.009895833333333355
7 0.9803213141604644 0.5906240214851747 0.006222350683655591 0.005607642652407433
7 0.9787807805637853 0.5748210070573501 0.010487671716806824 0.011328190861574864
7 0.9956982149855828 0.5708234586272781 0.006730984574900017 0.010629251700680223
7 0.9955120937263794 0.5893613827733865 0.006773673485927446 0.01451734048834697
7 0.980307236045967 0.6326785548665765 0.011924636298592832 0.026002331928876198
7 0.9957991420150574 0.6245562765543985 0.006072731448357469 0.009605957018310941
7 0.9968806402793602 0.6390742452146876 0.005728794021782353 0.015880054720830972
7 0.7245142098967163 0.42437204345355223 0.05277409290348544 0.0644897765484326
7 0.6734101510383834 0.5436382507622705 0.01869834407971431 0.04033971682302199
7 0.7183468844450418 0.5415113749684579 0.061482628961090406 0.06622391488041757
7 0.4760957283018599 0.6488695281918099 0.027839344861702604 0.026546570525229168
7 0.4821765616700008 0.6001845733716129 0.0248747483260757 0.025522745971544948
7 0.36278786910141186 0.6051706912996341 0.026517095078096114 0.024620553817634176
7 0.3571068039571976 0.6442216057127473 0.01985428904720243 0.010106158605174368
7 0.3564239580618067 0.6587020578787892 0.02256688002625963 0.012895360015005531
1 0.9862032237713062 0.6325883172594775 0.0264219576719577 0.07993000440917108
1 0.9859086656342756 0.5577913279132791 0.02615740740740753 0.03938492063492068
1 0.6962314980200721 0.4772571865354769 0.09104768404246891 0.24882200934663923
1 0.46622542391867844 0.5715442095925847 0.013676896985611909 0.009524981829265417
1 0.4740163796014861 0.5994058172914554 0.03806216931216928 0.041641865079365105
1 0.4709581521750835 0.6462585034013608 0.03808966606585649 0.031065577940577918
1 0.4591826640437752 0.665009341224619 0.012888346221679527 0.009475478225478274
1 0.3501789783609552 0.6219435365979946 0.044822800012023586 0.1008780859761745
13 0.049187587722179946 0.5759271451952601 0.02941691824278325 0.0501184868559501
11 0.7641484227049403 0.704906469119036 0.34878132251045757 0.41924182376463875
