9 0.1355817339824241 0.33695411382742324 0.025094519435070607 0.0662284293456374
9 0.12075653032129978 0.3409598905052936 0.02035878327709036 0.06346862892138487
9 0.10882975274079547 0.34847410631506887 0.019479986876640418 0.062101612298462706
12 0.16662122357072737 0.33880352639162953 0.0391853240898587 0.05935017868192092
12 0.20047407139068815 0.32824910659039547 0.0696101829753381 0.06179679509035114
8 0.22855460212660328 0.42965831787683445 0.012902850073902702 0.09659565580618214
8 0.23740365537240538 0.44312017898327427 0.00747984378936759 0.09146405475770558
8 0.2538412412152316 0.458291041057695 0.01207030206342359 0.034971550348534455
8 0.25336444238743894 0.3966242708987979 0.006181664508703776 0.04650609824325839
9 0.3302859133849618 0.40117926255469505 0.017944677871148437 0.05855119825708067
12 0.3011826716010705 0.2922811246145968 0.042417264524857556 0.0816536932233211
12 0.2602155344338384 0.30568511115341507 0.04799836601307189 0.0764472455648926
7 0.27446555224333 0.32594407594407593 0.021375542208875546 0.02383335716669049
6 0.265638778659612 0.2155349794238683 0.012070105820105839 0.018518518518518517
6 0.31473214285714285 0.22049004787100024 0.01322751322751321 0.014770723104056424
6 0.2917217813051146 0.1979717813051146 0.008597883597883616 0.010802469135802456
6 0.2833664021164021 0.1984126984126984 0.002314814814814796 0.010582010582010581
7 0.25933937764294906 0.122114035804512 0.014858608608608624 0.016981266981266983
7 0.31143494685161355 0.12847894792339237 0.013629701129701122 0.01683230849897517
7 0.2741506387339721 0.1668483960150627 0.009272665522665478 0.011171886171886178
7 0.2744416806916806 0.1811117436117436 0.009075009075009088 0.011550011550011561
7 0.3251410762894616 0.18665327221377703 0.009058931664722334 0.010900177938039829
7 0.32519254749210197 0.17349896247446353 0.008727507335525133 0.010679228385241733
7 0.33515203323113285 0.06948519822639543 0.015893974960876325 0.019328936582457715
7 0.38756846635367764 0.07672578681968353 0.008034317013190226 0.018048103435427378
7 0.3972821974582538 0.07942956886618859 0.0054144310306281935 0.018630300320441173
7 0.3644767871349018 0.13447314088722198 0.009056426866689402 0.015942468209771302
7 0.35596953357494326 0.13557236442412787 0.003669924612645382 0.012075235822252518
7 0.498021178168237 0.010135051495345613 0.018054096638655454 0.017993308434484902
7 0.5578668581630182 0.019479242314209635 0.018418825863678746 0.021154295051353876
7 0.44653039514814313 0.08579232608375155 0.014131796883513159 0.01816134539246667
7 0.45821641967236937 0.09533192885595633 0.00726453815698666 0.006507815432300559
7 0.45621461780745853 0.08942300540862162 0.004370073735062292 0.0037836136234305614
7 0.46194826658213384 0.08821323180590916 0.00896716428753043 0.00628079861489473
7 0.4809191524167369 0.15109398563504844 0.012939958592132502 0.015240395675178282
7 0.49006858178053836 0.2058076451192393 0.008267195767195748 0.008339084426040925
7 0.48975346982593354 0.21093730030928098 0.0033787669657234644 0.0022045855379188586
7 0.44438189431235325 0.18726274314392732 0.008278693953241958 0.00837067944161129
7 0.4456083674906113 0.19303665764800054 0.0044497979998675465 0.00298952837200404
7 0.4445061631692369 0.20126778645554722 0.00869262865090401 0.009888439999705671
7 0.44607672693555867 0.2066729952682665 0.0012418040929863274 0.0017477242790177314
6 0.35959163734657157 0.22567436218752004 0.0059242657926868595 0.011513827303300962
6 0.3654669526380052 0.22386361202150676 0.001807403123192631 0.008099843626159408
6 0.3692725403251719 0.22204282072703124 0.0025102821155452864 0.005087505087505079
7 0.5781283311045216 0.10019558630669742 0.00913025466596895 0.009993313564742132
7 0.5707614653356412 0.10739667333073927 0.010084161869876145 0.011991976277690573
7 0.5703237641311034 0.16403198742648284 0.011149337410805354 0.018101872077407256
7 0.5442128112712975 0.20038469006358914 0.012135333236250696 0.008595861042344215
7 0.544434771870012 0.18856166319738912 0.01410732488714138 0.011124055466563119
7 0.5750583633682831 0.17810497670016018 0.010997645745352173 0.009303755481125503
7 0.5766290971026535 0.19299938799848856 0.011528566574438083 0.008090222157500463
7 0.5924742730935391 0.22740805462518 0.012514562399883425 0.017697360969532217
7 0.5725247965309127 0.23251972665836068 0.007660429105383191 0.014259016552594525
7 0.6986762195095529 0.043017404128515235 0.016869548119548168 0.021152104485437823
7 0.7515662984412982 0.0532377615710949 0.014858608608608595 0.020854187520854186
7 0.8106568870457758 0.08359881045066231 0.011060167310167308 0.0084906334906335
7 0.8167952178368845 0.09789054927943815 0.015975797225797197 0.014895848229181571
7 0.9330033158158157 0.059076934076934075 0.018657049907049996 0.011469803136469807
7 0.9308539690484133 0.033962533962533965 0.00782032032032032 0.003723962057295388
7 0.9758015377532924 0.0917035456509141 0.050496925496925464 0.05883860050526716
12 0.37234911302075463 0.268030851719551 0.02788636184158573 0.07271841848956273
12 0.4464209947893501 0.2352914486326374 0.06798843086156514 0.10052251967674852
7 0.40393538527866885 0.2830433489637469 0.02652906104398637 0.031259048671983994
7 0.5016936223360525 0.2910118784122768 0.011165654840953646 0.021211450494319033
3 0.4974260805104097 0.2871084738061276 0.023121798520204916 0.03965619005459639
3 0.4915800457318593 0.25319218808419897 0.011956143679251213 0.016863761883682226
3 0.5256063393080542 0.27750454359236626 0.020256276481376064 0.04598010076097723
3 0.5228260239465419 0.2415821721930619 0.007114399544678444 0.005401673728366973
7 0.5628839026227731 0.2737955470503539 0.011560899260102486 0.02345116886949555
3 0.5557978257458117 0.2677097801230899 0.021343198634035332 0.05375324100423702
3 0.6155858660722472 0.24511879651308977 0.025573621147551136 0.07012640767504583
7 0.6247490890000619 0.25322066786074565 0.013124575381384701 0.0235470323018961
2 0.6534217933865821 0.23884891842638328 0.026111530292868317 0.06800059616961024
2 0.656982373039406 0.18865936849165163 0.03772635814889334 0.013041210224308824
7 0.6632678012519563 0.2448065126872345 0.014933350100603563 0.023404314777554204
7 0.7061494189149232 0.23071147914968906 0.013885395707578794 0.025849541694612108
7 0.7172847559896415 0.1845078961422858 0.01606863402638045 0.02468514792458455
7 0.7162477177882108 0.16676059443078223 0.0070736921529174655 0.0025616662940606567
2 0.7007590414280557 0.17403208424335187 0.039822266934942986 0.012575452716297798
3 0.6976660854886264 0.22264118565560034 0.02689749608763695 0.075802034428795
7 0.6796111874236874 0.13522429538054537 0.01037374084249079 0.008744149369149384
7 0.6796111874236874 0.14794305809930808 0.014368227258852275 0.01454708485958485
7 0.7258683490654644 0.13876903900942364 0.013354700854700845 0.0084261803011803
7 0.7236300302706553 0.12341969373219373 0.015560611263736186 0.012718762718762716
7 0.8430997295269682 0.15819546447655902 0.007650240859196141 0.017110216115191243
7 0.8383594593171706 0.16539875578018196 0.003578338466398228 0.0027968622495985755
7 0.8373417964271834 0.15965427403874702 0.0015511063107385642 0.002056457497276699
7 0.7909927462554951 0.20510323163722832 0.016781173497591454 0.028791229039985267
7 0.8037863340130343 0.14935095224767767 0.01649274319299516 0.027987685418415884
3 0.7808465625715189 0.1978475076514627 0.029160654160654144 0.08798300464967129
2 0.7904575892857143 0.14555087081128748 0.030257936507936508 0.02017195767195767
3 0.8284474206349207 0.20849041005291005 0.00855654761904762 0.022817460317460316
3 0.8320035774044939 0.14145043686608944 0.014508928571428572 0.041666666666666664
2 0.8416653601478506 0.1216547179582199 0.03561006114508062 0.009007061536244412
2 0.8564662747542126 0.07316775312884262 0.014089617688839548 0.019172173841434544
2 0.9127019219431675 0.10182658528962031 0.03811917114446291 0.016470055380561215
2 0.9321140480903948 0.05908767812310716 0.018432308072385852 0.01183785230477837
2 0.9308798097708604 0.03691905442878205 0.008878389228583848 0.009521750766886952
12 0.8876287678371013 0.0688465341243119 0.0864748677248678 0.16380070546737216
10 0.7006703560178287 0.37041093158937394 0.09952844774273349 0.11626710633930853
10 0.5640064667842449 0.39172528668058676 0.07859347442680771 0.10126396237507347
7 0.5308150247931656 0.279268399493357 0.013445071010860515 0.023235171261487064
