7 0.04369827213220003 0.4738144751962112 0.012181782020684172 0.02419782551047468
7 0.03180229928088976 0.4717828526265982 0.006712410501193316 0.020109608415097673
7 0.0839640787370104 0.38411978750333065 0.02079586330935251 0.023064881428190735
7 0.08270017358740048 0.35641258272940674 0.020090845562543664 0.02438562776613093
7 0.12986197700193958 0.4786211554447215 0.009784566361873104 0.02332132631384509
7 0.11928213896322727 0.4779710575874715 0.006885593220338985 0.02134337727558073
7 0.16460905349794241 0.3903581322789747 0.019517066085693535 0.02350117001533126
7 0.27045141385094656 0.48297698609225087 0.0074095707857390085 0.016008999653859463
7 0.2588795294310543 0.4862894949384537 0.0058952059536171615 0.021489558093919555
7 0.21593610178970912 0.21367760377827494 0.016545488441461566 0.03666418095948295
7 0.2087518452571185 0.16415432690600476 0.01808351976137214 0.04113845389013175
7 0.2058742293184563 0.1053018801968565 0.02612153838018918 0.04790721129601614
7 0.36858412150468234 0.40980037670068825 0.01746928002769121 0.021633783316026303
7 0.40896907673223454 0.4748918686540517 0.034722222222222224 0.041931662302032706
7 0.4358850591151793 0.41473324010509366 0.017162471395881024 0.020234765658106613
7 0.3317675882658359 0.5404632181306636 0.011236046209761163 0.014170128071997166
7 0.33096329365079363 0.5672354497354497 0.011388888888888874 0.01412037037037037
7 0.375207717552697 0.5433844922729647 0.010136529841943798 0.013171345443107633
7 0.3745644841269842 0.5686150793650793 0.010763888888888889 0.014583333333333334
7 0.40961938062991804 0.6155640641590897 0.010007278020378468 0.01287131381745652
7 0.40865923610192173 0.64190393748254 0.010500060650169809 0.0143033317159954
7 0.5338717149595688 0.1659538160127783 0.023715932914046077 0.041666666666666664
7 0.543862049197415 0.43007203576309266 0.015864950316169846 0.017841011743450753
7 0.5784447459539369 0.3896961562402738 0.011379551820728296 0.015237576512086338
7 0.6026845795650302 0.4320090439276486 0.015493782299741573 0.019716300602928526
7 0.5767841011743451 0.5069193516009234 0.01020494579945803 0.019704155374887056
7 0.6348955898394888 0.5110221546932626 0.012432795698924713 0.021356033452807593
7 0.6586077645447904 0.43758696388944235 0.015174506828528125 0.01861687180351823
7 0.6430520667957051 0.34782784676762624 0.013650339270568265 0.016727923852605825
7 0.6155828273187914 0.3455403098023123 0.012827583901591152 0.01743771448945937
7 0.7851748837891789 0.20787017426316756 0.023940363568911018 0.03632597539108391
7 0.7438165215287857 0.5015185722732893 0.01329926624737949 0.01677148846960161
7 0.7411204193611602 0.4041810139693738 0.011451597099745293 0.014942190868116783
7 0.7663001543209873 0.38506760728982947 0.01143628747795415 0.01696306094454243
7 0.7936257415424082 0.3629308220357603 0.012630437977660197 0.01586076817558298
7 0.9022593824423094 0.3103562727546468 0.020099367660343308 0.02860584161397168
7 0.947080291970803 0.28056620544455096 0.021390916463909095 0.032170856988375206
7 0.7933545335942596 0.4668949771689498 0.013318112633181063 0.0186634775675871
7 0.7959981418885527 0.5051946404686131 0.013386062187432103 0.014133507284192236
7 0.8432009734093067 0.503113623773346 0.031542531542531546 0.03654524487857832
7 0.8309280027347713 0.5652113382735655 0.008339398350315403 0.011018114184053027
7 0.831611752992075 0.5870599493234137 0.007467552159146054 0.010765405143134406
7 0.9692113135144109 0.5919498397374504 0.009042702626773449 0.011179004541836401
7 0.9662465430475586 0.5710541207208933 0.009124087591240797 0.012068898930212834
7 0.9693691345151199 0.5285791526667439 0.012817170663886025 0.018682655543969418
7 0.9350040037300572 0.45938494597498436 0.014733980011757807 0.015873015873015844
7 0.9801197318007662 0.4632838441890165 0.01423611111111111 0.016898148148148148
7 0.9621055185413283 0.3917727844859585 0.01581561160567083 0.022529948345972068
6 0.09776584460355345 0.01558826129231857 0.019640015910898968 0.028838504375497214
6 0.16992798061112013 0.021023066081205615 0.01751639833035181 0.04215530378321076
6 0.2989404655231268 0.05193043465892928 0.01624103942652329 0.02901519030551289
6 0.363671691201183 0.06366090833725438 0.016642720306513367 0.031023839931885903
6 0.4277750544662311 0.07621732026143793 0.018472222222222237 0.032731481481481486
6 0.5296626984126984 0.10114252645502646 0.016493055555555556 0.02606481481481482
6 0.5858199786324787 0.1136312915479582 0.019965277777777776 0.02467592592592593
6 0.6387256006006007 0.12717842842842841 0.022881944444444396 0.022962962962962973
6 0.9084112237237235 0.17562187187187192 0.028715277777777715 0.019212962962962963
6 0.9486705043859647 0.18578216374269005 0.030381944444444444 0.017777777777777795
6 0.9876287233040145 0.19420686995420347 0.02300689529266388 0.017788263490993526
9 0.3061883140008141 0.04177109440267337 0.015054998607630191 0.05337417618119372
9 0.350005600358423 0.05199074074074073 0.01090277777777777 0.05125
9 0.40124761548711163 0.06124563438427641 0.016538214515093113 0.050042817383857845
9 0.5313185500766376 0.07549899852270936 0.01085764259456899 0.028014941302027734
9 0.5854778079710146 0.09141103059581321 0.009062499999999968 0.030324074074074073
9 0.620643601190476 0.10922123015873011 0.013124999999999984 0.04712962962962963
9 0.898163913192373 0.16151805638408342 0.011682242990654066 0.031747577016268576
9 0.9400546553497944 0.17199674211248286 0.013888888888888888 0.03347222222222223
9 0.9669694899817852 0.17815042501517905 0.013506944444444318 0.041388888888888906
3 0.03869647912243455 0.4489443264920971 0.023000707714083513 0.10055437603208306
2 0.08233423135849728 0.3710144938506708 0.031961756631262175 0.043137979910026485
2 0.07678748266983558 0.42173037565194427 0.01918696771637948 0.034412755000990315
3 0.12501110073626429 0.4486157475581877 0.02021761728449477 0.10691940563122304
3 0.2650624408259082 0.4532262579493233 0.032140448490979565 0.08830719946046202
3 0.5821481295467689 0.48837075592623025 0.017435622317596572 0.08146558575743122
3 0.6398312995535219 0.4911304602662627 0.018555261610817157 0.08312103991116333
2 0.1607921511627907 0.4280612977318403 0.01130490956072351 0.03391472868217051
2 0.1632459569633788 0.38004791747106637 0.030348298880275633 0.04324576514498996
2 0.36874775210526967 0.4479098196309939 0.027935905545013757 0.027935905545013667
2 0.3682750401908075 0.3989843585283576 0.032086759434956806 0.04207955583667158
2 0.4372585665752668 0.45407447646311533 0.027026531808853744 0.0269959933548324
2 0.43626848521183054 0.40522581934452434 0.017236211031174994 0.03905209166000532
2 0.5497862610950245 0.46276188042922844 0.01775440489032718 0.026444324583483204
2 0.5438164385562747 0.4186120662531464 0.031014023732470343 0.03805585520795873
2 0.6085340514806745 0.46756065251889506 0.031771968046477875 0.02503933672234329
2 0.6017704716435184 0.4235086323302469 0.03219039351851849 0.03722993827160492
2 0.6643328932450173 0.472411186696901 0.02845655806182129 0.02149470899470895
2 0.6575666361850572 0.42991769965454185 0.03348214285714282 0.036723753829016964
12 0.302863016446049 0.44181374515309535 0.03823204973926997 0.1118130766145207
12 0.5029897705960387 0.45317098180931026 0.03232068523855271 0.10153164692069594
12 0.7626627429998213 0.4736030719176788 0.04915730337078657 0.09571369121930917
12 0.9057041011842883 0.4790201593999063 0.06048711755233506 0.0931293612453033
1 0.974026278302594 0.515939212942137 0.019961763382816064 0.04938896386264812
10 0.05783414534770285 0.6199447562426592 0.11712159556519643 0.11498754720012845
1 0.3316977081677385 0.5518589439934912 0.012223908278536496 0.050862698814140433
1 0.37479163787032094 0.5553896337543632 0.011539107082913742 0.05321976054604449
1 0.446511013509718 0.5566526935175824 0.010497416020671895 0.05329457364341095
1 0.7154635076791248 0.5680691505723638 0.0165131391031134 0.05236599066933252
10 0.351595835466803 0.6266189925044093 0.084015376984127 0.10568231922398594
12 0.4213566219962216 0.5974573943613616 0.01394296131504144 0.02008404399950568
8 0.4164481952790543 0.6740046869067725 0.004629629629629682 0.03244504667268902
8 0.42439526247114323 0.6743757458150711 0.004911924119241146 0.03146642577536888
8 0.4418350614665567 0.674106149274053 0.004460252935862662 0.031165311653116607
10 0.5817692017328481 0.632099177006996 0.08591699475065621 0.09769612131816856
8 0.5811383928571429 0.6936243386243386 0.006527777777777762 0.01648148148148144
8 0.6050046296296295 0.6905987654320987 0.00461805555555554 0.014027777777777757
8 0.6178712606837606 0.691559829059829 0.00475694444444446 0.0147222222222222
5 0.8342655114437575 0.5760484084800714 0.015067388003037113 0.03321943811693239
12 0.8548261591399405 0.6208871171855227 0.015225575803593945 0.014711465451784462
12 0.842156466051233 0.6208704658380957 0.010598582637307017 0.014342360583818466
4 0.7220662076406446 0.6618768993079496 0.016527171276079538 0.06236859129872235
4 0.743255860721673 0.6620444853035062 0.016830422125181915 0.06206534044961992
10 0.8142845473791086 0.633706151957343 0.04192184310294541 0.08967629046369197
10 0.9731628378888932 0.6267196027589207 0.05390937250199844 0.08437694289013235
