10 0.34187777243332806 0.7754462615573726 0.10085978835978832 0.10765726043503826
10 0.3064373897707231 0.8449686458945719 0.04602072310405644 0.020208700764256356
10 0.3482457797933988 0.853122113042748 0.024801587301587307 0.02718988830099944
10 0.43977241893908553 0.84870890426446 0.05649250440917102 0.08083480305702533
10 0.4962861212861213 0.8875435264324153 0.03940696649029978 0.0451940035273369
10 0.4799796075837743 0.9108612580834804 0.007440476190476235 0.016901822457378066
12 0.20270522060886645 0.8487142840441452 0.027850115740740755 0.044849537037037035
12 0.13556243862233447 0.8208459011410402 0.03942418981481482 0.045814043209876615
12 0.09219725721360898 0.8022728700114844 0.04340277777777779 0.0479841820987655
9 0.025877262205387205 0.8495107323232323 0.016276041666666668 0.04774305555555555
9 0.05217375578703704 0.8659657921810701 0.011212384259259266 0.031828703703703706
9 0.08386036706349206 0.8655409501763669 0.0146484375 0.03616898148148148
12 0.28659809183064994 0.8743555910799848 0.02484595507851321 0.03370767905651622
12 0.3126102856169302 0.8850754573345935 0.02416269131385411 0.03387331875703968
7 0.2949935400516796 0.8919764129066456 0.01043530113297552 0.01706088915391235
7 0.5850339135889594 0.2613328454307048 0.022298674821610593 0.017838939857288474
7 0.5002826132413288 0.27184235517568855 0.021236833163438638 0.014724204326650812
7 0.4201952481768995 0.2817746586859737 0.01996262317363231 0.015007362102163366
7 0.40069479839166383 0.23997621474685696 0.007432891607203531 0.02038735983690111
7 0.39233279533355986 0.2391857326235511 0.007326707441386304 0.017272624306263473
6 0.36559487722874956 0.2345440563692616 0.0302624872579001 0.02137841205119494
6 0.3866834044373969 0.28693321251934917 0.028457356439007795 0.015290519877675813
6 0.4481222904425518 0.43613788575662216 0.026889263000374166 0.012938022197281455
7 0.46026598532494767 0.40928546470999294 0.012447589098532556 0.015985324947589075
7 0.24591144058168607 0.4968548814663336 0.01860372642581234 0.03152692569870489
13 0.42789784977284984 0.4455283274727718 0.04076993660326988 0.07646535424313201
13 0.5103165665665669 0.4363446780113447 0.03878878878878875 0.07980202424646865
13 0.5972739566489564 0.43401039928817703 0.03607774441107768 0.08258258258258261
7 0.5342016415979298 0.5894597492527301 0.011902595827268353 0.026787158337376653
7 0.5824522211439971 0.5935517637967904 0.012281659388646284 0.013444120976872134
7 0.6322714279686941 0.5884121258148218 0.012130033964095096 0.022945980915413233
7 0.6028037225726455 0.661642810933204 0.008794274623968886 0.015769044153323628
7 0.6032986111111112 0.6758829653889699 0.007732896652110573 0.00525634805110784
7 0.6469604156558305 0.6751037791794706 0.004472950024259998 0.002830341258288837
7 0.646601568817726 0.6617944363577553 0.004472950024260077 0.016577713084263295
7 0.5628611441930219 0.6758083013541529 0.008036147501212948 0.0032346757237586713
7 0.5625080272283585 0.6623593153903969 0.008263585638039769 0.014353873524179208
7 0.580577740749253 0.7090483669143748 0.00887008733624452 0.010815946951318215
7 0.616246158822578 0.7084074613186694 0.007353833090732643 0.011119197800420538
7 0.626853240993312 0.7543038128144512 0.007728677941443844 0.011668788264532912
7 0.5963823566007216 0.7538013291092797 0.008012820512820519 0.010229132569558095
7 0.3516589506172839 0.675232400058789 0.017071759259259245 0.024305555555555556
7 0.35782214506172844 0.6243827160493828 0.011574074074074047 0.01800411522633746
7 0.36890983245149916 0.5698394326866549 0.017746913580246906 0.021476337448559684
7 0.3185281635802468 0.6386209705075447 0.012924382716049366 0.017232510288065925
7 0.32987718621399176 0.6519204389574762 0.005787037037037024 0.007973251028806666
7 0.4008771332607117 0.5697545993706125 0.016589506172839524 0.021219135802469206
7 0.3944147055041153 0.609380358367627 0.017650462962963017 0.025720164609053544
7 0.41880582505582503 0.6437110187110185 0.01624220374220376 0.023388773388773362
7 0.44704319704319695 0.6249766249766248 0.014004389004389061 0.023581273581273487
7 0.43335746460746466 0.7166713416713416 0.008806883806883785 0.015592515592515644
7 0.42968181857070725 0.757424090757424 0.013354700854700812 0.01828751828751828
7 0.4557794401544401 0.654689717189717 0.012632825132825173 0.019827519827519832
7 0.45306586171970786 0.6923639615947308 0.01371563871563871 0.02002002002001996
7 0.4713186744436744 0.6796139087805753 0.01046719796719802 0.018576268576268578
7 0.47219896178229515 0.7149617566284232 0.007074382074382078 0.020501270501270492
7 0.48587650150150147 0.7019399206899206 0.009817509817509852 0.01944251944251947
7 0.48342813967813963 0.7342558905058905 0.011333448833448835 0.018480018480018515
7 0.5049310127435127 0.7341957341957341 0.010467197967197943 0.0165550165550166
7 0.5040677696927697 0.7660986306819642 0.01118907368907366 0.017902517902517918
7 0.5153795622545622 0.7510346885346885 0.010467197967197943 0.015881265881265837
7 0.5147236397236397 0.7811614061614061 0.010539385539385491 0.01674751674751673
7 0.5241943866943868 0.7657927157927159 0.009745322245322225 0.01742126742126739
7 0.5240651154112693 0.7927380042764659 0.010178447678447671 0.015977515977516007
7 0.5381165578534 0.7869863790916422 0.008085008085008146 0.01472626472626475
7 0.5365056351898457 0.8153193679509468 0.010467197967197943 0.015592515592515644
7 0.6097896539073009 0.7996684467272701 0.00830157080157079 0.010106260106260097
7 0.6379847395472394 0.8013061138061136 0.004259066759066756 0.007892507892507885
7 0.618920775170775 0.825193325193325 0.006352506352506361 0.007700007700007653
7 0.6433947058947057 0.8255370755370754 0.005486255486255468 0.00635250635250644
7 0.6261630219963552 0.8463057074168184 0.004764379764379751 0.005967505967505973
7 0.6489903364903363 0.8467361592361591 0.005847193347193288 0.006448756448756504
7 0.6531026218526218 0.8631804881804882 0.004692192192192203 0.007603757603757694
7 0.6742860649110648 0.8643659685326351 0.004980942480942474 0.006641256641256632
7 0.6334639928389928 0.8636882074382072 0.004186879186879208 0.007315007315007291
11 0.803326319844177 0.9477370292846483 0.08057681405895699 0.1044123204837491
4 0.8365609684734109 0.92254894789457 0.03174603174603179 0.08673469387755109
7 0.869923727066584 0.8288840788840789 0.011904761904761882 0.015495086923658408
7 0.846543659043659 0.7639914161653291 0.013138138138138168 0.019250019250019238
7 0.8461158808381031 0.7132845095808058 0.012993762993762915 0.017517517517517452
7 0.8621209772525562 0.7303102697839539 0.014220951720951783 0.018095018095018046
7 0.8576966389466387 0.6911106911106911 0.014148764148764157 0.01896126896126894
7 0.8703449328449326 0.6654502487835819 0.015736890736890687 0.019635019635019704
7 0.8880390669183774 0.679502446743826 0.01689189189189193 0.02387002387002389
7 0.8833454386338999 0.6369720312028003 0.016097828597828663 0.023388773388773466
7 0.8740442365442366 0.7074343574343571 0.016964079464079556 0.02098252098252102
7 0.8989240720009952 0.73015323015323 0.010178447678447671 0.01434126434126439
7 0.9041390291390292 0.764047014047014 0.010178447678447671 0.017613767613767622
5 0.8349397221712258 0.7547902685134188 0.03878281622911699 0.06618492000353574
7 0.8926026570048309 0.6021515476829487 0.019122383252818054 0.028314546430488533
7 0.9039452495974236 0.5682608695652173 0.017914653784218932 0.029253891572732175
1 0.40248356870059493 0.590564585368742 0.033556488142819065 0.09314770405897506
7 0.4219207966959766 0.6014244160227372 0.015737410071942452 0.022426503241850967
1 0.4257161400509222 0.6228659048070183 0.031225019984012822 0.08693045563549154
1 0.45874093075266564 0.6735758933836536 0.024480415667466025 0.0794919619859668
1 0.4742667730222602 0.6977624115396946 0.019359512390087888 0.0707767119637623
1 0.48854666266986396 0.7163629000181497 0.02004646282973618 0.06902811084465765
1 0.5087180255795363 0.7476241229238829 0.01917216227018383 0.060701438848920895
