10 0.9590967068645642 0.813073335394764 0.07665945165945164 0.1551978114478115
10 0.7315571502361276 0.8795510571078754 0.048475829725829735 0.12062590187590194
10 0.6826777822871574 0.8351746632996634 0.0073277417027416926 0.036075036075036045
10 0.6805217352092351 0.9122098965848965 0.017192009379509307 0.05411255411255422
10 0.515217106126197 0.9052716012943287 0.09526064213564206 0.11386183261183251
10 0.37714955139796896 0.9223638673796901 0.08021272855133613 0.09983423749246541
10 0.2825032873109797 0.9386664301194217 0.037275758429604566 0.08355248739864118
9 0.6812468708277702 0.11118219354200663 0.019933986055481308 0.04944864757948869
9 0.6483471016911437 0.14354272775222932 0.02758307372793347 0.05748405281115562
9 0.5999363110928532 0.1857771425528435 0.023874425159471836 0.05161202591109133
9 0.5016873616143316 0.24890699284947473 0.0173094411375661 0.0320353835978836
9 0.4709769758597883 0.2783358134920635 0.020022114748677267 0.03961364638447974
9 0.4465706638558202 0.30184737378747806 0.020151289682539684 0.04460841049382713
7 0.05901572145061727 0.6503986625514402 0.013692542989417992 0.03134645061728398
7 0.1406798368428913 0.5969270922227912 0.018472015542328035 0.0342744157848325
7 0.11458354862488979 0.6578377034648737 0.015113467261904762 0.0248015873015873
7 0.07385361552028222 0.6995081018518517 0.009429770171957681 0.009817294973544973
7 0.0739373871831814 0.7128256938751852 0.008751146927863477 0.008956128747795465
7 0.12790501690699754 0.7044000111781802 0.00829630561144646 0.008965832029212278
7 0.12702080538788282 0.7175964739051595 0.00969357813547954 0.010363104553245453
7 0.1676177176226081 0.6594350050922821 0.0144967024368433 0.03015779864371412
7 0.2522076905879723 0.6143341530665475 0.014758691035099462 0.026548177956628657
7 0.26923694947462556 0.621172320115982 0.00812164654594229 0.00989734704523437
7 0.2652197909680304 0.6249689494994659 0.005152442432372001 0.004424696326104801
7 0.2415527661160849 0.523605327098777 0.019386393567616282 0.040722256879462064
7 0.30367769378493764 0.5338786412187388 0.019494697442295674 0.03711212772348141
7 0.36206622386946047 0.5465820486370192 0.01700370832466902 0.034079619232457656
7 0.37859682325137717 0.43039615975777323 0.023393636930754844 0.046354058362791974
7 0.4445899242537812 0.4445865659941014 0.023393636930754844 0.04606524803031352
6 0.3101222681094464 0.4158847290570301 0.03557307959680224 0.01725852547020427
6 0.3376984717146823 0.3909073764566527 0.037504839334107636 0.018685206693336773
6 0.366996279089775 0.3711500408654881 0.03780729771583431 0.01747537316643005
6 0.42253266006777246 0.32427843172225207 0.04166109327626179 0.03511235955056176
6 0.45988830925628676 0.30385381368527437 0.03427635098983411 0.01857796801617026
6 0.4941728936637645 0.2693805362344688 0.04653780988050646 0.03362612210926818
6 0.5687177039509786 0.21049063742725713 0.04698328862061257 0.041219539458976086
6 0.6176389765608905 0.17106542669232538 0.04855522021014984 0.06590468738356062
6 0.6712314229291092 0.1337444863182623 0.040695562262463625 0.05798680974737314
7 0.5555182799546731 0.30633798816836944 0.02875546353807229 0.05799018480177902
7 0.6290541419975059 0.32534032343338215 0.024921401732995948 0.055114638447971806
7 0.6998303884087185 0.3467125354346426 0.028875277969480823 0.05175983436853001
7 0.9786345952309173 0.1780151312861593 0.039404391039905055 0.05933837709538644
7 0.9034914116689818 0.1453677855547014 0.03755006675567424 0.062428917569104465
7 0.818904655168047 0.11970944698321039 0.03824543836226081 0.07355486327448943
7 0.9894867920669728 0.3999799846839321 0.020667989417989342 0.025662753527336886
7 0.9621253015094926 0.4148187052598817 0.021313864087301588 0.019462356701939985
7 0.9380683697089947 0.3829864555776014 0.022605613425925965 0.025490520282186922
7 0.9084721128034545 0.39730157109139946 0.019892939814814853 0.02135692239858904
7 0.8828008742559527 0.36581480103615527 0.02157221395502642 0.027901785714285716
7 0.8540687807723399 0.37962120933764465 0.02183056382275136 0.021529155643739
7 0.6985501503045363 0.5054592499767937 0.020456010039343338 0.04027608194274862
7 0.7438632891531443 0.5226674157833577 0.019608092524759202 0.0323621851399629
7 0.6524946086578032 0.49338789211474393 0.013566680233346964 0.04296115407226515
7 0.50801973773465 0.4585820558042781 0.021833876000542714 0.04493962827296165
7 0.4998341846836143 0.5655563286532638 0.01854020296643252 0.03599618353716712
7 0.5483618970937812 0.5793267387470286 0.015762786596119953 0.029394473838918293
7 0.6103995417611487 0.6210829239103048 0.017892573696145175 0.022439531368102807
7 0.7544461583082845 0.6124371583258628 0.044820011337868386 0.07865646258503402
7 0.5915400014172336 0.728398998488284 0.018069727891156413 0.02928949357520782
7 0.510541641526656 0.753265622904999 0.013923698134224508 0.025381741390513298
7 0.5196843562900305 0.7044158428478604 0.014032477025898132 0.024221433212661302
7 0.46892147212888485 0.7663802433937856 0.01488095238095238 0.024720270621909873
7 0.4788054494158895 0.7193758531118323 0.014067785584178998 0.022226559111804933
7 0.4315527013400988 0.7771570604562408 0.013254618787405671 0.02374447046578196
7 0.44323689175123593 0.7337565414751207 0.009839318240957589 0.020600225518258203
7 0.403286945295142 0.7507489474702589 0.015043585740307047 0.019082314164281477
7 0.36863392043976057 0.7975878762251714 0.012848035389019009 0.022877092549223592
7 0.33690457057139794 0.8090339961121061 0.012441451990632289 0.02276867030965389
7 0.30719118248392246 0.8178676753032725 0.012441451990632344 0.020817069997397908
7 0.31476060369502995 0.7726963888166075 0.010083268279989642 0.013878046664931889
7 0.2046022214960454 0.8085500265256268 0.027403721051262032 0.04586260733801719
7 0.28734304981913406 0.6722017510707985 0.013618728741496583 0.02893518518518526
7 0.25074983919849997 0.7150329415954415 0.007307610544217703 0.010924508692365813
7 0.2508392679988662 0.7283673638106035 0.0071968891723355926 0.009448223733937977
7 0.29728688350340127 0.7322104978354979 0.007861217403628086 0.008119567271352879
7 0.06617489993348015 0.8600392428969018 0.024228140196348294 0.037656359910695256
6 0.09000138197899392 0.7302607333701862 0.013202835031193239 0.008884150675195393
6 0.061808599199768346 0.7502171681276157 0.011475361288794127 0.016123088262391682
6 0.11580929128607402 0.7525021863053925 0.014189962883992737 0.016287609571191804
6 0.13839532496248913 0.7348837821474637 0.008884150675195468 0.009871278527995065
6 0.16467760404327564 0.7555641106636132 0.017027955460791267 0.010200321145594705
6 0.19458757798310033 0.7410697833583405 0.010611624417594565 0.009377714601595304
3 0.9698903768785658 0.540592617364271 0.039838770153730746 0.13774319876682084
7 0.9807545363647724 0.5732474728537721 0.016599487564054553 0.03411031954339047
7 0.9766845550556181 0.5056334104070325 0.015818335208099 0.023955338915968804
7 0.8958081628685303 0.5423801191517726 0.016794775653043385 0.031506478356872036
12 0.8582206404066998 0.5304415673079268 0.0951318027210884 0.1684145880574452
12 0.6824083800186741 0.5905139833711263 0.09530895691609975 0.15258881330309906
12 0.2506103653045142 0.7654485158917784 0.05844203816278285 0.10360379376336816
12 0.18311454358931128 0.7878245981388964 0.05484016315689621 0.09288243849996837
12 0.1033300659794684 0.8249190188101212 0.06136169607285144 0.09235544594110333
12 0.054293614233542016 0.8381281421931323 0.049405552393600206 0.08431880941841109
2 0.5920870739005987 0.6702120739005983 0.036755139214155706 0.024503426142770398
2 0.6055409185532137 0.6150468384074941 0.034640905542544835 0.04076676207823745
3 0.5804881092681901 0.7001337988307651 0.039555816243772406 0.1072925114895917
2 0.5074587989733975 0.6992939474691298 0.041275634341327735 0.02437917583902978
2 0.5117259565252266 0.6381291052823899 0.008055990035917006 0.021965396052987248
2 0.5232494340614778 0.6523425547148174 0.019732649750897918 0.013879233769744682
3 0.5020597300152827 0.738725809328868 0.024982620785540487 0.0788099100142896
2 0.46844154679464883 0.715871381929776 0.04009891669563201 0.024499864828332014
2 0.47479479423561805 0.6588469396950454 0.022448152010195795 0.02824122349669801
2 0.4847875551950978 0.6726131472684594 0.019551616266944735 0.015448190630672317
3 0.4607201592450984 0.7526332996476952 0.02425848684972775 0.07362028347429812
3 0.4234568901539704 0.7678070406172594 0.022629185494148978 0.07313752751708963
3 0.36221054618676063 0.7936591170293661 0.02081885065461708 0.06275827443710655
3 0.32996181098655997 0.8055273445043061 0.02009471671880429 0.0553962460896768
3 0.301219916760804 0.8094874519657821 0.019008515815085128 0.06360309736222144
