6 0.017763337103603036 0.41034520742797254 0.03370016794837797 0.014442929120733422
7 0.05202007510714636 0.5293159342672864 0.023470983233516218 0.018650270134439022
7 0.009325828291345534 0.6108517692569416 0.01966251966251966 0.015484234234234253
7 0.07502759758220344 0.5988530472148705 0.01918126918126918 0.014423972757305994
7 0.07224429974854424 0.644714945967068 0.02338611209578951 0.014893260861002759
7 0.12314401139725317 0.6417954608744082 0.01740462266778057 0.011010315644182943
7 0.058295949765113896 0.682359675096678 0.023967283141595064 0.018127154021649453
7 0.06230554573171438 0.7171602713460512 0.024978560911282623 0.01774792485801661
7 0.04516454456621988 0.7496008530611642 0.020933449832532407 0.014183170719867971
7 0.09967137896825398 0.7522723716222601 0.02040963955026455 0.015694754464285716
7 0.23695954957376672 0.36610922142892827 0.04342258735229981 0.030348268167756993
7 0.1148406993181974 0.6884474168513071 0.021112564018742515 0.01793432857506086
7 0.1193727113092835 0.721177017988759 0.025772229719598132 0.016818890174153327
7 0.24636642767681416 0.7033556427804615 0.015911356491066633 0.01581550494593973
7 0.252208266664049 0.7322124150886906 0.018643370046431282 0.013729450113378637
7 0.3948862978479736 0.6017677726307594 0.016497627434035537 0.01294358933247828
7 0.2639467114707281 0.4921617087212431 0.02813747331291194 0.028978950983003807
7 0.31554010867280397 0.39949585401025833 0.039070896974837836 0.027842653864452203
7 0.3064548096740078 0.5336696245662442 0.03454947484798231 0.033932519939982614
7 0.3145103082748166 0.47709400020853554 0.027404608638865586 0.02767532285794251
7 0.33022318901948533 0.41775996637107726 0.03674309229864785 0.03206669873336535
7 0.40775371542119854 0.4446241576596789 0.029691650984514678 0.027883441344979783
7 0.39560621966109777 0.4326487443789274 0.025396825396825383 0.01137908923732086
7 0.3906881509339031 0.41763355418737175 0.02071230057447518 0.009609190792192334
7 0.3953600404700395 0.4998411338217211 0.02569373072970194 0.02941099501351295
7 0.3929929060137394 0.5521821928071928 0.03306878306878307 0.032353352665852625
7 0.4767885286502307 0.47183839474572964 0.03010999721526042 0.02538899331662492
7 0.4683769932322811 0.5220031829221049 0.028935185185185185 0.02854006185807649
7 0.46648136625134623 0.5726504801989313 0.030848337203253317 0.030451829012980127
7 0.5134387119483635 0.561087118660356 0.02329422568849406 0.02438525370180043
7 0.5526198102464549 0.4877090191426883 0.0311529593645463 0.018491863580024755
7 0.597582709651675 0.5032558373075614 0.029493779493779487 0.022017209517209545
7 0.560308610327836 0.5752525044453396 0.029283801874163327 0.02196285140562255
3 0.3498641303372153 0.4758073601352551 0.13983813263306683 0.18126520753409772
2 0.3875716563038289 0.4716651816757185 0.09429861461663584 0.043293230130685915
2 0.34140293308511266 0.3672930528130431 0.06091361392886638 0.12728298569230684
3 0.4167359779880707 0.5341262438931339 0.07259322498366316 0.1149173148675141
3 0.4692021990700024 0.44435978239342083 0.08112957040195845 0.039002990409039616
2 0.4738357428282024 0.49535096160967446 0.08428014656717105 0.03944969510810697
2 0.4175127668437853 0.3687811502152677 0.039951018911414955 0.055865322732245204
2 0.4200184991502475 0.4321981952083058 0.055878733876363086 0.046873549361341325
3 0.485973603976169 0.5514529731858187 0.06650901654241317 0.10459470993237001
3 0.535223102695607 0.46900170652007556 0.0812827656798639 0.036770827273444856
2 0.5326798445550206 0.5151181852801973 0.07561774313297873 0.04072919214151786
2 0.4820987849871318 0.3819427944885312 0.03285612208441794 0.014593860052059426
2 0.49204418161783403 0.4167475616040332 0.023393636930754826 0.029350350038122988
2 0.483088597179711 0.4681095214727225 0.04167889059396999 0.030856772181794365
1 0.0710108649635403 0.6999720394911149 0.03966675319110067 0.07370196176680482
1 0.1240236237864322 0.6966736265759875 0.03281778661285303 0.0637217252492395
1 0.26015155732136863 0.734659343149909 0.03341253341253341 0.01995470745470738
1 0.26005401005400997 0.6978764478764478 0.007150007150007166 0.015675015675015738
1 0.24630900360067026 0.7033970375767251 0.0162835225335225 0.016139078639078604
10 0.08370135526571151 0.8332758015636729 0.12342014505851383 0.07000963378003178
10 0.07555973778400248 0.8847559456474897 0.10188103018985371 0.010485965219421096
10 0.2734617015932696 0.8252312390865881 0.08435250238528925 0.060174342961228186
4 0.42504818408076817 0.7060153466703442 0.09267534986704239 0.11826185152423536
4 0.3740416885991085 0.7036824621784626 0.09560380642293655 0.12227393779813141
4 0.4033197301729279 0.6537481010591477 0.029992617201919473 0.008147033038021447
4 0.31660528743412175 0.701057113098356 0.1087419173820817 0.14142185170087934
13 0.5610051733469457 0.6850032107152357 0.02475689975689973 0.03458815958815951
11 0.7880967689228041 0.7982501800586707 0.23531440098795328 0.28288344721974973
