12 0.13649474534829856 0.4434975632708259 0.021734253183016437 0.021120786359302278
7 0.19118919295597742 0.4347886359812155 0.013554695533494103 0.00920200235571259
7 0.20221035017854802 0.4274001451287229 0.0053751378839717884 0.00920200235571259
7 0.2100831744162133 0.4274110998934321 0.004440331295454983 0.008588535531998448
7 0.2229032563162682 0.43497375393031185 0.012269336474283491 0.008062706825957739
7 0.244696247346424 0.42822374425731313 0.004907734589713404 0.009026726120365725
7 0.2530696711350422 0.42901049554097254 0.004440331295454983 0.008763811767345314
7 0.2705486068265809 0.4368468038962738 0.012386187297848069 0.007975068708284249
7 0.2869856226746686 0.4295144147175949 0.005141436236842596 0.007536878119917029
7 0.2948438405593883 0.4305989364238039 0.004089778824761139 0.007887430590610816
7 0.30142838446725373 0.43795396544954845 0.012035634827154263 0.007975068708284249
7 0.34670195784111313 0.4391170484683863 0.012152485650718877 0.007186325649223184
7 0.3584788515589459 0.4322823186007815 0.00560883953110098 0.00902672612036567
7 0.36578981808663785 0.4329936479892311 0.003856077177631947 0.008062706825957739
7 0.3758953522516191 0.43982478150270715 0.011685082356460494 0.007273963766896673
7 0.43029553707077134 0.44205809660372575 0.009932320002991386 0.008500897414324958
7 0.5256959210139422 0.38781062135744115 0.016125413651915402 0.012269336474283474
7 0.5200348527056419 0.32577644450988086 0.017995026828949087 0.016213051769588854
7 0.492935199207284 0.34038981974052646 0.015424308710527789 0.014810841886813647
7 0.471213647200742 0.3518822838706846 0.014372651298446368 0.013496270121711815
7 0.6036361131229776 0.2947308000887659 0.021734253183016382 0.020857872006281922
7 0.6585322913355892 0.26744597402172493 0.02430497130143768 0.0248015873015873
7 0.7314520740242177 0.2303713986576177 0.028628451773328085 0.027868921420158156
7 0.7830952692554576 0.21617402359451826 0.026992540243423704 0.017352347299343762
7 0.8512546425031219 0.17287566258255124 0.021120573127872425 0.03448687869308305
7 0.9677199293688465 0.11317115344801712 0.04248252423434902 0.05277126057235547
7 0.770299181278672 0.3566587526099549 0.009756928073759854 0.011295772434386328
7 0.7853404388057853 0.3823239466803823 0.009494997118759447 0.007563256325632603
7 0.816156188305048 0.43062679617301475 0.012209068331517433 0.009939040551285491
7 0.8420359485785657 0.38128617247764907 0.01196365992284361 0.009478899785022242
7 0.8432812358549321 0.3632709096144471 0.012086364127180371 0.008328547869364204
7 0.9257395479215125 0.2606363264575825 0.041642171271800955 0.03054269547325103
7 0.9088558980165659 0.3525380074586553 0.008743316989390229 0.009608991938834879
7 0.9076370998273268 0.3722618701349068 0.00813734452477922 0.010193322529709965
7 0.9162649934901242 0.41628144131416384 0.008050777029834703 0.006752264605667719
7 0.9385388099393333 0.4145955393501205 0.006405994625889956 0.005194049696667506
7 0.9385936360194649 0.40119705532009203 0.006405994625889956 0.006167934014792689
7 0.9598171001966813 0.3743147564435896 0.010820936868057403 0.010777653120585052
7 0.9923944854265151 0.30513896221664927 0.013937366686057715 0.019802314468544843
7 0.9578058487308051 0.28945573284578513 0.009608991938834785 0.006687338984459445
1 0.20608388704318936 0.42817056570690293 0.014227267134243876 0.027325004614248763
1 0.24828137542700118 0.42841102849408497 0.013458225667527978 0.024729489664082734
1 0.29073772866166275 0.4316585693008901 0.012785314384151581 0.025810954226651896
1 0.3619109142364956 0.43265586273268986 0.012881444567491082 0.024657392026578104
1 0.9362749409760674 0.40726603595653377 0.010189799433985494 0.023143341638981185
1 0.838440173357038 0.37141838433406127 0.01979414093428342 0.03705510311804847
7 0.39889112875690064 0.3813380411534773 0.020773410035154993 0.017044849259614393
8 0.48370700714450693 0.4151977784790284 0.07067507067507066 0.046560984060984065
8 0.4806158652312499 0.4007996796458334 0.01038126038126037 0.010312510312510362
8 0.7167727751273669 0.29778872452660726 0.02210209480617645 0.10439443634596696
8 0.6976254870334381 0.3034635543205378 0.021089785120397306 0.09705519112406871
8 0.6794170139195651 0.3070979474040699 0.020921066839434167 0.09249979753806285
8 0.644767725975209 0.3275600533253594 0.01889644746787603 0.08781786524133463
8 0.626707019989333 0.3325958810652689 0.09227540222438181 0.16024862325882733
8 0.6149462144360104 0.3401360544217688 0.01889644746787603 0.0825032393909945
8 0.5789647395346278 0.34582790888143217 0.0379616132167152 0.08187054583738257
12 0.672921913156288 0.18887362637362634 0.053100834350834354 0.04459516178266177
12 0.7511792110006396 0.14647017995232278 0.06422975172975168 0.05532661782661782
12 0.8313006866247608 0.09224635960747073 0.09634462759462759 0.0705891330891331
12 0.9309411653161651 0.08480018245643245 0.052146927146927126 0.056280525030525025
8 0.7872278184778184 0.35207919973544965 0.033704721204721275 0.08370535714285714
9 0.9772056647056647 0.1605057269119769 0.043561762311762404 0.07201999389499389
11 0.8107168793443306 0.4786365935262994 0.08539526921879871 0.0803863211951447
11 0.9012702303143479 0.5048217203548085 0.010115157173980677 0.048727824463118644
11 0.9286547952514339 0.4620973389355743 0.031512605042016716 0.06214985994397757
11 0.9718818082788669 0.4829562033146592 0.007975412387177208 0.038953081232492984
3 0.9477818905339914 0.35759095304788585 0.028983815748521737 0.05310457516339872
3 0.9870126211404102 0.35268561447567537 0.01731248054777471 0.05470938375350138
