7 0.10900997150997149 0.1531339031339031 0.07077991452991453 0.0997150997150997
7 0.4402716861598439 0.07658339318080776 0.029544346978557456 0.027209226770630278
7 0.7085008528265107 0.10521239441195582 0.019950048732943454 0.05807342430149447
7 0.6600902574723847 0.21837322215002528 0.030610380116959057 0.049342105263157916
7 0.7224261589965251 0.2969796169166878 0.034417641325536076 0.04507797270955165
7 0.7165062540610786 0.38809021009313405 0.03319931773879148 0.046296296296296294
7 0.8207125603864736 0.13166935050993026 0.02935453569511534 0.061504741456432296
7 0.9158335569869387 0.01968151726605833 0.02734165324745024 0.04383610663803901
7 0.9200726756504791 0.16020660884632412 0.03036097691894797 0.06217570227232061
7 0.9720977698128239 0.19833024547065373 0.041096349973161576 0.060833780640543934
7 0.9643095119107115 0.30378329353841604 0.039922168545357 0.05747897656110218
7 0.8413779985678482 0.3463022635954968 0.03746345029239756 0.047862712336396544
7 0.9158464566929135 0.43084718576844566 0.013943569553805761 0.04009915427238261
7 0.9083825459317585 0.33231262758821806 0.021598862642169713 0.025882181393992426
7 0.8600390880186946 0.44858615605879354 0.027613735783027 0.04743928921235449
7 0.8453728488822488 0.25145367603659435 0.037903939796370086 0.05219861295558506
7 0.7759533898305084 0.367504876244283 0.03737052730696793 0.049827369742623966
7 0.78125 0.2751073243828848 0.036193502824858746 0.049435028248587566
7 0.6290509259259262 0.3336929797028668 0.03442796610169496 0.04531544256120528
7 0.6253472222222225 0.4164704959196484 0.031632532956685507 0.04610012554927812
7 0.584623856604789 0.3530793202403372 0.02854284369114879 0.04354990583804142
7 0.579910908300739 0.4336278912550099 0.029719868173258057 0.04315756434400502
7 0.5357764267583723 0.4455890581074812 0.027071563088512267 0.04354990583804142
7 0.5404543314500942 0.3658662900188325 0.02824858757062145 0.04845417451349655
7 0.429845945603361 0.481961345308803 0.025158898305084738 0.037860954174513496
7 0.43507238700564965 0.4132925298179535 0.023687617702448212 0.038449466415568116
7 0.46965042372881355 0.3944993722536096 0.025453154425611992 0.04139202762084116
7 0.4658589336158192 0.46826938166980536 0.026041666666666668 0.03884180790960451
7 0.4560623684502049 0.5599867065470258 0.02030367231638416 0.034918392969240444
7 0.6626626626626626 0.504567067067067 0.03065565565565562 0.03858024691358021
7 0.5941879379379379 0.5218968968968968 0.019863613613613593 0.036286286286286266
7 0.3969032135514437 0.49538526861535703 0.02519665683382502 0.03502949852507371
7 0.4015640363815142 0.42573131760078664 0.02273844641101282 0.03748770894788594
7 0.37422708191513493 0.36429575422938243 0.021202064896755166 0.04322353326778104
7 0.34859828566542683 0.4461830048594188 0.024274827925270397 0.037692559816453614
7 0.34385447394296953 0.5112504097017371 0.02519665683382494 0.034824647656506086
7 0.4968058561808562 0.3071989738656405 0.0299873737373737 0.04840067340067338
10 0.8331004155253693 0.6909429133980534 0.16814918851435706 0.18986683312526015
10 0.8255305867665418 0.8271282920159324 0.12484394506866418 0.024968789013732888
10 0.6181840713813614 0.7293171117802093 0.13693820224719097 0.19818976279650435
10 0.4520095619112473 0.7431288540839102 0.10689762796504369 0.14461090303786933
10 0.3400797080572362 0.759227247991293 0.059300873907615466 0.13784852267998332
7 0.5074188963779958 0.5488607480029049 0.020616319444444444 0.03544560185185185
1 0.9514537902388368 0.24560070653391153 0.06847092419522324 0.2271547248182762
1 0.8276220145379024 0.29510643821391486 0.064252336448598 0.20984769816545515
1 0.7639659302849056 0.3188709884880057 0.06210876369327075 0.19822639540949405
1 0.7080290384280995 0.33988201327305373 0.05672926447574329 0.19105372978612414
1 0.6153465196499813 0.36900196169190425 0.056484741784037514 0.17377412623891497
1 0.5697204057679414 0.3947760637901483 0.05624021909233182 0.16660146061554512
1 0.5271647244578584 0.4014247522170057 0.053550469483568085 0.1623630672926448
1 0.4586613310128973 0.43311433094094587 0.04499217527386534 0.15584246218049036
1 0.41914459748699695 0.45693506411891494 0.06378159275154986 0.1502145922746781
1 0.39204905372991966 0.4577256777628309 0.042173342870767766 0.1452471785089811
