9 0.3306338324489581 0.43821602785815844 0.031982465557344776 0.07347020933977456
7 0.3587709881251708 0.4127344831482895 0.027015001271294217 0.02129417747266721
10 0.4447493310613934 0.37574257038337044 0.2793069822374862 0.19638953498021416
10 0.7729446043929317 0.42640627548820753 0.18204885520534997 0.14220884844381196
7 0.3383307645602728 0.032997057587221525 0.051305403764420145 0.031079234972677592
7 0.4521371579776137 0.07153325662941047 0.05401234567901238 0.04644468186134852
7 0.3864387190061209 0.1906166112278245 0.046709656084656125 0.038029100529100544
7 0.4777697225613892 0.216807208994709 0.026592813051146417 0.034722222222222224
7 0.5028866291887125 0.2269345238095238 0.012814153439153394 0.010644014550264558
7 0.7637438503666574 0.29331140350877194 0.03058862433862428 0.026351686507936536
7 0.7059820455960161 0.27547998366013077 0.031277557319224006 0.028108465608465572
7 0.5633770978009259 0.043014714747299385 0.04870756172839513 0.04358362268518518
7 0.5618569958847736 0.11742460776748971 0.046296296296296294 0.042317708333333336
7 0.6562532880892255 0.08666170165193604 0.046778549382716084 0.03942418981481482
7 0.6542010426559038 0.15772921860161443 0.04774305555555555 0.03797743055555555
1 0.5802156322989654 0.07446020238988989 0.07884837962962964 0.15498408564814817
1 0.672472633264105 0.11283792645595367 0.07691936728395068 0.1510054976851852
7 0.7860074827734712 0.14984052002583978 0.039836347975882855 0.03411660206718346
7 0.7848678877235647 0.20998988258093934 0.03956718346253225 0.033107235142118836
7 0.8477067183462534 0.17750053832902674 0.03714470284237724 0.03108850129198968
7 0.8458861874559549 0.2369901779422128 0.036875538329026736 0.030684754521963835
7 0.8992993440667861 0.20355566322136084 0.0320305770887166 0.02927164082687336
7 0.8984711455641688 0.2563791989664084 0.03310723514211881 0.028464147286821707
1 0.9140037537768477 0.22472719322081408 0.06172839506172836 0.11768150233105013
1 0.8610624928749138 0.20110311704365355 0.06405545757397609 0.1267636684303351
1 0.8029107227060059 0.17022242201278664 0.06858710562414272 0.13484714873603762
