11 0.9083563185627868 0.3948772226952761 0.20522168037228286 0.18718396211287028
11 0.16183709599347462 0.46271957923192475 0.1290090796263636 0.09553203997648438
12 0.08077643240055485 0.08970180440723298 0.1457725947521866 0.06448422222222223
4 0.6989808720838533 0.38857970920979057 0.0340366498903083 0.061822493224932246
9 0.14772254446032665 0.17648135186432132 0.03663735678124167 0.06441275550987782
2 0.7055815148763867 0.26959496610938916 0.03522118906734283 0.022600262984878404
8 0.017196 0.347222 0.03373 0.08680600000000006
11 0.2305880441845354 0.45451301865775545 0.01984126984126984 0.04447751322751327
4 0.656143738717938 0.39053280485472674 0.033714027616466656 0.060007742934572214
4 0.6194978875254592 0.39535430939195537 0.030971738288811487 0.05795102593883078
2 0.6364911256215605 0.2810612603672804 0.032286089978397714 0.022306753075983836
7 0.1023145941110346 0.2632260418689785 0.04067080216505504 0.0283650337529648
2 0.31651549508692367 0.32841325830743817 0.031144144900758657 0.013516208952716843
10 0.4493158327244672 0.4304238090947428 0.05394875186541853 0.03298929080179081
3 0.6799063431247341 0.2859263820470717 0.046296296296296294 0.08518062397372742
4 0.33495611700739913 0.40891800507185144 0.024928774928774957 0.04553317053317055
3 0.5553372101660826 0.305898962665544 0.050401386608283194 0.07491548059051409
7 0.14848456875291616 0.14146382816740735 0.03438626446594574 0.0250927607092302
4 0.31323773401425153 0.41121377147884103 0.02442002442002441 0.045278795278795275
3 0.6135510188520998 0.29584477040086926 0.04926108374384236 0.0790229885057471
2 0.2828168304358781 0.3328486744492036 0.029394473838918293 0.012335180985974633
4 0.2917759361522879 0.41190772197441256 0.02396482659640554 0.04317685238737872
1 0.14581689274788578 0.35468122709893724 0.01903020390149785 0.03775464301780094
1 0.19991933432851536 0.3481119581457634 0.01984126984126984 0.039340448823207426
3 0.23885382429459193 0.34512928942240223 0.02659500013997368 0.050390526581002765
1 0.17136907444970326 0.3521309745162433 0.01949917898193762 0.03891283524904214
2 0.24640945627222083 0.3375161407155455 0.03154394473838915 0.012648809523809524
3 0.3093373573973221 0.3468891117700641 0.02414546065339716 0.04802847064751823
3 0.2713206018963351 0.3456808806385077 0.028519638307998127 0.05144032921810699
1 0.9211368156403618 0.3303888044579534 0.018738977072310505 0.037119708994708955
1 0.7302943510034746 0.35114970031975457 0.015677052714089746 0.03977439741328626
1 0.5807023664166522 0.3644179049079382 0.01550477740953926 0.035521687307401635
7 0.8593107381841624 0.20248767909941753 0.022537950365331325 0.01778923374905518
7 0.9493310503024203 0.18724268564503738 0.024345116369656222 0.020084721004966413
1 0.8668581444999234 0.33438378326306717 0.016021697223247727 0.034991386735572776
1 0.5144030239833158 0.36887201656818436 0.015327501641370232 0.02950845788437026
1 0.46094993608805757 0.3718344654118134 0.015346838551258382 0.030762189774620703
1 0.815773553176654 0.3395145041220622 0.01627804437881963 0.03249200196874615
1 0.40646011594023823 0.377637780160716 0.01597818876106343 0.027228653948837476
6 0.845229755342581 0.1745979073007445 0.01790553619821908 0.017784552845528438
1 0.4328625317163998 0.3765900408092384 0.015444732493443148 0.02970505298585532
1 0.36118801525778266 0.3804860122343511 0.010676492819349941 0.028273809523809524
7 0.6615217986745763 0.23606132004569502 0.0175921472217769 0.014613729891507662
7 0.9272630629992594 0.20909826795562994 0.01338981400331096 0.014378834355828214
6 0.8976973951973954 0.1651480463980464 0.017936507936507865 0.017976190476190482
7 0.7259930260906479 0.24527774960416066 0.018700238348800656 0.016323089406156503
6 0.9517470757780834 0.15418931843350447 0.017123989992207062 0.01741878922111479
7 0.6013576615428466 0.2478360117249006 0.0178148326296475 0.012108519052963475
7 0.9666996521530525 0.2453972335505711 0.012994282515693109 0.016617688217184453
7 0.7292404668947879 0.2241631457901299 0.016716088144659486 0.014081487295772998
12 0.4800636882789857 0.4308543924337126 0.021920949682989386 0.01348981518953188
7 0.8790391156462585 0.2563012384440956 0.011719431362288495 0.013422837083551357
13 0.19229500000000002 0.3834330000000001 0.018187999999999985 0.016865000000000033
6 0.6110920715087382 0.21573322510822507 0.012632275132275148 0.01014384920634923
6 0.4654330868149729 0.24648124919483458 0.019961688379055355 0.01108082121737582
7 0.31822567458532364 0.35333894297710083 0.011748120300751865 0.011421783625730974
9 0.9396712537036173 0.127605747676645 0.014907437676316493 0.010442773600668325
7 0.34491190151567513 0.2909978735450433 0.014407325728080433 0.010082291921914562
7 0.33255964859738446 0.30812095161366176 0.014464047482915415 0.011869027199215922
9 0.8834518995713616 0.13919302227747637 0.013729823856406123 0.011741510950371696
7 0.748182704371981 0.27275052548307316 0.012994282515693109 0.014743512854344096
13 0.16650100000000004 0.38293699999999997 0.01554200000000002 0.01537699999999996
7 0.20542004976129505 0.3380378710938567 0.013002276934165469 0.01205526070077154
7 0.30899324101860765 0.297035133910877 0.013835674755214985 0.00957854406130266
7 0.20489847985978019 0.3568395559978376 0.011978475600766644 0.009598137500614284
7 0.15092111405965894 0.3630207565482334 0.013207037200845245 0.009290997100594648
7 0.8680094844955524 0.3316540431962259 0.014532859927596873 0.011160714285714286
9 0.8484790907740823 0.14668562343300925 0.010213649454155852 0.01155314446453686
6 0.4369590998151719 0.25079326216308123 0.020966859120362953 0.009959258082172457
7 0.9237955718685943 0.3261373514923211 0.01578179164386059 0.010810071154898774
7 0.2761824341966465 0.30233849692002085 0.013316288484073718 0.00948785554490253
7 0.7640575406143171 0.2400002571705869 0.008842568366377939 0.007631257631257647
7 0.679787290898402 0.2376910640799529 0.013138439064364987 0.01052188552188551
7 0.7307341809940175 0.3611346790634095 0.0118576260001649 0.009721780323116623
6 0.3705209095998966 0.26235074683409026 0.017667589708088176 0.006567398506650842
7 0.17704450201133087 0.3600197388897079 0.013514177600864917 0.009137426900584802
7 0.10339933786413673 0.33180140770388605 0.010832877212187557 0.008267195767195748
7 0.7351959555153118 0.34441677694968775 0.01004478393556891 0.00948047023132347
7 0.4311896175750348 0.3268729872525012 0.009216720549033055 0.006722635455407243
7 0.8187572450045334 0.33576292049719375 0.01075990772303143 0.010329511414110098
7 0.12601534467554587 0.32822014402025185 0.011212978167001161 0.008552271483305993
7 0.5158800592772905 0.36341324779823186 0.011727268117044425 0.008003068106901991
7 0.14973750283889353 0.34580543604009134 0.012304663467454168 0.010267698030829598
7 0.4554423940712939 0.3308710936481873 0.008755896994813233 0.006658554226288256
7 0.46394715293524813 0.38182634164777024 0.011318184681279958 0.008045753023431584
7 0.516267446512388 0.3782836350727724 0.01003685109116417 0.00816154470307828
7 0.17637889562261147 0.3418891178415493 0.012892434731106378 0.010116105955388843
7 0.4636682991097674 0.36726279053287986 0.010826089695137295 0.008341010015117136
7 0.4362975659013606 0.3697309544477514 0.01112134668682285 0.00782431027966742
7 0.40891863110985144 0.3858547542280802 0.011515022675736994 0.007307610544217647
7 0.40967775999288614 0.3717893407362945 0.011318184681279883 0.008193381519274361
7 0.6496014347530138 0.3505681773776308 0.01196728486241043 0.008645752737333255
7 0.36301691729323304 0.38843854427736 0.007106887589343772 0.007396964633806695
7 0.35155636755726977 0.2633913157450898 0.008892041958902414 0.006705080287929151
7 0.362310611566564 0.3752602803942089 0.00816877676996725 0.007159982048374927
7 0.48012534340659346 0.3339549628612129 0.006200396825396825 0.005922173890923879
7 0.4360330648463089 0.38387099631519267 0.011022927689594331 0.007824310279667476
11 0.27105379188712525 0.4569444444444445 0.014109347442680801 0.04513888888888889
7 0.7541216866613693 0.2391657339574006 0.0030282768378006412 0.006177684749113312
2 0.32383786848072554 0.29381570014837216 0.028169704095629994 0.03858024691358022
2 0.711438814194268 0.22248708205941267 0.042461100153407795 0.05840847187001034
2 0.6401491878254697 0.22619830312138015 0.030329357252434172 0.038449798065182686
2 0.6452153510977041 0.25871171940176463 0.020741366895213068 0.015262515262515236
