7 0.21708683473389345 0.16734965591174739 0.04947349310094407 0.09652626482691841
7 0.28781368514483985 0.2776993284739593 0.06127450980392154 0.08381747760832728
7 0.2678924238540732 0.41667556637760406 0.061047567175018164 0.08230452674897122
7 0.1310064149116437 0.3393750504316954 0.0562817719680465 0.07564754296780442
7 0.10992631407607745 0.4718632876735198 0.061274509803921566 0.07897603485838776
7 0.014311569535221495 0.39508820503510056 0.02428286129266521 0.07595013313967564
7 0.17111187423687424 0.6651658526658526 0.05303724053724051 0.06766381766381768
7 0.3111053218811839 0.6326838869942317 0.05475427350427352 0.0737688237688238
7 0.6261897824397824 0.14058318224984892 0.06920163170163171 0.09712509712509712
7 0.6178774928774927 0.3019413246685974 0.061674436674436665 0.09906759906759906
7 0.8265705392561172 0.512974091093568 0.06972673893405607 0.09296898524540803
7 0.8827439752892151 0.21757923672426688 0.06323396567299003 0.1106594399277326
7 0.8854368305587819 0.04794525458482098 0.07452574525745254 0.09447455585666968
10 0.864670138888889 0.9023083847736625 0.30131172839506165 0.22427983539094645
10 0.17023414875781134 0.950363257633491 0.24614197530864199 0.12808641975308635
1 0.10240597740597741 0.38824538824538823 0.10885885885885883 0.2844511177844511
1 0.25932182182182184 0.3353775716644915 0.11136136136136135 0.304054054054054
1 0.6020160785785785 0.1867179679679679 0.10354104104104099 0.3557724391057724
1 0.8664854758604759 0.15973505556838896 0.1016641641641641 0.2848682015348682
