7 0.14326653090190997 0.14041881370401227 0.012409747292418772 0.01738200294156974
7 0.16894419759943224 0.10082075966552499 0.00952667468912956 0.017047733654231855
7 0.19548579305637873 0.03297292119426933 0.027075812274368262 0.05649150956010163
6 0.25738233459937826 0.0076701952968311286 0.01767448856799037 0.015330090921246157
6 0.319701037235259 0.0322063263345684 0.02361511367275055 0.021213576689081012
9 0.2986279640022246 0.017927262921954266 0.01280819724623758 0.03482228626320845
9 0.5585360656115372 0.13187677102771442 0.004913522012578555 0.019342118398722172
9 0.5532193828184394 0.14323726587877533 0.005802635519616691 0.024333632824198863
6 0.5518799858422501 0.15676758601286905 0.013055929919137475 0.014974543276430078
6 0.5696764364217194 0.15042420309715906 0.016191224917639996 0.018031845862034542
6 0.5929354889236018 0.17259115327466 0.02786032689450227 0.0147900500797975
6 0.6250379361749656 0.18516090603320742 0.027550767706785547 0.02290737989103517
9 0.5897754229556058 0.15537336820671457 0.011505283143470359 0.027860326894502217
9 0.6084020907073857 0.16802604256849898 0.011608469539375933 0.036115238566947344
9 0.6693387763790063 0.19499742094463254 0.01041054281795021 0.027189888300999415
9 0.692907443576389 0.21186414930555553 0.009722222222222222 0.028148148148148127
9 0.7074292200854702 0.22990918803418806 0.008368055555555603 0.012685185185185174
9 0.7068836805555556 0.2150135030864198 0.009756944444444414 0.01574074074074074
9 0.7086210317460319 0.22017857142857142 0.0037152777777777935 0.003703703703703704
6 0.677649573061946 0.20980846042120557 0.02706692913385827 0.016525712063769786
6 0.6973326021134613 0.22556131668181997 0.01745224555263923 0.013123359580052509
6 0.7085594335430293 0.21912480847301505 0.010115923009623865 0.010146301156799853
6 0.7228240840614101 0.2358218112766345 0.024515164771070234 0.018469913483036827
6 0.7651331751054852 0.2533175105485232 0.027777777777777776 0.019490740740740753
6 0.7825138888888888 0.2631759259259258 0.027083333333333334 0.0136111111111111
6 0.804721414728682 0.27266472868217057 0.02666666666666657 0.018935185185185173
6 0.8228282828282829 0.29287878787878796 0.0026388888888888573 0.0047685185185184975
6 0.8367407752902155 0.2896855997788834 0.018958333333333303 0.01884259259259256
6 0.8409186921296297 0.2997627314814814 0.006979166666666793 0.00888888888888891
6 0.8524520502645503 0.29722222222222217 0.014930555555555556 0.011157407407407418
6 0.8539496527777779 0.30876736111111114 0.004826388888888921 0.004305555555555535
6 0.8661465567129629 0.30568287037037034 0.018472222222222317 0.01685185185185184
7 0.9735622438296355 0.3886271496034928 0.011506782945736423 0.020994832041343687
7 0.9372189538612722 0.3975409056942598 0.010709914320685401 0.01926651253456639
7 0.9160196093431251 0.36289043020989165 0.01215490276077781 0.022723151548120928
7 0.9043343393695507 0.4057679409792086 0.008558294209702746 0.01681384603919819
7 0.8787628968253969 0.37275793650793637 0.011770833333333366 0.021342592592592604
7 0.8508514850627296 0.33465897275940937 0.003601103833090728 0.007682354843926897
7 0.8514715247452693 0.34079709485686566 0.002994602134885977 0.004498220928351928
7 0.8426393437651625 0.3343113173216884 0.00799824114507525 0.01996401423257318
7 0.8500614082969431 0.3238163108523371 0.004283418243571191 0.010361070677664572
7 0.8068375052070705 0.34433501824806173 0.012118096357226686 0.02404578491535011
7 0.7711076169869445 0.3562869107188455 0.01116999168744807 0.024475847418490824
7 0.7544681791201174 0.2881570351800452 0.014480805005919231 0.03051186650882232
7 0.7131250409460168 0.30422481001048207 0.014019916142557617 0.029786862334032146
7 0.689390983433319 0.3876916837824998 0.009527738488134534 0.016239719210016258
7 0.6865824231232647 0.3774752475247524 0.005598774163130571 0.008316307821258325
7 0.7709209832226855 0.44365318305800017 0.009569116360454977 0.010936132983377065
7 0.7752607584208224 0.45436215004374453 0.00758694225721778 0.007290755322251412
7 0.7730205599300087 0.4609397783610382 0.007381889763779586 0.006288276465441811
7 0.7902449693788276 0.4614319043452901 0.0034858923884513613 0.006743948673082524
7 0.7956634815179352 0.460490941236512 0.004237751531058601 0.006561679790026281
7 0.8136167474258025 0.4639163694281805 0.00902230971128609 0.0096602508019831
7 0.8105178258967628 0.4713837853601633 0.00758694225721778 0.005012394284047793
7 0.7315813592780597 0.4542912201541644 0.012249717992103766 0.006462680955066728
7 0.7348407197709229 0.4459882569019625 0.011104060913705558 0.00552265463432975
7 0.7124028639468573 0.44661694971903665 0.013130992667794633 0.007872720436172221
7 0.7105188945290468 0.43925079902237263 0.0059045403271291265 0.002820078962210933
7 0.6855611957134801 0.4363602180861064 0.009958403835307352 0.008577740176724968
7 0.6825031725888325 0.4436042959202858 0.010310913705583699 0.006462680955066728
7 0.6755755889850318 0.3204301288666614 0.01328441295546554 0.02820887689308741
7 0.5951249394442716 0.35526928555774695 0.011878654970760275 0.024741340530814244
7 0.568169304805818 0.3676174276503224 0.004990440845704016 0.023148148148148147
7 0.563568376068376 0.3771531526465736 0.0033738191632928585 0.011433498275603532
7 0.5428389948386484 0.38091848773981735 0.009910593792172762 0.020805218173639214
7 0.6282854050711194 0.22968583278556326 0.01752216037930323 0.03693396550539411
7 0.5842223252937538 0.25325534254105686 0.00953411667697384 0.03470074898646326
7 0.5933538188002474 0.25646344396344395 0.007150587507730361 0.02782931354359927
7 0.5516236234385272 0.2740373201110381 0.015357905982906001 0.03249643874643877
7 0.45852229336011463 0.309754957857773 0.011553369111508656 0.016812429603127274
7 0.47360738421784937 0.3142185118929305 0.011242794673027214 0.010186841582190426
7 0.43371409759491153 0.32602862254025045 0.011429139336116141 0.015404492148678154
7 0.4097172530312065 0.34149274498111715 0.010870105346849514 0.014576293646061082
7 0.4245218109261043 0.3455435275649944 0.006087258994235769 0.009193003379049897
7 0.429462333532101 0.3437541409925131 0.003043629497117924 0.007370966673292243
7 0.4481784611992945 0.3304612482853223 0.010540674603174614 0.009093915343915382
7 0.4553568385535597 0.1521524677262382 0.02172845922845923 0.04494879494879495
7 0.4171622621141851 0.1792176792176792 0.01876876876876881 0.037633787633787635
7 0.38297913297913294 0.2073779620075916 0.019274081774081804 0.03214753214753214
7 0.31416128726030007 0.2662059011736248 0.014556040756914098 0.01768963286430534
7 0.28377059217670575 0.25644913472424385 0.014556040756914098 0.01870046902797992
7 0.29447823525334443 0.28192220604884355 0.006974769529354674 0.007379103994824521
7 0.28948542663062315 0.29218941336845267 0.00947658903444931 0.004548762736535684
7 0.2743878665003119 0.3011280931586608 0.005079451722464828 0.007783438460294355
7 0.2690972222222222 0.2995612971049652 0.0028050703541970122 0.00677260229661977
7 0.24297974284328003 0.29786915736697395 0.013646288209606974 0.016982047549733127
7 0.017400356426519215 0.36335816423025735 0.029318226992645597 0.05242496521566293
7 0.05886130136986302 0.2984367072552004 0.022926179604261795 0.026128868594622014
7 0.20052739294710326 0.3241615355910066 0.01093268961656872 0.007463382778244236
7 0.19618347093945324 0.3361243275181142 0.01889168765743072 0.02040768728426159
7 0.18129036734281964 0.3625071483836244 0.013150923402966993 0.004667474013523076
7 0.1802811837723282 0.3812033252598648 0.01825991522858007 0.008830356241800372
7 0.21987726658950618 0.3848178690843621 0.008884006076388888 0.01971209490740741
7 0.23571086683831777 0.42404344828092116 0.017852820140401862 0.021988219155975142
7 0.24993948196562574 0.37626367419395745 0.010590656015492625 0.003631082062454572
7 0.2503366315662067 0.39447672072944406 0.014297385620915056 0.009682885499878982
7 0.26463252520466446 0.3544227715040319 0.016657782515991492 0.01263523651583356
7 0.26424002436795613 0.3417084080730135 0.01747216299455106 0.011450683092474134
7 0.2795942991227368 0.3966460460940903 0.00944924406047514 0.01849852011839051
7 0.2986403944827271 0.43493187211689727 0.01709863210943124 0.021898248140148794
7 0.3099024805288304 0.4025132534851757 0.015073794096472307 0.014298856091512688
7 0.32499400047996163 0.35772471535610484 0.016273698104151694 0.013898888088952894
7 0.32587892968562515 0.36765725408633976 0.016423686105111596 0.010299176065914737
7 0.4506651502619245 0.41640244462825104 0.010511441963054816 0.006548111386821105
7 0.452734300439015 0.4043922716379291 0.013182382133995042 0.013211101920779338
7 0.4529889912954428 0.4455998004385101 0.013268541494348005 0.016427718040621275
7 0.48407351781715113 0.433819937215523 0.027054039150813322 0.048938516680452175
7 0.5296408045977011 0.44355683269476376 0.007662835249042151 0.013984674329501937
7 0.5698356319929102 0.41500498504486544 0.012148574118913066 0.01591785490090574
7 0.604887173336572 0.4177167466245622 0.01022879091516368 0.0063553031989905485
7 0.6030998963739445 0.42684014753153027 0.011098586061010865 0.009277814889037315
7 0.5916559037136867 0.47859888190076866 0.012400793650793595 0.015723270440251617
7 0.5962985530795419 0.45429507302766353 0.011171077065923877 0.013605178995151143
7 0.623464832602887 0.4829966215278566 0.011822444762358941 0.016094420600858448
7 0.6748980281813025 0.4917804534019689 0.010797016097369452 0.013959778388518182
7 0.7018229708727085 0.4944631780525375 0.011500353857041686 0.014055988047495463
7 0.726358789129687 0.49769808508198593 0.010130718954248469 0.014270152505446698
7 0.768472222222222 0.5037067901234568 0.010451388888888857 0.013703703703703767
7 0.7885127314814814 0.5075 0.010729166666666698 0.01287037037037035
7 0.8083398437499999 0.5092679398148148 0.009409722222222191 0.013009259259259217
7 0.8703344779571416 0.5055274316372447 0.019308151609553507 0.029205607476635535
7 0.9696810850429302 0.5257282056676432 0.016786662581699356 0.01574414488017434
12 0.9436709506323947 0.5135078086041978 0.04815423976608189 0.040570175438596444
12 0.9852662833418279 0.5249966375014158 0.0246347264695888 0.023360516479782604
12 0.8962419592955819 0.5080241055143511 0.018688413183826136 0.02095367538792619
12 0.8964332738702004 0.48862413636878466 0.008494733265375486 0.020104202061388583
12 0.878794635962067 0.48546113530823 0.02420998980632021 0.02208630648997619
12 0.8390004215904658 0.48116109370215154 0.04417261297995244 0.06102050062294711
12 0.4152744936773928 0.4039990823557186 0.045113544201135385 0.08144092998107592
12 0.5409677381620812 0.4211788875718316 0.04549371451743711 0.07620302784536358
12 0.13520185698163534 0.35539781471221893 0.043555068226120854 0.10619720597790772
14 0.2923415130463615 0.24312741884016884 0.084487825356843 0.05317660229499021
14 0.23693616440019424 0.284060886712356 0.032103089080459786 0.038014846743295055
7 0.2661557342322428 0.2793051257490913 0.008156728927203045 0.017859993614303994
14 0.26709739149821643 0.26678515986259754 0.019905411877394624 0.039112388250319284
14 0.246504971720489 0.25555137444505266 0.01294600095785441 0.0163633461047254
14 0.2725799876293298 0.29018124906282805 0.011056286549707611 0.028143274853801168
14 0.2763462475633528 0.2725525232835174 0.01571637426900582 0.0062134502923976665
14 0.29398365705931495 0.2634102617655249 0.016538742690058485 0.016934697855750483
14 0.29470812447786127 0.28179824561403505 0.007035818713450305 0.007919103313840131
14 0.29012853313840153 0.2921946068875893 0.010051169590643304 0.00475146198830411
14 0.3014813381492948 0.25536062378167634 0.015168128654970777 0.010112085769980518
14 0.40319135564852976 0.3209113977318489 0.039366694833813894 0.020876826722338208
14 0.4090966963376289 0.3050222901259171 0.006476683937823837 0.015592016887353672
14 0.4183270665419306 0.30433917834068963 0.011694012665515254 0.01907023603914795
14 0.43868125436806915 0.3061563221988421 0.026648168364871418 0.01805992362478098
14 0.4500659570596798 0.31288664483260553 0.013418850072780231 0.012635452045932414
14 0.4514953368043122 0.290526663881927 0.07201318027210885 0.030234315948601685
14 0.4097043440667278 0.34051114188320913 0.01135466034755134 0.018723304663273068
14 0.4223782802352115 0.328489775320344 0.007240652975250188 0.011043824234977462
14 0.4336259167677877 0.32437616543667785 0.011464367210812693 0.019308407934000398
14 0.42408755234584616 0.3426249822379364 0.00663726522731262 0.015578374583113922
14 0.42926010034521095 0.33992671581534145 0.0037848867825170866 0.015870926218477535
14 0.4490663111675076 0.32744779130621604 0.0109677281287451 0.016763682017919314
14 0.4581325767766446 0.3078538954245169 0.011502739256976547 0.021186440677966063
14 0.47426848243149333 0.31083517125391497 0.011609741482622837 0.016763682017919262
12 0.21675565725908974 0.5211558307533539 0.01589117721840836 0.0183278243918976
12 0.25189281577534817 0.5230708503231599 0.01636791253496056 0.01801000084752944
12 0.28359792143401985 0.5256960335621663 0.0175597508263412 0.01737435375879312
9 0.2898503985881157 0.5576743791846764 0.005403000254258809 0.024048648190524585
9 0.2544000904031415 0.5530011959582263 0.00675375031782358 0.014513941859479578
9 0.219159197813374 0.5590780998389694 0.006435926773455394 0.017480294940249212
9 0.21967786818091922 0.5479513329754876 0.0038933384185100236 0.009534706331045004
10 0.23447427454441558 0.5595677912241892 0.10177453027139872 0.1045774375628238
7 0.15311047383415802 0.5863807042535113 0.0080128205128205 0.010683760683760587
12 0.03956639264798987 0.5143497085048011 0.01608128561253561 0.02092236467236464
7 0.04689911265432099 0.5134449687401076 0.00990473646723646 0.010535375118708515
7 0.05752449789439585 0.47669663103336574 0.00602324263038549 0.012873204837490573
1 0.07370419758812616 0.470650381364667 0.014083758503401355 0.06212207105064251
1 0.17255524932373806 0.4785510131169295 0.01674705251875669 0.06103370251280225
7 0.020760995370370374 0.5333397633744856 0.013117283950617287 0.015817901234567937
7 0.019112060778727444 0.5632518201962645 0.014371141975308642 0.016589506172839472
9 0.15491452991452992 0.5671583494164139 0.008012820512820519 0.015049168274974692
9 0.15243314033636615 0.5598060839996323 0.007323545629997261 0.016427718040621275
9 0.15365906494938752 0.549384904223614 0.008185139233526328 0.009994485800937506
9 0.1549317617866005 0.5400238948626046 0.0030155776123518053 0.007467144563918703
8 0.03198955986725771 0.6028207736840832 0.006328270716759925 0.03663735678124169
8 0.04296941234890876 0.6023363127679674 0.005495603517186254 0.03541611155520025
8 0.06586397548627763 0.6191269206856737 0.003247402078337331 0.00810462740918383
8 0.06644246006703411 0.6008993974411114 0.0045796695976552115 0.02864375166533448
7 0.03514773965141613 0.5733705519244734 0.008552900326797383 0.00680827886710231
4 0.37796421987598455 0.5860706105804144 0.011185029567382543 0.06107998755057569
4 0.39772668326589883 0.5864370439533838 0.010698723934018044 0.04979769685652042
10 0.4206057422969187 0.6010737628384686 0.003793183940242765 0.020359995850191968
10 0.4203625894802365 0.5477746654217241 0.003501400560224097 0.0443510737628384
10 0.45853250089422154 0.563802911988455 0.040849673202614414 0.08208839091192033
11 0.44232709271771775 0.6665259009009009 0.00879786036036039 0.0530217717717717
11 0.48148823539448543 0.652029870779871 0.043285472972972944 0.10228978978978974
4 0.572120949074074 0.6180019718792866 0.007619598765432143 0.015303497942386878
4 0.5827345357510287 0.6171231995884773 0.012152777777777778 0.014917695473251006
4 0.5978009259259258 0.6192644032921811 0.0070408950617284125 0.015689300411522646
4 0.5936213991769547 0.6104681069958847 0.006172839506172857 0.007330246913580317
10 0.6912464960278115 0.5744780254530174 0.05757454739084133 0.06522896698615549
10 0.7781217147527874 0.5811516261267182 0.051315169147065215 0.05766287892187502
10 0.837872909580499 0.5990764361300076 0.003985969387755025 0.008267195767195782
10 0.8349375629881582 0.5814856806920299 0.013463718820861616 0.016888699924414212
10 0.833421910430839 0.6065169123204838 0.014703798185941095 0.007794784580498883
10 0.8539939413265306 0.6041548563869992 0.012932256235827645 0.008857709750566828
10 0.8504730017006804 0.572896982867221 0.0139066043083899 0.025155895691609996
10 0.5897326278144898 0.5643366838658438 0.05290930979133219 0.07377682658581532
7 0.5698339212228102 0.5300901430531061 0.006944444444444444 0.009611992945326199
7 0.5696308321308321 0.5115440115440116 0.006150793650793673 0.009347442680775994
7 0.5909325396825398 0.5322134038800705 0.0060185185185185714 0.00908289241622579
7 0.5896404521404521 0.5141013307679974 0.006216931216931145 0.009259259259259259
7 0.6092846967846969 0.5158865825532492 0.0064153439153439564 0.00873015873015864
7 0.6104344729344731 0.5344932844932846 0.0067460317460317125 0.009876543209876508
7 0.5800808328381857 0.4880332464074293 0.0068701723113487705 0.010975770779692366
3 0.5956559480676328 0.47333769457863656 0.017650462962963017 0.051697530864197566
2 0.5822448192239859 0.4413396531452087 0.024884259259259207 0.009902263374485609
2 0.5666232638888888 0.4360103737997256 0.014178240740740793 0.024176954732510265
2 0.5722860280151946 0.4122596153846152 0.015914351851851825 0.027391975308641958
2 0.5677324459876543 0.42447916666666663 0.0036651234567901584 0.0077160493827160845
2 0.6124762583095916 0.4473626938904716 0.03366126543209881 0.012602880658436243
2 0.6068940757887518 0.41473050983081844 0.013503086419753016 0.01710390946502058
2 0.6026475694444444 0.42708333333333326 0.011670524691358016 0.009902263374485609
3 0.6264625917190776 0.4787233577917541 0.01906446540880506 0.04419986023759611
2 0.6396393177053556 0.45367193952099616 0.03151205450733754 0.009870719776380151
2 0.6396578119827872 0.420946890286513 0.01343029350104822 0.016596785464709968
2 0.6879825342835547 0.43182431702839863 0.013251133786848059 0.018990929705215417
2 0.6834544423830138 0.44322476465333605 0.010841836734693938 0.006897203325774765
3 0.6769817649281934 0.48045162509448214 0.01509353741496595 0.03949357520786094
2 0.694294847568657 0.46302595112118927 0.02352607709750561 0.009731670445956159
3 0.70340737305023 0.4859164204402299 0.015447845804988623 0.03987150415721848
2 0.7157974300831442 0.46776056101452923 0.017006802721088517 0.007464096749811022
2 0.7125614134542706 0.44637608129671613 0.013888888888888888 0.008030990173847332
2 0.7151110444177672 0.43600773642790447 0.012471655328798271 0.012566137566137552
2 0.7380897871969301 0.44363044363044357 0.01558956916099766 0.015306122448979585
2 0.7321586041824136 0.4540711346266901 0.01254251700680271 0.006897203325774712
3 0.7277334320825103 0.49033538146441363 0.013959750566893407 0.03590325018896447
3 0.770611074449852 0.49944091579825317 0.014151818856718673 0.0346448898787429
3 0.790562360801782 0.506669141301658 0.014229151200197994 0.019590860348098663
3 0.7906149467953478 0.4882351728120102 0.009434545904479168 0.012682504330611213
3 0.8098281675327889 0.5086509114905551 0.01275983667409043 0.01402293161758642
3 0.8097610289982227 0.4920399241111935 0.010826528087107098 0.016910005774148355
2 0.05950200593057735 0.28849060991918124 0.02281746031746032 0.04761904761904758
2 0.04582570207570208 0.34633554276411416 0.04875283446712017 0.0313681027966742
7 0.07364328403786588 0.24429612179906643 0.008465842167255586 0.012760109933254769
7 0.09026141866247873 0.21881679972080445 0.010428936003140946 0.015377568381101953
7 0.48297775549613775 0.521761734997029 0.007148692810457488 0.010382625272331185
7 0.48325801674836605 0.502987132352941 0.0075316584967319656 0.01029752178649243
5 0.4868023174717041 0.5078934520962858 0.0168504901960785 0.03736043028322437
1 0.4421922886566539 0.5045836267996623 0.008274560752289044 0.04567763754846162
7 0.3762687870847264 0.5123841651355883 0.004282627029306398 0.010717548668212742
7 0.37515812776723595 0.49068803148499546 0.006720430107526849 0.011068943706514902
1 0.3782434367888794 0.49783589124687067 0.012716107948555806 0.05033733923676988
7 0.39043557611216523 0.5091384672148429 0.004480286738351285 0.010629699908637307
7 0.36761158143985473 0.4593611638203668 0.006390997259118652 0.01106894370651485
7 0.37443669216947784 0.4174274039297514 0.009536384976525862 0.011411058946270222
7 0.5626585079911954 0.4485477079146329 0.009151593453919008 0.01202268159632501
7 0.7130397762779651 0.42064793984085314 0.009459755030621153 0.015893846602508036
8 0.22924366674366672 0.6242460409127075 0.005486255486255468 0.008373758373758311
8 0.22889957264957264 0.6155193655193654 0.003898128898128898 0.01203126203126201
8 0.2355353090647208 0.6188484864955452 0.004259066759066756 0.01944251944251947
8 0.24362750324288784 0.6234266811189887 0.004331254331254305 0.0131862631862632
8 0.2423192423192423 0.6117656117656117 0.0023100023100023274 0.004138754138754229
8 0.2688265188265188 0.6200880367547033 0.004692192192192203 0.015111265111265114
8 0.2757255882255882 0.6206206206206205 0.004547817047817028 0.015496265496265475
7 0.32973045342441026 0.583714337026962 0.3687829452312684 0.06879278052924757
