7 0.8060372531372905 0.607327109651752 0.04525201893622951 0.07322373393801962
7 0.7835816308970672 0.5465926690758905 0.029628741877064026 0.03839529846241257
7 0.7628130621124628 0.5014817411259016 0.02891865079365077 0.05644479202873366
7 0.7369030403195261 0.41876843530856545 0.031634128705712264 0.059538156067440215
7 0.5579181862285312 0.039661208137977494 0.05737627698737984 0.08949303485445746
7 0.6551517212122415 0.9458626779043559 0.050730223783502434 0.07340877499775787
7 0.5371180319469443 0.785032031081874 0.040533401113286405 0.08052487626034047
7 0.5047223244113904 0.7967151393160579 0.010151030066815168 0.04089437432978627
7 0.5219946089159628 0.664076251225745 0.04226351787327393 0.07570869359487248
7 0.4942818924613086 0.6773731017851958 0.00827111251943283 0.03601702929810429
7 0.334533233457829 0.8682752646034837 0.041961306213252836 0.07691526740470021
7 0.3301228612004694 0.7405770565946009 0.04711202550936671 0.07287832250904629
7 0.14664751680894914 0.9364987248482266 0.04730742828239035 0.07496928968856133
7 0.14829300311913138 0.8149558230452573 0.05269978897146526 0.07163837126044832
6 0.049020357111554606 0.23884304975610474 0.04215655492904578 0.057722239170862916
1 0.1305562043521568 0.8613587830680248 0.0710802312716962 0.27255522873219024
1 0.3119100808484675 0.7806194084587978 0.06661706349206346 0.28035714285714286
1 0.5091961285123581 0.6990492398053694 0.07832341269841274 0.2833002645502646
13 0.6839348582170518 0.37747336902263795 0.06966328197945848 0.2225168890073237
13 0.607681862873499 0.4389607887371506 0.05370932261993293 0.11630382057434474
13 0.5847262097262097 0.3818882985549652 0.010879698379698408 0.0354750354750355
