10 0.6025654371731497 0.3489124400028654 0.2881205673758865 0.3324468085106383
10 0.1816183845000044 0.32855615020724055 0.18724039460020767 0.23753894080996882
12 0.7842609256835368 0.5003575237541205 0.0630817335660268 0.0923502036067481
7 0.6099485413823649 0.05567825420766598 0.04998473748473755 0.10022385022385022
7 0.30951436130007554 0.09016754850088182 0.03840702947845804 0.0500755857898715
7 0.22801398337112622 0.10787981859410428 0.035430839002267574 0.047430083144368786
9 0.5608355809771826 0.584826595568783 0.019938151041666668 0.042317708333333336
9 0.8302939231248057 0.6081792284815161 0.017786628540305254 0.062182280319535196
9 0.7125062562562562 0.5955121788455122 0.021740490490490476 0.06464798131464798
9 0.4790856031128405 0.5550151318633809 0.015807392996108956 0.04575587260412156
