6 0.6731157407407407 0.269078125 0.012824074074074095 0.008576388888888866
6 0.6388532763532764 0.2760523504273505 0.010416666666666666 0.004201388888888857
6 0.6328530092592592 0.27957248263888884 0.012361111111111028 0.006423611111111111
6 0.6382090643274853 0.2636330409356725 0.010740740740740657 0.0026041666666666665
6 0.630127314814815 0.26827365451388885 0.014351851851851852 0.006388888888888881
6 0.6662148786717753 0.3363397988505747 0.017083333333333374 0.007951388888888881
6 0.6293317901234569 0.3271180555555556 0.016342592592592676 0.008194444444444452
9 0.2625514403292181 0.5068317901234569 0.01287037037037035 0.025277777777777764
9 0.34153549382716053 0.5081192129629629 0.011203703703703724 0.01100694444444446
9 0.3445561002178649 0.5142687908496731 0.010740740740740709 0.009375
9 0.40392334194659774 0.5047351421188632 0.012592592592592562 0.028576388888888873
12 0.4676316193017409 0.4688524154361808 0.04336559300071748 0.03508039011033925
12 0.4622396919978414 0.45188961494166546 0.005549713751606465 0.0035781049187989643
12 0.48859567901234563 0.45593942901234563 0.009305555555555513 0.008402777777777714
12 0.7131151897226788 0.4526984685188265 0.03440887336696421 0.04927402664597069
7 0.768874960853154 0.4615432459328487 0.015954915195569415 0.0167526609553479
7 0.6675606065991091 0.08033582601625762 0.049828607781394134 0.04985238162966491
7 0.8884521313766598 0.01713454315164221 0.05022711390635916 0.034001572327044025
7 0.39951419365717394 0.10521875811765997 0.04650137402075387 0.03999015626922604
7 0.3954989711934157 0.16652391975308642 0.042731481481481516 0.03888888888888889
7 0.28765404797396527 0.14738132094943246 0.042235217673814204 0.034504664438874955
7 0.28322338629356164 0.20208648498122178 0.04008864754478786 0.03415657198551937
7 0.1955292792792793 0.18148554804804806 0.03800925925925927 0.03128472222222223
7 0.19237329434697858 0.23189144736842107 0.03791666666666668 0.030416666666666675
7 0.07400156083740368 0.22960955828621973 0.03315377293181032 0.02660955347871238
7 0.06836371228386601 0.27211853639414263 0.03271224206011488 0.02579992967651196
7 0.017088017982214366 0.24997435996051437 0.030864197530864192 0.024175752855659382
7 0.014870522061464534 0.29101478726631724 0.027653112108436465 0.023969808241534055
7 0.10927679573512904 0.17963857323232318 0.027222222222222214 0.034722222222222224
7 0.08304763388914863 0.341813261286336 0.028180354267310793 0.02032777216043142
7 0.1336231138545953 0.33045781893004117 0.02337962962962963 0.021319444444444478
7 0.3289528872559934 0.28559245713649517 0.028093780152898387 0.027499999999999976
7 0.3476687077433346 0.2900122783518305 0.007600884466556105 0.014351320321469569
7 0.427734932876321 0.26615099767413386 0.038798438541369114 0.03025921165381319
1 0.05315157757490702 0.2442006188600331 0.059305555555555556 0.09652614653243852
1 0.17847214728058863 0.19878172345479161 0.05974105461393596 0.11364583333333333
1 0.26726222778757974 0.16163108928713196 0.06337962962962962 0.12549863468489705
1 0.37555232087983187 0.12069838670548272 0.06671296296296297 0.14364583333333333
10 0.06588095579625554 0.44138276565290685 0.12204316275563096 0.10162575982471027
10 0.3478466906377342 0.40891067709782664 0.20744981622844216 0.13972823013853547
