11 0.125198766677009 0.8020477815699659 0.16337651256593233 0.2915244596131968
13 0.47362894519849397 0.8104213907785336 0.022123083683233992 0.046544933762978975
13 0.529011245646584 0.8118063014679554 0.023191094619666022 0.0416219119226638
13 0.5845430277374107 0.8113245298119248 0.016935601991992965 0.04296455424274974
10 0.793777332361516 0.8635427855352666 0.10100331998828241 0.13515932688865023
7 0.7630667415600878 0.5759092029291648 0.019083419748818997 0.029045204900718248
7 0.7688052699043669 0.62846562103929 0.01944348427238167 0.0301013941698353
7 0.8277683360858266 0.5230777355302069 0.02250403272266381 0.03564638783269967
7 0.9448093098283212 0.54047845373891 0.023404194031570406 0.03115758343895229
7 0.987630383364699 0.469666244190959 0.01956410588777515 0.03670257710181666
7 0.8690591162869388 0.44364531637717125 0.03049967925219945 0.03759240591397847
7 0.8192086276992803 0.4640533357771261 0.02434246700879764 0.04074260752688173
7 0.8597186583577714 0.3831695228494623 0.027063095674486896 0.038432459677419394
7 0.9164461525537633 0.35079245071684595 0.02949734237536671 0.04599294354838713
7 0.9047164245784457 0.2887684811827957 0.027492668621700907 0.04305275537634407
10 0.9366475048923679 0.704856490541422 0.12184497865148555 0.2455153294194389
1 0.8549273928126667 0.40883887801696034 0.05948674613058167 0.13494781474233525
1 0.8999322798858025 0.3140531326685925 0.06226650062266485 0.13861709067188518
1 0.814468066180395 0.49005218525766464 0.05086950720512365 0.1198630136986301
7 0.06250614915387644 0.2930194805194805 0.028901023219205037 0.036976911976912004
7 0.07664481081688874 0.22798134405277262 0.0295159386068477 0.04058441558441558
7 0.1091218598320871 0.32959806397306396 0.02705627705627706 0.03382034632034632
5 0.15579137560671652 0.4489275192400192 0.06702577725304998 0.08297258297258298
5 0.09272364632271747 0.2481410917943425 0.09345095693779903 0.12103576248313089
7 0.09524753347427767 0.39937284668389317 0.026702343199436217 0.04320090439276487
5 0.12040701771637408 0.3645645544137973 0.0842362579281184 0.11708656330749351
7 0.04014930001772107 0.6433763807667318 0.025750930356193514 0.032488628979857145
7 0.030853649274701907 0.7067437111296762 0.02658160552897395 0.033300844704353474
1 0.03335730889910457 0.6658018958070558 0.03654970760233918 0.11452241715399604
