6 0.2643139646262139 0.26622549674775015 0.015277777777777777 0.031226053639846738
6 0.26456514550264554 0.3041490299823633 0.0066319444444444525 0.015787037037037047
6 0.39240439365958746 0.2991793567740012 0.014010721247563395 0.028717627401837937
6 0.3890181327160493 0.3321013374485597 0.006562500000000032 0.014537037037037027
6 0.49454350490196086 0.3243736383442266 0.017951388888888826 0.026018518518518538
6 0.4812413194444444 0.3522731481481482 0.008437499999999985 0.008842592592592551
6 0.5984416106079066 0.3506217961167906 0.019581942899517993 0.02394636015325673
6 0.5838333333333333 0.3764444444444444 0.008611111111111095 0.009444444444444434
13 0.1374023613490286 0.39475526241550896 0.06613571187584347 0.08870441268220748
9 0.2597756594586304 0.9523929338240933 0.010711410167931885 0.026694655317843777
9 0.4125017361111111 0.9321423611111108 0.00923611111111108 0.04314814814814817
12 0.23152838693957117 0.8935794346978561 0.022847222222222206 0.04944444444444442
12 0.4282834507042253 0.8860563380281691 0.019930555555555587 0.04569444444444447
12 0.49166947439353087 0.882886592792253 0.018063042827193794 0.04517320555056407
12 0.6588590494791666 0.8868757233796296 0.02326388888888889 0.0412037037037037
7 0.18286562365509731 0.19241601478443585 0.03285122528543582 0.061554348835050586
7 0.18023691447287105 0.278662677323226 0.02313527376096898 0.056750298685782574
7 0.1786103877314815 0.3448572530864197 0.021527777777777778 0.05162037037037037
7 0.33436101558806575 0.27148512970626393 0.017849857201142388 0.02017317194795775
7 0.3236713457070928 0.5469795423102221 0.017710429242119394 0.036235934123258026
7 0.5341296299837937 0.2856903613289611 0.02702166632666937 0.05361672106623148
7 0.5635241674034778 0.3296148934079969 0.01336206896551728 0.01609195402298848
7 0.57742612332032 0.5796072095256197 0.017710663683818004 0.03299776286353472
7 0.8115406202435309 0.35643962455606276 0.027500000000000094 0.046944444444444434
7 0.7483880471380471 0.6141133557800226 0.015833333333333303 0.028518518518518582
7 0.7790341553287983 0.5909911186696902 0.015277777777777777 0.028842592592592572
7 0.8116395951035784 0.5671782799748901 0.017708333333333333 0.032407407407407406
7 0.7696107104700852 0.8876540242165243 0.012395833333333271 0.02064814814814821
7 0.23436183434445568 0.5977285635821193 0.010356982361532414 0.028133543047597645
7 0.24660443115005803 0.599273333832653 0.009830356139759565 0.027759053289892466
7 0.23001096491228062 0.6485185185185185 0.011180555555555572 0.027731481481481524
7 0.24207302122995264 0.6477659513095649 0.008978020076150905 0.027018191608015038
7 0.3210816685928127 0.607041745394065 0.00959633481921741 0.028892190853557896
7 0.33227309311540365 0.6076689849210279 0.007016674921578354 0.025315062462165003
7 0.3190509259259259 0.6567482363315696 0.010868055555555579 0.028981481481481546
7 0.3304806286549708 0.6556189083820662 0.006597222222222222 0.023287037037037016
7 0.40198325163398696 0.6138126361655774 0.010416666666666666 0.027037037037037078
7 0.4122222222222223 0.6068716931216931 0.0028124999999999682 0.0035185185185184764
7 0.4144357638888889 0.6177430555555555 0.003229166666666651 0.013379629629629672
7 0.40113932291666665 0.6614467592592592 0.010590277777777778 0.02847222222222222
7 0.41306299603174607 0.6615476190476189 0.005104166666666682 0.0198148148148149
7 0.5303944444444445 0.6285370370370371 0.01246527777777781 0.025324074074074096
7 0.541070601851852 0.6319290123456789 0.00145833333333327 0.007175925925925926
7 0.5327182539682538 0.6740101410934745 0.013368055555555555 0.026574074074074115
7 0.5961416666666667 0.636327777777778 0.013715277777777778 0.02462962962962965
7 0.5996590909090909 0.6803219696969697 0.013888888888888888 0.025277777777777736
7 0.6598572530864197 0.6423439643347051 0.014861111111111096 0.024444444444444425
7 0.6652600461551492 0.6865637232761216 0.014926321138211386 0.02498306233062332
7 0.7627355072463768 0.6554891304347825 0.015381944444444507 0.023703703703703723
7 0.7693735532407406 0.6976832561728394 0.017500000000000033 0.023703703703703723
7 0.8167949879227053 0.6611252012882447 0.0173958333333333 0.023055555555555638
7 0.8241426282051282 0.7014797008547008 0.01743055555555565 0.02333333333333327
7 0.8678407587782588 0.6667038439955106 0.017113095238095215 0.02540784832451495
7 0.8759327751464945 0.7060807281657687 0.017594859241126116 0.02311981504147969
1 0.23923049428104579 0.6109075435729849 0.027743055555555587 0.11162037037037033
1 0.3262112268518517 0.6199729938271603 0.024027777777777756 0.11134259259259259
1 0.40847173996913566 0.6244405864197532 0.021180555555555557 0.10388888888888893
1 0.5369319282945738 0.6422555986218776 0.02194444444444446 0.09939814814814817
1 0.6029709450830139 0.6506188803746273 0.0252083333333333 0.09490740740740741
1 0.6673653083028083 0.6568676231176229 0.02781250000000005 0.09347222222222216
1 0.7717084357381876 0.6698385595895209 0.03312499999999988 0.08962395846965929
1 0.8264696028265109 0.6739985380116956 0.03447916666666673 0.08736111111111113
1 0.8778085617312803 0.6803860921891484 0.035890192087974844 0.08481183947443595
6 0.3084398946360153 0.59095625798212 0.011388888888888912 0.009074074074074031
10 0.2983905934353525 0.8679679988934131 0.12118055555555556 0.14324074074074078
10 0.5961853157001665 0.8664342347825325 0.10376321412505626 0.12440958164642371
10 0.8233817384798868 0.8628414179318032 0.10129088785046732 0.11074703036749987
