7 0.058922558922558925 0.071656738323405 0.06572131572131572 0.05123348873348874
7 0.20006261586400031 0.08891329428470005 0.02825109454502426 0.030728611998580055
7 0.2688056273327591 0.13422977933636848 0.05401234567901238 0.04373923341946598
7 0.30227351764910454 0.08523245957224831 0.04939358372456966 0.029220461658841942
7 0.3412791621278142 0.020375192901234573 0.04913307915758896 0.039147603485838775
7 0.4428679278799182 0.1629113375965894 0.02475797140065723 0.025646149746869146
7 0.5193726335030682 0.20850062018540275 0.03903903903903906 0.03500375375375376
7 0.5435729847494553 0.16586102033405956 0.039223251028806666 0.028067129629629622
7 0.5756165473349244 0.11358061522142666 0.039556262706620646 0.03414213736409442
7 0.5994254690162564 0.07407939286734626 0.029268559549209552 0.025028721483669792
7 0.6418889015338314 0.09310121283064267 0.028288543140028242 0.022395096652522404
7 0.24134707287933096 0.2903248207885305 0.019768518518518487 0.013541666666666667
7 0.6764025054466231 0.14955910525129593 0.03761574074074074 0.030764910130718963
7 0.6507837052949836 0.19716499039807317 0.03341235484092627 0.02815141207998353
7 0.6327764925648525 0.2392261618452095 0.035559678416821276 0.030148423005565857
7 0.7217886999508245 0.2652865129280224 0.03529000698812023 0.028367400419287217
7 0.7360352155434122 0.22407624251886543 0.030206435944140884 0.023337887067395258
7 0.755297703100478 0.18324566412606313 0.03084211861777164 0.02709217975937723
7 0.8186014720215572 0.28019650842793253 0.024935321350762533 0.018063214869281037
7 0.8522733131238143 0.18445697228408803 0.023509032417718418 0.015389136352388002
7 0.8591092650282681 0.24423026998961575 0.029349832698742334 0.023743077189338872
7 0.8612154516787237 0.28564265508651987 0.029910962715637177 0.023882396586904085
7 0.9157357715497252 0.26477092029417604 0.027744649837673045 0.022920393559928462
7 0.9162275640327766 0.3033618568597993 0.03012933568489123 0.021494708994709004
7 0.9644398447932295 0.2835278264685949 0.027215901109706533 0.020719202135131336
7 0.9641452284533153 0.3192724152113389 0.0274719480300346 0.019971209820298656
1 0.11120476756831467 0.31304557159536034 0.023109503493476766 0.07274856241884622
1 0.26264668392096446 0.3385792145413729 0.030627871362940262 0.064658839543985
7 0.4351274812684209 0.4626378235858101 0.009134973900074573 0.005825876211782265
7 0.4487820034799901 0.46342281879194624 0.007829977628635363 0.005219985085756917
7 0.44555736334259816 0.49472493390278627 0.008389261744966453 0.006338553318419097
7 0.42957162979534347 0.49482662192393734 0.007457121551081251 0.006944444444444444
1 0.4276690280884912 0.4945726137211036 0.01186925180213773 0.013189783743475026
1 0.44295584480148237 0.4945681648701783 0.013174248073576941 0.013888888888888888
7 0.4738562091503268 0.4941176470588235 0.00898148148148147 0.007361111111111127
1 0.4718163580246914 0.4930613425925925 0.012685185185185228 0.014965277777777746
7 0.5386145142079292 0.3448054917474902 0.01417957007543525 0.009943423515398998
7 0.5816461012628896 0.35322348221527056 0.013758544780442552 0.008182713474684257
7 0.681032986111111 0.37015190972222217 0.012314814814814773 0.005798611111111127
7 0.698501461988304 0.39507492690058477 0.011990740740740783 0.009583333333333301
7 0.698048433048433 0.41411591880341875 0.011620370370370328 0.010208333333333286
7 0.792270531400966 0.3872916666666667 0.01314814814814819 0.008402777777777794
7 0.8169127680311891 0.39151315789473684 0.012037037037037037 0.008263888888888873
7 0.8115838206627681 0.4113852339181287 0.0125 0.010451388888888857
9 0.24249647900727037 0.42755081648966536 0.00890953903543832 0.02229466426858511
12 0.3187486810171995 0.4128877809433364 0.01879550490661604 0.01889442861665079
12 0.26860963951237166 0.4102339660290811 0.02215279576682897 0.01589746361147143
12 0.23774174403882675 0.39782660430001626 0.041167459926691824 0.01707902511078285
4 0.2144868772591545 0.45037586367055066 0.03752160930378752 0.07381541725601129
8 0.033713022297968694 0.46377676492678244 0.00845528930883958 0.03381911753079565
8 0.0658761574074074 0.46702517361111107 0.009583333333333327 0.02975694444444446
8 0.046075207860922146 0.4667800453514739 0.015046296296296295 0.036944444444444474
8 0.24301697530864197 0.4867086226851853 0.008888888888888858 0.01694444444444443
8 0.2535846560846561 0.4888033234126984 0.009768518518518529 0.017986111111111095
8 0.26421516754850094 0.4898578042328043 0.009814814814814783 0.016250000000000063
8 0.3133179012345679 0.49039120370370376 0.005138888888888899 0.017916666666666713
14 0.6036205510895201 0.06366759950916442 0.18380092378403168 0.09293089863950106
14 0.512628710811695 0.07920908980118982 0.06423188224762144 0.035927052685062806
14 0.8544209858171462 0.17523604768470888 0.10429201764941838 0.06536252635198102
2 0.3761350636350637 0.06877026408276408 0.08104258104258101 0.06273100023100023
2 0.34420187604149877 0.019223209966134493 0.05634171907756814 0.039439203354297694
3 0.2879755462845979 0.08791470877902016 0.07521320312943111 0.16377403437127785
3 0.5415591403377097 0.178835991075743 0.078016134946828 0.13173817381738173
2 0.6080857375019957 0.1578491965274974 0.06417295657673976 0.0448350169884823
2 0.5887897778578638 0.09737961803370432 0.0564610672411059 0.0617793613796521
3 0.6531267701529875 0.21264196301358368 0.06960768949485444 0.11667449152184466
3 0.7410981338819732 0.24112956624215823 0.06691796937936668 0.10442905153025137
2 0.7033597834756866 0.19468163168256594 0.07600810928701726 0.03773076259489301
2 0.6872652879386858 0.13738434966384971 0.05476513098464316 0.0554937330623306
2 0.7874270863939397 0.22323670643461868 0.07491225313007482 0.033789093195033794
2 0.7713481953290874 0.17097631034334856 0.051948179602107375 0.04891321656050954
1 0.8750600172450667 0.2578515081174762 0.04844286642532259 0.08876357560568088
1 0.9296376797926692 0.2816627673262332 0.046202673856870054 0.08338248511403215
1 0.9759245283409524 0.29716296073717946 0.04488835884184718 0.08050089445438285
10 0.12014566017190684 0.34810810113574586 0.20860673665791776 0.19026315664346308
10 0.5932275237479058 0.405309666629787 0.18384233614236023 0.13213524996189602
10 0.8642984939650479 0.4409674039802182 0.1340896059688927 0.09754594556677895
11 0.679816041658147 0.5288717130822393 0.04639001349527666 0.0924988753936122
11 0.6189386590220486 0.5376160038002483 0.039404862878145375 0.0632053078950073
