7 0.3285319620294771 0.17911533590151507 0.031172346467873605 0.03786534137971839
7 0.5545251349527665 0.09207714799820062 0.03746345029239764 0.048545509071824866
7 0.6398820695695691 0.057064877377377365 0.04100975975975977 0.0528028028028028
7 0.21817336255724268 0.1089313254867304 0.027500000000000017 0.03856481481481482
7 0.22488352205708892 0.04269580089643783 0.02631811748053789 0.03803963198867657
7 0.26430413914788903 0.08488085313606146 0.029430088141025677 0.041622150997151
7 0.2690358558269066 0.018200157097972004 0.02958976006855186 0.03516852327906312
7 0.30911548417389517 0.05883411816537919 0.033127592803685046 0.043746316696133096
1 0.21001338688557153 0.07185614747876516 0.04756637168141593 0.14195263669399438
1 0.25761888999990534 0.0674631332355576 0.0531372992129634 0.12042275656137041
1 0.2936713739154486 0.06527192717535907 0.05149305555555558 0.09222222222222222
10 0.29058408214711584 0.34578958321028364 0.13685372150830616 0.14849631114359468
10 0.28414798561911797 0.4527975554067338 0.10434657455382848 0.030224525043177856
10 0.5429872585201826 0.3095646456306108 0.18959537222633185 0.204388117231896
10 0.5278555327129635 0.4508918609409055 0.15148175960994298 0.04734404466373279
10 0.9203143348405974 0.2744021285349186 0.1716809640522876 0.22932799287939476
10 0.9339202207257764 0.44234942012719797 0.09699190983913218 0.07793989275470757
12 0.7797983002424065 0.4392461805799189 0.03411835748792274 0.06790123456790127
13 0.08737378498407912 0.025428048712362435 0.038977396514161225 0.06592683369644155
9 0.9120632939313348 0.5165070972224558 0.018072984171870764 0.0728156134218346
