7 0.11643137647215751 0.045018007202881155 0.01244370297138463 0.04268047088116292
7 0.1376316457955731 0.04634683394054791 0.015790629977481187 0.03970542465352154
3 0.12635201139279242 0.0523935064221767 0.037588564837699776 0.08330129437395874
7 0.2582216231367893 0.06074671327441411 0.013510338345864644 0.04185811751601225
7 0.27681236511417423 0.059005296806831885 0.013118734335839584 0.04133597883597884
1 0.26691156130571175 0.07118964291666242 0.035095282309767 0.09865366759517179
7 0.3932503932503933 0.0758149022037911 0.014970327470327466 0.04518407296185073
7 0.4097142255036992 0.07567613561765607 0.009905739072405731 0.038431288431288436
7 0.4030444134610801 0.010337718671052005 0.03195159445159445 0.016385433052099718
1 0.40177922122366566 0.06643802940099236 0.03522868106201441 0.11142094475427808
7 0.1377284568976642 0.31832736482126717 0.015243902439024399 0.01705865272938445
7 0.6160710886490396 0.0730209945131994 0.02988342701594367 0.018854361838771632
7 0.6192180263902145 0.040341705848387366 0.02093497012762048 0.006260237329279647
7 0.5899100824208776 0.1359431611995484 0.019553896285634392 0.043814055149067735
7 0.5932958731665423 0.18423608243257036 0.0171172365049916 0.021841348371960626
7 0.5965316020588127 0.24912925065739816 0.008472591935324928 0.023415163166715967
7 0.5956788097183319 0.29464492844462886 0.006200396825396825 0.02091114223467165
7 0.6918882774912372 0.07737567692437551 0.014681040342249421 0.0355676835525702
7 0.7996282612661922 0.09174724806908713 0.016819467250501687 0.03572948975247824
7 0.8784080747108914 0.016573204660059116 0.03132219241374171 0.031128126785403783
7 0.7109002077582239 0.1469494047619047 0.01991315850011496 0.04370830457786979
7 0.7146468679898912 0.19501353512981423 0.016948490785700137 0.02313040103737781
7 0.8271641175725019 0.15772562281226907 0.022829595650696616 0.04115900522628351
7 0.782583838741017 0.20122696793488878 0.017189218921892176 0.023311854995023328
7 0.8497404260802083 0.20656122210759628 0.01704936702155827 0.02232786576501817
7 0.9602581342614567 0.21730407527749718 0.010603898685294062 0.02218388846295821
7 0.9697797761024506 0.21725421434723763 0.006433327654257873 0.012777919754663913
7 0.7242458506607128 0.25559068374029 0.010936132983377072 0.023109090530350346
7 0.7223828466754156 0.30049547842977964 0.011326709161354849 0.022913802441361476
7 0.7641809012982482 0.2788575747759421 0.010021865889212805 0.020381168340352005
7 0.794200661866478 0.2620041523102748 0.015690800129575567 0.025037792894935774
7 0.7926975353633516 0.3020338426375841 0.013919258179462367 0.01700680272108844
7 0.7980585587409565 0.31776401036605123 0.013767411726595428 0.008030990173847332
7 0.8308298136104256 0.2844278737135879 0.010679867184969166 0.019503833279343484
7 0.8624438640948978 0.2686286995655844 0.0172433700381633 0.02511809556219973
7 0.8628039531083177 0.3134035580436806 0.0167496171516079 0.024307834415031978
7 0.9808260525454316 0.27624202556609506 0.015544656829868067 0.023637193531559745
7 0.9800977288628893 0.32056838631238727 0.0144967024368433 0.024335829793576257
8 0.04896768178004732 0.4627026716301365 0.008304730597469353 0.06267434487578023
8 0.08626265936894792 0.46579124687669893 0.00567708967645029 0.06224712107065049
8 0.12101004349335825 0.4629547887488809 0.008000512032770095 0.061760274496648254
8 0.13739141374013447 0.4611921829663765 0.006924581104225131 0.0620177622402316
8 0.15387427183901586 0.4641337696019049 0.008552271483305965 0.06279022547098187
8 0.2738447928638731 0.4968169408808677 0.012619202932314515 0.04730583253088143
8 0.2874223940122008 0.5048103219846601 0.01053218090889325 0.04497613352799259
8 0.3016222470723449 0.4994279294670684 0.010677787096573767 0.03999316621625818
8 0.3395653984307586 0.5051120743282563 0.01167649950835792 0.036873156342182856
8 0.3522622039092049 0.507639961917248 0.010140117994100289 0.03377112890387227
8 0.36067572172537754 0.46922337892511595 0.011720396123050949 0.03757550217727206
8 0.40336617919318574 0.5074813914293306 0.010759907723031373 0.039381262266294806
8 0.4164686939077181 0.5059140899249299 0.010202929410246453 0.03677893921796354
8 0.42995198305157667 0.5072984327726875 0.010767518389469629 0.03785434679743624
11 0.8142237031910348 0.5252079737803709 0.11433125162633354 0.1549353803452164
11 0.7326573732823731 0.5813826994382548 0.09686025311025308 0.21405333905333898
11 0.766313580810386 0.5234892836951766 0.0127573659921903 0.033913991581723195
10 0.7179769294682057 0.3912136068624619 0.16234592127449265 0.1866629842820319
10 0.2546699834519438 0.36511597531957385 0.17748635912698413 0.20168513007054678
9 0.09959736522236523 0.3697298488965156 0.016832308498975164 0.048659770881993074
9 0.17258641757330143 0.37898730484363347 0.015063870812243928 0.04899344649886943
9 0.2941860466531519 0.3875064182081726 0.009438660754450249 0.04906764775185825
9 0.36447055181410615 0.3885254357850312 0.01142818238406472 0.047901104886398975
9 0.4328232160429023 0.3959514761874852 0.01050340445832248 0.04725402607916272
12 0.1405404793849561 0.3158517390591034 0.027012581518395477 0.06677843402649601
12 0.29497558694149073 0.32590474272801956 0.023158579940914286 0.0504898769882997
12 0.36150352990630774 0.33149078287967176 0.023674242424242434 0.05110630110630109
12 0.4263899020413699 0.33652263456059867 0.025511895291131566 0.045065095781086195
12 0.8536933291835253 0.38959205081209436 0.022688859494415004 0.030006858710562384
12 0.87685758641641 0.3878312701842113 0.015417202917202897 0.0284625284625285
4 0.562538623681441 0.4469101281462083 0.0323691094849224 0.12491014718186207
3 0.4613079381570151 0.2540109608758213 0.01474458626520485 0.11102474590447099
3 0.532155069215544 0.26108632169935553 0.02054014618447613 0.10886561573846797
3 0.6044590243606098 0.2634993498340957 0.023960855528652167 0.1085945206707919
5 0.7325994280740207 0.28022282361847867 0.03098817477993419 0.11032747669718716
5 0.8018434014196727 0.28859217524471753 0.032704465967177784 0.1100237646847816
5 0.8710416303763193 0.2940549535177951 0.03282366405681764 0.10932307933655641
3 0.6014519676145043 0.09199923011876363 0.04980563654033037 0.16993305258611377
2 0.6622820507883934 0.050469103698496734 0.05369193685701999 0.056140250617685294
3 0.7234765661085842 0.10122149586374167 0.04862673415823022 0.17497812773403323
2 0.7845447815244695 0.06306031447219997 0.06075608964759907 0.05490665868024359
3 0.8399842734023313 0.12456858285702882 0.048347398030942366 0.15487911057531312
2 0.8939292621056862 0.08516467416783872 0.05713783403656827 0.049393878507802566
