7 0.28599273989898993 0.5239236111111111 0.016335227272727272 0.019166666666666644
7 0.3789997009569379 0.5165350877192982 0.01803977272727271 0.021666666666666678
7 0.4771408279220779 0.5093154761904761 0.016193181818181867 0.01854166666666668
8 0.329095643939394 0.7742447916666667 0.01235795454545457 0.084375
8 0.34939799783549774 0.7713492063492062 0.010795454545454537 0.08083333333333335
8 0.3864204545454546 0.7566249999999999 0.018749999999999985 0.08166666666666664
8 0.3952790775401068 0.7550367647058823 0.006392045454545455 0.05791666666666669
8 0.481924715909091 0.7844062500000001 0.009375000000000033 0.09791666666666667
8 0.5046122994652408 0.77125 0.009232954545454546 0.09958333333333336
8 0.5265003551136364 0.7770703124999999 0.00823863636363638 0.10333333333333326
8 0.8214251893939392 0.7243055555555556 0.017897727272727305 0.06229166666666662
