10 0.5312458470984279 0.48097799955524323 0.19198926573027297 0.11901193331049502
10 0.10847164806782927 0.4941639794358602 0.1869845160286337 0.1063185690943044
10 0.9682690536532069 0.484826966500886 0.0679077186430128 0.11788048552754433
1 0.8826719576719573 0.24266345427059705 0.041005291005291 0.12020502645502647
1 0.50377744893051 0.2738786599596548 0.04101388029959463 0.10935245310245309
1 0.6307568128804689 0.2668144094555385 0.040123456790123434 0.11078042328042327
1 0.38160657412098015 0.2845778761046381 0.04432624113475176 0.10483507823933354
1 0.0763185899119705 0.29824145515634876 0.04508094785872562 0.09613264821598158
1 0.1807364446253334 0.29260785510785525 0.04497354497354499 0.0990410052910053
12 0.8495720995720996 0.4928967428967428 0.03942816442816452 0.04864926739926741
12 0.23251063991488072 0.4952217078691943 0.04133597883597884 0.04559115312791776
12 0.4010980520642358 0.4917903151598802 0.04185517470541623 0.04708707154359331
12 0.7232193732193735 0.49603937728937725 0.026200651200651293 0.04750457875457873
7 0.7225615217151676 0.3347568411044974 0.01808449074074074 0.004779472552910091
7 0.8957162147266315 0.22871283206569665 0.025169018224573847 0.03024415784832452
7 0.24431915946143581 0.051854809222695405 0.03306878306878307 0.025003226222738425
9 0.8881820340153673 0.5085770710770711 0.02365689865689862 0.04750457875457873
7 0.892420187478327 0.27939363876863876 0.02114864033468685 0.029704226651901082
7 0.6399199223273296 0.24726848511570731 0.026822457378012924 0.0279247501469724
7 0.5985337789670898 0.3582108198729729 0.028680508538328438 0.040199729180771825
7 0.6399203199798438 0.2983202829743008 0.025834986772486773 0.027348178854875276
7 0.5407514912123207 0.19452154028766935 0.03306878306878307 0.024962636569779414
7 0.16094156897002426 0.011617503995552779 0.03763926528154172 0.023995031616982836
7 0.5141639989329065 0.25527919501133783 0.028011204481792732 0.027281746031746032
7 0.049132578161738286 0.17089146787287177 0.029748624126134163 0.02021976796073182
7 0.3920630330404767 0.26343617743993686 0.02858693334883814 0.0263460084888656
9 0.8215409990101351 0.5020401837531467 0.018880296658074433 0.0345314407814408
7 0.5106468513331259 0.3058570650482415 0.023731714908185493 0.02655228758169939
7 0.38930386969602654 0.3113328664799253 0.026577503429355227 0.025444591416813586
7 0.9626006135314645 0.34141759540695704 0.03623494314983671 0.04854778790949003
7 0.4675369097619957 0.16244613538427974 0.026591392570774062 0.01917648502700049
7 0.19118251054861315 0.320588661644262 0.028236814766495106 0.02514133507284194
7 0.19502426221215954 0.2744444141755355 0.025720164609053478 0.0248015873015873
7 0.47896013599984716 0.359406337745688 0.02936794453039941 0.039127413901782114
7 0.17173323139387728 0.21737702105107692 0.024136410630663508 0.017247080824667024
7 0.18271180284499955 0.3649645052693208 0.024259476103738416 0.02114233671610722
7 0.08796136414992177 0.32611789007840586 0.028236814766495134 0.024461839530332718
7 0.09093915343915347 0.2824445498811441 0.026518927485111064 0.02444214400736142
7 0.4121665848469972 0.13551382752413682 0.027614138438880727 0.019176485027000475
7 0.0840074047245362 0.36826898754189585 0.028984590737578794 0.02302298741541772
7 0.11288009179575446 0.19519745649263723 0.025100401606425706 0.01832727736342193
7 0.5175203198162381 0.18654106664310743 0.02490895348038206 0.018037518037518043
7 0.26681137792248905 0.31554455382580376 0.017276319359652688 0.018044744607244582
7 0.4611400901153551 0.30533996578607886 0.017527623534690704 0.018141090358404825
7 0.7201304727346393 0.35755272571678826 0.03289654982363311 0.030614459325396824
7 0.8719907407407408 0.22940641534391532 0.008083480305702495 0.02307925485008818
7 0.8774905550314679 0.27308448860451445 0.010510233378450449 0.005671680817029662
7 0.8704957832864809 0.2850333882310626 0.008331282556088667 0.01903377630121812
