7 0.5406560865988072 0.3752575321787731 0.06121276407672585 0.04408644921771412
7 0.6125327793983322 0.42734989613718727 0.05833996287456913 0.03687682312383976
7 0.7421993687463985 0.29535620972811566 0.0660720833988161 0.047245796008172254
7 0.8185572851434364 0.34973832528180354 0.048577563070316666 0.0361312399355878
7 0.9238921129572214 0.6909415825317328 0.046682742843009876 0.03675106659246891
7 0.12082018000374341 0.9514420657175726 0.07668400661641961 0.05468889094320496
7 0.12737285041583998 0.6043172843365312 0.08195232236898903 0.06315972222222226
7 0.0988245497154577 0.6990074303696445 0.07921296814016834 0.06997665621082115
7 0.33175853291801666 0.7135423720279331 0.07593159775395608 0.05726773864216439
7 0.32069963332879603 0.8035779600085358 0.07227587399967722 0.06251012605722761
7 0.6045931914220505 0.8603442139515968 0.05965697240865032 0.049683072334078954
7 0.615414402830954 0.9455218356553023 0.06635650251518846 0.053133919445610585
7 0.7244172340097383 0.9267662684248792 0.05645889792231247 0.045985772357723435
7 0.7302821869488536 0.9881580687830689 0.04958333333333329 0.019305555555555524
7 0.825985230934479 0.9801622997639602 0.052126844890002785 0.040788603453077124
14 0.5558474754158159 0.3655148481811797 0.18448461071411898 0.1642662795992714
14 0.6893087380304604 0.4672758879039503 0.06473115148691674 0.039988862683438084
14 0.7293819762431341 0.5028647342148708 0.035757302017464625 0.032807418699187
14 0.7477199806929761 0.275883581855603 0.1847703917790623 0.17648919715606218
14 0.8852092754715588 0.40092127436184516 0.04970310461639942 0.03313950970200976
14 0.9061098039844202 0.44228258840321194 0.049162772585669846 0.03187759605399797
1 0.15176248139957954 0.6239306546157538 0.15268518518518517 0.21830030454075486
1 0.3580897120892441 0.7425610237515583 0.12124396135265698 0.20775617800074317
1 0.6369196443231718 0.8909174491100935 0.10321131879543088 0.18853373738011578
1 0.7485326024776453 0.9283111411530189 0.09781257767834954 0.1312709731543625
1 0.8530966802184852 0.9630523644697403 0.0765615917728593 0.07137477643639617
9 0.8506234431031181 0.693992773261066 0.03011141222523345 0.03139114724480581
9 0.8509548245173808 0.6601569557362241 0.014351851851851852 0.008790932700993735
6 0.6899782066301416 0.6409602966657546 0.04808220683591605 0.03142515661061659
6 0.20259002057613174 0.2580271990740741 0.12597736625514402 0.06523919753086417
6 0.7966797874637959 0.6660417831562692 0.0417532017999307 0.02482476635514017
6 0.8350014024001965 0.7173844076298855 0.08280013124974367 0.04383536360280552
