7 0.785481875752664 0.3363125703930069 0.01775443402399917 0.015894547352318544
7 0.7618246077691081 0.3556296669183656 0.016575425790754314 0.013652338469856739
7 0.7416491450522171 0.3634397470467385 0.016424841636706038 0.018832391713747686
7 0.713636207370737 0.33305448600415605 0.01918316831683163 0.024202420242024212
7 0.6772689552760309 0.32763000815280696 0.019129979035639386 0.024633123689727445
7 0.640699582725023 0.32243465625722645 0.019501522070015178 0.025639631804015375
7 0.5058067208364828 0.2925432518686487 0.01870748299319721 0.017762660619803437
7 0.4791278511743451 0.3213075880758808 0.01177168021680212 0.011574074074074073
7 0.48728086890243916 0.32987522583559176 0.01139058265582662 0.01479223125564591
7 0.3718082429019929 0.2784460596960597 0.021290822072072047 0.028153153153153164
7 0.3241200029394474 0.27079659024103475 0.022535763276504046 0.028577960676726116
7 0.2754935897435898 0.262034188034188 0.02283333333333333 0.02948148148148146
7 0.6527420492568469 0.4703490425193438 0.016766182069920414 0.0217058959270797
7 0.6165145256338914 0.4677846267996518 0.01744806158412165 0.019245038026340186
7 0.5938543703160638 0.4777784566091017 0.009520609318996441 0.017649614423808024
7 0.5604918200537113 0.4617117117117117 0.016467702055323722 0.01989646113429144
7 0.5258884428613608 0.4575603760033002 0.012326614651062013 0.02179357510956995
7 0.4451674825888043 0.4498062184922924 0.01744579945799458 0.02107798855766334
7 0.40298112526886115 0.44653067058727436 0.019654088050314458 0.021917286068229465
7 0.33572304849127055 0.4385691038449893 0.017881471389645794 0.02283277828236955
7 0.28315274359675513 0.43561434691459305 0.011071802935010469 0.022274633123689692
7 0.21258240950701268 0.4270912068531116 0.021258503401360526 0.023337112622826867
7 0.16103415528702889 0.4217936437764024 0.022257834757834754 0.02374169040835707
7 0.7395140266915684 0.4777240617528931 0.016649806103523842 0.017211824874950855
6 0.5705842007584928 0.34329275262917236 0.015261891793754501 0.017171992253691596
6 0.6162807318467696 0.34951321390000634 0.01661663807890229 0.016437964551172125
6 0.6599429365800065 0.3551983019241621 0.01691442729178579 0.016199733180865254
12 0.14988345639764025 0.2182654641045125 0.05380242484606467 0.03876856572376692
12 0.3889448022660352 0.38427178667297496 0.042934161668094835 0.01771568027883956
7 0.04132569959574552 0.39958070044611904 0.010952647278150637 0.01093711160825253
7 0.034571645729363845 0.39042811526033 0.007410514541387025 0.011620681083768306
