7 0.05770857063960512 0.4419793356574965 0.05724474474474474 0.08425091758425088
7 0.09717008675342009 0.3219052385719053 0.05755755755755756 0.07882882882882886
7 0.22574918668668667 0.4335272772772774 0.06131131131131128 0.08508508508508507
7 0.263649065732399 0.30131983835687537 0.06068568568568568 0.0813313313313313
7 0.2090016152516152 0.1979062395729062 0.03816316316316314 0.05171838505171838
7 0.22616366366366358 0.651735068401735 0.05693193193193192 0.07298965632298965
7 0.07194694694694695 0.6432474140807476 0.04817317317317316 0.0671504838171505
7 0.09970197470197471 0.665703582370249 0.019081581581581592 0.04504504504504504
7 0.780383749133749 0.6780498447165114 0.019863613613613672 0.07236403069736408
7 0.741805313377894 0.6722515526278967 0.05098848848848847 0.09196696696696702
7 0.5900219405966532 0.41215028762921496 0.06824712643678166 0.10137292464878671
7 0.615514738110892 0.26346101666614496 0.07020757020757024 0.09361009361009359
7 0.8495324512994671 0.39945049761803686 0.06726294357184406 0.10955982160170642
7 0.8744816821570137 0.23223683320481087 0.0761707388016289 0.10398487492728328
1 0.06789624769697232 0.3401710889633595 0.12262262262262262 0.28028028028028024
1 0.2243539350869193 0.3379644915421529 0.1445195195195195 0.29738071404738065
1 0.5880335033019595 0.2889858538628114 0.133571071071071 0.3411745078411745
1 0.8474141658665466 0.26557169414312265 0.1288788788788788 0.3770437103770437
6 0.8183704537871205 0.6996620803810343 0.05051926926926929 0.023773773773773724
6 0.8595836672008548 0.7799268953782842 0.020699786324786373 0.022406220322887048
6 0.7950551570343238 0.7747069031791254 0.018474002849002916 0.02270299145299151
10 0.07540800913645741 0.9508854013164358 0.14089209401709402 0.1379985754985755
