13 0.012706971677559915 0.2298066448801743 0.013472222222222224 0.037870370370370374
13 0.06816788109440519 0.23451554483553275 0.013859400802075959 0.03853110010222536
7 0.03024605624142661 0.08996761164456639 0.014930555555555556 0.03306584362139917
7 0.08747374376043045 0.0998184007743178 0.014722222222222223 0.034321926240243064
7 0.05244281808584 0.02188057503320863 0.016437130407718638 0.037153750389044504
7 0.11695707351415445 0.0348539680187079 0.017622029543994857 0.03698351530721473
7 0.1526337448559671 0.21807956104252404 0.012847222222222222 0.021388888888888884
7 0.1985137684649968 0.16628030667951188 0.01649807321772639 0.025529865125240844
7 0.19737800300300307 0.21146396396396397 0.015937499999999993 0.025092592592592586
7 0.2667507412232731 0.08942262326020287 0.021710603916017923 0.031748840135252025
7 0.264392839197034 0.145523719298349 0.02127894984552358 0.03129117621696201
7 0.30661940586419745 0.04041152263374486 0.01743055555555557 0.03481481481481481
7 0.3094499566653584 0.10243279950869237 0.020699786324786335 0.036836716524216516
7 0.3396115440327957 0.07252827584589919 0.024210654263907234 0.03899750477029208
7 0.3719588332053147 0.038204949305539075 0.02606243331809179 0.04066116466573612
7 0.21748148148148153 0.2810817901234568 0.014930555555555556 0.02162037037037034
7 0.27517858632035413 0.241481342491509 0.01762645560407567 0.02431060973637392
7 0.36041666666666666 0.18520543981481477 0.016493055555555556 0.03004629629629631
7 0.41241125848659205 0.14867264258062995 0.024652777777777777 0.03277777777777778
7 0.8942832625570497 0.325544601475603 0.02347222222222219 0.03808993503754321
1 0.19084491537247977 0.18791677140279017 0.026979166666666683 0.09733850129198966
1 0.2555095433959915 0.11271235401475377 0.03756944444444442 0.12029797230464886
1 0.2969037603021978 0.0677703373015873 0.03600694444444442 0.13662037037037036
1 0.3292627530420905 0.05715217346477637 0.042170248078266956 0.10916953411616155
12 0.5102032783033403 0.39473549352771914 0.026459001068376075 0.04295075491251586
12 0.5953990016234367 0.37630775095470903 0.032084484346224684 0.037983425414364655
12 0.940242932698218 0.31906028910526174 0.030277777777777872 0.059074074074074084
9 0.6225957335198461 0.4209058391024936 0.010747354497354502 0.047050496611900146
9 0.6448590277777777 0.416775925925926 0.011701388888888905 0.04875000000000003
10 0.2976374464226838 0.4029632377184306 0.007006264424662036 0.03667985492911306
10 0.26785496144236387 0.3394690853451213 0.0741141141141141 0.07546609109109105
10 0.27103650833482434 0.4055474044232641 0.02137414876019182 0.04386293301387641
10 0.3898965151313583 0.32085826407268975 0.10297629175982814 0.16964606770432014
10 0.5788269783540592 0.24599223870492198 0.17694663178719405 0.24450477075871568
