6 0.028126367016622928 0.24063561065283498 0.03588418635170604 0.038914406532516765
6 0.0813387346597983 0.2390579647474494 0.03389796353825031 0.03501568505872062
6 0.17754127700405925 0.224846270826058 0.022937231080739057 0.05125284738041003
6 0.23569766263796504 0.22537485994898573 0.021492616033755258 0.04336615096108768
6 0.29208133168529204 0.22489250212022488 0.018367908219393395 0.03116978364503119
6 0.39241154100529096 0.2196141975308641 0.016076388888888953 0.030555555555555555
9 0.40554402375155335 0.2045356315571449 0.01360039564787338 0.0502802505769865
6 0.4526393214212093 0.1997961883165965 0.014945372088229271 0.07077578506149935
9 0.4635456460533753 0.19741426275206198 0.012086407332886198 0.052118265146434126
9 0.5034728299553097 0.1967385963342837 0.011137316561844872 0.052649132837812064
6 0.5137303926937307 0.20100040698554855 0.014340277777777763 0.05654378677743163
7 0.5677798388182246 0.2714369237499159 0.022008967629046416 0.030985710119568393
7 0.5675992640346071 0.32563074387748886 0.02014599924156239 0.027572367589432434
7 0.5685015446747175 0.37135730691932234 0.01749569336778636 0.022712357983675806
7 0.2748680555555556 0.29120949074074076 0.02076388888888891 0.028055555555555566
7 0.04223010480504485 0.3524217662906712 0.02060851318944844 0.02256528110844658
7 0.08466017820834829 0.3920783000438544 0.01831419686640353 0.019784316070645503
7 0.16607706582089443 0.46856016639435377 0.014178606545863184 0.016797771222550013
7 0.1921750862618882 0.49310931821696435 0.013410461609835285 0.01618920590736871
7 0.5970234545815941 0.4375438945206388 0.015218147485589384 0.02012522361359572
7 0.5382558345120224 0.44215309427768174 0.015077400597202563 0.019382890670019352
7 0.8909125811821527 0.2475459739122959 0.025233874938454113 0.029063406094425318
7 0.7679577790096082 0.42975999835755935 0.01626016260162607 0.020551038843721763
7 0.757077380952381 0.4592076719576719 0.015138888888889016 0.01912037037037035
7 0.746783088235294 0.48553104575163397 0.014131944444444381 0.01814814814814817
7 0.009900109469074988 0.503158638934501 0.015277777777777777 0.016219667943805877
7 0.04550776756958822 0.5467072597960279 0.019484073067632852 0.016040157004830906
7 0.05010719854469854 0.5591529029029029 0.015375952875952868 0.0056787556787556755
7 0.15331070167530614 0.53485943121395 0.019835568326947633 0.037835249042145566
7 0.12316994012124827 0.6265011097859936 0.015342377260981917 0.022112900019876782
7 0.307848655409631 0.6746794871794872 0.007113821138211386 0.013098464317976495
7 0.305675505050505 0.7009680134680134 0.00628472222222223 0.014305555555555492
7 0.35002797777096945 0.6739947859931009 0.011361315359477134 0.014240649963689175
7 0.348371791656216 0.700781010506368 0.010267745171808368 0.014265111612741486
7 0.3062296562948251 0.5953395674721397 0.03760482180293501 0.043675751222920986
7 0.009816667720451864 0.6300010889113697 0.014278789411566349 0.020935199235654522
7 0.2802089860066833 0.5427631578947368 0.01762218045112781 0.022335932423651648
7 0.3948902755958962 0.5405369368321019 0.014733761951862887 0.022392570612155247
7 0.4603438974204556 0.5363678945431429 0.016711833785004553 0.021981330924420363
7 0.5258966345715484 0.5363509127049255 0.017386755292959084 0.022703648996115763
7 0.4979179970200085 0.6191424139221073 0.018449582027168215 0.023148148148148147
7 0.46372519841269844 0.6378196649029981 0.010624999999999968 0.012592592592592614
7 0.38918898809523805 0.6727612433862437 0.008402777777777714 0.013935185185185248
7 0.3877491886879926 0.6991062689950033 0.008885798176479654 0.01699891825065686
7 0.5214547854069495 0.7279651926576755 0.007909390027841015 0.010862228971568352
7 0.6344925797197397 0.5548429511934974 0.018802410901467524 0.02375960866526904
7 0.6362974609829958 0.59679031757124 0.01860587002096439 0.023322851153039892
7 0.7054990888954357 0.5533550834542683 0.019071137080318972 0.024500711061645995
7 0.7089293703012647 0.5958914821725387 0.019129104062326027 0.02519631484573063
7 0.7805847611630321 0.5515929675781701 0.018983644859813055 0.024301949925002845
7 0.7835346077533578 0.5956005799755801 0.02029914529914518 0.024521774521774533
7 0.7741587752525253 0.6366687710437711 0.011284722222222222 0.014027777777777861
7 0.5962765522875817 0.7295179738562092 0.008368055555555524 0.009351851851851873
7 0.6206860535333109 0.7959428715874619 0.008250477474441058 0.010345279556604067
7 0.6580733467012659 0.7958900159890959 0.007888063222458106 0.011352913422977116
9 0.6173848873097905 0.7571426862447534 0.007998031253845204 0.03117181411755062
7 0.7828534514581027 0.7970824275733838 0.008690168573889582 0.011022927689594376
7 0.8183079782984096 0.6362250530511956 0.011489503595453402 0.012903038738111853
7 0.8625774759865005 0.6355978496019384 0.011033229491173479 0.012547594323295273
7 0.7823025667651835 0.671462710014112 0.01195266528210447 0.013485058266989772
7 0.7850301721751646 0.6992597667423277 0.012871616010629496 0.014048054033106315
7 0.8738245644398291 0.6703155647859698 0.013412945655936426 0.016081112264912968
7 0.8776784287882418 0.7004408854097327 0.01514364832121847 0.01795604015230186
6 0.8691909731513693 0.18367377278268368 0.028946644664466545 0.03456178951228455
6 0.9377846303023543 0.17824094530612195 0.03251801930022506 0.03253892435068061
9 0.8667129315250801 0.1582719952503172 0.012311548274718436 0.030579472461391286
9 0.1963149138671665 0.21885454396053203 0.015347222222222238 0.047930346874420306
9 0.23755847953216375 0.21427144249512672 0.007569444444444468 0.018379629629629624
9 0.23141121031746043 0.2039054232804233 0.006597222222222222 0.025138888888888895
9 0.9349548149515841 0.15309149160238522 0.012155342195962583 0.0337819355544614
9 0.977977032023445 0.15454001446971397 0.01639941155376824 0.053097817673766014
7 0.9246905298261888 0.525238889256977 0.02136752136752133 0.024431855827204647
7 0.9762230553446385 0.49060628111026755 0.014948747152619528 0.015186028853454802
7 0.9033778369715869 0.6129747535997534 0.021511896511896427 0.026661276661276594
7 0.9421422101449276 0.6346779388083735 0.012743055555555492 0.013564814814814793
7 0.9889019097222224 0.6338734567901235 0.013784722222222158 0.01518518518518527
1 0.45808389943136857 0.6837379488998278 0.012298747763864052 0.0617007884449745
1 0.4989070280890133 0.6827337416448062 0.01322751322751322 0.06289552858180314
1 0.5409670271588877 0.6830491859561626 0.013230471079308298 0.0624461670973299
1 0.6350520011729968 0.562985097098069 0.02057221093044264 0.09240439626618484
1 0.7080146826734292 0.5616380419773297 0.021725421434723717 0.09279767031705022
1 0.7826364300567639 0.5592405253002117 0.0229725172820772 0.09484066767830043
1 0.30638541666666674 0.6853202160493829 0.009722222222222222 0.057453703703703764
1 0.34750103648424546 0.6864275843007188 0.012951388888888913 0.05750000000000002
2 0.04355769345910703 0.5420967202039266 0.023710166919575112 0.03870904288203229
2 0.022526588760504198 0.5746096181528167 0.02042483660130719 0.011379551820728242
2 0.036429154995331475 0.5894056696752776 0.009993580765639587 0.010163787737317138
3 0.11598842592592595 0.5632160493827161 0.010555555555555547 0.005972222222222264
3 0.11668555964052292 0.6145669934640523 0.024513888888888898 0.07851851851851858
2 0.14374461339332104 0.5813983034587329 0.02651007781604798 0.029499936216354137
2 0.1534345449172577 0.5345685579196218 0.02013888888888889 0.03861111111111115
12 0.21639186326415064 0.5595047220185677 0.06740456932027811 0.1045774662733399
2 0.27787581699346414 0.5311801016702978 0.017847222222222216 0.040601851851851875
2 0.2630819025233851 0.5701790065067217 0.02200003463563311 0.012245312644315134
2 0.2751991959064327 0.586259746588694 0.009479166666666651 0.01592592592592597
2 0.45863394003090774 0.5238687311191437 0.017434779192204927 0.040533815286290555
2 0.4583727904040404 0.5754019360269361 0.01381944444444443 0.0282870370370371
2 0.5258836561098033 0.571656335187406 0.011670726049640399 0.029817134462228452
8 0.5539250618087611 0.8136578183699144 0.0047507265817125065 0.0353975706088382
8 0.5631970164609054 0.8173576817558299 0.005590277777777825 0.04013888888888891
8 0.5984579248366013 0.8131876361655772 0.004965277777777841 0.03282407407407401
8 0.6066807725694445 0.8135069444444442 0.0048958333333333015 0.035555555555555535
8 0.6800529970760235 0.8308991228070175 0.005208333333333333 0.020555555555555494
8 0.6874954710144928 0.8324698067632849 0.006736111111111063 0.02078703703703708
8 0.7256689133986928 0.8333361701161947 0.0058295887799565725 0.023091412490922242
8 0.7182507262164126 0.8355914124909223 0.0036594498910675257 0.02598493100944076
8 0.7632430555555557 0.8356250000000001 0.006284722222222191 0.017870370370370432
4 0.8045072803290457 0.7928932199929233 0.02379514607775472 0.0787420443217545
4 0.8289580129437397 0.7951575288390186 0.02076525054466237 0.07897603485838776
12 0.41293888422297964 0.5583804531984476 0.04467778979556406 0.11207197763801538
4 0.5284869896503858 0.7933251032228315 0.01902082279548141 0.07608329118192553
4 0.5018860421299729 0.790978714228189 0.019150523879142314 0.07568835282651071
10 0.46484376859189447 0.7612884034173389 0.05900383141762452 0.11398467432950193
11 0.35569234795599325 0.829927118101257 0.05805780476833103 0.138139151297046
2 0.5250236904354766 0.5238772673151948 0.01799938725490193 0.041190087145969514
10 0.2300597249777905 0.7658550829659279 0.04671190634108413 0.10715848788226923
10 0.15822728820108567 0.7688816286277008 0.030360061808801356 0.10730286738351254
2 0.926725371357605 0.5105040333542226 0.0219176818014028 0.045117099380665326
2 0.940071094159495 0.5623583139876794 0.023567302699896212 0.030557718933887184
3 0.905580463380186 0.577183211445851 0.02498759920634923 0.10134654848439892
7 0.9431316137566139 0.7835802469135802 0.007916666666666572 0.009722222222222222
7 0.9570049053700894 0.671089930028663 0.012329286798179042 0.015596020907098255
7 0.9619974064486695 0.7003621715082933 0.0130669364356769 0.0169308154892374
7 0.9855749026070308 0.6132840447872431 0.022731577235841547 0.027665416791216275
3 0.9870400473007704 0.5849121532483709 0.02633020344287947 0.10185105665610637
10 0.4209965857862635 0.7632811809422789 0.006629541235746454 0.10286838150799955
10 0.7140473805529901 0.7647548758801077 0.10113629916298623 0.11411727847603582
10 0.9717042643605148 0.77508778008778 0.051035891660891744 0.12069762069762068
9 0.2807298695456589 0.21600678398924014 0.015111898335582552 0.049107812265706985
12 0.5972640436280906 0.7247733279801934 0.01405826558265583 0.03470340258958147
12 0.5234086343705485 0.7319535330603036 0.014022435897435927 0.025040064102564152
3 0.4969665901137359 0.5846602508019831 0.01941163604549432 0.09550889472149322
5 0.9623616327245355 0.6774081774081774 0.02273908523908514 0.056883806883806926
1 0.878029788976917 0.6822050648800208 0.021762519561815453 0.06533646322378714
1 0.785550250771605 0.6832098765432097 0.01861111111111108 0.06379629629629628
