6 0.4030981712076061 0.3306566032827207 0.022222222222222223 0.017624521072796943
6 0.37411121891316784 0.3237069221419175 0.02811788154897496 0.026048257825023156
6 0.38067218660968666 0.3619586894586895 0.03256944444444443 0.019398148148148137
6 0.1153732638888889 0.22982060185185188 0.027499999999999997 0.01912037037037035
6 0.09796717171717172 0.2436090067340067 0.022951388888888875 0.008425925925925948
6 0.03140509259259259 0.1860833333333333 0.02013888888888889 0.016574074074074078
6 0.015302579365079364 0.19840828924162254 0.020937499999999998 0.016481481481481493
6 0.05890625 0.31463734567901236 0.002986111111111119 0.007685185185185196
6 0.07274140211640212 0.31886243386243385 0.02184027777777778 0.018379629629629596
6 0.13592013888888888 0.3485387731481482 0.01725694444444444 0.016666666666666666
6 0.14943055555555557 0.34753240740740743 0.007534722222222219 0.008935185185185164
8 0.1105452254632992 0.7109117938441952 0.01384350036310822 0.06936879690147664
8 0.07433532627712626 0.7053199228904902 0.025812233272367015 0.06776152009348169
8 0.03165592515297622 0.6979486701234325 0.025811916634701445 0.06526232792055577
8 0.7976862732297513 0.9333039043183972 0.016893834828617414 0.022620964649950195
8 0.8315162037037035 0.9408631687242798 0.023819444444444414 0.024537037037037142
8 0.8616358024691356 0.9514711934156377 0.011423611111111143 0.021388888888889016
9 0.7781855273052456 0.8014628173078877 0.00625279454504803 0.018537148818838927
9 0.7794859434384083 0.7840445450480663 0.003108931365973591 0.0025150905432595933
9 0.8464887750696651 0.8047346180514672 0.0039615958240119655 0.02510564255530691
9 0.8437413194444444 0.8200231481481481 0.002395833333333365 0.007592592592592529
9 0.8841407838927369 0.8177258936650406 0.007499874994768005 0.02847380410022782
7 0.7499423218899963 0.9130829334317706 0.008920881013904295 0.00533202083589675
7 0.7500671163461862 0.9040385396974546 0.009036237233911651 0.006254870595955813
7 0.8666043374316938 0.9366489998650742 0.010693590619307889 0.013717744383727972
7 0.7963773148148148 0.7914506172839507 0.009791666666666603 0.009120370370370286
7 0.8328864454732509 0.7889497599451304 0.012847222222222222 0.02439814814814817
7 0.8704547491039427 0.7938978494623654 0.01420138888888892 0.02370370370370362
7 0.10510782163742691 0.5182285575048733 0.008194444444444433 0.01731481481481475
7 0.11203125000000001 0.5199614197530865 0.0028125000000000077 0.01060185185185179
7 0.15554659363745502 0.5197981970566004 0.0026989962651727396 0.01142818238406478
7 0.14923003515131544 0.5158844583585067 0.007185165732959852 0.016437130407718596
7 0.18913228860432302 0.15884022994365182 0.06619015240848519 0.09168124817731117
4 0.6046447810819893 0.23362289035077607 0.5158664021164021 0.49340498790247533
11 0.12457346489578988 0.6506603340603107 0.13137431320865736 0.4492012750145593
11 0.3861058871453698 0.6219073591145362 0.2103125 0.5821253724989358
11 0.43172396359959553 0.626150619780549 0.018361700932479467 0.019707523499232278
