7 0.6015307334066299 0.37366636803488235 0.008700329030625172 0.007231442311168998
7 0.6268140331067827 0.37061646363971934 0.008776120267228368 0.0072945845004668735
7 0.6535394031107338 0.367228009745279 0.008391940833641764 0.00908370892938797
7 0.6297495489163247 0.23870024995892938 0.027103145143234274 0.019443560646233246
7 0.5261982659781401 0.3203857419659306 0.020589997005091298 0.024957572127383462
7 0.5278880573647042 0.211071959845351 0.018911540477035707 0.02107738729144481
7 0.8697086153493174 0.32065092202610845 0.022860214153090048 0.02120241236336224
7 0.7893318687665666 0.30215938396716424 0.024063782645018416 0.023439486397152275
7 0.6914563979123088 0.2777651606912145 0.02451319675156872 0.026243540051679597
7 0.3851638016516413 0.18303737009030283 0.026398256011989946 0.035765379113018594
7 0.2081326630947364 0.13176823089117656 0.004535983518284419 0.020521667369012515
7 0.16527075431942684 0.12328677783797885 0.02414313808119118 0.04301868239921339
6 0.07685154962382686 0.22660679529491412 0.01643616742626643 0.015764969354078277
6 0.12466635746036858 0.23483228113752133 0.015191995390015195 0.01326025459688826
6 0.23823596936804475 0.255799784101671 0.018604735585867692 0.010592787715429229
6 0.27602563347227743 0.262727287791083 0.022118136872235232 0.011831576893052323
6 0.31041326062512503 0.2698859226931261 0.018394192123005658 0.011273448773448784
9 0.5036901893393909 0.23918083047640634 0.030637753956160554 0.05616278837311582
9 0.3176258913393823 0.2508130680940139 0.007174868092809666 0.00979645451133631
7 0.49563432955837416 0.33672320580287335 0.013724926677572892 0.013126188265464033
7 0.4775300094765175 0.37002811659200957 0.010269503211553737 0.009471037052760676
7 0.518121748886926 0.37509786798361844 0.010372333306565996 0.008532080623143014
7 0.460831170343749 0.4264680846133003 0.008244912220653405 0.007186443759893889
7 0.5113127648541125 0.4180396795012032 0.010634677556576435 0.0066086924815867715
7 0.0372387885814309 0.2820734340101956 0.01545459453622719 0.014020489148040138
7 0.05555942324948171 0.27276669683467925 0.01655925528105979 0.013389127580856901
7 0.07434606984556275 0.2635467351452075 0.017203061780267655 0.013175843253968254
8 0.09579722024920069 0.2933956503542973 0.03941329949217434 0.13360430177360216
8 0.1420177378335509 0.3122654389068878 0.048081604830071095 0.1173891079949362
8 0.1990929742202006 0.3237534003619064 0.046107331821617505 0.11465419501133785
8 0.24853234280366918 0.32779319216770625 0.04569203323992591 0.1145395242617465
8 0.3720683858687723 0.3391624423774101 0.03977091950365895 0.10522722452009756
8 0.4093777506671394 0.3431162873599844 0.03879237991940431 0.10214742239078521
8 0.4441003210072496 0.3484482784000622 0.035594322587162656 0.10009423419327952
8 0.6640214311783199 0.3882517324937041 0.017909161167588093 0.0719524701266274
8 0.6929763258149301 0.3427582285001473 0.022855133614627217 0.09575296363271044
8 0.7174835746264319 0.34676538503069115 0.02352971102971104 0.09416426827141114
8 0.7419502008622378 0.3496833253593004 0.02244390554575742 0.09025022045855374
8 0.7913610840085082 0.3620539421107778 0.021944727602220025 0.08456810349012181
8 0.8131486940056664 0.36685757498659544 0.021034577609501236 0.08176180767923885
8 0.8326044354331819 0.3677997800704223 0.021439088717376088 0.0791830493665356
8 0.8746494853189989 0.3746178224398611 0.02086024978466842 0.07772125322997414
8 0.8926151599818398 0.3762510514653157 0.01826473483450226 0.07534203119232187
8 0.909585376287637 0.3825637454991324 0.019481231183381024 0.07466600778070784
12 0.06522999131223219 0.452503241071335 0.011764165777180959 0.017969045897462396
4 0.28010930184843236 0.44004213841170364 0.030119405119405106 0.032242063492063495
4 0.31570541402002067 0.44229140085881646 0.02846144700077284 0.031043784555020493
4 0.34149277688603535 0.44424698718438677 0.018949527376493643 0.03093231674692348
13 0.6107378246385926 0.4220707199793864 0.013983090763506172 0.013835900334416666
13 0.6353274851060284 0.41907969511623533 0.012602591342748815 0.013396762904636919
12 0.338792045690281 0.07499988487378237 0.1384382237651876 0.09600477377444076
12 0.5957064699725362 0.17417867217612185 0.16865487135209764 0.08447610552386181
12 0.683146916725244 0.19841090991621513 0.05305054120413602 0.039277053413958186
12 0.7532252098208712 0.2020151705602562 0.05994810757944879 0.07514309378618005
12 0.7764932123717518 0.22851640494080627 0.05717619556966138 0.049255813436485704
12 0.8338659675684013 0.22929968331268674 0.04322172085329973 0.07027488798322133
10 0.11403570249968083 0.4596249081246102 0.03741043844558744 0.0380008476457046
10 0.1563144366674496 0.4591210921544914 0.02698716779176549 0.03666730893070996
11 0.5121589553996376 0.4743067011383383 0.04969630196717833 0.1049866552317533
11 0.5891141327438381 0.4904411950912063 0.031684210576419 0.09881660058296156
