7 0.12793586269196025 0.016297801866907557 0.03754516711833785 0.02559470039144836
7 0.17889001806684734 0.1396040349292382 0.017502258355916882 0.023336344474555844
7 0.16845282089184527 0.17481727847581505 0.0347222222222222 0.04479072568503463
7 0.17237928061098795 0.2732268484301004 0.03726287262872627 0.06323396567299008
7 0.164380081300813 0.728658536585366 0.025124209575429095 0.012420957542908728
7 0.16367947770386795 0.7528537406586188 0.027100271002710032 0.012044564890093338
7 0.34609304426377596 0.7228056308340861 0.020042908762420965 0.023712737127371288
7 0.3583414885074777 0.87923232627388 0.02060749774164405 0.0323697681421258
7 0.4449987681694999 0.8679956749062441 0.016090785907859128 0.02634748569707923
7 0.5862365092949176 0.8657823420339468 0.02032520325203251 0.03425173140620296
7 0.6397851738934055 0.8651620370370371 0.012420957542908756 0.03876844323998796
7 0.7276454130282044 0.5097402054267457 0.02794715447154472 0.04667268894911169
7 0.7666861706495852 0.18961065031525742 0.03952122854561885 0.0726437819933755
7 0.7470453176753988 0.14497390344273814 0.012138663053297213 0.011291779584462504
4 0.06179034113645454 0.6788166655551111 0.11036706349206349 0.32283399470899465
4 0.7812934027777779 0.7348710317460317 0.027901785714285646 0.234375
9 0.14818696364046974 0.5944886705811502 0.021172086720867216 0.09183980728696181
12 0.10635658755577455 0.4696924073617841 0.10811878952122854 0.06097560975609758
1 0.05821846282372599 0.1742347767567066 0.052997076023391806 0.2834632878492528
1 0.1978716416645478 0.2253677924682883 0.07888645224171541 0.2700617283950617
1 0.35392682714111295 0.8872492586778301 0.03727324263038546 0.07086167800453515
1 0.5839430111667308 0.8733260599837418 0.03259637188208618 0.0801209372637944
10 0.4946532973686113 0.34893662096275413 0.47433748403575987 0.6268624946785867
