6 0.018707265548263335 0.8144132761852304 0.04176587301587302 0.047085571576665625
6 0.11710005470585659 0.7381692548271702 0.04004888685571233 0.05937646546919905
13 0.4771735659847608 0.4090664431549398 0.1791069332662643 0.2279281556043074
13 0.5674523483777285 0.7150049069981551 0.03933524093711834 0.10477404595762073
13 0.6050810518092397 0.7435075695702094 0.008655587514647931 0.01775505131209824
13 0.6610148497784798 0.6331393036153294 0.09011503245248043 0.24015733802277117
13 0.6494249156355456 0.8364746767765142 0.00899243063367076 0.029981408573928305
13 0.6720334341628821 0.895759925068043 0.05769038531443106 0.11748689756963979
13 0.7492467120171927 0.8144374160381622 0.08231193292534413 0.23056296027033943
7 0.5052340101385435 0.3117853387872009 0.05072507190795776 0.07539682539682539
7 0.3976673955407578 0.08040381949432364 0.07609640474547306 0.1143992367709955
7 0.597544630827452 0.49227477453531443 0.05856665419089847 0.08726851851851855
7 0.8091508917701068 0.8527166653698515 0.03729356325863676 0.06186212911090356
7 0.8454596294295261 0.9281775941444654 0.0314247330510833 0.06168845757902894
7 0.8722484726435772 0.9777048321746792 0.029036004645760727 0.04196255133082082
