10 0.4529790593826549 0.43101092627935766 0.19383935607339858 0.09577634245187434
10 0.937325109826138 0.4184328982748182 0.1317409442409442 0.11310787584672932
10 0.05427237714482509 0.42709922600197026 0.10227458681066928 0.08897889052528228
1 0.9660208013841373 0.1844779337553904 0.04186163868244796 0.12601500137627303
1 0.42187003625927016 0.22059291711853818 0.03755668934240358 0.11107568027210885
1 0.8081323322551397 0.1977391060450271 0.040064102564102574 0.11995383089133087
1 0.5544429609850169 0.21174284090877285 0.03801364782673192 0.11033229491173419
1 0.2961690184651178 0.2292303281332537 0.03852161431948663 0.10672597939885177
1 0.08668029501362838 0.24114652010664944 0.04428176123578423 0.1021996442255063
12 0.6190588824295293 0.44246107678943497 0.038991550185580044 0.04701196398957592
12 0.28332409821132465 0.4441094838706195 0.03995014833165123 0.04372534177447472
7 0.9678130511463847 0.22222768169112506 0.04351976639712481 0.03065101826894279
7 0.6358947217038243 0.30072839115980704 0.034678325607529134 0.042360233178817236
7 0.965265298991714 0.1635688080263552 0.040868024358590424 0.030300052410901453
7 0.876856218619067 0.28698589840929783 0.034681894437992036 0.04246515679442509
7 0.3898401715862033 0.31205888100729384 0.029959752181974383 0.04091202007868679
7 0.8089066411477943 0.2302842008362978 0.03893419413297095 0.02927649143245475
7 0.8099080190843196 0.17612711028534728 0.0399501483316512 0.030392696577667664
7 0.5113056209547434 0.30713357467743424 0.030262946929613593 0.04111050986050986
7 0.45447869903983934 0.1419672254373117 0.035183647102251796 0.025234173126615002
12 0.10783439493399881 0.44677439159149485 0.032089958304696464 0.040654148257241035
7 0.5652797698061033 0.1948612680250742 0.024889225419260717 0.02865766447921925
9 0.7643992890426096 0.4570797791182573 0.022517653840611065 0.04603251806559202
7 0.5660806736075552 0.2455890510325994 0.02346816862945896 0.027868450247482506
7 0.4329762207913469 0.20412521069033676 0.027271009413866554 0.027539424860853427
7 0.43156681320031226 0.2524922236261374 0.025007238937587228 0.02665245202558635
7 0.30467249996335866 0.26023804027612896 0.026455026455026454 0.026629072681704283
7 0.30464386331733273 0.20988860912330298 0.02766979807796137 0.026623744735989642
7 0.08319325029394471 0.3237054949294532 0.033289241622574954 0.037698412698412696
7 0.09802308232403018 0.22284402505077858 0.026016199001980992 0.02574193184382757
7 0.0964864417989418 0.27111855158730164 0.027447089947089946 0.02554563492063492
7 0.9390245997388853 0.4138506051771358 0.022135838462369006 0.018221574344023297
7 0.04294896687863049 0.16007262996941898 0.025787583127032672 0.01926484151254792
7 0.3595376926280716 0.10736556527372854 0.02516312647507981 0.019161576195103894
7 0.30886209949657883 0.07861777167894458 0.025186108034945233 0.017736018826135104
7 0.403704258171117 0.1305965688170299 0.023252977143467014 0.01622466950276748
7 0.34631899107502395 0.46051963501744714 0.023755856094758228 0.014679698450581473
7 0.051424353960585846 0.46290006038647347 0.020608082202285105 0.00992063492063492
7 0.5442636418525006 0.19589696891713101 0.005959392001794862 0.020682595770934998
7 0.5432881037719748 0.24667356488593048 0.00586704215736474 0.02026796381635092
