11 0.78309198923234 0.785383597883598 0.28914879792072773 0.34600389863547765
11 0.7999971749018279 0.495592846851428 0.2777777777777778 0.15777290448343081
11 0.9917153996101363 0.5442251461988303 0.02274204028589995 0.08650097465886933
7 0.838235294117647 0.14170459850606906 0.047288359788359775 0.0386904761904762
7 0.8647959183673469 0.26328656462585037 0.023148148148148147 0.033234126984127005
7 0.9200102880658436 0.26248346560846564 0.01884920634920638 0.01636904761904761
7 0.9397675736961449 0.28745039682539686 0.01455026455026461 0.011904761904761921
7 0.5732657260435037 0.28193893298059963 0.02645502645502644 0.03075396825396825
7 0.5513227513227511 0.1719907407407407 0.026124338624338578 0.031001984126984124
7 0.5391865079365079 0.20532171201814056 0.04298941798941801 0.032738095238095254
7 0.48908730158730146 0.2850410997732426 0.027447089947090022 0.014632936507936496
7 0.3821373456790123 0.2242683531746031 0.034060846560846555 0.03000992063492064
7 0.4214800117577895 0.2379023368606702 0.02281746031746029 0.010664682539682563
7 0.4661963550852439 0.33735670194003525 0.018849206349206327 0.029513888888888888
7 0.40385686438318014 0.3846856725146199 0.019179894179894134 0.02405753968253966
7 0.44639604475670047 0.401338472547489 0.013205828779599242 0.0221994535519126
7 0.3143318430203676 0.34514199370756743 0.020795385549483937 0.03233151183970857
7 0.17283490644146382 0.3536595462824971 0.02337583485124468 0.03278688524590167
7 0.16747190390641803 0.3925804074442294 0.020302928117799143 0.021707975046366575
7 0.21192664591754112 0.4055748654572631 0.019670656999943793 0.02102301466868997
7 0.07876950505853919 0.2736567878180079 0.026224481562172202 0.019744008714596955
7 0.23351058867431662 0.2433179401063532 0.03521783748484 0.011807304785894207
7 0.19784051267841793 0.5249896093100582 0.022166805209199225 0.01567262399556668
7 0.19876655163438206 0.49832017179274046 0.02066592777315969 0.015932391244111936
7 0.20425254527498918 0.4668550312253555 0.01962685877897846 0.015412856747021269
7 0.06790683224598437 0.4684154512708129 0.019742310889443056 0.015239678581324512
7 0.06192851205320034 0.49890031864782486 0.018934146116191004 0.016278747575505688
7 0.6966259453170448 0.49824570971495047 0.020845452782625503 0.018360965677719637
7 0.7057828625600586 0.5240045892314653 0.0174520069808028 0.023632926119837094
7 0.6992229701653785 0.4437276655863042 0.023026953655225932 0.0307228039557882
7 0.7067860836403593 0.3899584302889277 0.022542175683536957 0.023996509598603825
7 0.5395785030616491 0.48117866060281794 0.014825218476903816 0.014825218476903816
7 0.4914863365237896 0.49857924989596325 0.023148148148148147 0.018141385767790216
7 0.49681212354222726 0.46434063821607063 0.017621427656029743 0.017901768550557525
4 0.443484918686764 0.5123440359887879 0.08794694348327563 0.1396097654748174
4 0.3534705408984532 0.5112963309330093 0.08121876201460976 0.13468377547097263
4 0.2658051608231339 0.5115890826157231 0.08506343713956167 0.12987793156478275
1 0.4881952781112445 0.4729426492819351 0.028821713870733477 0.06425313180827885
1 0.1948434895612622 0.4815572956394608 0.03199423679972879 0.06213450292397664
1 0.0582248915582249 0.47739637785934075 0.03489600711822933 0.059642976309642944
6 0.9034622229066674 0.1652854777854778 0.025164052941830755 0.03201117784451119
6 0.8019293803607532 0.1677903393589668 0.019324880435991603 0.022522522522522535
9 0.8814476870032426 0.12056126639459971 0.018490712935157364 0.013138138138138128
9 0.7865771754660644 0.131132735299402 0.014736959181403601 0.012095428762095434
9 0.7274689219133663 0.1366029491029491 0.01557112668223784 0.01230397063730396
2 0.5067960753483783 0.21016386114194105 0.09848881900768688 0.14052672955974843
3 0.44028135124833223 0.3174730798551554 0.06332983927323546 0.1392164570230608
3 0.2851657464001338 0.3232174757138217 0.0631114605171209 0.13610455974842767
2 0.346735069612428 0.24148490834811587 0.10001747030048917 0.10531315513626834
2 0.19630620918677127 0.25123949853165306 0.10397692774741955 0.0942053734061931
3 0.14378231682237508 0.3239256492743406 0.06602914389799636 0.13106215846994532
6 0.052654181330651924 0.2386092257415787 0.017492039550863075 0.01586852689793865
6 0.009972232335315499 0.24882001872366988 0.02063432210491034 0.02026772247360486
