10 0.4599692841880343 0.5929105616605616 0.18669871794871792 0.2207977207977209
2 0.9022928560972038 0.1274093592934172 0.038043478260869616 0.09098228663446054
3 0.014464244719926533 0.21659524538312416 0.037037037037037035 0.20931537598204258
3 0.847328625529845 0.2762722071665161 0.04177958446251119 0.19911171333935562
1 0.3231147540983606 0.19239829993928356 0.041388888888888906 0.19703703703703704
1 0.6173646723646723 0.20698005698005698 0.039351851851851825 0.1950617283950617
1 0.4704378531073446 0.2031701192718142 0.03916666666666665 0.19555555555555554
3 0.9832420287093495 0.2724584086118639 0.035052506775067764 0.20391448358928033
4 0.06219561401577622 0.6579339458907179 0.042693471681798524 0.13186338089061816
4 0.11948423032407408 0.6517982996953927 0.042036394032921816 0.13132287379972554
4 0.8154764577346746 0.6817187832588336 0.03731641123882509 0.12611749680715192
4 0.7763567294218635 0.6906838627783711 0.023267073674161844 0.1264615073682761
1 0.026064360929557006 0.43337720890825465 0.03344566993464052 0.12493191721132893
1 0.860668409365601 0.47108306552610435 0.029021558872305144 0.12391744978809659
1 0.1181870132804895 0.43223155101284005 0.02961601307189541 0.12663398692810457
1 0.7750757575757579 0.47051066217732884 0.02638888888888889 0.12345679012345682
1 0.6891463122605366 0.463464696223317 0.02281746031746034 0.12367724867724872
7 0.05341269841269841 0.19272486772486774 0.03805555555555555 0.0525925925925926
7 0.0882686932215234 0.10080363382250175 0.04094601677148846 0.0506638714185884
7 0.026826349654739484 0.28320516844528143 0.022657721280602637 0.05061205273069676
7 0.8970383986928104 0.15773420479302833 0.03819444444444445 0.04027777777777778
7 0.3206426578822413 0.256954336815448 0.03828347578347579 0.04550490661601774
7 0.3246441870345379 0.16573365988570668 0.03902540360873693 0.04965970243748022
7 0.8408887579645632 0.32707442320560937 0.03809079601990043 0.05044223327805418
7 0.613308897876643 0.2718171491343045 0.03754844961240309 0.04844961240310076
7 0.978309197154472 0.33538937819933756 0.028229448961156343 0.049683830171635024
7 0.4708731910718665 0.26526857983811636 0.038171449595290674 0.04583639931322049
7 0.6149587087087088 0.17993688132577013 0.038788788788788824 0.05005005005005003
7 0.8698953150912105 0.25690989496959643 0.035499585406301847 0.02142067440574904
12 0.3615203937086596 0.5356482145953142 0.027736069402736045 0.061116672227783365
7 0.9513888888888888 0.2608585858585859 0.017708333333333333 0.04212962962962963
12 0.5929088688217075 0.5527381523651645 0.018281311346682354 0.05611176547572309
12 0.6582230023987518 0.5590343277672979 0.02204435361792305 0.05512665253809667
7 0.31373145815841025 0.03436421307957832 0.015218303946263648 0.03894952887396212
7 0.6111054375453885 0.05545343137254904 0.020061728395061745 0.036265432098765434
9 0.32120098039215694 0.5956037970743853 0.016193977591036437 0.04863056333644575
8 0.23467556703990813 0.7001049917526586 0.009259259259259285 0.06438415159345391
9 0.5940340823291353 0.6059667985463039 0.009570082449941076 0.04989530166208611
8 0.21871878574082604 0.7037577638884712 0.0070188871873405 0.0645634725240086
8 0.3070903784219001 0.7084236170313537 0.0101273148148148 0.06172839506172836
7 0.06632447665056361 0.5121145702868729 0.020704732510288062 0.028978052126200284
8 0.34360902422563233 0.7042029774872913 0.008850762527233118 0.06547294843863474
7 0.15218799840510366 0.5152678096757044 0.020102339181286528 0.027899610136452153
7 0.137913107859816 0.34342180571349495 0.01686849064096317 0.025109855618330235
7 0.045353065994916494 0.3371043633502783 0.019063180827886713 0.025190631808278904
7 0.9863849064117881 0.39447541926633933 0.021219135802469206 0.024348422496570654
8 0.36042593751448554 0.7090798297254283 0.0074891067538126145 0.06184186637618017
7 0.8438128772635818 0.38583351963633655 0.01968407668231609 0.02494131455399058
8 0.640094849360727 0.7465833832426285 0.012588534749889312 0.043160690571049175
7 0.7634072772183165 0.382404064714534 0.014164661050942584 0.025404465837678827
8 0.6548014292038196 0.749877474230064 0.013418548030101757 0.04186955880182971
8 0.5843079085266586 0.7505518529824086 0.01335470085470097 0.03980972730972728
8 0.5154930821811703 0.7454365309889883 0.013107064017660026 0.04982217316654406
8 0.5005326104249945 0.7442293286664148 0.011957321559970542 0.051355163110129935
8 0.5698339177759909 0.7478043072555267 0.012114621489621492 0.043498168498168475
7 0.6808112451870187 0.3770025440044004 0.006703795379537938 0.0238357169050238
7 0.35868741230424417 0.5471273460086071 0.0163679125349606 0.01843376557335369
2 0.07498096039762706 0.17682780182780178 0.050294612794612795 0.06734006734006734
2 0.08441631764802494 0.07364977690180942 0.03956228956228956 0.09539842873176205
2 0.9139247943595765 0.2264438351394873 0.07276570048309183 0.06400966183574881
7 0.688535650440044 0.37413767418408506 0.0029221672167216817 0.006073524019068562
7 0.8690056661138752 0.2201569313924206 0.023839137645107814 0.006909894969596466
