7 0.7547006219391844 0.15536841517233677 0.03942816442816441 0.056103875548319984
7 0.17658234561674047 0.1513409355141747 0.03993674230513922 0.05251676973063622
7 0.19954118159106798 0.252548587696259 0.02040034638955503 0.04147475670257446
7 0.47507228496811843 0.5972377673766565 0.031047912992357447 0.04053987850284147
7 0.499801305465368 0.6443793715929133 0.03268125826719575 0.04374724426807763
7 0.7411313970558763 0.25654402824541717 0.02919353505291009 0.048397541887125244
7 0.7227985760769997 0.3412537885334325 0.027140755096181485 0.04193576544997738
7 0.8091031551509493 0.8188008999896257 0.03574346405228755 0.04551820728291312
7 0.7950242784801609 0.8506756055775662 0.01796439296439287 0.027348777348777425
7 0.8731731240547478 0.8519485978502369 0.020187338501292024 0.02738970762226576
7 0.8040551507629696 0.919463925293829 0.021461306183528425 0.026944934352341698
7 0.807016336857555 0.973016116822276 0.021321631845017085 0.030491038286138448
6 0.3811463994628395 0.02432303155879439 0.016797887813824096 0.04887855983473513
6 0.36406753936634423 0.029458884040557336 0.010375166002656021 0.038206960517717485
6 0.6007495590828924 0.02895588040515577 0.027317690361168535 0.060705978580374714
6 0.4858982228381123 0.02162015341200056 0.02687205728946403 0.04651949589782628
7 0.06899735700731906 0.7926593576498702 0.037056489262371616 0.04162776221599739
7 0.016610486695956786 0.6495482991209487 0.032726354841739455 0.04461350615196771
7 0.8578584117102793 0.6557706242907149 0.0348092453355611 0.0438016337139144
7 0.9433408699397072 0.8187061646363972 0.03652946966900448 0.04639883515852506
7 0.8856971608087681 0.9231666790393406 0.022291902872259992 0.027262062232300315
7 0.8906927186197058 0.9763069280878421 0.02192283163265311 0.030608308138070056
9 0.15231660267500424 0.6485638225259208 0.09823507175819161 0.3110185620031666
9 0.38487044610312965 0.6403879207771543 0.08456273258904833 0.3181303018597868
9 0.6203816593279952 0.6447372671484662 0.08110119047619048 0.31586779448621555
6 0.810810466749099 0.03241729209799862 0.03893969020780621 0.06501929811108555
9 0.8903934485214146 0.027881728773507836 0.02226880851350436 0.06303314976784363
6 0.9342760668483548 0.022119151513308597 0.041390618348233356 0.05929574895092137
3 0.06650945707172054 0.7039554483893797 0.03740387095261541 0.18965735515464707
12 0.22668694042373067 0.6538068956904084 0.10761053977541282 0.2510344131597537
12 0.5631094153194831 0.6624713587387049 0.06659365428142176 0.24627774837108013
2 0.49777909006880977 0.7172787838675689 0.01947040498442369 0.06582851209019443
2 0.4967462770848873 0.6259802127928527 0.04473557335706872 0.08128121445878461
6 0.4423571499781124 0.7583245157579527 0.033797948740001686 0.016979499004096982
3 0.8096274683318864 0.7600486431131592 0.039898205659075266 0.1880607315389924
2 0.8643407091097308 0.7265786749482401 0.058876811594202876 0.060386473429951716
2 0.85965660135582 0.6339561287477955 0.035523106812169275 0.07802166005291006
7 0.9862409828927686 0.6570488227234258 0.030128023431594833 0.04514151339548168
