12 0.2861827601410934 0.27152299150654413 0.0439466722361459 0.028173732943469774
9 0.01080246913580247 0.20405982905982906 0.017416225749559082 0.057539682539682536
7 0.26421957671957674 0.36557539682539686 0.01741622574955907 0.011739417989417971
7 0.2194694056837214 0.36451929900843627 0.015076699585515715 0.011245052177042083
7 0.22682411043488687 0.35419469781122387 0.007829888182533025 0.014556095318060073
7 0.237949223910107 0.3546050032103521 0.0070802180373968895 0.013306645076166463
7 0.15214833251147275 0.36267635990164326 0.01749230338650992 0.011307524689136757
7 0.1328190106157212 0.35175699162956536 0.008163074913704643 0.013931370197113267
7 0.12234812760816612 0.35115799048418694 0.007496701451361407 0.01311922753988244
7 0.10647851177366015 0.3613192803861952 0.019324830407953825 0.010932689616568708
7 0.07267003857231674 0.34967933391382133 0.008009465443518202 0.014452723535457368
7 0.06187510309212947 0.3491031579498306 0.008088767081572835 0.012787389136309998
7 0.036416691353611384 0.3585640804126884 0.01950820296144037 0.011716817022572467
7 0.012397489415874709 0.3484632928577773 0.008326671995736746 0.013917437478588575
7 0.0019230647228249144 0.3472172658698438 0.0035685737124586045 0.012906341593391978
7 0.9465238932747956 0.29193004147877794 0.011580043168490742 0.010833906366397368
7 0.9459555538576797 0.31392462386746384 0.012654480163505425 0.010923442782648573
13 0.8709616202262277 0.2921440615734639 0.021846885565297222 0.026860924875365295
7 0.9694476476883882 0.15411254126531898 0.026963776963776928 0.028140262515262512
7 0.8025236693457833 0.10945820835318 0.02534468775344676 0.03530152937087245
7 0.7725071098653951 0.12493236280897409 0.027275711582281027 0.03285757733750435
7 0.76262834616795 0.15104912442302437 0.020299649012520328 0.020320112368379693
7 0.7402667172291746 0.14734379321454943 0.012302038752550823 0.015490411181537475
7 0.7336437263911665 0.16493863550177543 0.020992469797930437 0.01777588168373152
7 0.754815261966245 0.19242291152335034 0.01625223468226872 0.020061352185925568
7 0.7447299256172976 0.2331026008500411 0.019976705130288725 0.019214881629557406
7 0.7164639651841016 0.24155307031800202 0.019073803203496113 0.01972276396337831
4 0.7556438373960696 0.3252578700751134 0.09079152494331055 0.0962168721655329
11 0.5734748790304347 0.434978209909904 0.1721272554605888 0.15432098765432103
7 0.5963676531992198 0.21801442406566077 0.01647596612260921 0.017001794828649976
7 0.6146288402373993 0.21112509425966433 0.009114364238039121 0.015950137416568526
1 0.6127051294568634 0.2448982281260452 0.02500607624282537 0.061697234842111155
1 0.6323003064525596 0.23814044091382758 0.025356628713519173 0.06432637837231477
1 0.6512951912213648 0.2302785439853208 0.02570718118421298 0.0653780357843962
3 0.6779652288551066 0.24208051778368003 0.04038353692731575 0.058746616926340395
3 0.7168702094252958 0.2244628650231213 0.06766147319142699 0.07326183161436615
3 0.9141356888449912 0.0709947385092734 0.09317353067353064 0.03519144144144144
3 0.9497085017918349 0.14258373633373636 0.060775060775060764 0.09300595238095238
