7 0.10319135748173515 0.7985298002085227 0.03912601626016259 0.05238537518395516
7 0.015418195973751533 0.6963236384532683 0.027308558558558554 0.056681681681681716
7 0.022758535416763252 0.5983501671792811 0.03195589133089133 0.05532661782661779
7 0.17559815592903838 0.5967838987446829 0.028267973856209157 0.05599128540305014
7 0.15962397032006542 0.6948911630929173 0.042763157894736836 0.04909844054580903
7 0.6112238852591756 0.6931501956787797 0.03747068308413956 0.04397537379067726
7 0.6093402546598666 0.5870827322676441 0.04278909645517415 0.05404931594514047
7 0.9563973288320309 0.701530171562821 0.04650297619047623 0.05979938271604942
7 0.9549275439342402 0.5912939539241625 0.046399636243386215 0.058972663139329765
1 0.16154194540808742 0.619592023596463 0.05480984255916565 0.21740740740740735
1 0.017153813271997127 0.6080917127259636 0.03868055555555556 0.19861312034041462
1 0.9553102662196981 0.6258854264405667 0.04790998931623926 0.23897495251661918
4 0.7935680900755173 0.3878937476593778 0.1936381241037149 0.603605025704954
4 0.5656395682972049 0.48488779535742954 0.1914519590850718 0.5874423316204512
4 0.2712804310242513 0.4156240211544658 0.19667801448064606 0.57103547613309
