7 0.056568937753345566 0.027538314176245214 0.0659855257556407 0.048690932311621964
7 0.7254150702426565 0.09376995530012773 0.05374627501064287 0.04509897828863345
7 0.9508753015004179 0.12230204640169186 0.053250675568272156 0.04455770147830233
7 0.9821666294808865 0.4914917772943627 0.0330786107392534 0.04392570281124498
7 0.987158510585552 0.5707924289751598 0.02249739699538888 0.040439535921463626
7 0.950958717022974 0.6819069206117397 0.050944518816004765 0.01729138777331553
12 0.665844500721044 0.9202048380289123 0.022554605887939227 0.07508309591642931
10 0.31998769278104683 0.8682663462647885 0.33080088635644195 0.18192070275403613
10 0.22430244652466874 0.9726461809795145 0.15867363089585315 0.01929012345679
10 0.4158258151313708 0.979678596866097 0.10960747071858182 0.017509496676163396
7 0.5788883963750985 0.4658780289598108 0.027827029156816462 0.044326241134751775
7 0.6191206166272656 0.469604203605201 0.009357762017336523 0.025302895981087502
7 0.5812894011032309 0.5426085992907801 0.03275216706067768 0.04247931442080378
7 0.619224156458199 0.5446754781861165 0.011574074074074073 0.028996749408983488
1 0.5969891970408007 0.48705938393140674 0.06476556343577623 0.16566932624113473
7 0.34551073680063027 0.4484338061465721 0.02610323089046492 0.04007830969267137
7 0.38262165090622535 0.44977282801418433 0.02068557919621749 0.04137115839243495
7 0.33945788717378195 0.5284709185092475 0.024133175728920424 0.04192523640661937
7 0.3747272231314785 0.527908483360611 0.021178092986603652 0.03860076832151304
1 0.36050143873725427 0.4705073787520596 0.06895193065405833 0.1726876477541371
7 0.08358662613981763 0.5106884287402905 0.02388691883372734 0.03564568557919622
7 0.12166539192509152 0.5156728028090668 0.02856579984239559 0.044326241134751775
7 0.0945178737731929 0.43110627552116915 0.02388691883372734 0.039154846335697456
7 0.13568754925137905 0.4340277777777777 0.028565799842395576 0.04395685579196219
1 0.11452565737630127 0.45593816100535023 0.0805260047281324 0.17601211583924353
