7 0.10238130417651693 0.1963744828605201 0.07289204097714737 0.03767730496453903
7 0.3247009098072928 0.24755534064044704 0.05811662726556342 0.03435283687943264
7 0.5089426432511538 0.293318346842283 0.05368400315208817 0.036938534278959836
7 0.230786167895054 0.033983451536643026 0.07239952718676124 0.06611997635933806
7 0.464095744680851 0.1107417257683215 0.07289204097714738 0.057624113475177305
7 0.4599375211077339 0.022638044579533938 0.06254925137903863 0.0391548463356974
7 0.6457633445315415 0.08725270623366928 0.05220646178092984 0.05060579196217494
7 0.6490862696536455 0.1729426995384442 0.054669030732860495 0.0535608747044917
7 0.8937310771017376 0.18702563145452283 0.04481875492513786 0.04137115839243501
7 0.9026683302688029 0.26136065143157333 0.0423561859732072 0.04617316784869977
7 0.8375548801080714 0.3066426038500506 0.04186367218282119 0.02659574468085108
7 0.8546273119176748 0.37872861910721733 0.039401103230890536 0.03546099290780147
7 0.9539992119779351 0.40319641449960597 0.038416075650118106 0.03287529550827423
7 0.9396715380757932 0.33456237911025144 0.039401103230890536 0.027334515366430286
8 0.931111111111111 0.6964781746031745 0.018518518518518517 0.07415674603174599
9 0.43594173441734435 0.6374153116531165 0.027100271002710064 0.044376693766937654
12 0.14370104871896988 0.5751443647949026 0.0530167264038232 0.06468413978494622
1 0.9243349879088709 0.22037431312980393 0.0973654066437571 0.15642898052691867
1 0.6706201476390481 0.1182345360824742 0.10022909507445588 0.1886454753722795
1 0.4820542191676213 0.0848092342937704 0.10452462772050397 0.14282646048109965
10 0.35918334731711216 0.461569579288026 0.40228335131247744 0.25350593311758357
10 0.9004367433776819 0.5392244995804867 0.17259978425026962 0.17158845738942827
