7 0.011346714797060386 0.2128951077760955 0.02039195560305195 0.0432338953739732
12 0.6946338143062971 0.38108808656100784 0.03154398677854052 0.03368929570302567
7 0.07525972222222223 0.4162731481481484 0.01892361111111111 0.02449074074074073
7 0.10310452972438514 0.42924368074589464 0.018268755407242605 0.02461582828657356
7 0.12906141493055562 0.4399657600308646 0.016597222222222225 0.022546296296296318
7 0.19855781653746765 0.5607504306632213 0.017534722222222222 0.013796296296296275
7 0.24009227367436317 0.4814661261593267 0.015029021558872282 0.012225198792362986
7 0.2693873492225482 0.48052708915063796 0.01666347748437297 0.013235106518688628
7 0.30012017418733833 0.4798221402699014 0.016583747927031527 0.013075647404005667
7 0.3483852023319617 0.40100651577503416 0.01892361111111111 0.02439814814814817
7 0.38439570993122274 0.43275492166886376 0.01730239258424149 0.020512338719779553
7 0.5146200396825397 0.4756626984126982 0.014791666666666635 0.013888888888888888
7 0.5503829966329967 0.4740965207631874 0.01565972222222227 0.014027777777777757
7 0.58679935515873 0.47332671957671957 0.016597222222222208 0.013657407407407408
7 0.40571389714596584 0.559972282126505 0.015427376580987346 0.01501654653429438
7 0.2887033840797782 0.5612923952453074 0.017361111111111112 0.011444995181054723
7 0.5499629629629631 0.561804526748971 0.017916666666666636 0.014675925925925946
7 0.6664748021301544 0.5616298521992776 0.020534255368814217 0.014151493930905682
7 0.05963874976813206 0.5369643850862549 0.019013170098312 0.027669572744697904
7 0.10687691882540441 0.536225341555654 0.01860740122426265 0.025505472083101475
7 0.15498150976607977 0.536534163190292 0.017795863476163968 0.02504173622704505
7 0.2334921201582769 0.5610872573336871 0.018072474467823302 0.013586399245313938
7 0.24356766725952772 0.5346158769931381 0.016880460194413714 0.026660104179484067
7 0.3856459608027708 0.5336695308320158 0.014764581296839354 0.02756055175410013
7 0.44437739384102726 0.5333628945162725 0.013135386119257061 0.028035733680895052
7 0.4338556455491939 0.5303385881342871 0.004072987943955692 0.01513793852503532
7 0.5050085543867162 0.53298736582885 0.011652145400037422 0.028496033976641032
7 0.49407607616335103 0.5308584119234104 0.004872524230931359 0.019899798660860574
7 0.6187868026924274 0.5303600268841473 0.010804651893760802 0.029532715176279534
7 0.6074875920771801 0.5315740867481524 0.007219471947194794 0.02547278537377548
1 0.05442041663564589 0.5300343178442153 0.02663410814375206 0.042655786350148356
1 0.101781592303722 0.5309205733232227 0.02517595088349805 0.03868423679744429
1 0.14833871201921806 0.5296747544943374 0.02551988463873709 0.04237502529852261
1 0.23805108103565636 0.5273506482254818 0.024343006334531757 0.045358962123128566
1 0.3792046854110661 0.5250701206499406 0.021820674020262013 0.04502284316373909
1 0.43792285096491046 0.5293279839918108 0.022708259723481915 0.04966767808120212
1 0.4995862735215054 0.5297229689366786 0.020665322580645157 0.05062724014336913
1 0.6127718726822684 0.5279909966530345 0.022898999782561446 0.05562803508008987
