10 0.23654898892831328 0.504296986223361 0.13843201754385961 0.11878654970760238
10 0.1874314692982456 0.5785514132553606 0.02809758771929825 0.01522904483430807
10 0.24069948843797526 0.5706497145641882 0.07458633897778633 0.012596037815336136
12 0.35227661872398713 0.5730218522616183 0.007403236569903231 0.03350572795017241
12 0.4068103190910207 0.5700144589033477 0.010322822822822847 0.03990101212323435
10 0.4718714914103943 0.5411010289030626 0.09431060770971209 0.08620152138670654
10 0.4410004042665671 0.5973297674948947 0.02370207108872096 0.010728612743726116
10 0.4809707592295752 0.5932223155145069 0.046267142457318756 0.009212613116895236
12 0.5742797910075734 0.5893330776851052 0.011384335154826886 0.028688524590164008
10 0.6035768507928864 0.5611527451727897 0.06797512991833704 0.06846490142703951
10 0.6961662263272053 0.5806354959702267 0.053823311061618445 0.056401055844262964
10 0.7606294128796856 0.5880680471970811 0.04191413016580062 0.049905138991998665
10 0.8127083424312561 0.6059095254038264 0.035495545657015584 0.04371855151365175
10 0.8501402293161758 0.6104958893563198 0.028922296461271913 0.03732574445269321
10 0.881075880123471 0.6106053304506006 0.025983667409057096 0.03402623113090823
11 0.9512351868356772 0.5582376048062322 0.0887345679012346 0.2559912854030501
8 0.7549989692846836 0.6386355047069333 0.003865182436610976 0.024221809936095597
8 0.7621173469387754 0.6385496117638975 0.00296330653473515 0.024050024050024026
6 0.4357835726883345 0.02073360208280843 0.036136831275720184 0.03840877914951989
6 0.47410650384684205 0.05560028627661475 0.03305041152263376 0.03223593964334705
7 0.4451545446412596 0.06843054810043535 0.024948559670781932 0.0411522633744856
6 0.5632785563341118 0.13899547695843992 0.029578189300411534 0.02554869684499313
7 0.5074835786641341 0.027725018465759203 0.02481995884773664 0.04526748971193415
7 0.8530293995410272 0.31058573209735996 0.01354104551778982 0.01499039289736967
7 0.8608075245974954 0.3194931011064732 0.008509739614390652 0.00877890412774131
7 0.8682764084895866 0.3292089047903002 0.009627807592923905 0.010932220234545825
7 0.806509509462386 0.3239651005868876 0.011926058437686354 0.015570131849201611
7 0.7664312139620783 0.3407507368412719 0.01867773858514599 0.018779802730420018
7 0.6022566570088301 0.21847981052244297 0.015406548933039074 0.013490311503556549
7 0.6041796637553186 0.2003017990636764 0.014141832229580507 0.020542065244051996
7 0.6591578031975384 0.1952471737239949 0.015981420161883777 0.01287711552612215
7 0.7220471076017434 0.1694425576875908 0.016096394407652623 0.013950208486632325
7 0.6892131162619575 0.27380903714604954 0.013796909492273733 0.016249693402011295
7 0.737544456708364 0.2553654648025509 0.014486754966887519 0.017016188373804284
7 0.7920360214311993 0.23658825423105223 0.014256806475349512 0.017476085356880087
7 0.8113349276428745 0.25802775733791183 0.0124172185430464 0.017476085356880087
7 0.820518822625564 0.3936705720413585 0.01014357053682886 0.020911360799001216
7 0.8604547624293164 0.3887297740569386 0.00920724094881409 0.012588431127756991
7 0.8575686641697877 0.4286447496185324 0.008661048689138638 0.010403662089055387
7 0.9006110150773071 0.37593232817951916 0.010377652933832672 0.020495214315439027
7 0.9295932168123178 0.4137652009062746 0.010533707865168494 0.008947149396587617
7 0.8925561797752808 0.42099336613546795 0.009285268414481922 0.009883478984602545
7 0.8875927659869608 0.4508831553151153 0.007802746566791541 0.012796504369538086
7 0.9197235073804801 0.44665981248929026 0.008504993757802658 0.010923845193508126
7 0.9119480583481175 0.47093545349015487 0.006944444444444444 0.012484394506866392
7 0.9411837177212692 0.46564053704798825 0.008270911360799004 0.012588431127756991
7 0.972523185304084 0.46212323880863204 0.006710362047440791 0.009675405742821502
7 0.18994772284245967 0.19673669771135655 0.019173213617658055 0.03491707195410898
7 0.18829164662497994 0.2571868003966769 0.021160680882903113 0.03460531238309014
7 0.2532845775131669 0.1734706426142194 0.023089840470193145 0.028570762197966237
7 0.2763915127343969 0.2376912491836925 0.01827945703890287 0.032652299654818535
7 0.2757171844388469 0.29296109711726837 0.018366918555835415 0.031486146095717885
7 0.34968363919875256 0.32386860892318486 0.01749230338650993 0.028687377553876296
7 0.3491901063532046 0.2729594432994936 0.016267842149454224 0.029270454333426645
7 0.45022527044622096 0.32443913084040127 0.01679261125104961 0.025538762944304474
7 0.45149034424853063 0.3684905308331001 0.01679261125104953 0.02623845507976494
7 0.4968338930870418 0.34730968373915466 0.015305765463196192 0.02262337904655288
7 0.49868255336073175 0.3886789812482508 0.015043380912398478 0.024605840097023997
7 0.494039240381291 0.4445926145437184 0.014256227260005576 0.02029107192835153
7 0.4535535614329695 0.43126545153465806 0.015917996081724006 0.0205243026401717
7 0.5371287949091873 0.3673690593682639 0.015480688497061282 0.022156917622912588
7 0.5385491494853375 0.40616480600387683 0.014256227260005576 0.02204030226700253
7 0.5957983487265602 0.3327362627110738 0.012419535404422059 0.02297322511428306
7 0.583985693353748 0.4750566613435186 0.012856842989084783 0.01725907267468977
7 0.6109392749543143 0.4840223242949573 0.012594458438287149 0.016675995895139472
7 0.5966721864601798 0.3965505177721802 0.012244612370556969 0.01725907267468982
7 0.5976324962471058 0.43116407568548615 0.013119227539882417 0.020291071928351476
7 0.6261646191465229 0.41040012569907836 0.01320668905681504 0.018425226233790417
7 0.6265548714121343 0.444323941910004 0.012594458438287149 0.018658456945610642
7 0.6516294595084045 0.4220789911262573 0.012244612370556969 0.01632614982740924
7 0.6534055571104269 0.4545472214447865 0.012157150853624345 0.01644276518331935
7 0.6708844983207389 0.4607691365799049 0.0117198432689617 0.013760611997387824
7 0.6932137359561792 0.4410642650567083 0.012157150853624425 0.015743073047858942
7 0.6940380056304639 0.47121521432530467 0.011544920235096533 0.01585968840376895
7 0.7124615169325498 0.4510060018036508 0.010058074447243272 0.014227073421028061
7 0.714216213616009 0.48006168952327644 0.01058284354883854 0.015509842336038823
7 0.7322686351338744 0.46085611219952116 0.010320458998040906 0.015743073047858942
7 0.732947188309286 0.48766288486044307 0.010416666666666666 0.014063591893780633
7 0.7607988294898672 0.47356161192639185 0.00982704402515711 0.012665967854647157
7 0.7621937237945491 0.49984713487071974 0.00982704402515711 0.013539482879105507
7 0.7421456440717448 0.5245554779097755 0.004323899371069236 0.010918937805730299
7 0.7545122510482181 0.529786862334032 0.010285639412997859 0.011180992313067808
7 0.7754092081922271 0.481212707627802 0.009433962264151004 0.012840670859538848
7 0.7771062631027253 0.5061637403913347 0.009892557651991594 0.013626834381551378
7 0.7887949860237596 0.48691911250873504 0.010285639412997859 0.013277428371767996
7 0.7904382861635221 0.5102783601211274 0.008189203354297724 0.01222921034241785
7 0.7994365828092244 0.5445026787794083 0.007927148846960266 0.010656883298392683
7 0.809551886792453 0.4976494504796391 0.00825471698113205 0.011530398322851191
7 0.8120354488279018 0.5195111492281302 0.008451257861635182 0.011355695317959448
7 0.84748427672956 0.5158582682167587 0.009433962264150846 0.010831586303284426
7 0.8495697938504544 0.5359815397158165 0.008123689727463398 0.012141858839972083
7 0.44658900083963055 0.28173803526448365 0.015043380912398558 0.03125291538389777
7 0.486502938706969 0.26279037223621604 0.015305765463196192 0.030203377180707123
1 0.19516916615130903 0.21851164708307572 0.03429705215419499 0.13208616780045354
1 0.2821513605442177 0.26372637944066507 0.030753968253968287 0.11885865457294026
7 0.3177267573696145 0.1552683295540438 0.023100907029478455 0.035147392290249414
7 0.2768288474810214 0.184675802688225 0.01984126984126983 0.033824640967498106
1 0.354117415287628 0.2963108892974929 0.02713477366255148 0.11025377229080928
1 0.45605645907008574 0.34338552070907064 0.027707631874298578 0.09633370744481856
1 0.5026748088855006 0.36825569931789354 0.024434156378600847 0.0905661553809702
1 0.5421279734069085 0.38622789105042177 0.023732697343808458 0.0841750841750842
1 0.602460216014743 0.41259647226725404 0.0217452300785634 0.07622521511410402
1 0.6300381263616557 0.426447893972404 0.019965277777777776 0.07355967078189302
1 0.657102272727273 0.4359404227459785 0.02102623456790127 0.06880144032921809
1 0.6973222159234063 0.45539651045603424 0.018904320987654363 0.06455761316872423
1 0.7178493848041656 0.4651232418370017 0.01732138316806508 0.061763708788880406
1 0.7367383452236732 0.4739393002730374 0.01827485380116956 0.057526061530638134
1 0.7653172890229524 0.48464238109547025 0.017162471395880945 0.053712178998220166
1 0.7796867918062327 0.492117515485837 0.0163679125349606 0.05138147300618691
1 0.7932184746680818 0.49816307203631854 0.01660628019323664 0.05169929655055512
1 0.8134675961239651 0.5068649885583524 0.014063691838291308 0.046402237477752385
1 0.8503905256801426 0.5247796423425714 0.013904780066107333 0.03993982540893289
