7 0.7655822879194357 0.03269564779247878 0.026111530292868317 0.03469893434682167
7 0.8791534713185366 0.07556245011857178 0.018454724409448797 0.027145044369453832
7 0.12191054243219594 0.044827729867099944 0.01303547994000751 0.021286401699787526
7 0.12174088771310991 0.08137497976467382 0.013132517499753507 0.020385569686811923
10 0.047146040638436346 0.04227659259460764 0.08930723410116034 0.12424106784193552
11 0.10369867416753058 0.13680378453523945 0.0558355391028592 0.13922632545081526
11 0.058186482086529774 0.17889491537120406 0.09597913445586873 0.1899296923142305
12 0.7330633259141838 0.021459753838558287 0.038028782070095565 0.04496853455186788
12 0.796060773645155 0.0316764974438986 0.027386371832996755 0.06581708585671323
12 0.8572853111052428 0.039993888967082586 0.08123433760883235 0.08267143003474246
12 0.942019311132766 0.08176496391080665 0.0672147929512092 0.06575587189820378
12 0.9783621705392154 0.09323507643626094 0.037861450314508265 0.05823701281498135
10 0.2758150938085857 0.0689206295916422 0.11175690923443797 0.14118772250742512
10 0.446456076112104 0.10034122657063063 0.09288436254098023 0.11901454169310326
10 0.5738285304281198 0.12434281247003776 0.0720933275235618 0.1031488613016682
10 0.6685213453656766 0.1503806151654309 0.05514258430837083 0.09154351395730706
1 0.11693726827509049 0.06355273265598446 0.019127183871311394 0.07976456801960158
