13 0.6392844991051256 0.32724512516483467 0.06236859129872225 0.06307858336606521
13 0.7700043537249661 0.3246195553125568 0.038920276208411736 0.06002824858757059
13 0.9030478023113737 0.3191461001406181 0.0535569296108926 0.06476016488664046
7 0.8777054223857269 0.12539753004675055 0.03758797815561955 0.02660232615689186
7 0.7371395494755077 0.133927861290066 0.037328667249927026 0.02526246719160103
7 0.6029298293391431 0.14331001497821347 0.03540305010893247 0.025020424836601288
7 0.05710494180095857 0.3059759898072268 0.046393353521236115 0.03603249475890983
7 0.14464866364385828 0.214401328278573 0.058774397564996986 0.04167955060812203
7 0.1467282495663919 0.14044861888152138 0.05519005847953214 0.04203935856702123
7 0.03355373238414174 0.16045946418753435 0.06729787431541817 0.046818434976329724
7 0.037051517201145884 0.07943821225071225 0.06498470948012233 0.0466570015738593
7 0.05584509948488869 0.032859422398141554 0.04635100259529362 0.040546815301331716
7 0.2342909601852441 0.2592970014772766 0.05608502763276993 0.036432594718104026
7 0.23604431937765277 0.190729846979847 0.04976129976129976 0.03717659967659965
7 0.2781396625736248 0.3753111897274633 0.032756813417190736 0.028236373165618448
7 0.3313674934931528 0.3960797033633941 0.032825704724632754 0.025948613238046647
7 0.3575518048669841 0.31918888828132586 0.04420020414114902 0.03178313648293963
7 0.35922353442294075 0.2591945294626847 0.043359302541272494 0.031997774067890936
7 0.41663754949918475 0.2919386474811003 0.04044374563242488 0.03059486373165616
7 0.41250213682208187 0.3462248491494539 0.03964941569282132 0.029852995733630136
7 0.4632656794245554 0.37006926410272256 0.039803994311506795 0.028056019291411615
7 0.46704606561684614 0.31891052081614696 0.038169046789736503 0.02813697318007663
1 0.060116000696304774 0.11799260101355247 0.09817162528060924 0.17703637741822964
1 0.16618231186763618 0.1693584510642552 0.08436971516996039 0.1606215188164239
1 0.2535859235463348 0.2249244850253495 0.0816002310803004 0.14383327878338714
1 0.37575634528823015 0.2800179941414531 0.0671411263171171 0.13131813107658116
1 0.4301124675716852 0.3158192068225842 0.06429316640584248 0.1189557299017798
1 0.48023757628183866 0.33970235481600936 0.06037786510731264 0.11031827168680614
10 0.33728866857898937 0.5299786606035491 0.18020363157868255 0.14210673880225752
10 0.07295851851010145 0.4839343137265412 0.18122977346278318 0.18590727065613824
