11 0.4500266542217836 0.6003498948145314 0.22188938827976634 0.2801109562380471
12 0.2646377995642701 0.5481241570702353 0.01803075396825398 0.038723544973544945
12 0.6074506113656003 0.5547555918547714 0.01155188025993399 0.04167998295515072
12 0.9518255435805154 0.046389428315040636 0.07681496743996745 0.08132613510520488
10 0.6322560750411333 0.5696108860083576 0.05498020122981875 0.08107895457033393
10 0.807042595856673 0.5704593045209508 0.05645810879221369 0.07907480893592006
10 0.8383422813569871 0.567328783365198 0.002292583700146735 0.01625650260104042
10 0.8381727766317115 0.580733195805398 0.00238763776669921 0.0015519645483544433
4 0.6750797059078542 0.5002402477603416 0.032672491039426585 0.10637694145758664
4 0.720745360544023 0.4963737881216841 0.03324259581881532 0.1060427151890566
4 0.766053096963423 0.4989022601794342 0.03363095238095236 0.10489417989417991
3 0.6421751728084014 0.33444674549346953 0.02805411778237871 0.1263079563978751
3 0.7174459842936727 0.3399217730603232 0.02815887533875349 0.12511022927689597
3 0.7902981323438218 0.3426346759929612 0.028050833714896188 0.1267257965047599
2 0.6786651234567901 0.31277557319223986 0.03246527777777769 0.03677248677248679
2 0.673309592293293 0.2794993836460759 0.01940849046553751 0.027254003764070868
2 0.7561979831391997 0.31712366272809495 0.033897385833604576 0.03713646936881558
2 0.7488105423195576 0.2836893347829258 0.02018168378462499 0.020626346705023786
2 0.746595977338926 0.2379742913713949 0.024057539682539684 0.049999999999999975
2 0.8295951151382062 0.3213791427607036 0.03520848796176925 0.03607912065792498
2 0.8219601349561666 0.2865927551774113 0.020602376753170382 0.01937760700988216
2 0.8218220899470899 0.2506907701352145 0.01763392857142855 0.03773148148148149
8 0.9897948385988254 0.42107722237346146 0.02315496075935946 0.10660790628121844
9 0.41584132037828053 0.05948077982269565 0.010162333667317057 0.02102046675690087
9 0.46561391868017793 0.06316710185757804 0.009292825317261407 0.02225305326809086
9 0.5803912450396825 0.07113673941798943 0.009325396825396803 0.021461640211640213
9 0.6130074786324785 0.0713446275946276 0.009151785714285625 0.016203703703703703
9 0.6643632987382988 0.07501865418532086 0.00939980158730161 0.021461640211640202
6 0.16033948107225104 0.08265548957615354 0.013174846298749232 0.024403552799152267
6 0.27134945359244417 0.09177851613599278 0.012922322355733578 0.025496958908173873
6 0.3694189725439725 0.09673512798512798 0.012227182539682585 0.029265873015873016
6 0.4224200972168452 0.10190495010108833 0.013550135501354983 0.028753710156149196
6 0.4722700849345585 0.10432968996565488 0.018353174603174604 0.0263558201058201
6 0.5648268819705737 0.11014977508357572 0.015600198412698435 0.025918508628789007
6 0.6143515935019842 0.1130079158399471 0.020213293650793652 0.0269510582010582
6 0.6654902291105123 0.11602400918438656 0.018650793650793605 0.022982804232804233
6 0.9435499698067633 0.13735047158960206 0.018824404761904785 0.026686507936507932
7 0.2146655871630916 0.07873642037905568 0.015199316441552473 0.017116347344090607
7 0.0601858270136698 0.06369550716645686 0.03915256578822005 0.0539501514891671
7 0.0599975205016476 0.10652626976848155 0.032580837281511815 0.017454517876103054
7 0.23473172949735455 0.20675209435626096 0.02006448412698412 0.037632275132275156
7 0.36676622690296895 0.21486294345985196 0.010467980295566514 0.03972815179711733
7 0.3771551724137931 0.221636466645541 0.00766283524904214 0.028005838350665953
7 0.4431071610538192 0.21759273044620098 0.011890735300118326 0.04105969722936303
7 0.4533946042992096 0.22661990178437547 0.005572826296510504 0.02272642075273655
7 0.5184124431022411 0.22052238140626623 0.013494981325863586 0.04243016651104885
7 0.5290095899470899 0.22956900352733686 0.003645833333333401 0.005357142857142835
7 0.528178736772487 0.23931878306878304 0.0022817460317459868 0.005456349206349206
7 0.5450080200295283 0.2058988474912901 0.016982192393376592 0.037533068783068786
7 0.6479680305414699 0.22575986576372395 0.019159163496878264 0.04564093922031231
7 0.7218728609109983 0.24252763489313572 0.018938253767583686 0.022240951444491286
7 0.7671651785714286 0.2107093253968254 0.016021825396825486 0.024768518518518547
7 0.9154663094533882 0.2514648170057073 0.014095312037858614 0.018691051299746943
7 0.07639833966147509 0.22207644485030292 0.06516945630992266 0.09392220117463448
7 0.10995848419295005 0.2917871967081122 0.05461414839890924 0.05255359088079679
7 0.13082261413337262 0.32290125276881376 0.01953327627347237 0.02523385897568905
7 0.14727841723967605 0.33850699435455167 0.016287366739233682 0.018140186229834054
7 0.15946477497220612 0.35915278814607593 0.03743576238696602 0.04488724167773491
7 0.19121601746825362 0.40616614110949223 0.030480662748104605 0.03744640372547345
7 0.2613972306758961 0.3885271213748657 0.005811900783705309 0.018482051690071746
7 0.2690101991088833 0.3897203928532249 0.006868610017106234 0.019435161979021672
7 0.26092974950396824 0.4233114252645502 0.005927579365079331 0.01921296296296293
7 0.2683201058201058 0.4240713183421517 0.006944444444444444 0.019014550264550265
7 0.29419251253132833 0.4180564769767557 0.007340175653594778 0.026078139589169005
7 0.30561090857911793 0.4190023640175024 0.00811522525676938 0.02589577497665731
7 0.29437808715217356 0.4705905987348797 0.008789045333895865 0.025268505334950488
7 0.30530292281795207 0.4696140381422246 0.008212264233858912 0.026074167823890982
7 0.3665195675971539 0.2862889983579639 0.008210180623973733 0.023444626892902748
7 0.37798826427122567 0.2859423462871739 0.007218117131910241 0.025588396278051442
7 0.36576358938637177 0.33456541052635047 0.007780890133831282 0.02658470795725697
7 0.3761844243870387 0.3370046578302103 0.0075377373171491065 0.025071757097900892
7 0.36265707671957675 0.4277469135802469 0.0057291666666667 0.019411375661375678
7 0.37091765873015864 0.4223148148148148 0.0034474206349206574 0.0033068783068783067
7 0.371861221340388 0.42818195179306295 0.005456349206349206 0.010548941798941754
7 0.3696511243386243 0.43590167548500885 0.002306547619047664 0.00684523809523811
7 0.4187330988295939 0.39461983321048694 0.005776767228630613 0.018554120520994193
7 0.4266213541099124 0.39456603897597686 0.005237602287291704 0.01917030902538145
7 0.41867228835978826 0.4298390652557319 0.0057291666666667 0.019345238095238096
7 0.4271749084249084 0.4293549043549043 0.005109126984127018 0.018948412698412683
7 0.4441906362686618 0.2902404437535807 0.008793768745998003 0.025696761365551164
7 0.454670754979274 0.29086311630101436 0.006687476830788984 0.02450319594693267
7 0.4431169847045501 0.3391342078851967 0.008129866933853657 0.02684320929060684
7 0.45441141572908234 0.3387832307772377 0.006454455167079751 0.024499463868234626
7 0.4749114229024944 0.3964096749811035 0.006423611111111133 0.01878306878306877
7 0.4826683407738095 0.3962322255291006 0.004737103174603152 0.017724867724867695
7 0.4742113095238096 0.4307694003527337 0.005704365079365079 0.018551587301587347
7 0.4823908730158731 0.43022900132275127 0.004538690476190465 0.016765873015873033
7 0.5198263888888888 0.29382275132275126 0.009176587301587302 0.02602513227513229
7 0.5306873905664227 0.2935091650832617 0.0065268512849159036 0.023715510466662565
7 0.5183202333346935 0.3445621262405752 0.008607234667646058 0.02584295643421605
7 0.5301776960784315 0.34127956738250864 0.006225198412698503 0.021891534391534406
7 0.6254588293650793 0.4041129298941798 0.008308531746031746 0.01865079365079368
7 0.6315579858486603 0.4070259791159262 0.0031822142437222273 0.011985246773606593
7 0.624979332010582 0.4388098912404468 0.006746031746031701 0.01937830687830685
7 0.633313041125541 0.4408970658970659 0.0038938492063491613 0.01111111111111108
7 0.6788938492063491 0.4062599206349206 0.00897817460317467 0.018750000000000017
7 0.68604083994709 0.4051118827160493 0.0038442460317460315 0.015013227513227543
7 0.6779290674603174 0.43676256613756614 0.006919642857142879 0.009623015873015919
7 0.6865178571428572 0.43571428571428567 0.0015873015873016099 0.002380952380952396
7 0.6865244708994709 0.4419532627865961 0.003670634920634853 0.01087962962962966
7 0.8257967509920635 0.41001777447089954 0.007514880952380998 0.018948412698412683
7 0.8344804067460317 0.41350033068783065 0.0015376984126984803 0.004431216931216886
7 0.8259978991596639 0.4450980392156862 0.008258928571428617 0.019047619047619018
7 0.8342137896825396 0.4466517857142857 0.0025297619047619725 0.00958994708994709
7 0.9714583847955067 0.4162653773599744 0.0088439768672327 0.019042931556774334
7 0.9803943452380952 0.4511160714285714 0.0022569444444444217 0.007407407407407437
7 0.972387941919192 0.44962872775372775 0.009623015873015806 0.018419312169312186
1 0.2651586837735288 0.4009846032055266 0.016180897646414845 0.07790549169859519
1 0.29968729230197827 0.44008595349591506 0.021655853699504478 0.10254629629629634
1 0.3716139629527823 0.306263278416247 0.021279761904761895 0.1075066137566138
1 0.4491442494445509 0.31478067995603276 0.020436507936507902 0.10609294400021219
1 0.5246329992967651 0.3163347230594066 0.020659722222222267 0.10413359788359791
1 0.359849291535338 0.3944354525749875 0.0015972399693329937 0.011594779036639486
1 0.37331047505466114 0.39069278410363684 0.0022627566232216846 0.011062365713528487
1 0.3684502282617385 0.3964348294281842 0.01157340443313017 0.06348278144861275
1 0.36443781126584723 0.43561985679219517 0.012085900462563096 0.026151129536861124
1 0.42252825474301986 0.40466344493190126 0.015147278150633908 0.07554774333297827
1 0.47851238884112585 0.41081903794460506 0.01505124013429663 0.07472287972252299
1 0.6285715794687452 0.4254407546638915 0.014291657321041474 0.06552502419633435
1 0.6824577675353842 0.41724553377538703 0.014444852189359132 0.0671904524254494
1 0.8303270066805096 0.41994330078194203 0.015296945034206278 0.07357979757130502
1 0.9762352651245738 0.4116952059643069 0.015324828355078677 0.04378509246381288
1 0.9767032657657657 0.45275185900185894 0.01651785714285712 0.02870370370370369
