7 0.8863092201614559 0.01761502693558531 0.05100660170420987 0.03529265873015873
7 0.8896877195356241 0.08111280758454123 0.06121031746031743 0.0630704365079365
7 0.8947394640495436 0.13941821834894527 0.045504429990096074 0.03927266522123183
7 0.9006877044378381 0.1759535666659318 0.030283510375393872 0.0342208731374122
7 0.9169595616024189 0.18459929261559696 0.018934240362811758 0.028535997732426325
7 0.9093829495568851 0.22562877045937796 0.010507837610641408 0.01742292192058547
7 0.9213642881867181 0.23545591653068298 0.028278445334520078 0.029746452059536164
7 0.9322617933273627 0.27846678503920125 0.024516156666259777 0.02473268367910261
7 0.9134422531195712 0.31047930258848183 0.038911763535823776 0.03135940048534032
7 0.9121802083966837 0.3696087430821627 0.03865626710454288 0.0319569877759533
7 0.32953042328042337 0.4370345676149247 0.0286706349206349 0.02051091269841271
7 0.36988960113960107 0.5101343101343101 0.010416666666666666 0.01269841269841271
7 0.35948472823472827 0.5092870670995671 0.0036706349206348907 0.008035714285714307
7 0.26861577964519145 0.5184436274509802 0.01666666666666666 0.010788690476190476
7 0.2435936127977406 0.5094878517800485 0.011738155822125309 0.013378973302637452
7 0.2353321575543798 0.5074211860670194 0.003736772486772509 0.007465277777777812
7 0.1606967830013652 0.5051477423445079 0.011052639084984097 0.010261573182732143
7 0.1508914437293336 0.507191027803754 0.0034762332605998416 0.006417661404184353
7 0.053050006581605094 0.4211092501055328 0.02427912511555634 0.01936183395291205
7 0.038934033039990934 0.2651168556265586 0.03473419187840475 0.03795570019284972
1 0.908145769887992 0.06754738048340612 0.08994708994708994 0.1337797619047619
1 0.36587084742822445 0.51453872815953 0.01984126984126984 0.03919860627177705
1 0.23981772177314895 0.5137202666349071 0.018915343915343892 0.03661475909261345
12 0.10412117578101826 0.3075505126372412 0.15675513764281881 0.04260912698412697
8 0.1586424321146071 0.45922109729677035 0.020617635512430652 0.0349752749275665
8 0.0832942685621257 0.4890062194749693 0.018096982382696674 0.033850078492935635
8 0.05212087505942548 0.48743205214778207 0.01945222533457827 0.03347693243964254
9 0.03423009836815668 0.34082170883112184 0.03149407911312673 0.05138844943662224
9 0.14938018099590722 0.38066194062961334 0.027711640211640215 0.05236384783798583
9 0.19673974550497764 0.37768259571170665 0.03505788280224371 0.044872722480805226
9 0.2432217331376996 0.40263751333866876 0.028207671957671942 0.04677579365079363
11 0.5274092471203682 0.4464642025642427 0.3182379050149253 0.3586988518084829
