7 0.15219851595207473 0.019188013465443337 0.03185148731408574 0.03517789442986294
7 0.20876850224365967 0.05308516822905311 0.02857638888888891 0.03935751398880896
7 0.25858256206380253 0.08017199360847484 0.02621527777777778 0.034393388715818624
7 0.0880514790622348 0.19698413509263682 0.04141091515193947 0.04845203398401515
7 0.1466175675614029 0.1821634390539951 0.044866679769392036 0.05126441299790356
7 0.21080779733362143 0.16693647338995607 0.04748249364023454 0.05708419868466597
7 0.36585181838622693 0.12836100670490755 0.053235321805121076 0.06851258062024486
7 0.7369017344809599 0.041210224308815865 0.07091158059467911 0.0831377151799687
1 0.07767537141073576 0.19356069174619242 0.07140704060368404 0.13964102335877296
1 0.13509936743421297 0.1814138866587419 0.07269145009995388 0.14100121801734705
1 0.19701904670246279 0.13540765085295742 0.06298406862745097 0.0990168058231642
1 0.3562022844255179 0.1244714101676566 0.07722369875019047 0.19986406199990922
1 0.7329642514361308 0.09880698961900157 0.07750185494342424 0.22208803005904457
