10 0.7020692176614606 0.9008250025545625 0.2693911860578528 0.17048611111111112
1 0.08409672970843182 0.45807245493498827 0.10983057525610715 0.19023345153664306
1 0.3015222194078577 0.49783942555302263 0.11309523809523812 0.1689674096588991
1 0.5873219446315707 0.5662396255934588 0.10853344186677523 0.14499389499389506
1 0.7098046157662249 0.5862853028766994 0.1046118233618233 0.1345486111111111
1 0.8156316713632304 0.6101493794631618 0.10114992757953892 0.12689682443392958
1 0.962802963827417 0.6371370792515926 0.07674575617283948 0.10905610699049828
7 0.053481661820067174 0.4272122472442009 0.06616876310272536 0.05388495807127877
7 0.07023047729854012 0.5187297432061831 0.07368625169672288 0.05690081442699248
6 0.3732176665483374 0.18745007987220452 0.09274050408235712 0.060458821441249574
6 0.029126984126984126 0.04493386243386243 0.05709876543209876 0.07384259259259258
7 0.27143703298706034 0.47613013334548326 0.062382297551789055 0.04678672316384183
7 0.29365503323836656 0.5556939150689151 0.06537787787787784 0.048916103603603586
7 0.17959377483187006 0.6876707948136519 0.06727135298563869 0.02593537414965981
7 0.8713925735748588 0.36320603337612317 0.041779584462511295 0.02913279132791327
6 0.772819312091343 0.3472887398893146 0.06786166508388729 0.038283475783475754
7 0.5812022339800117 0.6049213132546467 0.05144032921810709 0.04110280151946818
7 0.5582169224642344 0.5390273182611893 0.0518360240582463 0.03947056030389362
7 0.7059892818821389 0.6282373793534508 0.049102132435465747 0.037615740740740713
7 0.9200728913990562 0.5946109843959305 0.03772290809327848 0.026304713804713803
7 0.6814440841194969 0.5674554916797695 0.048261705101327726 0.0361962788259958
7 0.8136558579999006 0.6502816822846942 0.046296296296296294 0.035977242302543525
7 0.5859337581914793 0.7258782772960088 0.048810791622293195 0.03405662051828181
7 0.7897477457336614 0.5922688911245251 0.04645931142410015 0.03459996087636933
7 0.9704053069023374 0.6792365397306005 0.046797700227303146 0.031212394705174517
7 0.8611779108319154 0.5741436003140952 0.02830126946734721 0.02171672555948179
7 0.945693396054407 0.6261737410203115 0.04429068057226899 0.03008423586040918
7 0.6931909559623478 0.737534589186888 0.04509602194787379 0.032793209876543335
7 0.8310888395678243 0.94418290793915 0.034071993341656275 0.02360330836454428
7 0.930792972459639 0.7637764282501124 0.03654970760233922 0.02699055330634271
7 0.7809532288698956 0.29196714743589747 0.030072807850585706 0.02092236467236468
