7 0.231140724477717 0.22451637499866686 0.03725165562913908 0.0766494971792985
7 0.7413478371670431 0.2107524856328207 0.03981906218144755 0.08112470268433569
7 0.738674233513683 0.3110869337933558 0.028032619775738964 0.06965681277607885
7 0.7280441483423133 0.39444889406663103 0.025643476044852224 0.06222392116887526
7 0.05171667225388311 0.5305217218559491 0.023664189667374377 0.03214201462609112
7 0.08544173154045764 0.5757899998876643 0.02322186836518046 0.028898325076668938
7 0.11531316348195329 0.6177016985138003 0.020125619249823066 0.029193205944798285
7 0.0910161141052861 0.7186019924873427 0.019462137296532196 0.035680585043642445
7 0.08076786978060864 0.7881379256113864 0.021673743807501762 0.03656522764803016
7 0.05173930565384916 0.8609866058556787 0.016365888181174803 0.027129039867893383
7 0.1146939136588818 0.8610521349374853 0.012163835810332636 0.023295588582212822
7 0.48401008492569 0.8680186954470394 0.014375442321302263 0.021526303373437163
7 0.5492269584626273 0.8701934418494928 0.013711960368011313 0.018577494692144324
7 0.8543067350790281 0.6758669497523001 0.028308563340410507 0.035680585043642445
7 0.9725539631988677 0.6790922092474638 0.032068294409058735 0.03980891719745224
7 0.9347986806187444 0.8257717453577327 0.03184713375796172 0.043347487615003566
7 0.812067886112472 0.8242373927087302 0.03251061571125259 0.043052606746874326
7 0.806711119957537 0.8709859341825902 0.017250530785562684 0.029488086812927528
7 0.878292134263472 0.8698423931969579 0.017250530785562684 0.033911299834866675
7 0.8164145435244162 0.9308967748458193 0.0179140127388534 0.022116065109695646
7 0.8202406227883933 0.980390422269403 0.01857749469214443 0.024475112054729894
7 0.8909272528898325 0.934035149799481 0.019683297947629005 0.02476999292285924
7 0.894299952819061 0.9816256454614558 0.02101026185421091 0.0238853503184712
7 0.3859112892316017 0.7273347312409812 0.06561147186147187 0.09650072150072143
7 0.42081182706182707 0.676938801938802 0.02818362193362189 0.0384800384800385
7 0.40817978087649404 0.5276302198612953 0.023102036299247432 0.039287295263390885
7 0.42481001918252914 0.5746520092469628 0.015908587870739253 0.031540504648074306
7 0.4366379511194986 0.6192190303115025 0.01590858787073933 0.031356057252471536
6 0.9925774286987522 0.14424267181620123 0.012893178104575043 0.0357434640522876
6 0.8978600120603796 0.13951298111837326 0.026807598039215622 0.04170070806100217
6 0.7950725081699345 0.1392565359477124 0.02463745915032673 0.04578567538126361
6 0.6198233603786343 0.14568542934415143 0.023360906862745088 0.04408360566448803
6 0.518748297930283 0.1521295728939724 0.02233966503267979 0.04391339869281044
6 0.420840437624325 0.15320107511603676 0.02233966503267971 0.043402777777777776
9 0.4403715334513434 0.14017962509077703 0.01965890522875821 0.07982706971677558
9 0.535180362654321 0.13564077251270878 0.0162122140522876 0.07982706971677558
9 0.5945958546462062 0.13053394667045562 0.017361111111111112 0.07795479302832245
9 0.8103079773576097 0.12265600684718336 0.016850490196078424 0.07676334422657952
9 0.9064230437545387 0.11941342895182766 0.0211907679738562 0.07591230936819174
9 0.9673636642156864 0.11819172113289758 0.020807802287581643 0.07829520697167755
1 0.08001730103806226 0.7412914103549915 0.042636846405228766 0.15386710239651422
1 0.02452804038281979 0.9401625233426703 0.0314031862745098 0.09837962962962953
1 0.0911312441643324 0.9371693121693121 0.030381944444444444 0.1007625272331154
1 0.4753184417706476 0.9509772974846503 0.01940359477124179 0.10654956427015244
1 0.5450181966726084 0.940641092295504 0.018127042483660066 0.10314542483660129
5 0.8197887862409922 0.9500254874029382 0.024254493464052177 0.09565631808278863
5 0.8945956854964207 0.9501601566552546 0.0245098039215686 0.09327342047930275
3 0.8134655377302437 0.7851802337096455 0.03727532679738567 0.16476034858387795
2 0.8629493464052288 0.745638919147906 0.04927491830065362 0.052083333333333336
2 0.8534071180555556 0.6637788217138707 0.03063725490196071 0.06910403050108932
2 0.9842537275326799 0.7502510552832243 0.03676470588235298 0.04391339869281041
2 0.9766628005368809 0.6619105975723623 0.032679738562091463 0.07046568627450982
3 0.9383073330683624 0.7928516752046164 0.03676470588235282 0.14773965141612205
7 0.5321946486928104 0.6787641271786491 0.02808415032679742 0.039147603485838754
7 0.6474502995642702 0.6771287218591139 0.02782883986928108 0.03812636165577338
2 0.6453290951797386 0.74146412037037 0.0390625 0.05582788671023962
2 0.6469799093879975 0.6595984353337293 0.030892565359477132 0.07352941176470595
2 0.523845996732026 0.7445703976034859 0.033190359477124155 0.05991285403050102
2 0.5314950980392156 0.6602668845315902 0.029360702614379144 0.07318899782135083
12 0.5614853468269027 0.6802129453932109 0.06331699346405234 0.1800789760348584
12 0.21118069402902406 0.6658554429304677 0.09599673202614378 0.1988017429193899
14 0.36626123164584706 0.48963975246026525 0.05033694937541095 0.027394258163488942
14 0.4224287998326459 0.5003312214850677 0.0458168967784352 0.027394258163488942
14 0.3788351961428884 0.5392833662064431 0.02938034188034193 0.01972386587771203
14 0.4362488381056021 0.5470538892289556 0.04170775805391192 0.026024545255314516
14 0.4478882187831893 0.5931489067583742 0.0390368178829717 0.02465483234714009
14 0.044834712400378444 0.49870244757674415 0.08793556870479949 0.03999561691869381
14 0.025784845496383955 0.5414475126013588 0.028558514135437217 0.00931404777558616
14 0.09072156476002632 0.5514025860179707 0.06636259040105194 0.026846373000219192
14 0.06461620644312951 0.5858718679231499 0.024243918474687712 0.011505588428665368
14 0.13406998983922064 0.5912926105233797 0.07519723865877712 0.030681569143107545
