7 0.6986806057585903 0.3693227678853428 0.0077556377520582205 0.00922722029988466
7 0.6984318448474728 0.3791355115406541 0.007308197112516494 0.009704490315395912
7 0.7079493279212139 0.4429775530121551 0.005384948096885833 0.006574394463667807
7 0.7083502462070801 0.45094046668441146 0.005298442906574394 0.006286043829296412
7 0.7425834520659473 0.4483309586810503 0.005276816608996559 0.006199538638985006
7 0.742162719867359 0.4401227893118031 0.005622837370242215 0.0064302191464821095
7 0.743813387423935 0.36425794455713323 0.007936851211072724 0.010121107266435959
7 0.7438152947830718 0.37479815455593996 0.00815311418685127 0.009342560553633179
7 0.7905006487889277 0.35848051230296035 0.008369377162629718 0.009573241061130283
7 0.7899327618748033 0.3693273566110935 0.010142733564013861 0.010467128027681648
7 0.777278106025984 0.4372646950011969 0.005536332179930777 0.006833910034602024
7 0.7778560229238753 0.4453863898500576 0.005752595155709323 0.0065455594002306935
7 0.8700980392156867 0.43001983042959185 0.0062932525951556895 0.0066608996539792124
7 0.8705686884482299 0.43866504746695056 0.005860726643598596 0.0066320645905421
7 0.9096872296712804 0.4351565503652441 0.006055363321799308 0.006487889273356401
7 0.9089419049353489 0.4268231854145166 0.006358131487889392 0.00720876585928489
6 0.7014970305846029 0.41827446712160365 0.004412842652179081 0.012980269989615769
6 0.7439184574758697 0.41418836884599036 0.005017301038062244 0.014273356401384083
6 0.7895621876201463 0.4121049596309112 0.006358131487889195 0.01730103806228374
6 0.709477065575154 0.4724913494809689 0.0050821799307958476 0.010121107266435959
6 0.7427834246443675 0.46952534281686537 0.004455017301038043 0.008448673587081944
6 0.7768797344056859 0.46671966083730787 0.006033737024221375 0.007929642445213379
6 0.85878379737668 0.40363187682733837 0.008910034602076183 0.014186851211072677
6 0.9076284602076125 0.40020645905421004 0.01124567474048443 0.016032295271049636
6 0.9571088135480437 0.3983691553544495 0.012846020761245793 0.02053056516724338
11 0.7018041395313261 0.585298480252277 0.13282186363667148 0.16012206655426067
11 0.43311369140256806 0.5113965242429296 0.16296803735285106 0.3069613127650872
9 0.1457501906983428 0.5783945226276943 0.010571321180229288 0.034086177226011614
4 0.07362941215305688 0.29743934280650935 0.1021023382615078 0.19293278808849737
4 0.1391684367398677 0.3326833548406742 0.09203191080353709 0.17354436327908068
7 0.2669372258578098 0.49139864820512974 0.009002166146228912 0.013081272681238893
7 0.26742323543477653 0.4673565983064675 0.008474695473598299 0.010455640888588814
7 0.18545155299718324 0.38389393512843073 0.026283445818630305 0.034188107392054065
7 0.19100303196409602 0.3228228099626572 0.02505224570899998 0.03276062900407685
7 0.3771879847273595 0.3763796086385873 0.008326124567474048 0.01159169550173005
7 0.3450792449332674 0.38008320975449006 0.009299307958477509 0.010870818915801628
7 0.3136485444561456 0.3822513916052354 0.009342560553633228 0.007987312572087672
7 0.34638965331523297 0.2873527340293853 0.015270003456234929 0.019764102034411375
7 0.3062868448032808 0.24777542825409032 0.01805795847750865 0.02214532871972317
7 0.19804958742239315 0.15935874373603268 0.020416066813157212 0.0427965661719103
7 0.09141795580334351 0.06598299879257392 0.02396619206988484 0.051052243462476596
7 0.3745103509216903 0.22135991331679467 0.018445060027505445 0.02602089175798451
7 0.33751781912722384 0.1744352130375655 0.020612098794893178 0.02907369844489522
7 0.29289511717724886 0.12285749682490711 0.02126359237738752 0.02702153743480374
1 0.2709848724662804 0.479748190227718 0.0165105128738802 0.05163052360739488
13 0.32376760570191465 0.46676476842710135 0.01466255238283885 0.028009730673285858
13 0.35527602540298775 0.4671980054575633 0.013134019748501986 0.027182321996230337
3 0.24077059157229538 0.09538150076523716 0.1086415420774303 0.20755805096733476
