7 0.1343119776090791 0.5069764275620532 0.058589256958822174 0.06645707128798913
7 0.1762694938079902 0.5675110389029472 0.043852081895560176 0.015176494645093694
7 0.18232851868117575 0.5324843791027366 0.0395387623648493 0.046168494236127115
7 0.1550248974388467 0.5341726733634946 0.008866267924238952 0.014377731769036126
7 0.23305066403476882 0.6000203658766852 0.04013783452189248 0.026838432635534062
7 0.21301008997265036 0.5783309476948769 0.010903113258185713 0.01118268026480586
7 0.23350571477001691 0.5663901433670059 0.02971397898934132 0.03242977276793703
7 0.25184993482094936 0.5799218170896915 0.011621999846637506 0.012460700866497936
7 0.2500607059785804 0.6098075300973852 0.01677402039720882 0.03274927791836001
7 0.2716912046622192 0.5950863302916444 0.034266927382869426 0.03370779336962918
7 0.2729188417594215 0.6198277031610365 0.02048826777087643 0.012460700866497936
7 0.09546097436722435 0.34276836360169693 0.04357035607035606 0.0521354688021355
7 0.05678435910994051 0.3060923603559262 0.048821142571142576 0.055710472377139005
7 0.020471635054968386 0.2644825561492227 0.03988363363363363 0.06107297773964442
7 0.2469006771543004 0.023053525468984412 0.06038647342995172 0.04520997878485802
7 0.12263200303756637 0.023870126721926628 0.06086573115558624 0.04664775196176163
7 0.0197893502543261 0.024096013427736453 0.03055268000920175 0.04441121590880045
7 0.2593544961470567 0.5037266652016383 0.030506744763933256 0.03761177882583636
7 0.2795811902647362 0.38098790581809466 0.033555972935431215 0.04395346806414925
7 0.35438891465677175 0.3832232949296442 0.034958427815570674 0.04367178970353573
7 0.42954740998054064 0.38458291117865595 0.03401360544217686 0.043986730494667
7 0.5612948758921913 0.3572878567285726 0.01334957920528392 0.015846383296047695
7 0.44363098529690054 0.4997592206401618 0.05138654044318839 0.07514770560563962
7 0.3977365662513512 0.7063948388993192 0.028659611992945293 0.0335280717225161
7 0.5812628830921512 0.4879661891857015 0.01875241966705379 0.024357981675054798
7 0.7120321028140253 0.4899999746962923 0.019276680862046664 0.02188454424226784
7 0.7068654842889535 0.5523161645610625 0.008351554907677375 0.025442716769247385
7 0.7197843964425598 0.5524818152369172 0.006681243926141832 0.02416045783392722
7 0.7132354429867184 0.5587443310657596 0.004859086491739463 0.013295000539898483
7 0.7069907576125688 0.599738655382788 0.00845278587625526 0.025645178706403156
7 0.7128052113702623 0.5900078285282366 0.004251700680272157 0.004589137242198476
7 0.7184766763848397 0.6022972681135946 0.007288629737609364 0.024970305582550516
7 0.7018077994385185 0.6914578401506507 0.00561953176332264 0.019236089497527455
7 0.7076107191847932 0.682460913034624 0.0019992564927205437 0.003242037555763105
7 0.7115299823633158 0.6921317909880002 0.004917090292907225 0.01793927447522206
7 0.7065938706563707 0.6626380845130846 0.003561038717288778 0.006367975117975161
7 0.7109555612159779 0.6565220974943198 0.004398930180180229 0.018992206492206516
7 0.7002468428249677 0.6554475792757042 0.0027231472543972146 0.018321893321893327
7 0.5459595812022973 0.6749798409836592 0.03187197299112665 0.03594112725515851
7 0.5344907775656662 0.6540290887451244 0.005910400537349317 0.005450088969019914
7 0.6124246153200662 0.652579401883798 0.006169343085035834 0.01777654114882827
7 0.6032752632989138 0.6516654251304596 0.00505140843204284 0.017390094602114582
7 0.6023334043993476 0.6869062273903677 0.00505140843204284 0.017721334499297744
7 0.611867843712585 0.6873980684498214 0.005796698200704949 0.018439020943194512
7 0.6071316777963273 0.679400632447377 0.0011593396401410575 0.003809258817606106
7 0.6356935991885544 0.6824020195189852 0.007395989038365705 0.025357676702968273
7 0.648361743513089 0.6829576336302795 0.007840860559470444 0.025654257717037946
7 0.6415269770090398 0.6917158991150023 0.004393106270908916 0.012752983605001536
7 0.6486838476048118 0.7325921773791729 0.007618424798918131 0.026914727026834614
7 0.6357353058936579 0.7319866578087804 0.00745159797850384 0.02550596721000307
7 0.6413379066125703 0.7236391380169408 0.00444871521104705 0.007711106365814872
7 0.7639984867378485 0.6632428839875648 0.0031661600810536815 0.009254929467695405
7 0.7590259917387576 0.6567887884377246 0.0059264022029979395 0.018618103724486718
7 0.7688086145532953 0.6580471341109638 0.005358117060244656 0.017914512595363627
7 0.7592178802285184 0.6932193102405868 0.005966993998908847 0.018672226119034595
7 0.769133348920583 0.6940655876826088 0.0047086483256695575 0.018022757384459458
7 0.7641676192208107 0.6862268608722508 0.0033285272646975408 0.0045462811420258105
7 0.792225105877492 0.5944609907914319 0.004788158936749018 0.006958073660893649
7 0.7849559605253748 0.6029079781791279 0.008446527562579633 0.0251781840718934
7 0.797834742384634 0.6045192053868842 0.0066711427882794275 0.023384866118054827
7 0.7921264733900307 0.5620497576390563 0.00457296078228838 0.014776939939629698
7 0.7856222471189932 0.5544608039185046 0.00893072341011601 0.02603897668973595
7 0.7986003512033879 0.5549503922605874 0.006348345556588584 0.023528331554361917
7 0.7877263232469306 0.4914734578508981 0.019475432978686803 0.024962985917432762
7 0.8171246452496451 0.6954355912689246 0.0060886779636780105 0.018545331045331105
7 0.8268623285984396 0.695867825497455 0.0044687544687544035 0.01638543305209978
7 0.8224295724295723 0.686862457695791 0.0029605498355498375 0.0029791696458362693
7 0.8171908888054721 0.6593274822441488 0.006703131703131718 0.018694289527622858
7 0.8224742599742599 0.6643300046077824 0.0032957064207063953 0.010948448448448455
7 0.8270617157335907 0.6594578209161542 0.004859770484770482 0.017502621669288308
7 0.8654124376780629 0.49325107535891843 0.019740969304388428 0.023889764239028985
7 0.871415623541083 0.5631540810768753 0.004604706465919714 0.014528380796763208
7 0.8769633654743947 0.5552301048624577 0.006929855275443524 0.024740799097416763
7 0.8650948124347777 0.5563050383552114 0.008890274859943984 0.026017351384998465
7 0.8645765998707176 0.6061986760516173 0.008753501400560271 0.02656444522253347
7 0.8772763662756768 0.6089762293806411 0.007248993347338969 0.026138927793339546
7 0.872080603074563 0.5958893974256368 0.004103203781512651 0.005227785558667894
7 0.8899637811320703 0.47669388768137017 0.016281431441375803 0.019592909022672602
7 0.9799085876758706 0.7025787270964119 0.007695669371714297 0.019352149577230044
7 0.9894185210704504 0.7033629144762586 0.004944367886490149 0.016800217764848073
7 0.9851453644158629 0.6955697754867102 0.00315004083090907 0.005901342316133256
7 0.9788688446244715 0.6663006964453909 0.009091257081610791 0.018714166624134512
7 0.9876121110043942 0.666793683272783 0.0041468891951207554 0.015577417104748277
7 0.9194860828816621 0.6640440164322279 0.008741047231900835 0.018631436314363117
7 0.9201306400239327 0.7005009444033836 0.008801538908246228 0.019760614272809316
6 0.37721185441344035 0.3600770905654044 0.01407769563028331 0.01943274063474399
6 0.41969224200025534 0.3571518909582349 0.0038920687919018395 0.01186942964906238
6 0.5117461207356843 0.36485329713508075 0.011782572266443232 0.022062018029759975
6 0.6138715458434502 0.366895817598211 0.011855304194013917 0.024001536098310267
6 0.70840481842786 0.36641652425062565 0.011964402085369885 0.027298716814845907
6 0.7624114478953187 0.3693419015999661 0.012328061723222967 0.02763813247684213
6 0.8151538897506639 0.36958303087335337 0.012873551180002813 0.02579559031171934
6 0.960013289907158 0.3691199960067885 0.02199386043725672 0.026267844664071092
6 0.9078817088535699 0.36816721917567724 0.015816861335729356 0.025331935709294193
9 0.7206589459915567 0.3240089521006178 0.008948456888323304 0.02121115706861809
9 0.7542665358645312 0.32539279403656385 0.010218916816912367 0.020032759453694884
9 0.805134909692657 0.32477129266290367 0.009721780323116623 0.020621958261156488
9 0.9245958962649649 0.3256623114477169 0.009279881217520393 0.020769257963021898
9 0.9584824092963093 0.32544569423909125 0.009777017711316137 0.016276617056127058
1 0.7130097558238626 0.5726783148872769 0.021036164128269374 0.10517425781228669
1 0.7915715441129598 0.5760056793057845 0.020667989417989342 0.10596445368270759
1 0.8219679408957558 0.6719648782300114 0.015254944570420733 0.0770948811623415
1 0.8711696064936968 0.5829252348277476 0.021225030835040796 0.10537523710875733
1 0.6415076597772236 0.7060685576302276 0.020823974243785504 0.10239629243558267
1 0.607415971825925 0.6667910323713004 0.01515836028152935 0.07498819915597552
1 0.7061530258249724 0.6788958947962754 0.01478438307264429 0.06666656111251378
1 0.7637645640175993 0.6715857633971598 0.015397267953030027 0.07652534371865223
1 0.9205756817718272 0.677590113058745 0.009768788467768094 0.06870208400820647
1 0.9842755021381685 0.6783028278156642 0.017220724767894588 0.07643256464011179
1 0.4726471539040155 0.4854393515163509 0.08752658265510674 0.13628028839669049
1 0.4667624986502536 0.5490707746943573 0.039277615808228035 0.05601446927977545
1 0.5038043034789111 0.5283392779849693 0.030207061457061465 0.11606217069652439
1 0.5330546648576128 0.6144324297747564 0.05998656348004556 0.09849605290796284
1 0.5579427154651444 0.662905482464949 0.050106395215090895 0.08061114945172916
12 0.5093952225922924 0.5235057160860563 0.02638313779618124 0.04064105513380878
12 0.49193409247757075 0.5215389072071841 0.007548309178743927 0.007380568974771905
12 0.6070099336030707 0.8145741835828986 0.019668361171629126 0.03984103929637691
12 0.8893876814795183 0.8218318592468253 0.014172335600906964 0.03441852931648849
12 0.9625759726783434 0.8223207000445987 0.01683728448275863 0.04539830779054925
11 0.7952253447232255 0.8503915774574458 0.23176060503318843 0.2171413020260538
10 0.9775886658744238 0.8444023520974364 0.04663085074415818 0.08083988439451437
