7 0.5762447429114095 0.21195818070818065 0.08680555555555555 0.06777510683760683
7 0.8203470380194516 0.14330975537872084 0.07478632478632474 0.09014423076923078
7 0.7401741776741777 0.28120750777000775 0.07300569800569798 0.031383547008547036
7 0.8658792339347896 0.30304042022792016 0.03650284900284899 0.045405982905982925
7 0.7065193198005698 0.36871494391025644 0.032051282051282076 0.05275106837606841
7 0.4677382802382802 0.4078040015540015 0.036057692307692346 0.04941239316239319
7 0.31689592236467234 0.42086087740384615 0.03160612535612533 0.026375534188034146
7 0.5201973951973952 0.4671283577533578 0.025373931623931655 0.012686965811965854
7 0.5601184116809117 0.4636167868589743 0.028490028490028546 0.022369123931623925
7 0.512909544159544 0.4783653846153845 0.020922364672364746 0.007011217948717925
7 0.04821240554936206 0.4673419500185804 0.029825498575498575 0.03271901709401711
6 0.1586386021722998 0.43409734871483496 0.014420157862780796 0.007627504553734039
6 0.17573273720814703 0.4496294916376883 0.023982999392835457 0.011384335154826964
6 0.468583444773921 0.6668447293447293 0.02781169447836118 0.020858770858770883
6 0.5339996080736822 0.7014821598154932 0.01695835029168359 0.017424704924704947
6 0.4595191133652673 0.7459945681099525 0.02272418939085607 0.020858770858770803
6 0.46557193993091417 0.7079361165899628 0.025437525437525386 0.02124033374033374
6 0.4668035305290206 0.6044105676458618 0.022893772893772858 0.027599715099715087
6 0.5357896561600266 0.6173687423687423 0.012210012210012219 0.006995319495319466
7 0.7096366349507949 0.5623974392192426 0.02826119291982747 0.03039937527889328
7 0.7457918092121573 0.5779832292131488 0.017105458872527134 0.02579763498438194
7 0.7447692002578213 0.3428761341662947 0.007437156031533555 0.010876840696117817
7 0.29269570330616845 0.7158973737825483 0.023013565891472847 0.019581718346253277
7 0.2996377814691768 0.6779773440383906 0.026108957795004318 0.020893895348837156
7 0.15981125356125356 0.7214799493142515 0.023955641688199827 0.020792958656330837
7 0.1686522725766912 0.6869828935599285 0.027723944875107653 0.022407945736434145
7 0.0325016149870801 0.6955799822351421 0.02193690783807063 0.01978359173126615
7 0.02334390415785765 0.7273865104533711 0.020994832041343673 0.018774224806201625
7 0.0914641721327768 0.7246012224209898 0.024224806201550392 0.022710755813953494
7 0.09829311246462412 0.6919282368955334 0.02355189491817399 0.018572351421188592
7 0.10846689574522618 0.7556063172818147 0.023658769063180825 0.01774407679738567
7 0.17458372237784 0.7535169015522876 0.0241693899782135 0.017935559640522868
7 0.23592177269617903 0.6229157505130462 0.017712303332356124 0.020705071826443898
7 0.22830548226326589 0.6352380167106421 0.01136030489592496 0.009894459102902351
7 0.1793408885468582 0.6120994118293756 0.019544610573634325 0.026201993550278503
7 0.12252434932733967 0.5957014072119614 0.02064399491840125 0.027667839343301085
7 0.4613146297978269 0.8762173276819052 0.02018367140982949 0.014286254919769842
12 0.6591204913888621 0.8701834640333044 0.01686190983315591 0.03239261625843094
4 0.6258362688075148 0.6372933648043471 0.14258667613300208 0.21931576144834933
4 0.7834498726718233 0.6371299851143865 0.15634244468110284 0.23140752573659923
7 0.8598834457460656 0.6914096176276688 0.03313217370725367 0.02429446219382325
7 0.8728996568453438 0.6451899183528577 0.013312034078807263 0.019302449414270485
7 0.8496529010373525 0.6431931132410366 0.011241273222103974 0.015530706425275062
4 0.9246831448628835 0.6127065988432412 0.10309679427326486 0.2507878151260505
12 0.5061496416483293 0.8712059075001987 0.03709171770195391 0.03232994313210848
10 0.43623802524731314 0.858708016699503 0.06736612773764476 0.10223168214654284
10 0.10617991361601664 0.8562805759634843 0.1393487858719647 0.09266924208977183
12 0.03527314048319843 0.8686807280169239 0.037558253617856266 0.01989054451802793
12 0.019558396696917668 0.8524286393181258 0.01854917831739024 0.010692604856512213
12 0.19657019049955038 0.8650087380426784 0.022381653176355185 0.034262325239146525
12 0.2696200812922667 0.8698540812572271 0.015943095413294056 0.02713392200147177
7 0.13138520783780724 0.49574656570069414 0.03143051308188923 0.03291709140332999
7 0.20620611054479557 0.5204085966700647 0.030297881979839153 0.02994393476044858
7 0.7412446460065506 0.6917162698412699 0.03042328042328035 0.016156462585033973
7 0.7412640269783127 0.6513823478109193 0.025510204081632643 0.02395124716553288
7 0.9194171495758796 0.6692176870748299 0.018140589569160977 0.02054988662131518
7 0.9073507180650037 0.31177721088435373 0.031934996220710506 0.01814058956916102
7 0.5390494279383169 0.742500169583503 0.015036403925292853 0.020773979107312514
1 0.45892856295916873 0.6830059866820336 0.039199783725331214 0.08807278994322801
1 0.8562978243238479 0.6858658186113756 0.033623952419572826 0.031300689375506924
1 0.736531318687777 0.652482457068303 0.03328602324952688 0.07818836171938359
1 0.2882423367307279 0.6935589720817552 0.042560572099477015 0.07865033621517775
1 0.15682087818254964 0.69805059853691 0.046162877574981324 0.07344700608389367
1 0.08677417954270394 0.6998241586479754 0.04349450314868182 0.0671429715017611
1 0.020867777146080978 0.7030601625856876 0.04229373465684704 0.06964457252641686
3 0.4245555194922285 0.3693081926863572 0.10109001406469768 0.1911919831223629
7 0.508819737458978 0.3287623066104078 0.06124003750586027 0.029228199718706053
6 0.48111262789222575 0.38508573260527834 0.023734177215189913 0.016701828410689186
6 0.5670156795332605 0.37151801062666034 0.0161157993436475 0.017800632911392396
2 0.4833235133868045 0.26920116318850495 0.1230661040787623 0.10922116736990155
2 0.5436793102437881 0.21883378384317861 0.09493670886075954 0.09955168776371306
2 0.7542227584455168 0.1935430954195242 0.1461796442111403 0.18454724409448822
3 0.6586866035684933 0.3274004811898514 0.10352872557596961 0.2179024496937883
7 0.9921891921160927 0.320317576348278 0.015838206627680367 0.05238791423001948
3 0.9328877749930379 0.2727358761487051 0.10924301494476925 0.22965399610136444
