8 0.2426460113960114 0.48675881410256405 0.0035185185185184764 0.013333333333333286
8 0.2330201525054466 0.49144812091503254 0.0029629629629629524 0.007569444444444508
8 0.23244444444444445 0.4814618055555556 0.0016666666666666772 0.0028819444444444287
7 0.05555293327878997 0.34532926618206994 0.015792661820699203 0.015468155070958802
7 0.05993432070794482 0.33065926660163425 0.01860505365178262 0.01276393215645552
7 0.09596128170894525 0.32599020916777927 0.020047305872851043 0.011519989615783998
7 0.22139142567224762 0.20518217275494674 0.022407407407407397 0.022083333333333302
7 0.2566739562707304 0.24435773679725292 0.022458873265324857 0.01929969671905154
7 0.27942148897263713 0.22333761112466755 0.021698368514652424 0.020913071213175587
7 0.22955139597177143 0.31602896577036016 0.021634986864472273 0.019316952557564528
7 0.22183641975308643 0.3455803571428572 0.008472222222222228 0.005312499999999984
7 0.2213829534662869 0.35104433760683756 0.007638888888888889 0.0052777777777777545
7 0.23576719576719582 0.34917757936507926 0.007500000000000021 0.005104166666666643
7 0.23571895424836603 0.3428247549019608 0.007592592592592582 0.00475694444444442
7 0.25854532163742694 0.35068804824561406 0.007314814814814846 0.004826388888888881
7 0.25832818930041157 0.3566087962962962 0.008055555555555597 0.004409722222222238
7 0.272890625 0.3492241753472222 0.007222222222222233 0.0046875
7 0.27290895061728393 0.3550019290123456 0.007268518518518487 0.004548611111111119
7 0.29240059912854044 0.3561192810457516 0.00625 0.004861111111111071
7 0.2923529411764706 0.3617095588235295 0.0067592592592592695 0.004479166666666698
7 0.3074642857142858 0.35470734126984144 0.006944444444444444 0.004444444444444429
7 0.3068025686977301 0.36018369175627235 0.005879629629629598 0.004166666666666667
6 0.24599363397177612 0.3619970624965502 0.014609896782027931 0.006723872950819674
6 0.24437159352451965 0.3709721295590292 0.01935336976320585 0.00519410291438981
6 0.282506271370594 0.36709987057808463 0.016364981785063792 0.005870047814207722
6 0.2822244011594885 0.37461692630295557 0.012665072859745038 0.004873918488160298
7 0.42909022672583164 0.13556775283131334 0.021119868129603852 0.011831633441508277
7 0.42320867459949507 0.14637662262401482 0.016033070622778527 0.0060365476742389075
7 0.45738933922754044 0.12979748224011092 0.02350229227837017 0.019848168752897542
7 0.48611751979000056 0.15902696067121938 0.018867150650096306 0.0108050326073582
7 0.4828531718066604 0.16959461726903585 0.015585907058775206 0.004998769533653243
7 0.5202837973108243 0.15207673890106327 0.01201201201201206 0.01809309309309308
7 0.508176926926927 0.15433746246246244 0.010460460460460454 0.01707957957957957
7 0.5624644913594189 0.1756362473074429 0.016438539989264693 0.016857890499194835
7 0.7448586713011036 0.04781291464751357 0.020768431983385252 0.023932372793354098
7 0.7259456367062804 0.04691826756663204 0.01119548286604352 0.013750973520249217
7 0.7973801192755439 0.03365868653858849 0.03139373033163877 0.026552287581699346
7 0.8434672627188629 0.07035623757681854 0.029473713003993658 0.023387493845396356
7 0.7856490740740739 0.39604722222222216 0.0114351851851851 0.00767361111111108
7 0.7694521604938273 0.4471720679012345 0.008750000000000042 0.0028124999999999682
7 0.7691859567901234 0.4519921875 0.008749999999999937 0.0026041666666666665
6 0.7341386467413864 0.31708493323647435 0.027306397306397313 0.007534722222222199
6 0.7600345757149556 0.3260684774964839 0.024444444444444425 0.007083333333333325
7 0.4028811728395063 0.3472436342592594 0.012916666666666656 0.011909722222222207
7 0.44055852326685674 0.3429736467236466 0.012268518518518519 0.013368055555555555
7 0.47971308479532176 0.3383854166666667 0.012546296296296253 0.013159722222222215
7 0.5536832935085625 0.3270557048984468 0.016296296296296316 0.016145833333333335
7 0.6007922388680816 0.32136157927590503 0.016435185185185185 0.01715277777777781
9 0.7656090856481482 0.4208940972222224 0.011435185185185206 0.02024305555555554
8 0.8103313578256478 0.4662938331318018 0.0063818352814724606 0.023679967754937477
8 0.8212541578623804 0.46646177616552464 0.005989968202785618 0.016164516995835026
8 0.8607755543437314 0.4596786064284641 0.006325854270231603 0.026828899637243036
8 0.8730207602470132 0.465517096600833 0.005989968202785618 0.02225245196829238
8 0.8863473509785484 0.45936363839930955 0.006493797303954491 0.026786913878812317
12 0.8598320149475265 0.39095024698548303 0.02756823301377751 0.024605139085337097
11 0.47415134492329863 0.48135989742245106 0.06324688532926523 0.08334922451055178
4 0.5986409637984442 0.4462636849447873 0.03193350831146107 0.04620516185476815
4 0.5767894031873226 0.44660029014710434 0.009391706400809123 0.045287891923132484
4 0.5594315843621401 0.4484770447530863 0.011990740740740783 0.027500000000000017
10 0.4740905380619675 0.40092751555028944 0.1489125418253144 0.09919089650398065
10 0.8901981393890783 0.37483315092538405 0.21242396242396236 0.1347020097020097
2 0.2425751576642445 0.27847728397561355 0.04547141796585005 0.025983667409057176
2 0.24831466035230393 0.23573779301376577 0.03825373257444524 0.03418089581786686
7 0.36445016141256315 0.23828841055173994 0.024431515704616314 0.021745950262377377
7 0.36260362004715185 0.2780534641417598 0.024336451441174252 0.021959844855122056
7 0.44326516006871924 0.2620062508409531 0.026427865236900168 0.022672826830937687
7 0.443232528415015 0.22117160878172995 0.024526579968058432 0.02260152863335618
7 0.5337886352350658 0.20000612325696882 0.025952543919689642 0.024455281770476806
7 0.5329134848098492 0.2432694501483002 0.025762415392805514 0.02402749258498744
7 0.6070170101655384 0.22219291074099423 0.02024868811316449 0.02110426648414329
7 0.3875709876543209 0.3747534722222221 0.011990740740740783 0.009305555555555619
7 0.38716329966329965 0.39274936868686866 0.011296296296296285 0.00951388888888884
7 0.5394328703703704 0.3787829861111111 0.010925925925925884 0.010416666666666666
7 0.5386631944444444 0.35990668402777776 0.012175925925925904 0.010555555555555509
7 0.5874255952380953 0.35483010912698415 0.013888888888888888 0.009618055555555532
7 0.5881814814814814 0.37560277777777784 0.010324074074074053 0.009722222222222222
7 0.6973827225970776 0.23284728974532745 0.025302749049765687 0.029252850702731377
7 0.7256585344294173 0.18896264253513656 0.034363122071952634 0.014667859984089107
7 0.7951549752757108 0.18683607094389063 0.019115177229735675 0.026020949350304967
7 0.8349874476354672 0.2085412791313159 0.02676199406157204 0.030693272386310373
7 0.8138967026097828 0.21139533520862633 0.0073253633380215046 0.018313408345053933
7 0.7527427204487338 0.12153937762929969 0.03670708570485854 0.03023694630042068
7 0.8942804611409262 0.08440481514609421 0.0429835022858279 0.033976843569866834
7 0.8653270034548572 0.1598128216278901 0.039682539682539604 0.018686127419004134
1 0.35491515668448825 0.25103041981318513 0.0391156462585034 0.08276643990929707
1 0.4344979048651836 0.23417991881055317 0.03972670500216411 0.08822574661472828
1 0.5259320324201184 0.2113571977170399 0.040963333951647855 0.09581942125765165
1 0.3846019043281524 0.3851917786096531 0.01672609462464536 0.03536922015182885
1 0.5343808914203763 0.3699641652613828 0.022962962962963025 0.04733534757354319
1 0.5840123103079522 0.3637814050799918 0.020830606814116893 0.048791061379400626
3 0.6864611810158661 0.2016349403625061 0.04912252368647711 0.11082848837209303
3 0.8213825054621076 0.17103306220221648 0.04805996472663131 0.12334656084656083
3 0.9811700580529034 0.12980042824446592 0.03312412831241284 0.13859832635983263
2 0.8908917135412864 0.06932459456497919 0.04451566951566953 0.06217355175688508
2 0.8798798484256001 0.13241665968381658 0.053023108578664144 0.04792853751187085
2 0.7460178816222053 0.1090230010554282 0.041568857589984354 0.05391725352112678
2 0.7249333675665103 0.16137351452464793 0.05395800730307769 0.04083528951486698
