9 0.8016848789408753 0.07640345023749859 0.0562715259059598 0.11340096835379854
9 0.9172396722128237 0.06466425958640372 0.0646495865245865 0.12151219778338423
8 0.760793640453564 0.19946304517523977 0.02134593014695053 0.09282179478559917
8 0.8635291250334907 0.19744183337748447 0.021199300199942823 0.09444580460004624
12 0.7035568076045501 0.10659834625195283 0.052505488010807094 0.0729975796465158
12 0.6852695864099675 0.07521094136040615 0.014698770437501622 0.0170588547049315
12 0.5888108546264034 0.10540035606593491 0.04244215291750502 0.05437718906028766
12 0.14643891415947374 0.11205114251639287 0.05379166326971368 0.08208945508221374
9 0.6337468216705533 0.1144619019663304 0.02570605112966458 0.09503056102798212
8 0.8646293526117463 0.07432050037631958 0.014162065792500502 0.09700176366843033
8 0.760243551485048 0.08430392358963788 0.016804340783932635 0.08989310009718172
