7 0.3140790246768507 0.9068416242329288 0.025431681681681678 0.046296296296296294
7 0.2809254802335428 0.8015406100043083 0.027953269153630146 0.04980612381334405
7 0.10531645955165693 0.38871629304743327 0.09807504873294345 0.07776965562053283
7 0.2312371521189121 0.1668083227914822 0.08694556451612902 0.11350059737156509
7 0.49516908212560395 0.3737460603896063 0.09660073497622135 0.0747586107508287
7 0.5185137992222599 0.07605303230515596 0.06222392116887529 0.14554309661343298
7 0.6184795684928805 0.14227989674682373 0.03605342563010296 0.10694000709975152
7 0.8678794144171843 0.06711297628563816 0.07935318411937117 0.1397770672351008
7 0.9531795975745829 0.11291451335055988 0.04744024547803621 0.10605081826012058
3 0.02671546807265571 0.3556236277301047 0.0529022536687631 0.554682040531097
3 0.3960951299819665 0.36575569732315516 0.1240651479504983 0.5811446620009959
3 0.812665964575687 0.36698851629407203 0.11252572016460899 0.6049382716049382
2 0.19387262108639236 0.13318390116520767 0.19597066797121832 0.379344258953505
2 0.5823852529517553 0.14334421508066822 0.1645457033388068 0.3628443714650611
2 0.9519433631295656 0.17337402281173908 0.1213848039215686 0.3344226579520697
