8 0.4478041099134849 0.3608174476094399 0.029605498355498302 0.08073084244959243
8 0.3494620712648306 0.32608816270729024 0.043988139625723545 0.09591056780654095
8 0.300620895771595 0.347272775218259 0.03938492063492064 0.0834325396825397
8 0.2638302256708054 0.3578921895497985 0.03240779599475252 0.07540166330927195
8 0.21117968059380568 0.4028730070866812 0.019501175135748443 0.037920377153798576
8 0.18943794436211206 0.4102563737039175 0.0154761904761905 0.03779761904761907
8 0.1729490513006692 0.41332828850334136 0.01245494558813337 0.03365672870312604
12 0.41898499731668226 0.16078285459125174 0.12964353242131021 0.11363300836985046
12 0.5443590447466707 0.14683953983464437 0.058943023081840594 0.049854370166870166
12 0.3346751967043227 0.21540326431321327 0.03228660123749829 0.0505554893075761
12 0.8863675521914504 0.45039811264614277 0.019102099564155837 0.015113000524567249
6 0.7465038314176246 0.2856313286808976 0.012268518518518488 0.007341269841269819
6 0.7737445314464401 0.279626768711782 0.019292909838916017 0.006344592100406021
6 0.8477101427573126 0.2634419923629829 0.023974867724867725 0.008928571428571428
6 0.8781226788938148 0.25767908292815417 0.02270198202737873 0.01131818468127994
9 0.8966866554669118 0.23384059465425155 0.011682106089636594 0.009146100300585358
9 0.969455467372134 0.21591641865079372 0.00205026455026449 0.00818452380952381
9 0.9780300803448951 0.2141736478542034 0.008035714285714346 0.008606150793650777
9 0.5809733424252448 0.21562678021431103 0.03521825396825397 0.05948609650863162
11 0.5677022824496536 0.4831435530098884 0.09937169312169312 0.0908716206057624
11 0.627422723475355 0.4604010025062657 0.020734126984126924 0.05751488095238092
11 0.6643887890190135 0.47039003421907 0.012169312169312154 0.04136904761904761
4 0.7097888130492835 0.42704031527273484 0.08416005291005291 0.04656028177867077
10 0.7474634207570785 0.4510778857826992 0.03375185465132553 0.03085317460317457
10 0.8506228065194349 0.4515546851116683 0.06084656084656084 0.034871031746031726
7 0.006853289046447999 0.42197962909733544 0.005555821702702991 0.009755956373159584
7 0.06689263668430336 0.43158399470899467 0.01362433862433862 0.008382936507936497
7 0.07705176767676769 0.4239278950216451 0.006448412698412698 0.010069444444444478
7 0.08469122023809524 0.42487134176587305 0.005489417989417997 0.009523809523809547
7 0.09833726025132275 0.43223043774801584 0.013161375661375666 0.00825892857142856
7 0.15737678816382522 0.434755291005291 0.011970899470899467 0.007986111111111065
7 0.1183612580834803 0.3757892416225748 0.009424603174603174 0.012301587301587336
7 0.12848698507180648 0.3705272994614514 0.013756613756613745 0.013764880952380952
7 0.18361760177466918 0.3483430418822459 0.01383479448117276 0.013839285714285759
7 0.2028367541620855 0.3398791166045479 0.016918912267749466 0.01491391130095454
7 0.22461535783904207 0.32792136591478704 0.018055555555555564 0.01664186507936506
7 0.2881704533665318 0.30659381808278857 0.02159391534391533 0.019990079365079398
7 0.3267723801368768 0.28723892977918253 0.023408681961313547 0.022794466133281864
7 0.37610398860398864 0.2611168345543345 0.02628968253968254 0.025148809523809518
7 0.24162509448223735 0.384125566893424 0.01603835978835979 0.012599206349206337
7 0.5347376848465621 0.29569179920628325 0.035839356885944765 0.026462723844072094
7 0.5822643749601579 0.16675302400076497 0.034292328042328055 0.04372519841269843
7 0.591851851851852 0.1837041170634921 0.007539682539682525 0.012946428571428583
7 0.5194794028722599 0.35466553287981856 0.008234126984127014 0.011408730158730158
7 0.5377770290506139 0.3507328167115902 0.01114417989417991 0.01222718253968253
7 0.5725709999446933 0.3458244324152425 0.004274745128403687 0.006986788617886197
7 0.5799402570159076 0.3463531332409134 0.006580661758501974 0.007228755323267486
7 0.6784079743008313 0.3197778486394557 0.01402116402116405 0.01817956349206348
7 0.7128964269777524 0.3115393120099444 0.01617063492063495 0.0189236111111111
7 0.749837315916229 0.3037612029177602 0.01833317169366057 0.01959881033200786
7 0.8792966130114018 0.30868928850883065 0.014318783068783128 0.012971230158730147
7 0.9584575917909252 0.27219892376142374 0.01570767195767196 0.009871031746031735
7 0.9544331339621196 0.32055835921325065 0.014186507936507966 0.015302579365079377
7 0.8889786470143614 0.34535856009070304 0.01011904761904774 0.010515873015872982
7 0.884997795414462 0.3501984126984127 0.002843915343915314 0.0016865079365079253
7 0.862372547398589 0.342428798776455 0.011474867724867815 0.010615079365079353
7 0.8355131172839506 0.3402317915013228 0.01087962962962966 0.01121031746031747
7 0.5362824675324676 0.4304360569985569 0.00899470899470901 0.008382936507936553
7 0.7658924778831722 0.34536646965124074 0.008483440324486733 0.00945654083229534
7 0.7371578099838969 0.3271286231884059 0.01273148148148148 0.011631944444444467
7 0.7179175293305728 0.37166903899240855 0.01078042328042325 0.011160714285714286
7 0.6834435626102293 0.37644675925925924 0.010317460317460407 0.01081349206349204
7 0.6507294584500466 0.3812003968253968 0.009292328042328012 0.010267857142857165
7 0.5571110558044358 0.38563299642350174 0.010364240547167348 0.009255226480836222
7 0.558435295414462 0.3691654265873016 0.00899470899470901 0.009399801587301554
7 0.5826914983164985 0.3648685515873015 0.01028439153439158 0.00939980158730161
7 0.5819469881969883 0.38221821581196574 0.010416666666666666 0.009523809523809547
7 0.6072782816830435 0.37913714096749807 0.010813492063492079 0.00947420634920636
7 0.6082326876116474 0.359842215508989 0.009788359788359758 0.009151785714285737
7 0.7593108465608466 0.4060922619047619 0.008167989417989508 0.006870039682539694
7 0.7597619047619047 0.3926103670634921 0.00667989417989412 0.006820436507936508
7 0.8083017676767675 0.3886442550505051 0.009424603174603174 0.007713293650793685
7 0.8071416761148906 0.40260416666666665 0.009358465608465668 0.00820932539682543
7 0.8377686838624341 0.3856512483465609 0.009292328042328012 0.008432539682539682
7 0.836523683547493 0.3999539399092971 0.008333333333333423 0.008258928571428617
7 0.8699775132275135 0.38270734126984124 0.01025132275132275 0.008159722222222245
7 0.8692857142857142 0.3974494047619048 0.010648148148148238 0.008407738095238117
7 0.9308862433862433 0.3768256124913734 0.010813492063492003 0.00855654761904762
7 0.9294325947971784 0.3938502397486772 0.008697089947090007 0.008928571428571428
2 0.6435594992380932 0.35734173657014134 0.028503205962222385 0.013672492694009098
2 0.680069120850542 0.3530012173436448 0.030033093068588774 0.012719541100814073
2 0.7142946696360069 0.3468764703464563 0.031580687830687834 0.013492063492063515
2 0.7285667580209209 0.31026159180288393 0.026058201058201117 0.04198908730158729
3 0.6430024122261399 0.3779040867326997 0.021896069283660197 0.03385864253698649
3 0.674483070880296 0.373397661820485 0.024796456584395415 0.035844725772528695
3 0.7092221283040573 0.3692241676198071 0.024383005392897974 0.03744405660943451
3 0.9858629063155139 0.3313765973037691 0.023993021211122133 0.056447529555838184
1 0.5287037037037037 0.40884486607142867 0.004001322751322721 0.004836309523809524
1 0.5334685314455 0.4298200761786195 0.014487276392038312 0.015510833963214942
1 0.5530027751841476 0.3763971560846561 0.018353174603174604 0.03516865079365084
1 0.5767630710920018 0.37440938463052326 0.01924603174603176 0.036360981308411235
1 0.6021722056878307 0.3699570843962586 0.019609788359788344 0.03740079365079364
1 0.7569461849067112 0.3986248172514621 0.012797619047618988 0.028497023809523833
1 0.8047257256272055 0.39440682602919763 0.015452702368590253 0.029205607476635507
1 0.8338864239106177 0.3927954125474286 0.01541005291005288 0.03162202380952381
1 0.8659540747193186 0.38830453929539294 0.016931216931217023 0.032341269841269865
1 0.9265487887074023 0.3843136228607605 0.01603835978835979 0.0343222011026633
1 0.004224053409693816 0.4211715745791344 0.01025132275132275 0.03335813492063492
1 0.08037911390170992 0.42862383353565037 0.015148040414921963 0.030987400261207113
