7 0.16229262404945566 0.4204659775790069 0.014930555555555556 0.01693247715958203
7 0.1255236111111111 0.4390648148148148 0.014722222222222234 0.016342592592592572
7 0.09040088383838382 0.45579335016835015 0.014930555555555556 0.015416666666666646
7 0.09225281962037356 0.4919556024699811 0.02146216097987751 0.025153105861767243
7 0.0931231252343457 0.5359442916857614 0.02146216097987752 0.02460629921259841
7 0.1507548391494002 0.5045324427480915 0.016521769861464523 0.022912543586843876
7 0.15162317815129286 0.546023139323694 0.017099385817978784 0.02285734226689
7 0.29710000000000003 0.46815555555555555 0.010659722222222199 0.013611111111111154
7 0.3120565088375693 0.5409815698810668 0.013806462248598765 0.01785910539619743
7 0.3141731712037157 0.5736057951901069 0.013857978898780054 0.018065171996922737
7 0.34297377580959654 0.5479572021860578 0.013115512182676368 0.016796360079942157
7 0.3453979340173369 0.5783835199258084 0.012756729174639622 0.01674320704171445
7 0.38552426753272645 0.012016066053864264 0.03329201627256542 0.0280053605147513
7 0.4483173189649513 0.08920839468657484 0.028870705663881165 0.042814402145878463
7 0.3490024402013671 0.15668762321204566 0.03544025931396687 0.038942084819796066
7 0.35150208410665673 0.22773730718469024 0.03541821331353626 0.045162088591932714
7 0.4224082927239859 0.2856637428683276 0.02942562476626923 0.03883291351805206
7 0.4075112217840249 0.39349745133949804 0.012243542207390906 0.01617023029703788
7 0.5700819795816303 0.39657236392064893 0.027942685429492856 0.03811199061858693
7 0.5796985754395655 0.46293419558746823 0.02820161711006782 0.038362893409841774
7 0.530337807098847 0.19838399366158033 0.02313100227893096 0.032136257732787
7 0.5645533407161314 0.2447764544867768 0.021148640334686854 0.03132562241089371
7 0.5807424161606215 0.26275456124514474 0.024054242573444955 0.034534164888670046
7 0.5898038194444445 0.281707175925926 0.018333333333333396 0.025555555555555522
7 0.5878788778094333 0.3202257477856606 0.02337509077705159 0.034722222222222224
7 0.6696235150244585 0.3646604938271604 0.015526729559748433 0.024109014675052422
7 0.6723335953878408 0.40264966224085724 0.015592243186582838 0.02524458420684839
7 0.6768067202422546 0.4416233144395268 0.016312893081761044 0.024982529699510824
7 0.567758487654321 0.5195216049382716 0.007430555555555508 0.010138888888888826
7 0.593984375 0.5114351851851852 0.007569444444444429 0.007824074074074011
7 0.6014748677248679 0.5361618165784834 0.006354166666666651 0.007824074074074011
7 0.7465725806451613 0.47277329749103947 0.010416666666666666 0.014490740740740719
7 0.7491526124338624 0.49867886969602654 0.010759512138188635 0.015804933084344882
12 0.05313170960815889 0.7206258946144213 0.022357372900851154 0.047063108657311586
10 0.12951034636980358 0.6931650784372769 0.103954945799458 0.09157633242999094
10 0.11054481517171227 0.7600159934687761 0.08115514333895447 0.025685466241958676
1 0.5947441486026417 0.2780470384947256 0.05113058495002936 0.12679167483179832
1 0.5895236133020532 0.42519599945170294 0.056319444444444464 0.1406481481481482
1 0.6036029128086419 0.6126813271604942 0.012777777777777761 0.034444444444444486
1 0.3496480119825708 0.5609976397966597 0.021388888888888898 0.06495370370370379
1 0.317826941986234 0.5523881514257621 0.022118055555555533 0.06777777777777783
1 0.15779927248677253 0.5192519106407993 0.02677083333333332 0.08708333333333329
1 0.09993516470009832 0.5049614880367093 0.029270833333333336 0.09347222222222226
11 0.7143605673900285 0.6569924771810638 0.23767193926694108 0.4043608762780854
11 0.9139835890312866 0.6375393367047169 0.1573773448773448 0.14349275063560774
6 0.09391543690967197 0.19329429059462805 0.029322506561679795 0.03809419655876351
6 0.03860091433671668 0.15336947609855325 0.025045035753575355 0.03324074074074072
6 0.021798611111111112 0.18083024691358024 0.009166666666666667 0.01194444444444445
