7 0.8002032834131028 0.6875771962328239 0.052857976086322526 0.062335958005249305
7 0.8142037800830453 0.7968274798983462 0.05540974044911056 0.05440726159230091
7 0.5417660891517101 0.49303286129266516 0.07352941176470586 0.03585693536673931
7 0.24890689300411523 0.4480251736111112 0.0843942901234568 0.037254050925925875
7 0.3058991608796297 0.3006772641782407 0.06655092592592593 0.07143373842592592
7 0.37063341750841755 0.2964870054713804 0.01808449074074074 0.027488425925925913
7 0.31105324074074076 0.1942676183127572 0.06004050925925926 0.06962528935185185
7 0.3781521815375982 0.19736755576599332 0.013261959876543175 0.034722222222222224
7 0.3066376109182099 0.11993408203124999 0.07330246913580243 0.08011429398148148
7 0.6589427903530468 0.3628614085344855 0.08012820512820513 0.06734584859584858
7 0.7127912596662597 0.36091079059829057 0.009666259666259638 0.012019230769230779
7 0.6564952059138106 0.26135726353749605 0.08267195767195772 0.06467490842490843
7 0.595467032967033 0.17851800976800977 0.07733007733007732 0.07783882783882784
12 0.6498115437798294 0.8173417358044516 0.07461583924349877 0.06482712765957453
12 0.7378472222222222 0.8229266116566646 0.07830969267139486 0.06408835697399522
5 0.7008923237753883 0.2901797715053763 0.16296296296296298 0.2611111111111111
5 0.35658196956646565 0.22593130921619292 0.15462962962962962 0.2708333333333333
