6 0.5158350505347857 0.16385225945131743 0.04994036970781153 0.03619227456436757
6 0.5767581482676886 0.19903255260152047 0.04687005956498275 0.02644521375975383
6 0.6366396201816646 0.22152253976703942 0.04627051258929945 0.04125800528460746
6 0.7344290474985239 0.2654326009489259 0.05058054922804358 0.03237576984729605
6 0.7751116480290874 0.29357907920284276 0.046880151665018056 0.022392570612155143
6 0.8243258429579567 0.31182727720717934 0.04568524269611218 0.03541714592439233
6 0.9045761085068131 0.3441366192292397 0.05284204512996287 0.03647767304579643
6 0.9404625617558573 0.3605731531714615 0.05162218030787989 0.028371183254585184
6 0.9839760638297875 0.37755713159968485 0.03993055555555555 0.03481481481481483
9 0.5065868765065361 0.13192714949173676 0.015527950310559015 0.041982976765585454
9 0.5702457264957266 0.1655573361823362 0.01892361111111111 0.04708333333333335
9 0.606155012771392 0.19002022137079608 0.018726053639846738 0.06436781609195402
9 0.7232692291892602 0.23911309021729998 0.017325166781688654 0.04404378498581396
9 0.7682638888888889 0.26459587191358025 0.015243055555555588 0.04509259259259258
9 0.7985742845117844 0.27131874298540964 0.01576388888888892 0.024398148148148117
9 0.7961934156378601 0.3017935528120714 0.011666666666666634 0.029444444444444454
9 0.10328453630383774 0.8928184877939777 0.01008476307189543 0.04867919389978218
5 0.524449481016903 0.8128617512164621 0.02907327066763072 0.07742829597493373
5 0.48005654497465106 0.808859184538639 0.029384041243459474 0.08765517595157485
12 0.09870264155139817 0.8423081638879621 0.03240188278971095 0.044196941571643236
12 0.2453027418237698 0.5824124358920965 0.07274756788729218 0.18426634685337137
7 0.23510482407578032 0.13482336642839024 0.03507118927973202 0.046015327198542136
7 0.042365276146114586 0.34974843761092445 0.021215915414579855 0.029988252024979914
7 0.6006789897634969 0.2898253719849964 0.026897496087636974 0.034186601088009534
7 0.5328970397039704 0.3322873954062073 0.023789878987898857 0.02933626696002931
7 0.47727641484942884 0.3760492384908272 0.022553219106957477 0.025455751701857644
7 0.3671644796701142 0.44577097193354437 0.021862139917695422 0.025821027999677268
7 0.3326890989988876 0.4330820252955959 0.021791187739463622 0.028544061302682007
7 0.2966030046308639 0.4662912935151449 0.021434099055066803 0.027492668621700876
7 0.8601248060140678 0.39775345815614277 0.025027964205816666 0.029952771563509794
7 0.78989042775903 0.42934764404449444 0.022395833333333334 0.027272892971711878
7 0.7268409814906355 0.4624494814265577 0.021227240896358524 0.026260504201680662
7 0.5968946775864817 0.5296392608533931 0.018546747967479623 0.021623757904245727
7 0.513050091044468 0.5741453369505386 0.016881929700401106 0.01960957773059683
7 0.982796757260181 0.5033178816357632 0.021257108486439177 0.025608778069407957
7 0.7811032698520022 0.582089583385504 0.017190904139433548 0.02103001694504969
7 0.7335662589951805 0.6005538087850179 0.015829248366013043 0.019290123456790157
7 0.9197453160844661 0.5273715914838828 0.0198111616928006 0.024096554824931175
7 0.9336341655420601 0.6236663321683565 0.01616621682411158 0.017618833408307027
7 0.9374440344229538 0.6791982430343476 0.0188044338875694 0.02408287147004484
7 0.8606092073381792 0.6909426560516901 0.017739702319141612 0.027330679589246537
7 0.8475344176413255 0.7790984093067427 0.018626293297345994 0.02764657369920529
7 0.8117223224207978 0.6748108372350052 0.02001124956732446 0.02682589131187264
7 0.7967717717717717 0.7707957957957958 0.01776776776776785 0.02644310977644306
7 0.7588953167051132 0.6688650065145885 0.02072269880174294 0.025814724037763248
7 0.7424165236665237 0.7621982101148767 0.01953125 0.030108233233233323
7 0.6538754025658235 0.6462210868933793 0.02024604352126605 0.03015441257281029
7 0.6367267297273294 0.7483180122568611 0.01992156274980014 0.03164135358379973
7 0.5922583038054907 0.6300273352602451 0.022669521024784225 0.02628098022834864
7 0.5703029936520504 0.7349712656316428 0.021262149799885638 0.032717108188806306
7 0.5267231308411214 0.6179870485750547 0.02202589563862926 0.03017912772585663
7 0.6138340177475692 0.768059947869138 0.012980269989615718 0.015684492904119066
7 0.5755365664127484 0.7625572775296968 0.012723272918308324 0.015815165046843542
7 0.4974041943381565 0.7233803931917139 0.021143034114732253 0.033272981386188914
7 0.5020992015470768 0.7527201710537417 0.013287775246773019 0.015133299586602578
7 0.4602673611111111 0.7458672839506174 0.012187500000000047 0.019212962962962963
7 0.45545777366064544 0.6679296828092568 0.015994094488188972 0.027249198016914566
7 0.3739578628425174 0.6164433403593295 0.026140469738030782 0.033197831978319804
7 0.372442537621109 0.6777253830825258 0.025510204081632615 0.03420256991685564
7 0.31996199600592223 0.6457881417208965 0.016043022415039746 0.029926890013657864
7 0.3254166666666666 0.7291303803803802 0.015104166666666667 0.019444444444444445
7 0.33287757123587924 0.8187910976226606 0.012750800876749263 0.02388579778564606
7 0.1871659030164185 0.57942417134857 0.028636884306987395 0.03636884306987398
7 0.18437778414152983 0.6460162912052945 0.030140320733104235 0.03694158075601371
7 0.01651091678097851 0.5102594878829447 0.03189300411522634 0.03943758573388194
7 0.08397263652572297 0.6130120384539823 0.06631500547836507 0.07482773471145568
1 0.38085301267186644 0.6326484223404804 0.032055741049897946 0.1320101403573858
1 0.1924809854497355 0.5842595281111542 0.03705115176151763 0.13104110207768752
1 0.342187248829349 0.7948477788424805 0.025531080443500817 0.09009259259259254
3 0.5088575540660043 0.6876051337653496 0.03501732996700113 0.12808776167471816
2 0.533067190401801 0.6045490992849822 0.028715277777777794 0.05294359270249471
2 0.5465437119574831 0.6668180099189145 0.04075078835095532 0.037408025721882156
2 0.6004495608040386 0.6166056166056166 0.02835012210012214 0.04711029711029705
2 0.6171562683715461 0.6798721340388009 0.04216269841269838 0.033864883401920495
3 0.5809749433895942 0.7025519853643767 0.03443894579795747 0.122037037037037
3 0.6466940324858755 0.7008124726101217 0.032569444444444505 0.11041666666666666
2 0.66373305118742 0.6339625974658869 0.030434451219512146 0.05137646793134599
2 0.6792637027620342 0.6934684432830523 0.041564039408866986 0.031320318676640535
3 0.7504557802376594 0.7436993779275658 0.031319910514541346 0.0999254287844892
2 0.7663720466017929 0.6549189424038274 0.026702942361950793 0.046408258318778324
2 0.7796606569027316 0.7149301693239404 0.03825431034482752 0.03009259259259259
3 0.8038135593220337 0.7578690625653902 0.029249058380414302 0.08560891399874458
2 0.817732874022938 0.664375441351937 0.028044871794871855 0.04258665716999049
2 0.834465579710145 0.7238179185496857 0.03990255376344089 0.031922043010752604
3 0.8528750462525749 0.7663660479406789 0.028034583119328875 0.08503110198025457
2 0.8670164504459101 0.6779080702140581 0.02749917450883288 0.04492047768422209
2 0.8855251736111112 0.728035563973064 0.03342013888888889 0.01171875
10 0.30055391996477154 0.9109446960588343 0.055135538188545316 0.159511006733229
10 0.19629005732611976 0.9140868625550447 0.0373034905409006 0.16686983746336256
10 0.5602287796544333 0.9124149042071046 0.12679695330961976 0.14479935992122114
10 0.7882033970902146 0.9219853394461583 0.1128950506857483 0.1250422381236334
10 0.9607506635782783 0.9309834258545201 0.08421355272469921 0.1073644230227183
12 0.4641032359491682 0.8871606879161793 0.019797079930710185 0.030004949269982716
12 0.4828160808237307 0.8861703768259399 0.02080240039594159 0.032995133217850414
12 0.5037594566408599 0.889459429734114 0.02072506805246227 0.029592510104759464
