12 0.1168387719117203 0.4998349660736513 0.048719738472288276 0.10850111856823264
9 0.32499745641483047 0.55121216810529 0.02202181208053694 0.058880188913745975
8 0.6514997087944088 0.6244041070773745 0.009763476347634754 0.06160616061606161
10 0.4203421154746758 0.40443247220745615 0.20964704299719183 0.26783035008771316
10 0.693714492619512 0.4724245874180256 0.14278488626421687 0.18892169728783895
10 0.859068488222374 0.5098872730944988 0.10267552828902511 0.14968189047943656
10 0.9627627208241866 0.5168059324861352 0.07274715660542436 0.10081824392737425
7 0.37708017340605204 0.15584492421553126 0.03993610223642171 0.05265649035617086
7 0.4656718509177524 0.1958105646630237 0.03882058287795995 0.04766241651487554
7 0.5003047941989321 0.03452098258606349 0.04254331683168312 0.05878712871287129
7 0.6416053904371662 0.27407664674019816 0.02742082035306339 0.03764278296988577
7 0.6891560460736651 0.29538204937298357 0.025894538606403 0.03578154425612052
7 0.8270971938463688 0.3607487732900274 0.020135942165645165 0.028092094923778125
7 0.9801641896276329 0.02582588765764867 0.024146451033243466 0.045485175202156336
7 0.9272088410909534 0.3990955805998412 0.012858579958463028 0.023256317064728246
7 0.5815997383252817 0.08643317230273753 0.0384460547504026 0.053542673107890494
7 0.693562351277195 0.16425270331520334 0.030048076923076886 0.04518340455840454
7 0.6904174671411772 0.08129627879958566 0.03258652998236337 0.045469576719576715
7 0.7402556107913251 0.12092757330852569 0.028935185185185237 0.04248066748066749
7 0.7448036415321571 0.19871596857273946 0.03049924924924928 0.042151526526526525
7 0.7862197734031884 0.15494057705386682 0.028254357298474985 0.039185427257322686
7 0.7892658653602567 0.22713749913932318 0.026336712383224083 0.040084807526668015
7 0.8289862069910146 0.1467213638687998 0.0245949074074073 0.040212488129154796
7 0.8521616285403051 0.20721526264826926 0.02558210784313736 0.033973311546840954
7 0.8557746598511989 0.26803842111662407 0.026922721390275385 0.03951747088186358
7 0.9525730605655126 0.2838085725234478 0.01928008958243039 0.02745268024851897
7 0.956428105830739 0.33688094643881383 0.019009174974714604 0.02925877763328999
1 0.5915181192606683 0.07978368150966439 0.06355406746031751 0.1267636684303351
1 0.7032650867689301 0.10711019052574935 0.05497444759882452 0.1754159037170393
1 0.7531922674192406 0.15377954588480908 0.050213675213675105 0.16353651222072274
1 0.8009203446967158 0.1864916062446927 0.04917450519302378 0.150565027108237
1 0.8620492428703216 0.23254054708303087 0.045615468409586094 0.13631687242798352
1 0.8942419556000516 0.2546817799138957 0.038248697916666664 0.12820502439060044
1 0.9238583504148029 0.27047228885611374 0.03309249601622481 0.11945289487662368
1 0.9621299500192235 0.305268349169733 0.037785947712418354 0.11453038005325585
