7 0.22313505986264892 0.21725099519356875 0.047906355393981886 0.06022513249529146
7 0.29154646065521483 0.13829343230246524 0.037500667761584706 0.05122037280042708
7 0.3522320714242854 0.08030690174743817 0.043377602656159364 0.06733737357574787
7 0.35814076232488173 0.2560306314935101 0.03120636799611485 0.04160849066148647
7 0.4271974670221929 0.1662078861897767 0.03193415904019663 0.05228039539070163
7 0.4257075449265823 0.24022350265333303 0.03415742327717234 0.054436287984132616
7 0.4763343627720467 0.28427946219719324 0.02324321702292791 0.042309392146083244
7 0.47765909432826836 0.34627853101228057 0.022838987161659528 0.04177041899772553
7 0.5309559227759273 0.416016969686744 0.022030527439122958 0.03314684862400153
7 0.5310266630016494 0.4703214435856806 0.02142418264722048 0.03341633519818039
7 0.5043200622744975 0.5222072336356203 0.013945930213756765 0.021558925934309973
7 0.5025587750218283 0.5700795986343961 0.020009378132781433 0.02640968426952972
7 0.5220841410838808 0.6775317979974027 0.01717976910390324 0.028026603714602926
7 0.5209216439858745 0.7265633558501512 0.01839478184783043 0.02817218841559615
1 0.5141171799891796 0.7022694827506425 0.02809715827044111 0.1026255801069849
7 0.10602254043044002 0.8025248063347157 0.01610468968563645 0.023466833541927464
7 0.14584056401033504 0.7996033206774577 0.016449790178900085 0.02269994355689709
7 0.22035537960775384 0.7944143637657588 0.015184421703600105 0.023517959540929473
11 0.38805687716262977 0.8342945021145713 0.05068663494809689 0.24374639561707034
11 0.4939335777760302 0.8026715030932159 0.028046604671280277 0.07073601499423299
11 0.4953097967128028 0.9250648788927336 0.02669496107266436 0.12615340253748558
11 0.6487262424151246 0.8534900177746575 0.10909265667051132 0.2550301166218121
4 0.34180211950878975 0.48383849977641 0.2366651433048247 0.3743117668821136
5 0.5480715317240167 0.4339834499672497 0.06005318996825758 0.10795275815722497
5 0.5781403367731338 0.4975600790344553 0.05772970345162854 0.08054753257647253
5 0.5900849716191203 0.5453149259932749 0.040750378907031946 0.07339834329453705
7 0.8119794930477979 0.5735982829135977 0.013963436231370804 0.025883442770345697
7 0.8620037871563633 0.56778964480651 0.014985151077568626 0.02497525179594761
7 0.9137212087243419 0.5622783311255642 0.014133722039070505 0.024294108565149127
13 0.8202837395370809 0.6887486294445156 0.01685579075921027 0.031662030440780614
13 0.8680896741228405 0.6855979873554638 0.017915903385575617 0.03491304249496798
13 0.9209630282973114 0.6839061396697599 0.02374652283058556 0.03618517764660651
7 0.8304571828731493 0.4807217004448838 0.015447355412753267 0.02821716922062944
7 0.89209095402867 0.46978085351787774 0.018073405832921476 0.031718569780853516
7 0.9577038536002637 0.46087184873949566 0.01961814137419665 0.031718569780853516
7 0.8597998022738507 0.3282003338419767 0.022378516624040976 0.023569530113835852
7 0.9443796700265781 0.30989335205522955 0.024447119001053192 0.02281731106764958
7 0.989588359365307 0.6672445167427176 0.015078095920814914 0.018380916932041105
7 0.994945163372563 0.6991777783364133 0.011177607907470575 0.017117228892963333
1 0.9878344178074324 0.6807221052626972 0.026686506568880185 0.06915819995680485
1 0.10154640533006715 0.7988887082212394 0.02371579492837202 0.039979049306565415
1 0.13945865914202996 0.8010521281683406 0.026118716881466976 0.04192924683371502
1 0.21519364478151726 0.7916081197703163 0.024760543603630704 0.04443664365433583
7 0.18804672501829114 0.8207974207673321 0.01702940340671649 0.012676283926471937
7 0.21614979467206036 0.8183632456487379 0.01504438092372497 0.012536984103104101
7 0.3607155531896017 0.019315795699878742 0.042576773356401386 0.03424163783160323
3 0.44261371264253296 0.19503906988695496 0.07270117058087312 0.17577118456894647
3 0.49252197503070805 0.306715631381332 0.05728668188176394 0.16104689685636453
7 0.5176507398954575 0.39491766669120715 0.01886549363174558 0.03803774325750327
7 0.5946079900505008 0.5746979062992661 0.014474293654469714 0.02179658338555434
7 0.5968198273983053 0.6167042430682322 0.016006865923766447 0.022023631129153814
7 0.6077369487717413 0.6418639711558547 0.014304007846770012 0.016801533026364765
7 0.6184537270211465 0.6629145405267247 0.014814865269868924 0.017709724000762917
2 0.626619025063975 0.658316199961297 0.04648802550200251 0.029289158924338508
2 0.6168228755142632 0.6336266790180638 0.048531455194398256 0.037916973181120556
2 0.6102392255161063 0.6090488943309117 0.05346974361768796 0.034511257027127686
7 0.6062316658947041 0.6018657269917386 0.013963436231370705 0.015212198821168197
7 0.48305662762842694 0.4847432939993494 0.00998136811285601 0.0246761600567829
