12 0.501157 0.5206599999999999 0.019906999999999977 0.016318999999999938
10 0.8479753546650096 0.5629993269131197 0.05014756135445787 0.05675352076214142
10 0.9009459099387157 0.5880139638289368 0.0065780708766320015 0.013551658673061536
10 0.889260813571365 0.5854378996802557 0.002581268318678448 0.012927158273381343
10 0.890842881250555 0.5574602817745803 0.00333066879829468 0.021357913669064744
10 0.903117783550937 0.5559614808153477 0.005995203836930488 0.022169764188649074
10 0.6706454592670038 0.540973128504297 0.08707503280305136 0.06193912371498334
11 0.46310077573932157 0.5874720038512684 0.07750858628051613 0.05457197446082118
10 0.4430240025870604 0.5237444186419649 0.10967504918964353 0.07623489924821646
10 0.11234876985422973 0.49209398274575017 0.1405199190739427 0.0923469099246373
9 0.07874375361854492 0.4908960219895111 0.007419773696902241 0.01825959933222039
9 0.13243677734495765 0.49721062882582073 0.012675446732207999 0.021042014468558693
9 0.18502094540283187 0.5029939946206642 0.008733691955728694 0.020114542756445926
8 0.052794420237230716 0.5387788217138707 0.007035221496005806 0.013105936819172114
8 0.061874286751737735 0.543426282550057 0.009872004357298477 0.018127042483660146
8 0.07293936092955701 0.543530433006536 0.009418119099491648 0.016424972766884514
8 0.1139393836238199 0.5471622242647058 0.008283405954974588 0.017190904139433548
8 0.12436456063907045 0.5457899305555556 0.0038580246913580423 0.015233523965141573
8 0.17445236395963237 0.5491874671324468 0.008623819898329702 0.01880787037037032
4 0.23121530768494594 0.5321449720068905 0.02826227390180878 0.0544048772609819
4 0.26083963947336036 0.5324410529715762 0.01440030146425494 0.05178052325581398
9 0.43736383442265797 0.1151733841684822 0.012204470265472438 0.006883926410070194
9 0.43827894045758975 0.08970652421088153 0.014927781812313393 0.022240377632534485
6 0.4424683804000543 0.10258772539748762 0.0355039134995562 0.023753328491890574
9 0.5088558056967645 0.11273375090777052 0.018155410312273072 0.02269426289034132
9 0.5495340111353183 0.13152270939239893 0.020475268296618974 0.0377481239409344
6 0.513540166117044 0.12706182958915202 0.04518679899943518 0.02148390220285646
6 0.5760367569927995 0.14637354578723286 0.04095053659323806 0.02677923021060275
9 0.6812187714385821 0.1676115284733816 0.018704012860941026 0.020752179558523466
9 0.6794020126136152 0.1900592422556112 0.005332962344648443 0.002898349100352446
6 0.6832016502723718 0.18146017651534097 0.04606442836826809 0.019650806900389523
9 0.7330029872007481 0.18428291236127048 0.016636900965259143 0.02240400561296083
9 0.7648939645208304 0.19836442061255488 0.019879236297146746 0.03137358081387932
6 0.7274092943402646 0.20109164713292513 0.027533273801930453 0.013075647404005587
6 0.7521278932970474 0.19436338606114725 0.013766636900965279 0.012796593953310361
6 0.7887957134438162 0.21401690393619704 0.03450972392220853 0.02150482796137633
6 0.9450422733566793 0.2686641359363702 0.012251948260624899 0.009188961195468793
6 0.9704820570365891 0.2643190735274942 0.03324094159235158 0.02033622559652927
6 0.921996766289066 0.2512559502289708 0.046697999517956154 0.015967703060978562
6 0.8793589165889456 0.23894464704259097 0.044789909215071935 0.021390696553386355
7 0.7594028885591212 0.2479054597168119 0.021641006615964825 0.017100259692079414
7 0.4381365614137436 0.16044841877537128 0.02750836594634452 0.021588395439850257
7 0.25831817033890586 0.2599945739250316 0.020912512109695233 0.016068634026380518
7 0.23865082026550838 0.2796308272917931 0.019328936582457705 0.014880952380952392
7 0.2202476691424266 0.2968670433092382 0.018397421566435642 0.014007657053431702
7 0.01842681431044167 0.20660850613845042 0.006512431651707417 0.006721990095945508
7 0.01648833473346008 0.21220901313171509 0.0043846074486743 0.004690885174868479
7 0.004925243434992738 0.20265293550460683 0.008769214897348603 0.017554549675023207
7 0.03421337004470497 0.3164089099091097 0.01343369748645528 0.0182354116706635
7 0.05099888343293618 0.3175614270488371 0.009325872635225147 0.016986410871302957
7 0.04524951467397511 0.3555548418408131 0.010436095567990057 0.012906341593391978
7 0.026003888247426752 0.35173712881546615 0.010436095567990054 0.016070476951771915
7 0.14190402064313462 0.33473221422861704 0.0133226751931788 0.019068078870237117
7 0.15804023447908344 0.33922861710631497 0.006439293010036411 0.00807687183586465
7 0.1351511383485804 0.3681055155875301 0.011435296207478485 0.01765254463096184
7 0.15162617380842802 0.37212654119128946 0.007438493649524826 0.011574074074074047
7 0.23884596026882196 0.35036322793616964 0.012878586020072823 0.017985611510791383
7 0.2547961630695444 0.35493272049027447 0.003996802557953606 0.006994404476418836
7 0.23370195936035998 0.3841170863770345 0.011120188816267265 0.017531318082788676
7 0.24905234259809422 0.3856786822473097 0.005068385378842882 0.010382625272331185
7 0.22592913977185072 0.41504071435337425 0.01255655241162488 0.00941741430871864
7 0.2781944444444444 0.4232843137254901 0.009583333333333301 0.007326388888888857
7 0.22109953703703705 0.461316550925926 0.004444444444444429 0.008333333333333333
7 0.22488888888888894 0.4422083333333333 0.005555555555555556 0.009583333333333301
7 0.3301951058201059 0.47279513888888886 0.007916666666666678 0.00961805555555557
7 0.3318518518518519 0.45544191919191923 0.005972222222222212 0.009722222222222222
7 0.3309994846206105 0.429878296524703 0.013049201161946234 0.008255038126361648
7 0.3711162088811263 0.4194662765134729 0.013895767981949277 0.016767789334654122
7 0.4163231277483114 0.36848267713858285 0.02147649485470782 0.009009927920576644
7 0.4110000453329707 0.3595393964121015 0.013033229067500816 0.006757445940432503
7 0.4130106258547852 0.44177587055494044 0.01230466346745421 0.007998031253845204
7 0.48757574170115425 0.3732548850123107 0.01473361621876479 0.008496385352821061
7 0.4873945727906124 0.38417413169888415 0.01643616742626648 0.004665645135942182
7 0.41839334309370785 0.4657115147604986 0.009036617947509002 0.00982241081250979
7 0.41585631777463455 0.4831091368065379 0.008119859605008155 0.009822410812509869
7 0.46159191812038336 0.48793746562156215 0.0070721357850070865 0.0088892817853214
7 0.4643599280562976 0.47154447587615894 0.004976688145004952 0.0092330661637592
7 0.45886210644874004 0.47077587223008016 0.002815757766252813 0.005746110325318199
7 0.5030506932680845 0.4968290566116653 0.005846944252741293 0.003666321601104193
7 0.5004496308844133 0.49134264487525364 0.008914193696802457 0.004133597883597891
7 0.5049151303033291 0.47706084245292313 0.009633080285254154 0.009057971014492792
7 0.4997947649269047 0.45305247702945906 0.011165577342047987 0.007693355119825659
7 0.4550091641594909 0.4470056541134972 0.00816993464052292 0.009599673202614411
7 0.461287037037037 0.4503611111111111 0.0015740740740741162 0.0018750000000000316
7 0.4614259259259259 0.4470347222222222 0.0025462962962962965 0.0020833333333333333
7 0.45088498362307877 0.43054374527588823 0.014739229024943274 0.0167942176870748
7 0.5224370449934358 0.44072607113020645 0.01596749811035531 0.015518707482993221
7 0.556441798941799 0.38722718253968247 0.015092592592592656 0.00961805555555557
7 0.6495561002178648 0.5105187908496732 0.009259259259259259 0.00777777777777781
7 0.6500144675925925 0.4943815104166666 0.00949074074074074 0.008125000000000032
7 0.6083993051411597 0.5074255579424751 0.00493130975587119 0.004829782790309167
7 0.6138571737986942 0.5053142114545623 0.008122157244964283 0.008615288220551381
7 0.6138712795059545 0.4901295313447015 0.00905040378724588 0.008397730437204053
7 0.6401927852037501 0.4721475273832729 0.010906896871809176 0.007701545530492935
7 0.605197407097992 0.4676404553049288 0.011429035551842574 0.0073969646338067855
7 0.6366846659472758 0.4572167180103034 0.015142021720969064 0.014184767474241196
7 0.6958990903380665 0.46562426391412615 0.016039661708953084 0.013943569553805841
7 0.6659294902951947 0.406622891756586 0.014216972878390232 0.010731080489938765
7 0.6737113589967921 0.413983896544182 0.007746427529892125 0.003007436570428644
7 0.6565325167687374 0.38909236405545455 0.014490376202974596 0.008748906386701647
7 0.6958417169684776 0.3787446903644086 0.0036329085624859972 0.008558294209702666
7 0.7007920539107663 0.3791548896553927 0.0028876965496684296 0.0030041359266711255
7 0.6887078644707753 0.3794235319323348 0.0027479692972651425 0.0026897496087636497
7 0.6890509725016767 0.3837539123630673 0.0017233027796407896 0.002095908786049626
7 0.7353525725666249 0.36958380784973915 0.016188574195110123 0.008226670297748722
7 0.8245357837096549 0.46309638168427786 0.03789091685345288 0.024115433877681704
7 0.9547373476919964 0.4559444360179987 0.013475290852812488 0.01190762087736156
7 0.8967008105542471 0.4029130338591613 0.015650374561265692 0.010516536090456836
7 0.8577443628716613 0.4097804550863249 0.008512756037508548 0.009134842055634194
7 0.9831294709343489 0.3134407273126784 0.0216466466466466 0.013888888888888888
7 0.9152660725241368 0.32747868836578514 0.020895895895895827 0.013231981981981989
7 0.8569507007007009 0.34098160660660665 0.019019019019019 0.012199699699699688
3 0.9489674294891095 0.5007951294790726 0.011668172237278054 0.03206865401987358
3 0.9445950015055706 0.47141768292682923 0.0074525745257452165 0.00632339656729894
3 0.9460629328515506 0.4643226814212587 0.015582655826558094 0.007000903342366784
12 0.894749419306585 0.4483695652173914 0.06854076298520742 0.0672547547547548
12 0.7346501752894448 0.4205903963324055 0.06909687465243021 0.07497080413747076
3 0.7008643992576455 0.46430192447349317 0.02478213507625271 0.02512254901960789
3 0.7080065359477125 0.4377553104575164 0.011710239651416104 0.017463235294117713
3 0.7111928104575164 0.4241898148148148 0.007216775599128609 0.0022467320261438
3 0.6445788717378207 0.45141061743846483 0.026279956427015243 0.04289215686274509
3 0.6496800108932462 0.42371323529411764 0.006535947712418356 0.005718954248365943
3 0.6550653594771243 0.4166666666666667 0.011982570806100268 0.0037785947712418674
2 0.6749273783587509 0.44071691176470595 0.004357298474945571 0.006433823529411756
2 0.6889686430127605 0.4300668183940243 0.031045751633986905 0.007965686274509822
2 0.673929817498658 0.41401217793880835 0.008303140096618398 0.0028935185185184923
2 0.6725998773100222 0.40178571428571414 0.025580381105743406 0.02151268115942031
5 0.5106854713945359 0.498405543178935 0.015432098765432169 0.016577903091061014
5 0.5012273482059056 0.49091188619697385 0.009572542467279278 0.00452520189362294
5 0.5106783161607724 0.4744804720133666 0.02291608651257775 0.022495474798106426
5 0.4680628104239943 0.47971296033488864 0.02226463104325702 0.041537925602811124
5 0.4587515756497238 0.47087017573128676 0.0027342156971786624 0.006117228339450599
5 0.4232845301834374 0.47323165791403493 0.023590872293058115 0.043260473588342466
1 0.3379613785585723 0.4621703646665145 0.021484523537911623 0.04334930412959158
1 0.22824359071794093 0.4530751253989968 0.022240377632534506 0.04553036492374732
2 0.5704355873133712 0.41653375170131157 0.0346448898787429 0.016471789161098767
2 0.5648182518078584 0.39434339684896474 0.014950919739338478 0.006341252165305633
2 0.564156125206826 0.3808253999446847 0.026396106574280247 0.02103439742637963
3 0.5326265157139322 0.4268858136393631 0.03278891363523889 0.05884991338777531
2 0.5001259763164525 0.4045348849416311 0.033659297052154175 0.018689767573696198
2 0.4867767814196386 0.38415081941867657 0.017361111111111112 0.004694586167800452
2 0.49756708238851105 0.379641439909297 0.007912887377173135 0.003985969387755104
2 0.49508692365835216 0.36697491496598644 0.02480158730158724 0.020018424036281207
3 0.4609822996085921 0.41578264177968755 0.033166475190108874 0.061135729525685176
2 0.4201157171341274 0.353215817126772 0.024188081592407686 0.019932057681641722
2 0.41740143445634303 0.36847863958928856 0.02195415048992423 0.010803753004252157
2 0.4249677932428903 0.39188571296516383 0.03127503543476922 0.019238768718801997
3 0.38317610339628394 0.40039512821866685 0.033056420906888206 0.06412253374870194
1 0.24496813020204825 0.36087614870509604 0.0303362573099415 0.07054093567251461
1 0.1479427053472461 0.3430010893246188 0.03289473684210525 0.07346491228070175
1 0.04054450699315039 0.3264076342746401 0.03624748779787539 0.07725021533161072
