7 0.4194366941877363 0.2589792888940353 0.012758821813939955 0.009032074115735509
7 0.39807126250422403 0.2658074316231304 0.011652189309669606 0.008836786026746622
7 0.37966306436502617 0.2723602278352656 0.011311253765982084 0.008333732554054526
7 0.2617297801532876 0.242409503720138 0.017204704704704688 0.01399278743028744
7 0.23839072264529879 0.23970268201211115 0.012768755543322017 0.009662583723277371
7 0.19557507252529535 0.234911595581769 0.017639960061951118 0.014261834005519015
7 0.3460701862414657 0.40188233244749805 0.009852216748768457 0.00735580870279147
7 0.4380805156285215 0.30837079166104275 0.00884113697998484 0.0062645072800169
7 0.4544910556815319 0.30374503968253963 0.009226190476190506 0.006770833333333322
7 0.47117559523809516 0.29895027281746034 0.009358465608465668 0.007638888888888877
6 0.3086373967301624 0.2005400204387743 0.015864774431752608 0.010507837610641342
6 0.26764507755749795 0.19413608809508492 0.015059987193745138 0.008319853065076007
6 0.2244491876253622 0.1902225992313095 0.0158543137334911 0.010870618598767704
6 0.1420478190861596 0.1814908027414027 0.0127633899563724 0.013923698134224451
8 0.03811574070549806 0.23640702067465763 0.03280839895013123 0.13632719234837912
9 0.3828709969564749 0.4154300943133663 0.009908477279800782 0.02161020658263308
7 0.5180361138429078 0.28614215019469796 0.01042614498028514 0.007924923330974316
7 0.5387888951877047 0.28047229308390015 0.01087962962962966 0.007862103174603187
7 0.5618793835363601 0.27407657345884096 0.011177248677248737 0.008060515873015874
13 0.5282444160096962 0.3419043482750507 0.015694417668101847 0.01887400793650797
13 0.5504437073727634 0.33787162925568354 0.01643875726322533 0.01959593808945801
10 0.42972185710416644 0.4098755374678082 0.05589306474956706 0.03496984064996022
13 0.5736132718691377 0.33409904023946746 0.02100845938885198 0.022417899695802424
11 0.2226675310917954 0.40103539521544035 0.15304716499415996 0.14229601240574521
7 0.1637406974731741 0.32829818064297367 0.012709847698165435 0.009184699970330848
7 0.16461065102369452 0.3450030193236715 0.013888888888888888 0.009771825396825364
7 0.24514918857050277 0.3333580880740141 0.01018297599717221 0.008646899956920842
7 0.24618619069881345 0.34976847213873863 0.010934033111452447 0.009120583717357906
7 0.29011347846802815 0.3359077404339073 0.011917858452511941 0.00854549740688357
7 0.29044444444444445 0.3515902777777778 0.011507936507936531 0.008655753968253991
7 0.40095279043449783 0.3427691042020311 0.010243257194476715 0.00795465543941152
7 0.4033560537625579 0.35694213476225667 0.01100948509485101 0.009557684862562903
7 0.43979331885605505 0.3448804124824533 0.010672993477226311 0.008083480305702532
7 0.4395637336508389 0.35975330336357453 0.010885570335206905 0.008112668743509894
7 0.4743698974066559 0.34717249472888567 0.010940048534033475 0.007521283367148037
7 0.47546143561852483 0.3614522772350377 0.011354444311837833 0.007863159883836571
1 0.1651173659540686 0.3325596485973844 0.014664430587049646 0.03351166855631138
1 0.24688049823103844 0.3370107963820448 0.011675305042651959 0.031938370586329784
1 0.2914594963724317 0.3396795000198279 0.012490963983501302 0.0318847202232243
1 0.4036414280102826 0.34660356483286986 0.012268518518518488 0.02989786680824418
1 0.44127118948217736 0.34770093742566044 0.011781590728959138 0.02911927254032516
1 0.4771098475752691 0.34878620005684696 0.012743579816750537 0.027947154471544732
