7 0.32011900154798756 0.9430242613614649 0.024254493464052295 0.04175744371822805
7 0.3246576408341114 0.9138007054673722 0.015403730936819175 0.01940359477124187
7 0.28216152910422654 0.6840254283766978 0.029878184359316468 0.04054933212864727
7 0.39505271927146934 0.6959971933930268 0.027281746031745987 0.04023368606701941
7 0.5014901606360888 0.7031460142237717 0.0341808958178669 0.03959415986142047
7 0.4859358860852885 0.3921105700654174 0.029603806994245238 0.049800796812749
7 0.6249574482570806 0.41663424629110907 0.038235780423280456 0.04670965608465607
7 0.6521605235385559 0.35427964424763614 0.0405970564326359 0.05407058001397626
7 0.6622112644248509 0.9411527493274408 0.03179709467282458 0.04697380307136396
7 0.7157314026646928 0.8733200030155991 0.03301309729418544 0.05013433122241414
7 0.7240042855574688 0.964506422930681 0.03347095347584733 0.051528148537561345
7 0.7337853350552446 0.771341109266206 0.029270784221279357 0.06076798156006075
7 0.8380331088664421 0.7131624890884148 0.040567714178825376 0.06297543334580372
7 0.8541444088319088 0.8129186034887792 0.049951267056530135 0.06842917478882385
7 0.9534620596205963 0.7008220415537489 0.051829268292683 0.08378500451671185
7 0.9330305265039777 0.5899705014749264 0.04993239921337265 0.07067354965585061
7 0.9383501256331117 0.48243856837606836 0.04407051282051273 0.06439933523266861
1 0.7064762746424389 0.9042168060912025 0.07266873069801194 0.17604063953242413
1 0.8274296533616023 0.7581965523695169 0.09705392766800777 0.22642842230029633
1 0.9183055117500151 0.6397431588270156 0.11259322927284375 0.24147414741474157
6 0.46277370063115214 0.8914858418661563 0.03866777804947361 0.02490116758223261
6 0.5675450275410143 0.6689879402775478 0.04697712418300652 0.029048656499636893
6 0.8618305973028118 0.06498820774706508 0.09784345047923323 0.06374985208851024
