7 0.028039705566301306 0.15159190691105584 0.01794157379263762 0.02110773387369132
7 0.10892682289365963 0.26205016638690104 0.0172322716965574 0.023191094619666053
7 0.10559463684463685 0.21924173709887992 0.011756596578025148 0.02276162990448705
7 0.21661126571840864 0.2728422371279514 0.01062925170068028 0.023405826977255573
7 0.215391892687811 0.23369015715954491 0.010307153164296028 0.023191094619666053
7 0.27466057972010344 0.2389613252708491 0.009501906823335413 0.020829038686181557
7 0.27480373462516317 0.2786510226986418 0.01062925170068028 0.020614306328592076
7 0.4722501374287088 0.2624602029363934 0.01046820243248814 0.018466982752697026
7 0.4643236228057656 0.3129889290603576 0.03011621315192747 0.03886655672369958
7 0.5055014430014431 0.3053637279827756 0.03140460729746442 0.038007627293341575
7 0.5725704107400537 0.28950523210727286 0.03204880437023292 0.04036968322682607
7 0.6226536360464933 0.27612103504960644 0.0357529375386518 0.041228612657184076
7 0.7765240369920174 0.23657582155119095 0.0428391053391054 0.04981790696076412
7 0.6019154456654457 0.19311046096760381 0.0172322716965574 0.02748574177145604
7 0.6017001971243042 0.1427970177970178 0.015460729746444085 0.027056277056277056
7 0.5816173533807462 0.061590608465608446 0.019809059987631415 0.044879062736205594
7 0.5571767848553563 0.10023706452277882 0.012078695114409371 0.019540644540644532
7 0.6864904000320665 0.09071249150614229 0.01594387755102039 0.028774135916993064
7 0.7481773824248316 0.09199747720155885 0.01336708925994649 0.044664330378616085
6 0.7508653714010856 0.02183112302159921 0.017715419501133818 0.016963856249570534
6 0.8725198412698416 0.05266096337524909 0.027378375592661316 0.021043771043771045
6 0.9062342976963513 0.05732011870404728 0.01272289218717793 0.014387067958496523
9 0.8608669018571615 0.011829800790839756 0.013689187796330658 0.01717858860716004
9 0.8862541228612658 0.020495010574375656 0.00821351267779835 0.01503126503126503
9 0.9114905431869718 0.0229119425547997 0.009340857555143217 0.017822785679928534
1 0.10958794292127627 0.23758751536529316 0.018518518518518524 0.09171075837742505
1 0.21919642857142857 0.2434597295708407 0.016203703703703685 0.07936507936507936
1 0.27804333012666343 0.25092191758858423 0.017361111111111112 0.07583774250440918
7 0.2891451719576719 0.11744929453262787 0.012896825396825396 0.02425044091710758
7 0.2054122574955908 0.10133744855967079 0.013227513227513237 0.02865961199294533
7 0.22663139329805995 0.008487654320987654 0.020998677248677267 0.015873015873015872
7 0.30963693957115007 0.017276988768216834 0.02166005291005289 0.029541446208112873
7 0.40351104209799865 0.030547887431945406 0.033234126984126984 0.047619047619047616
7 0.4433201058201059 0.017034097589653144 0.03571428571428571 0.03306878306878307
12 0.44516838266838266 0.05800443300443301 0.054563492063492064 0.0701058201058201
7 0.42478505291005286 0.13913139329805999 0.013392857142857142 0.025793650793650792
7 0.46520888447971775 0.17179232804232805 0.016865079365079364 0.027777777777777797
1 0.4697990786352856 0.16462172352976953 0.0276124338624339 0.08575837742504408
1 0.6073869362559841 0.16385319559922734 0.025297619047619048 0.11155202821869488
7 0.17922188529499852 0.03658156134571229 0.01871817909553757 0.03712438853948287
7 0.2085062165152574 0.020858637538406923 0.016144429469901175 0.03400469202355995
12 0.09981126596980254 0.40733609090476874 0.019115369725125834 0.04129565105174865
1 0.54617765620501 0.16047833856644683 0.013632660569746642 0.11738322996601143
