4 0.3560824406923263 0.6875014183914305 0.10802469135802471 0.18554687500000008
4 0.47995008188460564 0.6828334632464097 0.11959876543209878 0.19169560185185192
4 0.6220286987256074 0.6677319015083631 0.12972608024691365 0.19929108796296294
4 0.5261819584736251 0.6987847222222222 0.04243827160493831 0.025679976851851905
4 0.4000021433470507 0.7038483796296298 0.04774305555555555 0.02133969907407405
7 0.778875239781614 0.652932252471595 0.014940239043824759 0.02379371403275788
7 0.7799173675667699 0.6962981407702523 0.01678471299985252 0.021995351925630756
1 0.7710311019297297 0.6721070963061334 0.03190939943927994 0.09309982293050025
7 0.837498770350696 0.7380316696178251 0.03190939943927994 0.025453740593182773
12 0.2540737725922911 0.8616537783204451 0.03996517885406774 0.038580246913580314
7 0.2099738181914108 0.8688778588952198 0.01839981006647675 0.017806267806267803
10 0.18978774095733159 0.8614641125606038 0.058958531180753414 0.07448955365622033
12 0.03549947994392439 0.8639643535476869 0.028490028490028494 0.035612535612535606
7 0.22429714704020262 0.6170026363168725 0.02374169040835707 0.024706196581196594
7 0.08650878442545108 0.4517141957045802 0.031012583095916438 0.020699786324786293
7 0.05571053603461011 0.7238371517885407 0.021219135802469126 0.019920762108262123
7 0.06129196692922184 0.6882253435562259 0.02018043684710351 0.019475605413105432
7 0.22411990872639026 0.679945938192466 0.021219135802469126 0.0193643162393163
7 0.21857900330122554 0.7167499745624746 0.02299976258309592 0.020143340455840392
7 0.21120973044049965 0.7513988193074732 0.02537393162393163 0.0196981837606837
1 0.050906661835024423 0.702632984705353 0.0369480056980057 0.07723468660968662
1 0.21361993277842953 0.6937243380258087 0.03754154795821463 0.07912660256410259
7 0.22510385583055406 0.48770186062840104 0.03751974723538706 0.04064639283833592
7 0.42127435492364407 0.46409800704824405 0.029182025627523252 0.0414691943127962
7 0.6410642192632714 0.43349883397276767 0.019308407934000293 0.0414691943127962
7 0.5548574209711652 0.4006893580353296 0.03137616289275061 0.03850710900473931
7 0.5078330700368616 0.2978232786993154 0.05924170616113745 0.041962875197472334
7 0.5211076004914867 0.2675072793730447 0.034228541337545985 0.03768430753027911
7 0.7279461778128841 0.26151716363875727 0.057047568895910145 0.04508952080042129
3 0.17820981545622816 0.405161315447065 0.14929658340511054 0.21748492678725234
2 0.2533168623539901 0.37323201414388685 0.10048808498420898 0.07132859603789841
7 0.3121329574817947 0.32984887636050425 0.053474016652311225 0.04064384151593454
2 0.2904021212274745 0.30870794700309057 0.07787826586276196 0.0837101636520241
3 0.37321175342008683 0.3816277214714715 0.12429095762429096 0.2336711711711712
2 0.4521377438044105 0.34490456365456357 0.09384384384384385 0.07538788788788793
2 0.47790047366318555 0.24910474804542607 0.10830527497194166 0.14162457912457913
3 0.5866477272727272 0.33901953563411896 0.12450897867564537 0.2543665824915825
2 0.6850843504489337 0.31250000000000006 0.08908529741863068 0.08838383838383837
2 0.6991646791994013 0.202732621352413 0.11293490460157118 0.1625631313131313
