8 0.6511173421985489 0.820126433988695 0.02980722633727392 0.10444049919584225
8 0.6835926358226729 0.8193802430709062 0.030053076436724196 0.10530708905970962
8 0.7165984374903953 0.8214009109517049 0.029927899637545326 0.11795400574928129
8 0.7498903661751585 0.7871290797952583 0.02279988438945138 0.09940163729533812
8 0.8058556592194461 0.8310061756976009 0.029187808007465028 0.10000522458422034
8 0.836247531372601 0.8307755303059376 0.02813183577317854 0.10049170826555978
8 0.8657382747327597 0.8218418832544253 0.028923633755731485 0.0962410428469294
8 0.9477700611421538 0.8289787359554801 0.028204715704715694 0.09975634975634973
8 0.9758280095523139 0.8263305563739082 0.02809917662445759 0.09716277272457048
9 0.04557951363244706 0.45895094048205215 0.010863095238095234 0.022123015873015902
9 0.0829697987375424 0.4624911747858637 0.010677676537585433 0.021242361789058844
9 0.13601305832410482 0.4672934354620401 0.00992063492063492 0.021097883597883584
9 0.25531644281644283 0.4788054538054538 0.01006944444444445 0.020337301587301588
9 0.2880327380952382 0.48155291005291007 0.009275793650793616 0.01521164021164021
9 0.33939393939393936 0.4875285594035594 0.009449404761904796 0.020634920634920666
6 0.030553695436507947 0.49843005952380975 0.015128968253968254 0.02949735449735451
6 0.08887193067769697 0.5036076071736163 0.015430426090517136 0.028753281788183174
6 0.1421586491739553 0.5088786308174064 0.019022817460317445 0.02569444444444446
6 0.23814484126984123 0.5173356009070293 0.01636904761904762 0.02536375661375663
6 0.29163503085878806 0.5228401201505068 0.015376984126984126 0.025883142771975776
6 0.34072996962758884 0.5247426156218532 0.01887400793650797 0.02314116178552796
6 0.6051396367154187 0.5550485185609486 0.01628352490421454 0.02107279693486588
6 0.6907005070546736 0.5622854203409761 0.015128968253968254 0.01755952380952378
6 0.7631426161446865 0.5664381291969283 0.019743706661408567 0.01660285692376787
6 0.8433655532129367 0.572051804559241 0.019866071428571407 0.018750000000000017
12 0.6204011257382659 0.4676026964146442 0.0856189105045813 0.09165773305206855
12 0.7516978222902649 0.48034519876521187 0.09843054628393408 0.08786850258234546
12 0.8802517497431427 0.49103131416987966 0.11416879251700686 0.08720975905967882
4 0.34619823575379055 0.9103947735659994 0.03429153837652104 0.11266390110353658
4 0.39121431111260596 0.9099401248989544 0.03350694444444442 0.11154461542016135
4 0.43796964666682875 0.9110123612112645 0.03398012748406449 0.11053305836770402
3 0.31268003921730647 0.7393628058471045 0.02885640045201303 0.12816580022724738
3 0.38925707892588807 0.7463304726157023 0.029265533334904625 0.12484510075102034
3 0.4622093113643406 0.7485095393852838 0.02662720866810377 0.12404100529100526
2 0.3522735490480623 0.721942576923643 0.03292531763247598 0.032212536890823394
2 0.3458636177162673 0.6848522397327664 0.019351043408260552 0.02713446309024978
2 0.3390596874647855 0.6274536077387459 0.03367301221563893 0.06593915343915346
2 0.42633219092059615 0.7256534858482515 0.03359913147648998 0.03250723769591698
2 0.4218629275609615 0.6922921160078289 0.019620662730501028 0.020188893167329827
2 0.4192508143804786 0.6437863513628438 0.02397613010952567 0.04802900940960635
2 0.5000337441088422 0.7300852981470835 0.03392324491317781 0.02938460992152264
2 0.492273185784612 0.6943388981747278 0.020257976672450384 0.018748388730981426
2 0.492069613596096 0.6604938281705872 0.016786969801751962 0.03676878197106413
7 0.6366251236534255 0.8198259927819674 0.007317106373710161 0.01888834436004245
7 0.638702212362763 0.8541664905996222 0.008908063656125677 0.015811789769771916
7 0.7309968852205324 0.820987769721657 0.009545438494270576 0.017582734490409684
7 0.7329471515326776 0.8543025566051882 0.009388455112139284 0.01881038065248588
7 0.6554747394989742 0.6036908811143505 0.01422295108519602 0.04217957024079469
7 0.6804741483983486 0.6034554655324242 0.0019661898138948917 0.018949010604087088
7 0.8009041418746593 0.6168451346288397 0.017265687911755357 0.04206051958860949
7 0.43995919851981063 0.6209761177928754 0.01597120210552087 0.023377674405952065
7 0.39399581616143897 0.6511373322447043 0.018697769865994134 0.02144137057368695
7 0.32056915016537385 0.6327582484397393 0.018973214285714284 0.044705975690582954
7 0.2159857314807825 0.6116380488146371 0.018354204936178252 0.03802910052910053
7 0.19685499707450352 0.636159471786746 0.003543083900226741 0.0052368061781129455
7 0.19578056244030778 0.6457384848857717 0.0024444532334897584 0.006152331733727037
7 0.18633913131007976 0.6264820915463448 0.014554493307956521 0.04082312597486011
7 0.11586594072724804 0.6304961490479357 0.006139006757818647 0.029548266233896593
7 0.10568591164154663 0.6224950420002283 0.01294243751140302 0.04173508483853313
7 0.032138709563110865 0.6282397653660001 0.008766627902232014 0.029965928102174886
7 0.020605535570324306 0.6202775011460457 0.011702157388777107 0.04094008495416948
7 0.01636700174382964 0.694292553708564 0.009617938382702163 0.027405428488105663
7 0.02931599695871349 0.6937500867947061 0.008397387826521685 0.027275236428779773
7 0.01261137316561845 0.7457634521313767 0.009639862234201858 0.026704602176300225
7 0.026034784983175657 0.746139650828885 0.009031521413596885 0.027266147549166467
7 0.019804252546789858 0.804462928413488 0.004812248282397537 0.016102523098791857
7 0.009038904868737303 0.8045934001528633 0.00371047369078865 0.01822688830562838
7 0.0055257422485401764 0.8458883337445514 0.00610401760013159 0.019618526742879075
7 0.01635876716835266 0.8377539271321655 0.0036624105600789546 0.004626202812731312
7 0.016384468295090056 0.8455125521187699 0.00629677605066206 0.013193245058530057
7 0.10325805557636739 0.698610942970237 0.009319847294693285 0.027915559229727653
7 0.11529258064165661 0.6983964016818228 0.00697703790619602 0.025803157219995015
7 0.10087688218562275 0.7491265572993329 0.009572542467279314 0.027681637957327226
7 0.11336702992600547 0.7491835367187811 0.007583442733818666 0.024573669623794946
7 0.07302520779609727 0.8065144773365795 0.007061858476952814 0.019739170682567024
7 0.08234580758165665 0.8053512311898057 0.006253573470554607 0.018377848566527764
7 0.07108305720662247 0.8451398852223817 0.006593592721641497 0.020405858820493054
7 0.08071290952864887 0.8430825751709898 0.006351626016260166 0.01996225319396055
7 0.1359967482363316 0.8068856554967666 0.007614087301587313 0.019874338624338593
7 0.1449652777777778 0.8066468253968254 0.004737103174603152 0.018386243386243357
7 0.1342646539047468 0.8442679253437769 0.006903275817749509 0.019814493498704115
7 0.14339233500417714 0.8425131561096474 0.005196283979178694 0.019011203221729434
7 0.18470524242926661 0.7013012023778012 0.00911709439746823 0.02487885081343023
7 0.19734586761455924 0.702123248852221 0.006683293774415262 0.024312251726581944
7 0.1833020805978641 0.7526985403536415 0.009027048319327727 0.026929174447556783
7 0.19549182520230318 0.7504871161427533 0.007248993347338912 0.02613892779333962
7 0.2968181022408964 0.8122724089635853 0.007886904761904807 0.01874999999999994
7 0.2958617731208814 0.8480636848326205 0.007490412272291438 0.020329533752352462
7 0.30447027804410354 0.8500541529065019 0.004294503036113782 0.011585170981144229
7 0.35224552107947804 0.8475287925389136 0.0070861678004535385 0.01603439429299703
7 0.35986855158730163 0.8492328042328042 0.0035962301587301585 0.015046296296296295
7 0.35310411445279866 0.8121954191033139 0.00825892857142856 0.019014550264550265
7 0.36005799755799756 0.8136294261294261 0.004365079365079343 0.01650132275132278
7 0.4985965178839268 0.8147641686871007 0.007761275581164363 0.01959290902267268
7 0.5065029761904762 0.8181746031746031 0.002554563492063481 0.006613756613756613
7 0.4988194444444445 0.8486061507936508 0.007762896825396871 0.017857142857142856
7 0.507093253968254 0.8516173641173642 0.0028769841269841046 0.00958994708994709
1 0.5033833137451169 0.8295574312756648 0.015277777777777755 0.07406951286261632
1 0.35585359496906094 0.826464554748453 0.01480654761904763 0.06931216931216944
1 0.2997890803926418 0.827870442645769 0.015107425672570436 0.07679840690820257
1 0.13937397297658238 0.820906027397614 0.017664439876670074 0.07934128887366301
1 0.07681412715015307 0.8198893737433164 0.018821922050653427 0.08140769868636022
1 0.020987978524743236 0.7189464674758792 0.027455357142857146 0.11207010582010585
1 0.10800420956670956 0.7243220784887451 0.02500783750783751 0.11082511082511078
1 0.19026018852150156 0.724673065525254 0.02340327822523669 0.10651680718446296
