7 0.4134637782436525 0.19486404362583604 0.01731431566337227 0.019888065289008675
7 0.41870226864330634 0.2112814465408805 0.007955226115603517 0.014038634321653184
7 0.4290791042551606 0.200483655903676 0.008965832029212355 0.029866700201207266
7 0.44180010619271187 0.2005522719651241 0.014089164617333668 0.027945450480661747
7 0.41452418212981595 0.25584377476983117 0.016534391534391533 0.03039067739771965
7 0.4384427708224657 0.2558536985803711 0.01432204337133917 0.02777079141515759
7 0.6882381593029742 0.21288029100529096 0.01992606159272823 0.025861484194817527
7 0.7112084803057025 0.20763380138380141 0.011870845204178429 0.011658865825532489
7 0.2866209463431685 0.25321080008580005 0.006107297773964442 0.015305484055484053
7 0.2546941783052894 0.24804380273130275 0.015193765193765191 0.028711747461747462
7 0.2674549549549549 0.23561507936507936 0.009086467419800749 0.0027929715429715306
7 0.2577850668128446 0.19184921528671528 0.015044806711473362 0.028823466323466333
7 0.2693382157667872 0.20503603092888803 0.008937508937508958 0.013182825682825694
7 0.2799426410537521 0.19120683183183182 0.01325730492397157 0.030052373802373807
7 0.09391130409891318 0.1833932380398349 0.01402393418100225 0.027658314634754433
7 0.10450427989695005 0.19672463226128145 0.008829884484334744 0.007271669575334503
7 0.12220444702992694 0.18621750256239786 0.020083658827114312 0.03142400066483836
7 0.10375549396713418 0.2280696229108927 0.010148092158674168 0.004855337196607043
7 0.11598652786609451 0.24001112790795331 0.01977128299879623 0.0293944738389183
7 0.9851931860478871 0.2820793285536876 0.025296205851761427 0.02914716456383121
7 0.9862693890471668 0.2272515293348627 0.023459051236829002 0.02861721611721611
1 0.42769257581372905 0.21576133684369833 0.04373177842565603 0.119560263055161
1 0.26603193397835706 0.1948440395099977 0.041127629964763546 0.11634392669800395
1 0.2868123882838781 0.25285149825309233 0.006812453164384478 0.015753797942639133
1 0.10736665356699562 0.193413787042682 0.050869953472093554 0.11341514962015933
1 0.9848885682219015 0.28299863716530377 0.025452942119608794 0.029160654160654144
1 0.9856655689989021 0.22844054094054095 0.023448773448773327 0.028559403559403552
11 0.39194018741211245 0.3958146340813968 0.7843831092238736 0.7888359419758704
