7 0.6175262358464514 0.06575071343091228 0.047589869281045735 0.09558823529411764
7 0.5014978213507626 0.10256510011411972 0.021854575163398712 0.04684095860566448
7 0.523022620506536 0.11594498910675383 0.03737745098039211 0.06590413943355121
7 0.49754901960784315 0.1402505446623094 0.007557189542483656 0.01715686274509804
7 0.4231126066245708 0.15888445773789736 0.04432189542483663 0.07598039215686275
7 0.23317727307225258 0.2526784810767051 0.039048269581056436 0.04796599878567091
7 0.2296952250845693 0.28538901899557634 0.02925774134790527 0.025045537340619296
7 0.1613950870269176 0.28992106860959305 0.01798724954462659 0.05115361262902251
7 0.18509980267152398 0.28073770491803274 0.012978142076502724 0.01350941105039467
7 0.17610854963570127 0.30778498785670916 0.033583788706739524 0.03597449908925322
7 0.11289588107409365 0.32235540670231316 0.03551912568306012 0.06086824529447478
7 0.1112249544626594 0.45860845476624157 0.03278688524590165 0.049180327868852416
7 0.0990588949605343 0.5476421776968223 0.0329007285974499 0.05039465695203397
7 0.14936247723132967 0.5618295891519935 0.025500910746812384 0.034304796599878555
7 0.17161072079104864 0.6752428658166361 0.02720856102003643 0.01973284760170002
7 0.052322404371584696 0.6364298724954462 0.027777777777777773 0.021250758955677
7 0.02466605950212507 0.5201544896444715 0.024931693989071038 0.03597449908925322
7 0.00874967473328129 0.46344002081707 0.02185792349726776 0.015330904675166974
1 0.12179294948687197 0.4878252402742606 0.06363843351548269 0.20309653916211295
7 0.12684995446265937 0.5074757134183363 0.003187613843351538 0.016393442622950786
7 0.1371622647237401 0.5106253794778385 0.013433515482695807 0.014723740133576224
7 0.12024704007285975 0.5015179113539768 0.00443989071038252 0.009714632665452323
7 0.23797244990892533 0.5088721918639952 0.03597449908925318 0.04705525197328474
7 0.22735276259866422 0.5949605343047965 0.0325591985428051 0.04857316332726171
1 0.2483912439513533 0.5409345427560365 0.05885701275045538 0.193685488767456
13 0.4430635958233074 0.49097044174963983 0.0693953323903819 0.10367680540947867
13 0.5376798544266558 0.4699403515994247 0.06831486720100581 0.1074571742888575
13 0.6408745644122219 0.44018992806193213 0.06944444444444445 0.14921520033044197
10 0.06247945197788301 0.8764183046729873 0.14046340493237866 0.22140577331508118
