13 0.1667398130307571 0.4382493042175122 0.012738171697709261 0.026212267180475222
13 0.21729127432517256 0.4439041902071563 0.020787037037037027 0.024826388888888887
13 0.2717051101327257 0.4479122916908045 0.0201791990113158 0.024910207391959146
7 0.2966119528619529 0.3734217171717172 0.014027777777777757 0.0078125
7 0.35604853275536 0.3005773092369477 0.017904953145916985 0.013596050870147241
7 0.427422192557247 0.31016713767704307 0.018106680299931836 0.013420245398772974
7 0.44393771012000866 0.25122664653708243 0.022444835853026063 0.01687949508292969
7 0.5273812823355508 0.26125873829761026 0.022131887985546498 0.015540311653116529
7 0.4466695724504157 0.16014905224626722 0.027801189305614097 0.021860514117151297
7 0.4684214115726236 0.142921651795257 0.029498525073746337 0.021333754740834383
7 0.4870656289880541 0.1288561775052078 0.03201526431614928 0.024230931310577335
7 0.5499225153024173 0.17428180763045958 0.027427637721755386 0.017579948646125113
7 0.5759069695416295 0.15574152455099688 0.029372860255213174 0.017835259103641456
7 0.5954557613168726 0.14441975308641972 0.029814814814814752 0.02305555555555557
7 0.6479831668291097 0.18705660050232417 0.02708427050532323 0.017325967161493497
7 0.6986650386650385 0.15911401098901098 0.028947903947903867 0.02220695970695971
6 0.7212713962358914 0.10024156664223324 0.03944559824622131 0.020822516441675334
7 0.9135047718776784 0.21474446259985472 0.02944580610021782 0.029588411941353126
7 0.969643001233415 0.030093313045382767 0.026728798515290884 0.029048656499636893
7 0.5948503086419753 0.3319803240740742 0.013194444444444444 0.012222222222222238
7 0.9741618585540693 0.5569706705131567 0.02156729900632336 0.011051829268292658
7 0.6951763432561068 0.44051436961333545 0.016754198807374603 0.016566141473822425
7 0.6614108840641405 0.3382104086845465 0.016985951468710056 0.012212643678160932
7 0.46207376525358984 0.397935778281173 0.017243964612385684 0.011702935222672057
7 0.38788408779149514 0.41900077160493826 0.011481481481481513 0.010659722222222239
10 0.36447141897054897 0.5458673391885548 0.057979120059657 0.051500745712155155
10 0.43998150209232817 0.5444308665253081 0.06610745798909684 0.05834072799841863
10 0.5431737545955142 0.5385898923799002 0.08928141405384579 0.06768349949429277
10 0.67767600376296 0.534625867506302 0.11434511434511434 0.08496477246477249
10 0.8958963334059346 0.521483008045356 0.16354556803995002 0.10849861487009846
7 0.37404012345679016 0.44393634259259257 0.014814814814814815 0.011354166666666683
7 0.37114351851851857 0.46695023148148146 0.014675925925925946 0.011979166666666667
7 0.4442405747368778 0.45026540927828307 0.015037284225270911 0.013363613891978727
7 0.44659206980368416 0.42575110062692045 0.014470811189387374 0.013286367568903756
7 0.4868387939221271 0.44175658831908826 0.0172685185185185 0.014722222222222175
7 0.48996864029454584 0.4139585919884694 0.016729338508814508 0.014897197962154251
7 0.5140554979896204 0.4360204447632712 0.019337172538392042 0.014397018970189714
7 0.5166911008230454 0.4079224537037035 0.019305555555555576 0.015416666666666698
7 0.5432333310357502 0.4290940774055693 0.01884018013050279 0.015810242624758785
7 0.5472842569616763 0.4002808316484392 0.018840180130502687 0.01619795974634681
7 0.6021796304054369 0.4168412232928361 0.021043771043771062 0.01802297165200394
7 0.6063983660364463 0.38423922545677075 0.02050070598457694 0.017055637015314398
7 0.6421838857183683 0.40978208812260536 0.021920129678750407 0.01823607427055699
7 0.6454897672570087 0.37566585115076495 0.023516553688967462 0.01791371942234008
7 0.6856433697440942 0.39903105149289547 0.022858393859784686 0.018930613506413212
7 0.6896463626801461 0.363767815215278 0.024403750064389787 0.01917207541338277
7 0.7776832419486986 0.3789901997857188 0.026422764227642247 0.02184959349593498
7 0.7803600784237021 0.33922820878215065 0.026894114031043474 0.02223566927923773
7 0.8385925228278341 0.3665089916040796 0.03043152186454363 0.02282364139840776
7 0.844101500254148 0.3228886012180404 0.029854620976116335 0.023472654897888547
7 0.8777367546452408 0.30048360462373214 0.025556341904537254 0.019867598490209953
7 0.9104332172929871 0.3519596065538002 0.03161355589276685 0.025501601753498526
7 0.9160816290413034 0.30632414612009734 0.03238633170347888 0.025027398415107094
1 0.3684912551440328 0.45241203703703714 0.025277777777777736 0.044895833333333315
1 0.4391613247863246 0.4366903712606838 0.028611111111111143 0.053229166666666654
1 0.4807171792328044 0.42457496279761897 0.033796296296296297 0.05652777777777776
1 0.5076736302445034 0.4192414310084063 0.033626733729614375 0.06047810928212161
1 0.5382527853056309 0.4128463753387534 0.03583333333333338 0.06187500000000001
1 0.5969868780611601 0.39943123755827215 0.038656833011671665 0.0692721257237386
1 0.6374788886072523 0.38852230698577 0.039421560709203406 0.07290584977500865
1 0.6785268322540204 0.37811105342229706 0.04161675152241194 0.07819519317160828
1 0.7691544644168993 0.3585952296186505 0.04969096783256077 0.08603736479842677
1 0.8311349400871456 0.34085197099673187 0.05236111111111107 0.0915972222222222
1 0.9011468504589513 0.32549782954429257 0.05676949443016286 0.09890031419594404
