7 0.6601754036273451 0.17706351668333806 0.03999812907063034 0.051052817136847985
7 0.5577105379188713 0.22736992945326276 0.036554783950617224 0.03948045267489712
7 0.47004631208091824 0.27922049222765205 0.03430787589498807 0.03778838504375494
7 0.2872290681947355 0.388128908289515 0.02945405709583192 0.03075277443508492
7 0.2272834510169642 0.42515987210231815 0.026811883826272306 0.03363975486277645
7 0.1689759408469676 0.45838207996583225 0.027152777777777772 0.029537557220141536
7 0.3025300519818063 0.6105899393545592 0.04157529239766085 0.051169590643274886
7 0.17574955908289241 0.5676072898295119 0.04308127572016461 0.051954732510288044
7 0.1647538645087665 0.6665326624476952 0.041115520282186936 0.052322163433274546
7 0.292842517021491 0.7022894445164167 0.03792949576082106 0.04982894541127476
7 0.0371408224631333 0.5205123233851187 0.045757967269595176 0.054371231696813044
7 0.022405017538869924 0.6203782707622298 0.04289912779673871 0.0548287195044874
13 0.5023350136270603 0.5846836769878555 0.06959994646006551 0.11225014697236915
13 0.5168899541134054 0.6748470446848028 0.011369223205506372 0.005735824319895052
13 0.5283616027531955 0.6763492843876323 0.005070058997050116 0.005735824319895052
13 0.616455788248982 0.647324025596277 0.023269342641070365 0.012604227263913075
13 0.5967499366461111 0.5569865147120148 0.06803225611232146 0.11115740740740747
13 0.6992272268401827 0.5236430879788391 0.06885284139731887 0.1516005933117583
1 0.30886417219451173 0.6507517819438183 0.055413043113621184 0.19572900921025457
1 0.17997100061686003 0.6158300991208578 0.06123187911528244 0.20680494419990225
1 0.03996028437499726 0.536536586933883 0.060913912636420174 0.1947262504515698
10 0.032979304465364574 0.9506028064246872 0.0685127211290002 0.11731740481740474
10 0.1261987784108642 0.9559007648993801 0.11243485948259817 0.10215517241379307
