7 0.01220299246615036 0.22693911016279425 0.023648648648648646 0.016985735735735752
7 0.08203312007659834 0.22431534795665234 0.02540040040040039 0.02805930930930932
7 0.05413435784508945 0.12434991917914116 0.041454853546356814 0.03131808278867102
7 0.3090857097779356 0.12258164714235004 0.039344456277363646 0.03150514731984381
7 0.28668980137690225 0.17169620857360327 0.025252525252525287 0.033553123830901595
7 0.26042835765057987 0.1698232323232323 0.005144032921810688 0.014847549569771799
7 0.26697011264912496 0.17969042274597827 0.007949869060980134 0.009118967452300808
7 0.27705016785791636 0.2284052144249512 0.027906378600823067 0.0337577160493827
7 0.2560844264403292 0.22550757137345676 0.010159465020576137 0.018325617283950595
1 0.27258898207972276 0.1881565683649017 0.05128444943259762 0.12596245235134124
7 0.3476104511219816 0.22910843233170272 0.02140111809923129 0.017885220125786184
7 0.4593080790088272 0.12057653485334284 0.03452018102890917 0.03203796065392075
7 0.42424259408722687 0.17161437315039008 0.009808537350910267 0.024521343377275566
7 0.4508288071908804 0.17053208329921668 0.021055660179953965 0.03452605147520402
7 0.43221086300182343 0.18573166083759307 0.008893073864825272 0.010397049591964821
7 0.4207046709787938 0.2288060151958178 0.013503086419753068 0.023985745614035082
7 0.44133489910475776 0.23286690153238032 0.023452729044834298 0.0343414961013645
1 0.4365161426426335 0.18857038606824011 0.0482784007248839 0.12922612979952428
7 0.6202335107788727 0.11917402876882997 0.02123683316343869 0.029943934760448522
7 0.5988989207643642 0.11918414154652685 0.013308415449088258 0.028988277268093773
7 0.5925175331223971 0.1734523314626204 0.01521397722811152 0.031654888103651344
7 0.617787117345421 0.1698131937752079 0.017667844522968164 0.033863368669022384
7 0.6018518518518519 0.18584977424420887 0.009815469179426689 0.009815469179426767
7 0.6120919520843623 0.23244651053525606 0.018472337674332675 0.03203796065392079
7 0.5897245697484683 0.23013574281887877 0.019511406668513902 0.029440288168467728
1 0.6032505863749684 0.19054394872562064 0.04889316212735861 0.12906173620181663
7 0.6941346394471394 0.22943691889004383 0.024928774928774912 0.01819126819126819
3 0.888768933499326 0.21148216230936825 0.0708223104056438 0.16245039682539686
2 0.9658726063524821 0.12657665405343424 0.07748538011695912 0.13267543859649122
7 0.011608473279368531 0.366507591317305 0.020495214315439034 0.011860174781523132
7 0.05519983982141793 0.39756425248575006 0.014697236919459141 0.013686801881246345
7 0.1236357601671255 0.3247360598605987 0.031262812628126274 0.03164719147191472
7 0.11497470450559695 0.38323101860001174 0.035612535612535606 0.031935154217762905
7 0.09342871299393038 0.38096897064288365 0.005574136008918615 0.011496655518394681
1 0.10957796408425192 0.34760389173523776 0.05674369059324811 0.12198869223205501
7 0.2637816488805189 0.3711511299435028 0.01812617702448212 0.012711864406779702
7 0.2396347342748568 0.4021184277692699 0.004821053825647971 0.008454568657478331
7 0.24998208896411522 0.4016157993247539 0.011060064658839509 0.010209290454313447
7 0.24679714881121528 0.4284930910770106 0.011097494553376918 0.01404207516339871
7 0.23633481170245874 0.42842553688141916 0.0034041394335512076 0.009803921568627456
1 0.2444374503645946 0.4117838541666667 0.022742040285899923 0.05597520034654535
7 0.3230017921146953 0.4050560035842294 0.009856630824372796 0.014471326164874496
7 0.31312379376895505 0.40392886683209267 0.004599761051373929 0.010035842293906761
7 0.32062974118697013 0.4299855672690762 0.010249330655957139 0.014171268406961148
7 0.3104243898671609 0.43063278756049833 0.004462293618920154 0.01092913319946452
1 0.31738670114587136 0.41768809302960586 0.02151938719102899 0.054933665008291874
7 0.4728351851851852 0.4592722222222222 0.01685185185185184 0.012743055555555572
7 0.6009956716799308 0.41148759987671 0.019817277979309354 0.01423317210802095
12 0.3233639387724127 0.5312738887426846 0.019941225860621352 0.020116148894486388
12 0.5849719101123595 0.5421228272351866 0.018934665002080815 0.021145443196004976
7 0.818304744243548 0.4149474578890433 0.013006748055426724 0.014970638232112539
7 0.8272377616373906 0.4144419976304538 0.0054087467161180154 0.012700896306598727
7 0.8162191911551402 0.4435934818501981 0.01017359501365065 0.01501893061350638
7 0.8272377616373907 0.4439872765672488 0.00547313655797668 0.011783341060114338
7 0.8236362231494359 0.43757726781023026 0.004249729562664268 0.003042420027816364
1 0.8220718008617868 0.42286314365591127 0.021441817338896597 0.059447921495904804
7 0.8983716079941328 0.4448913641364136 0.011734506784011745 0.014851485148514835
7 0.9092294646131281 0.4481057480748075 0.0046754675467547534 0.006119361936193633
4 0.955917963984559 0.42964662406955023 0.08442601730019493 0.1343676542254329
12 0.785947956681404 0.5459661747118939 0.015673697180546523 0.028742661448140912
10 0.818822764614343 0.54905707696197 0.1054791905307369 0.06418057032855139
11 0.3517370069407172 0.5404498990840215 0.6053888479790541 0.4843074259172636
