7 0.04113384484228474 0.08471867007672633 0.04146537842190015 0.030797101449275357
7 0.2092642914653784 0.11826313405797098 0.037037037037037035 0.03079710144927535
7 0.08280495169082124 0.2923648852657004 0.03140096618357487 0.02626811594202899
7 0.2070680929376581 0.31193926846100756 0.028180354267310765 0.02566425120772947
7 0.10660225442834138 0.4048309178743961 0.02616747181964573 0.019927536231884032
7 0.9624978860138678 0.12372103838998814 0.06341958396752906 0.057553272450532725
7 0.9613140537798072 0.21251902587519025 0.062151192288178614 0.0546993911719939
7 0.7119702273411623 0.22539450654923215 0.03462812405901835 0.023430442637759716
7 0.7042797481114909 0.25964956207533096 0.05118940078289679 0.04290876242095756
7 0.6953929539295391 0.3306120144534778 0.05608250526949708 0.04008581752484193
7 0.7965666146560454 0.430807054282664 0.050436615477265904 0.037545167118337885
7 0.693948290493006 0.46379701486408803 0.04215597711532668 0.031052393857271928
7 0.6025481782595604 0.31578873080397474 0.04479072568503463 0.03585140018066847
7 0.5969758561221975 0.3815466658454464 0.047425474254742576 0.034157633242999134
7 0.5179162902740139 0.35936088527551946 0.04215597711532668 0.03359304426377597
7 0.5129873388680976 0.41833354841484927 0.039897621198434235 0.03302845528455281
7 0.43777154041381683 0.551482449348303 0.02634748569707918 0.022018970189701923
7 0.423780487804878 0.38608005871725387 0.034251731406202905 0.0239950316169828
7 0.40176151761517614 0.4208446251129179 0.0346281240590184 0.02681797651309847
7 0.39773633030447947 0.47199638663053295 0.03086419753086418 0.030487804878048762
7 0.3547030261969287 0.44883059507678413 0.025971093044263788 0.02568879855465222
7 0.3473853257051089 0.4966312857573021 0.02710027100271001 0.02681797651309847
7 0.31078270852152967 0.4719258130081302 0.02408912978018673 0.023430442637759716
7 0.2742145939977918 0.471996386630533 0.023712737127371288 0.019196025293586338
7 0.3054049984944294 0.5169188497440531 0.028982234266787123 0.022865853658536554
7 0.2472193992773261 0.5058187951671184 0.024841915085817536 0.021172086720867216
7 0.24274637587645717 0.5470867208672087 0.021830773863294177 0.02060749774164413
13 0.05972690824294873 0.5376791807247288 0.038465081997420304 0.04646904367053624
1 0.23313903366764052 0.5234091200742318 0.052515201768933095 0.08913764510779434
6 0.5049238201412114 0.058603081700907785 0.04527879527879524 0.020222832722832724
6 0.4706143028511449 0.11408228102307047 0.07631257631257626 0.034340659340659344
1 0.9342345872518285 0.15559011450714028 0.10153619528619526 0.19452335858585856
1 0.6805391190006574 0.28657955292570675 0.08547008547008543 0.157051282051282
1 0.580325345950346 0.344489278083028 0.07443019943019952 0.14075854700854695
1 0.5005684308568925 0.3858994904667983 0.06730769230769229 0.12793803418803423
1 0.38914326414326417 0.4439429618001045 0.047364672364672344 0.11191239316239318
1 0.340910468570043 0.46780664666302957 0.044871794871794914 0.09855769230769229
1 0.2971049976258309 0.4919760505698006 0.04522792022792025 0.09802350427350422
10 0.6828176110583519 0.6306980056980058 0.26246438746438744 0.18295940170940161
10 0.40194342694342705 0.6811240842490842 0.15206552706552706 0.13034188034188038
10 0.22756410256410245 0.6957353988603988 0.11111111111111109 0.09642094017094015
