6 0.22190034160878014 0.34251958539700333 0.0539747064137308 0.008765243902439027
6 0.22594135802469126 0.3590248842592592 0.04305555555555553 0.008194444444444492
6 0.22888036981174237 0.37380806021660795 0.03294159544159543 0.007678952991452961
12 0.5825097465886938 0.4755573830409356 0.017037037037037017 0.01545138888888889
12 0.8068105341334886 0.4944374132294327 0.019417237672981265 0.012217855703345432
12 0.8640380658436214 0.4971103395061729 0.021203703703703683 0.012048611111111048
12 0.9201601373897645 0.4990866697374843 0.025731402846583217 0.020277229119638838
10 0.6895314065316654 0.4595314230933891 0.24592592592592594 0.17056613132674453
9 0.5608680555555556 0.4982874503968254 0.012361111111111132 0.02347222222222227
9 0.8288304093567251 0.5143055555555556 0.007453703703703767 0.010208333333333286
9 0.8309583333333331 0.5222013888888889 0.008842592592592551 0.011388888888888874
9 0.831574074074074 0.5308550347222222 0.008240740740740824 0.008298611111111064
8 0.556912294238683 0.5530931712962963 0.008009259259259343 0.02322916666666662
8 0.5559074074074073 0.5386388888888889 0.0031944444444444867 0.002743055555555508
8 0.663180639989583 0.5538731566932789 0.008333333333333333 0.029036811201445387
8 0.6759334625322997 0.5559754521963826 0.0067592592592592175 0.028923611111111174
8 0.6877052728404079 0.5554307686064442 0.0076576576576577 0.029429429429429395
8 0.8299594131748778 0.5755558549052184 0.009560479857509564 0.014340719786264344
8 0.8411112275248689 0.5743381877870327 0.007334066740007314 0.007808816595945385
8 0.8413680653779665 0.5827931007386453 0.010280789983760294 0.00579522237938082
8 0.8521497983131647 0.5798070878516424 0.01067368641626074 0.015077400597202563
11 0.4587566305883506 0.5566137731432662 0.1466064126759456 0.13805363882991273
7 0.5483597883597884 0.5298363095238094 0.008749999999999937 0.003333333333333302
7 0.5498055555555557 0.5359444444444444 0.010833333333333375 0.004305555555555587
7 0.6320813204508857 0.4819761473429952 0.015833333333333355 0.012812500000000032
7 0.8452196112965022 0.42210287665307133 0.01333786511762035 0.014445062415029023
7 0.5660516521423385 0.4316909778957879 0.010779774872912113 0.0139144199346405
7 0.5809050472040669 0.42850456154684086 0.0035743464052287706 0.008765659041394338
7 0.5709234892787524 0.4002184860298895 0.012268518518518519 0.015381944444444429
7 0.5814567901234569 0.40073611111111107 0.005833333333333397 0.013263888888888905
7 0.49074891067538123 0.42246323529411767 0.009444444444444382 0.016111111111111142
7 0.5022930283224402 0.42395424836601314 0.006203703703703746 0.012812499999999952
7 0.49348282277604705 0.3944115881360332 0.012060834198684726 0.01618477414330215
7 0.5040787407901893 0.39497976468624824 0.006868726202838333 0.013548156801661469
7 0.41142489711934155 0.41587577160493827 0.008749999999999989 0.015625
7 0.4233267195767196 0.4178546626984127 0.007175925925925926 0.013749999999999969
7 0.41375000000000006 0.387514619883041 0.011527777777777767 0.016423611111111173
7 0.42470987654320985 0.38849537037037024 0.007824074074074063 0.014409722222222223
7 0.8366657601810349 0.38562840751225397 0.021526303373437163 0.0196095777305968
7 0.7658746913580247 0.37436296296296295 0.02111111111111107 0.02628472222222216
7 0.6948246812386155 0.36921903460837885 0.020555555555555494 0.02663194444444446
7 0.568755241090147 0.3617295597484277 0.01995370370370366 0.02319444444444447
7 0.49255278490176607 0.3556004294609644 0.017083131166100534 0.023198689956331876
7 0.41492985409652083 0.3486005892255892 0.014953703703703683 0.023715277777777762
7 0.426984126984127 0.35258928571428566 0.003935185185185185 0.004965277777777801
7 0.42550925925925925 0.35825694444444445 0.0018981481481481588 0.0028819444444444287
7 0.808573850295118 0.22551569528857338 0.026884660250801974 0.02884405074365704
7 0.9487068255032288 0.14147645957843766 0.052054015106340834 0.038680555555555544
7 0.9173157758745643 0.2122149906414837 0.02942260790652835 0.021056661562021458
7 0.8699720210187917 0.2610057858526678 0.04156736543522007 0.03789284830487504
7 0.7791111601313947 0.11986218389116753 0.04907599110497664 0.03943092937658156
7 0.7414191058059703 0.1924498788053998 0.038802683579281294 0.02244798736398263
7 0.6896951479745553 0.23873737100387232 0.03526842303086192 0.03937795878585351
7 0.602274717688757 0.0963506248969667 0.04924991757335967 0.04013147049126277
7 0.551176466543588 0.1690311168868674 0.04988895420994187 0.025781403096217896
7 0.4972019040984557 0.21618991640543367 0.02471264367816096 0.040900383141762475
7 0.5261735447846312 0.21736179297212052 0.014963749789242902 0.031402798853481705
7 0.2480669856187048 0.047736281984213216 0.05382299477391504 0.0437112563151406
7 0.19992648898898902 0.12561389514514512 0.05536786786786786 0.026276276276276277
7 0.12268756423432679 0.17237995318031285 0.01948441247002399 0.035534072741806554
7 0.15462309639467903 0.1736759630756933 0.02756128430588863 0.043777478017585934
7 0.03323482025001941 0.01959767353831819 0.05808874912648497 0.04278039832285116
1 0.8556773642574613 0.43074804476806905 0.03287037037037037 0.06201388888888894
1 0.5776210826210824 0.4015538194444445 0.02078703703703708 0.05118055555555559
1 0.5700231481481483 0.4362847222222222 0.018472222222222265 0.019652777777777745
1 0.49780185935363275 0.40986654417575463 0.022499999999999958 0.061648312356979394
1 0.41873495370370356 0.4015173611111111 0.02250000000000001 0.0635069444444444
2 0.9692378046399761 0.19135656054536515 0.07791696925683858 0.05350172476397965
2 0.9569556194125161 0.13006345785440615 0.06417624521072804 0.07159961685823754
2 0.9669074606215411 0.08914531449553002 0.018518518518518517 0.015684865900383135
2 0.8098858381645894 0.1570219141810615 0.10682898202221465 0.0688939701897019
2 0.7891011169346547 0.09289213046872553 0.05578703703703704 0.0819299095607235
2 0.617830729618211 0.13360406173215428 0.09172165904724036 0.07177083333333333
2 0.6099618055555557 0.06928081597222223 0.04967592592592591 0.08118055555555556
2 0.2439117788892214 0.06023275545771418 0.08266251377235358 0.1289236111111111
3 0.8954805733089687 0.2131385834101321 0.0741878457138117 0.15525157917747592
3 0.7141161933751338 0.1782141123961068 0.07518591426071737 0.1580954724409449
3 0.521255787037037 0.14816840277777782 0.07666666666666662 0.16458333333333336
3 0.1403391157873653 0.09245143657964507 0.08252052184110233 0.19046941263782863
