7 0.35138864234160744 0.16399646715356234 0.033810877806940795 0.026325372145510804
7 0.4613704045039668 0.196921950342245 0.031030645437425092 0.02425900232480495
7 0.5603933409213938 0.22823115644897818 0.029008853266278972 0.02372112211221121
7 0.5280412526347484 0.24986645299145305 0.028003613369467033 0.021214430894308953
7 0.4310567147354092 0.22423716128551985 0.029139016505019582 0.022120129317679094
7 0.32300841585061174 0.19334644605831824 0.024550030089173395 0.02097694075168227
7 0.3075694444444444 0.20742730034722223 0.023796296296296284 0.01895833333333334
7 0.7325819915667174 0.3197911764286428 0.024645602475791124 0.014600179694519334
7 0.8131248197983312 0.34180535554173896 0.035715453353709056 0.02870351181744005
7 0.8102991472364515 0.39290746785136843 0.037683031869078336 0.02864477084183324
7 0.7187059342867127 0.3776129408131177 0.031633722671458454 0.02564390536088644
7 0.712090897959928 0.4208747547927754 0.034055473494173594 0.02533645166584601
7 0.6370409618378533 0.4031064798461479 0.026099925428784507 0.02274422073079797
7 0.6321434885849653 0.44349880993144936 0.02875579368116687 0.02240400561296083
7 0.5434151234567902 0.3967754629629629 0.018425925925925905 0.01270833333333338
6 0.4374992232165051 0.3209119826621924 0.03206562266964952 0.017990305741983587
7 0.389122409678637 0.3405488858179305 0.021944556406466927 0.018095861883649058
7 0.3566008829252708 0.3597896275643073 0.01994730201143024 0.014647350256067702
7 0.31084496138909673 0.3233647146887776 0.023512024721214563 0.017256146715034268
7 0.29573232323232324 0.33419718013468014 0.020555555555555546 0.01576388888888888
7 0.28161694101508916 0.3444367283950618 0.01796296296296294 0.013437500000000015
7 0.2255628011997439 0.3057187931789842 0.02467169930014942 0.01854063458362821
7 0.21082138590203098 0.3176948924731183 0.019490740740740753 0.01586805555555553
7 0.19800636574074076 0.32912217881944444 0.016805555555555535 0.016597222222222208
6 0.7735942695053641 0.5008751722306907 0.012153421497136682 0.00617970584600174
6 0.7992900204616926 0.5054226918798665 0.01575824990730439 0.0066818069459893235
6 0.77005291005291 0.5191542658730158 0.015092592592592656 0.005486111111111095
6 0.7968835978835977 0.5172311507936508 0.023518518518518498 0.007187499999999937
6 0.8230998750578841 0.5126681367024017 0.022902414091373762 0.006855980184005656
7 0.8319583979961337 0.46041275286558286 0.03470236960803003 0.024418715456451343
7 0.7452583903326142 0.4778555870829824 0.03130154445943918 0.022164117558854377
7 0.2702538314176246 0.4000239463601532 0.01398148148148145 0.007916666666666652
7 0.2821867223706139 0.41945138841327445 0.017250530785562632 0.01124233309742869
7 0.2176697530864198 0.4082662037037037 0.01791666666666666 0.01229166666666662
7 0.22064674523007854 0.4577462121212121 0.015925925925925916 0.010069444444444445
7 0.1657027116402116 0.4495114087301588 0.01569444444444446 0.010347222222222206
7 0.1071690672153635 0.440886059670782 0.016018518518518515 0.010451388888888937
7 0.1758037037037037 0.4859055555555556 0.013055555555555551 0.007534722222222238
7 0.12756843800322062 0.47921497584541073 0.012546296296296307 0.007847222222222191
7 0.07643942879450126 0.4725306899219943 0.013658845180584302 0.00762019783758916
7 0.14224279835390943 0.5055883487654321 0.011481481481481487 0.00618055555555554
7 0.09898635477582847 0.5001480263157895 0.011898148148148142 0.0070138888888889046
7 0.055264917695473245 0.4948167438271605 0.012222222222222218 0.007361111111111127
7 0.5610904156721996 0.46911417194517874 0.023109307812643674 0.015715066587159675
7 0.5260298043249332 0.47508678642274627 0.02619919346280384 0.01930117796879974
7 0.5312582554023353 0.44147580176467477 0.02403973160035925 0.01926810905056268
7 0.4842428869696026 0.45617595996732035 0.021932384064737045 0.017835259103641476
7 0.48042058736232435 0.4882694991938006 0.022814738606919658 0.018147005029721126
7 0.4441968448246847 0.4696870266895903 0.021166782649037343 0.017614822546972813
7 0.3869090413943354 0.4895016339869281 0.01898148148148148 0.01416666666666665
7 0.4412210107303564 0.49913931959784763 0.0206602630668051 0.016874350986500513
7 0.3839017489711933 0.5149459876543211 0.01875 0.01576388888888884
7 0.35965949820788523 0.4988519265232976 0.01712962962962963 0.013576388888888857
7 0.3334207818930041 0.5077803497942388 0.017175925925925935 0.014409722222222223
7 0.32997759856630837 0.5309307795698924 0.016944444444444456 0.01416666666666665
7 0.2962901234567902 0.5197291666666667 0.015509259259259259 0.012777777777777761
7 0.29217171717171725 0.5405303030303031 0.016435185185185185 0.012847222222222222
7 0.39934120883777624 0.5491150447886717 0.01686909581646424 0.012968117408906861
7 0.355760582010582 0.5241825396825397 0.017777777777777767 0.014756944444444444
7 0.28614417989417995 0.573343253968254 0.009074074074074085 0.010694444444444428
7 0.2343347050754458 0.5842489711934157 0.013009259259259243 0.009479166666666651
7 0.24316015089163248 0.5181893004115227 0.009444444444444486 0.007048611111111095
7 0.2340972222222222 0.5401941287878789 0.012546296296296307 0.01083333333333335
7 0.2073900462962963 0.5394184027777778 0.010046296296296291 0.007326388888888857
7 0.2304068462401796 0.5580008417508417 0.012962962962962963 0.011249999999999953
7 0.18949845679012345 0.5552604166666668 0.013842592592592582 0.010694444444444428
7 0.18608870967741936 0.5721583781362007 0.011666666666666662 0.00923611111111108
13 0.11803282828282827 0.5583712121212121 0.015787037037037033 0.021111111111111174
13 0.07659881598310475 0.5567729922825465 0.016709915860658967 0.018835515451757504
13 0.03394056847545221 0.5504400839793283 0.017499999999999998 0.02197916666666665
1 0.7962537335722825 0.36307216995221026 0.055740740740740785 0.10520833333333333
1 0.7029215079691984 0.3976435549891875 0.051697530864197566 0.09459579772079776
1 0.6229801263393233 0.4208946484681245 0.04490740740740741 0.08583333333333334
1 0.5168995949074073 0.4522007378472223 0.04138888888888893 0.07270833333333329
1 0.4728450176366841 0.469709201388889 0.03888888888888889 0.06722222222222227
1 0.4325842967244701 0.48428127007064864 0.03648148148148151 0.06302083333333333
1 0.3767584225792057 0.5005718708166002 0.03259259259259258 0.057256944444444395
1 0.3500481193258522 0.5081133506052398 0.030834513508165014 0.05322403311343938
1 0.32466480458342184 0.5174274906782322 0.030245955270045238 0.05057183856768977
1 0.28729989286807484 0.5278061868686866 0.030277777777777768 0.04711805555555557
1 0.22757422778829497 0.5500396705089642 0.024212962962962995 0.03875000000000005
1 0.1836664538101319 0.5611027298850572 0.022499999999999985 0.031805555555555524
10 0.7631283383534263 0.579081871080082 0.19081632931890688 0.09869781980065508
10 0.7691128345449814 0.6521642603174718 0.1550925925925926 0.015735887096774172
10 0.5183276484018267 0.6001659217705135 0.1144522326064382 0.06846378504672898
10 0.5167757902132901 0.6523207402113649 0.09014423076923082 0.012394831730769182
10 0.38005777903043986 0.6133998172455754 0.07712962962962965 0.05354166666666668
10 0.37772727272727274 0.651479377104377 0.054027777777777744 0.0067708333333333336
10 0.2871766162360951 0.6237440716769532 0.06396368513360158 0.042556484060662335
10 0.2869740740740741 0.6525138888888888 0.03103703703703702 0.006333333333333337
