7 0.6419168307086613 0.4332139756944444 0.032626130067075 0.021940616797900325
7 0.3581800612563853 0.5128042496617263 0.028123918310834186 0.019957165109034256
7 0.4418042626830435 0.5340243933885149 0.02720046185274001 0.01865174527045031
7 0.11748318644030145 0.4527009296746139 0.03027065527065526 0.023687022042285122
7 0.38303937632679985 0.3486939394876233 0.0365578433191121 0.02475190131700984
7 0.25735089209476747 0.30760298160075444 0.039800379444031996 0.027220984904726544
7 0.11335172768345073 0.26422437880771216 0.04331254331254332 0.028914403914403922
7 0.17112788363716352 0.3535423837483972 0.025055679287305118 0.01685845087849541
7 0.391089964260696 0.25285369797564916 0.030222530222530228 0.022161584661584636
7 0.12136529457063677 0.6057562794050693 0.028597044456810723 0.018549434242255657
7 0.7690689469890384 0.5006433847562655 0.04551050343129551 0.035679191234487304
7 0.7655898457336735 0.5603073119239895 0.04785247432306253 0.035788722696748626
7 0.637869758963509 0.5292539521055146 0.04035285285285281 0.032552083333333336
7 0.6342517731406623 0.5866844408511075 0.04295962629295965 0.03409659659659654
7 0.5257837503664514 0.5514358250511514 0.03786601472489182 0.030665149215983768
7 0.5203509807517439 0.6058264848818286 0.03640090472151537 0.03140903307888042
7 0.3635574446425764 0.585688500481666 0.03297362110311752 0.027040867306155056
7 0.3559991330017092 0.6347209845520979 0.03198893256646761 0.027477227003552054
7 0.28472989275196237 0.6033758535134396 0.03232136319808605 0.02523147745319455
7 0.2762304045652368 0.6498551159072742 0.03247402078337332 0.02741556754596325
7 0.21590530350372866 0.6183035714285714 0.030712306794983976 0.024879702537182878
7 0.20857114461765627 0.6634917085498481 0.03287948055389915 0.02503229974160206
7 0.1109407012876928 0.6410654288272876 0.030496766607877705 0.021751056150280907
7 0.10106905969954774 0.6841244705884122 0.031125284398194775 0.022947437618887772
7 0.05945255569946492 0.6542225950782997 0.028461347253293554 0.021392617449664423
7 0.05002513999451213 0.6934355871951584 0.029493505756905455 0.02190743576654752
7 0.011115453962777268 0.664540541269071 0.022238395600841017 0.022440562833575938
7 0.10655969554372703 0.7317429093059735 0.02467064379816057 0.020786726323638996
7 0.326155679933665 0.7027838239358761 0.028848811498065226 0.024810841625207383
7 0.4057275943779012 0.6913749310221704 0.035313943800651386 0.02655646443990002
7 0.6638342234606605 0.6566343338972651 0.04150702426564502 0.03033205619412516
7 0.7811083337812899 0.6409954039671021 0.04175401816911254 0.031774109014675075
6 0.7779673111228163 0.11654020912626317 0.06525438167513145 0.06113931483658849
6 0.46100090563698365 0.26587813206941097 0.04907165457624171 0.030821257931130497
6 0.38265966547353714 0.2951717187066176 0.059425096738529616 0.036556002041076695
6 0.1731105032991826 0.38068326688609694 0.05677847658979734 0.029600247760625108
9 0.6937879318394025 0.9194878472222221 0.017020697167755984 0.03127553104575153
9 0.8580344544356105 0.9197824634662521 0.020877443632502737 0.038726994060792996
12 0.8946490698580585 0.8594300790925148 0.041716626698641124 0.05537720986001899
10 0.6879758505662559 0.808535483618458 0.2596331585669154 0.13740056564263642
10 0.7109932579871256 0.9122202558877935 0.20667099158606583 0.027534722222222127
12 0.8102028331367903 0.8579348433218618 0.05540402124430957 0.05266365284100484
10 0.325256053999586 0.8233885316966769 0.17605170199100836 0.10593749999999996
10 0.3129303787841179 0.9029917257124638 0.14166666666666666 0.019305555555555683
10 0.07395673012781236 0.833567311739929 0.12271718866517524 0.08534512631343619
10 0.06292554227007549 0.8976070218594927 0.10978985780797786 0.012937271926513144
1 0.7492488364937427 0.5188551032263178 0.07100097847699427 0.13499015913661733
1 0.6159665142815537 0.5523617628435169 0.06670744138634051 0.12501287862239693
1 0.5074794119698427 0.5698918422666633 0.0654147853236927 0.11679980634229005
7 0.3511118700667881 0.5487181780726863 0.03415300546448087 0.02286353976927747
1 0.34649469190048127 0.6051193065965941 0.06088399720475195 0.10541142557651986
1 0.26982292054145457 0.6216882929300127 0.06050605060506047 0.09978341584158415
1 0.20138567859599463 0.6360579127335507 0.06024691358024691 0.09585150589296268
1 0.09252920850410558 0.6612726439288188 0.06620307647704911 0.09719459985254307
1 0.04521809421036164 0.668027038332423 0.05492523645658795 0.08356677618037717
