6 0.704514 0.288889 0.01666699999999995 0.018518999999999942
10 0.11673424320173088 0.8332634453671037 0.22868975504082764 0.2605864411419965
7 0.33859061716791977 0.9429781049846839 0.019097222222222224 0.019127680311890816
12 0.28786294709642324 0.9179813228160841 0.019645467836257306 0.06810428849902538
12 0.5171003137183233 0.9118238304093568 0.021472953216374276 0.057261208576997964
12 0.7307709329084795 0.9281346092064805 0.016973874432052897 0.02547156822249753
10 0.5925433610867568 0.8428309568671379 0.1617259418741434 0.2001630195611482
10 0.8646372467328349 0.8547989879460391 0.13152228510482852 0.15675658785487306
7 0.5738899410774412 0.061018167789001126 0.028625165343915328 0.03960738335738335
7 0.5115707386060412 0.17088714555093032 0.022514409221902003 0.035756217312413276
7 0.4115446385686839 0.11121284288611377 0.017411143131604235 0.03588963603372826
7 0.39269748023350326 0.10555473451727054 0.017211015049631743 0.039358522787917585
14 0.5224685077519378 0.1609334625322997 0.04632994186046512 0.049795434969853565
14 0.4961038436692507 0.1217296511627907 0.03260255167958661 0.03162683031869079
14 0.440246089773706 0.1287870631378383 0.03199693152454783 0.058588142405971856
14 0.587997776499379 0.05226215696301166 0.05308493589743593 0.05030270655270656
14 0.5526377981384525 0.012664824510374246 0.0291775741710297 0.02751114989334884
14 0.42399691358024705 0.095194516221648 0.04750753660637383 0.057242319839219076
14 0.38165124738525896 0.07447525737254418 0.04898794142980189 0.08397932816537466
7 0.9551069495578841 0.4150670778396635 0.008545344409830433 0.015215760932271815
7 0.942751885555009 0.41744092838534547 0.013521114572516367 0.025239413868697342
7 0.8941282783740558 0.3466791006831776 0.016256089894703823 0.01997223531876997
7 0.7530986817169113 0.312560667831489 0.02190397611189686 0.024686992508774694
7 0.8287688576150114 0.237508218277449 0.023100023100023116 0.02752752752752754
7 0.9900817082525839 0.6338571947674418 0.020792958656330837 0.025570628768303162
7 0.975473079836051 0.6012299890106627 0.019884528423772627 0.022340654608096547
7 0.9412074823593721 0.5762449893990592 0.015342377260981897 0.01857235142118862
7 0.9227349806201549 0.6578757536606376 0.023013565891472847 0.028666020671834685
7 0.9090923772609819 0.6097922049956933 0.021196705426356585 0.02826227390180878
7 0.8708219686094364 0.6451923230293173 0.022811692506460052 0.030281007751937993
7 0.857359630706288 0.5947055340223945 0.02240794573643399 0.029742678725236893
7 0.8134824504737296 0.6300580498133794 0.02462855297157631 0.032299741602067104
7 0.8014193140919157 0.5768483911652516 0.023921996124031057 0.0310885012919897
7 0.7978490390826875 0.526115686907838 0.013525516795865637 0.019514427217915627
7 0.7541514667882656 0.5578355373157015 0.015746124031007804 0.013996554694229193
7 0.6915314278227014 0.5989115378855945 0.02686058700209644 0.03646925227113903
7 0.6809420859538785 0.5396051712089448 0.025550314465408834 0.03559573724668062
7 0.6114946388015373 0.5787219019333799 0.02767950733752621 0.03865303983228519
7 0.602881706213074 0.5190068928276477 0.025386530398322865 0.03559573724668062
7 0.5200642603226688 0.5553086926138607 0.024567610062893094 0.039744933612858226
7 0.5126055925514861 0.49202018333538877 0.02325733752620549 0.04018169112508732
7 0.3103817260656883 0.5028971581644537 0.0209643605870021 0.04673305380852555
7 0.311691316168763 0.430192500873515 0.018998951781970655 0.04258385744234801
7 0.18305102915951973 0.4661989390762975 0.012283805031446526 0.041928721174004174
7 0.15740818733153641 0.4613719177398422 0.018180031446540883 0.047169811320754755
7 0.19158269010863346 0.3948883488977829 0.013102725366876278 0.03537735849056605
7 0.16703927541928723 0.3838552585604472 0.01686975890985324 0.04564116002795252
7 0.024869980648282535 0.3454919905391604 0.02473139412997903 0.03974493361285817
7 0.008820941898772085 0.4225316961166017 0.01686975890985325 0.04891684136967156
1 0.01668886307456429 0.3374603658854574 0.03537735849056604 0.186932215234102
1 0.17981670743070108 0.40099885749780934 0.05011792452830187 0.17317435359888186
1 0.3241775595293971 0.4364022393274715 0.04078223270440253 0.16138190076869321
1 0.5246060802739995 0.507316704044984 0.043075209643605915 0.14303808525506642
1 0.6135273160626935 0.5369985607800072 0.04831629979035641 0.13495807127882603
1 0.6941611943519551 0.5602725366876308 0.05241090146750527 0.1262229210342418
1 0.8151003615822804 0.5971776641325909 0.05273846960167706 0.11595911949685536
1 0.8723289673609906 0.6159402868334845 0.05437631027253676 0.11093640810621948
1 0.9243296246923706 0.6297022643028589 0.052902253668763104 0.10744234800838576
1 0.9903057174127511 0.6267421486414272 0.021042976939203425 0.04632250174703
1 0.9963331087151842 0.6794399520814615 0.0063024109014675235 0.020536338225017475
