7 0.007605999999999999 0.428199 0.01455 0.013144999999999938
7 0.03910962010613337 0.3662303003556173 0.014501924800928125 0.015737884301007254
7 0.022047163272839586 0.3732700686863892 0.014318819689805294 0.01343075990085956
7 0.010428900569257526 0.4061141735978744 0.010012031054744623 0.010842905001196425
7 0.0060339687208788816 0.4277726648632242 0.008267195767195767 0.010811747228204514
4 0.023660558354576394 0.48146932852728525 0.023015208316715857 0.046144661801068854
11 0.2423151411102076 0.4808439567583304 0.21497302624753603 0.2062947401182696
10 0.7682828935810044 0.4866834904328025 0.1013150831991412 0.04694329422590296
10 0.587259690145628 0.4953695493960876 0.07773375158219142 0.03917397815986229
2 0.19176191387647026 0.34074233578970875 0.05306386120339609 0.023359634551495007
2 0.20243060394940768 0.29961584144773834 0.0337422855586991 0.04850494933520761
3 0.09281914555352057 0.34847869686736865 0.06117724867724868 0.01984126984126984
3 0.11844969906559163 0.38983586473848025 0.03352990155779 0.04693527477392014
7 0.12903261794914048 0.39537613452243636 0.01390261987147799 0.01480371560388864
2 0.1242299954868013 0.36285937545011965 0.04515599343185551 0.018729474548440095
3 0.14772090778477626 0.38266710736043774 0.03547047653417194 0.04863004620162078
3 0.11961669406269 0.3369616951925317 0.05050749284029422 0.02030218429554712
2 0.15120736470580234 0.3514587773784874 0.04666771248403899 0.018074031231925972
2 0.12810600203150344 0.30856005347857063 0.010707084489319445 0.015207850093236885
2 0.14332202048336817 0.336569865735709 0.015255226573278153 0.015563173693546196
3 0.1801463029841805 0.37331861760181895 0.03638438664823891 0.053594986807387855
3 0.15068069817410182 0.32355333394251606 0.06858064245927044 0.022903840515977738
7 0.19338290871904315 0.3776451056613121 0.014847208724759753 0.01488095238095238
7 0.1993912644422848 0.36243338038163114 0.017884137782096958 0.013058794946550068
7 0.21210495381413752 0.31355947411432106 0.016939315408703186 0.01609572400388722
7 0.23485257101761958 0.35312545100744375 0.01878178455848358 0.013685018235989107
7 0.2411475358201218 0.29016030368694057 0.025354624411228186 0.024418715456451287
7 0.3071513833289808 0.4150311146169835 0.016588425493654253 0.014143388837016263
7 0.3134034201285662 0.26634717424191107 0.02174793841460508 0.022477834977834957
7 0.363300959067685 0.2475680053943819 0.023612168372381493 0.022819222419577644
7 0.42060844742343256 0.22612432813297345 0.02545904618662651 0.025682861977278225
7 0.44897286313140483 0.29014913334275355 0.013001821236242652 0.016669316094390266
7 0.3953037260029597 0.30779815118895576 0.023889345010034684 0.01761767925561029
7 0.34373812418048977 0.3216584065492026 0.02161504014603742 0.01694663714542423
10 0.35621031219039906 0.5042613912871525 0.05472657567607267 0.030384005253101486
7 0.5662169312169312 0.3530123716153128 0.014583333333333379 0.014930555555555567
7 0.5998383303938861 0.35978036816578485 0.01402116402116405 0.01433531746031745
7 0.6310219394271117 0.3658408023170953 0.014351851851851881 0.013194444444444457
7 0.5417462766999807 0.2709772437781697 0.02099867724867725 0.018824404761904785
7 0.5877147377938517 0.2827613271046815 0.020337301587301588 0.015947420634920623
7 0.6297858284769495 0.2945546357299599 0.020222269114440458 0.01370132001594337
7 0.71974589250905 0.3224754594820385 0.018584656084656023 0.015823412698412687
7 0.7511293708304579 0.3318228627501725 0.017592592592592684 0.014657738095238073
7 0.7806448792799365 0.3404151842729429 0.017361111111111112 0.014781746031746009
7 0.7507872006826801 0.21569369826816917 0.02697560837095723 0.026132620609364797
7 0.7991370834148862 0.22960919380886252 0.025655984535169398 0.020830445230008557
7 0.8416801786425446 0.24581119858337597 0.02447089947089947 0.019692460317460313
6 0.5781685553751903 0.2460738455541621 0.026720018372772967 0.010020006889789863
6 0.5900827218556987 0.2579254509874366 0.007307792801619913 0.004745982755242013
6 0.6130003829016987 0.23583568295739352 0.019940476190476175 0.010863095238095227
6 0.6300772680345852 0.24673949864498643 0.007460640082591284 0.00544425087108015
6 0.6548454652978734 0.22245429495003183 0.02132331591173055 0.011833684185056145
6 0.7377811952129371 0.1994215296940966 0.019998506254078393 0.011534764970871974
6 0.7891356071148047 0.18364096280143832 0.014495231805781602 0.012013844666147792
6 0.8506196392410125 0.16654242176437445 0.02568617095507969 0.01426543853551151
6 0.8594610801798023 0.18207523891862842 0.008150390803451944 0.005528768283870334
6 0.9679447857548686 0.13013435455909558 0.021752469471100655 0.015654233810127344
7 0.9318848209068727 0.2805975450989833 0.022504527538084556 0.015080696708213484
7 0.9615778039598533 0.29159640833862005 0.02197187599872161 0.01538031319910514
7 0.9909276909869091 0.30515352113999966 0.019708106956429182 0.01538031319910514
7 0.988057678863724 0.406949729997589 0.01815867684885319 0.013743952660829244
7 0.9366986825242907 0.3588412341276698 0.015201350066979587 0.014726812281803888
7 0.9369669730348655 0.3844345583206969 0.016698098381266752 0.014628376102916459
7 0.8132200691724499 0.399136103716849 0.014343499074347996 0.013504798054487508
7 0.8149828973457338 0.37406172462946535 0.014138102906218909 0.013761543264648885
7 0.7538718619835638 0.38193283519081395 0.01378968253968248 0.013045634920634954
7 0.7537717130877509 0.4060960429769392 0.015244708994708965 0.013120039682539705
7 0.74812873821026 0.42814872325741904 0.014947089947089888 0.012053571428571407
7 0.6980973351400181 0.38959543166860233 0.012797619047618988 0.011979166666666655
7 0.6978843014747269 0.41228100726106043 0.013624338624338714 0.012028769841269842
7 0.6177559912854028 0.4419808201058202 0.013888888888888888 0.01066468253968254
7 0.6132524835330958 0.42280581875607404 0.015112433862433878 0.011334325396825351
7 0.6133941798941798 0.4020178571428569 0.013161375661375646 0.01143353174603178
7 0.5776693121693122 0.4456011904761907 0.012863756613756643 0.009995039682539671
7 0.5714744036015967 0.427791701475912 0.013492063492063552 0.010639880952380975
7 0.5717648879882923 0.4075227963525836 0.011937830687830657 0.010838293650793663
7 0.531948578042328 0.4324595202664399 0.01240079365079365 0.010416666666666666
7 0.5326896456256919 0.4122808231819859 0.010747354497354497 0.01029265873015873
7 0.43884038800705466 0.4425589726631392 0.009986772486772502 0.009126984126984115
7 0.439282488062976 0.4251131194347657 0.011177248677248662 0.008829365079365057
7 0.41004782254782246 0.4284137159137159 0.009755291005291005 0.00818452380952381
7 0.4097278681120145 0.4464025600077429 0.010813492063492003 0.00900297619047618
7 0.3797549429128376 0.4637309419381789 0.009292328042328088 0.00818452380952381
7 0.35751108251108255 0.46610226297726304 0.00958994708994709 0.007986111111111065
7 0.3633205191798942 0.4512545469576719 0.009755291005291005 0.00855654761904762
7 0.36358408097538536 0.43532770445134567 0.010383597883597913 0.00825892857142856
7 0.33867857142857144 0.4538784722222223 0.009457671957671965 0.008606150793650805
7 0.33913611740992694 0.43842179232804246 0.009160052910052926 0.007762896825396814
1 0.9291754476284306 0.36732854130478004 0.02342618621688376 0.058831672203765215
1 0.8073980190583486 0.3842098027776099 0.02263262719536483 0.05340671334017344
1 0.7472227730692332 0.39395073882954096 0.022255416742108753 0.050263292896372734
1 0.6923893689149565 0.396471375539349 0.020453189020996295 0.04693126722594399
1 0.6077343458656427 0.4084589827746525 0.021752469471100655 0.04381928098658137
1 0.5662861451438765 0.4144971826570368 0.02095613629200447 0.04212183394692898
1 0.5281613131739877 0.4209635319030123 0.018189926301459842 0.040864465769408706
1 0.4341526201262978 0.4315442839551968 0.01852522448213196 0.03624363771702172
1 0.4054287320780061 0.43691547982124157 0.017142119486859682 0.03514344056169146
1 0.35966811883552413 0.4426616665388499 0.016471523125515523 0.0334145593176011
1 0.3351319057546073 0.44467701633209994 0.015549453128667312 0.032094322731204834
