9 0.850317668194012 0.49117502494518617 0.013334186721283548 0.025468296637651492
9 0.11542811569072071 0.10145985477524344 0.012887099284158116 0.015500992063492064
9 0.16079999708216622 0.10540674603174602 0.01385971055088703 0.011488970588235291
9 0.23352682576298495 0.11146768756522216 0.013130252100840312 0.015683356676003738
6 0.0930464778503994 0.13223713964752565 0.02237005913476501 0.020424836601307193
6 0.16370816003168942 0.13839263609484195 0.028692032368502953 0.020424836601307193
6 0.23685029567382504 0.14197449813258634 0.025287892934951768 0.018601190476190476
12 0.6261856899192422 0.10543588323487289 0.1144353940406571 0.07048872180451128
12 0.8111118201883306 0.1190041074909496 0.12531328320802002 0.0698360484544695
6 0.6022821494357309 0.17233883700493025 0.024266301244718565 0.015344866963571986
6 0.7221603669445396 0.17892341970579378 0.02355258650222684 0.012311579307982195
6 0.8716964619742398 0.18764029180695846 0.026455026455026454 0.014129389129389136
6 0.9293490460157126 0.19239417989417987 0.02705627705627696 0.012926887926887927
7 0.6763406869339073 0.21695083400591875 0.022139270020625913 0.03257835620123757
7 0.7103622993453502 0.21623621199892384 0.0033629270917406866 0.014292440139897758
7 0.8728113853931955 0.22929853879413797 0.025389302640487537 0.03232434363950951
7 0.031039468927667693 0.2290680765059647 0.026838432635534086 0.018403496664366227
7 0.06751508977181855 0.21736871076933184 0.022429261559696337 0.014665286404416852
7 0.211373964415327 0.23798222931434607 0.026310199667863892 0.017650764685436218
7 0.31176941060661983 0.24369962778393 0.025634715557196177 0.016246000984373076
7 0.37369979557479566 0.22234623015873017 0.02066798941798942 0.014655483405483413
7 0.5669779251955178 0.2555732590454812 0.015253950439135569 0.013945673667895892
4 0.25308286396996077 0.44001744683088284 0.046225180633782774 0.08200524833589352
4 0.31405362769727996 0.4398936502696407 0.044091710758377436 0.08053848779655232
4 0.3745735873212187 0.4399936005233165 0.04409171075837748 0.07822039072039075
12 0.06464925992822987 0.48451559315293213 0.02483706882848513 0.024695142720893785
12 0.16069882498453927 0.479980931766646 0.020786092214663637 0.03528911564625854
10 0.18663568277999906 0.48550789785076504 0.0834927251183409 0.05255182864480895
10 0.4279465740854869 0.49059636796910316 0.07513661202185792 0.05911722612542292
10 0.6806945646554958 0.49175359139609004 0.10125477774550357 0.057714556423009065
12 0.7666902043468458 0.48257424314755143 0.015954237445465536 0.029696637426900575
8 0.6600829725829725 0.38139204545454547 0.037037037037037035 0.09846230158730158
8 0.7037103174603174 0.3818105158730159 0.03968253968253968 0.10119047619047619
8 0.7465404965404965 0.3832465277777778 0.037698412698412696 0.1029265873015873
8 0.8637978691584927 0.39411801107707545 0.03894767783656674 0.09479717813051144
8 0.9063722107200368 0.39013975155279507 0.03536922015182887 0.09424603174603169
8 0.9450871062327243 0.39254973325884296 0.037957211870255296 0.09640269151138715
3 0.2028773624883464 0.3233638357453329 0.03122021755562129 0.08272330671398996
3 0.30600325185907096 0.329069914970027 0.0320418022281376 0.08025855269644087
3 0.4052508545691303 0.3307447594563694 0.029206735411114914 0.08182713474684274
7 0.03767438347888175 0.2792431310759597 0.028692032368502957 0.02097193043884219
7 0.03609299622626828 0.3174170058648459 0.028692032368502957 0.02042483660130722
1 0.037485322411793 0.29759915329768266 0.028448879551820724 0.08060515873015874
7 0.18584553704522744 0.3638142025816174 0.016534391534391533 0.013488582567529953
7 0.18830834803057023 0.3903530527708159 0.020015316067947632 0.014467592592592574
1 0.1882990506894016 0.3786091162735899 0.020595470156873668 0.051561194653299905
7 0.2618836603211604 0.36617028804528806 0.018846893846893864 0.013701576201576245
7 0.2619639132797027 0.3929595623674571 0.01896251896251898 0.012747668997668994
1 0.26308501524018774 0.37342775758724017 0.019309394309394323 0.049343018093018096
7 0.4564413841417327 0.37184233449477355 0.01774422506129826 0.013671118854045712
7 0.45684554830896296 0.39762574823550445 0.01822815847206095 0.013550135501354983
1 0.4583409050805766 0.3823296159346433 0.019357336430507226 0.05444250871080139
7 0.6388635584237436 0.3782816174309229 0.017146776406035628 0.013444631500187015
7 0.639168977646344 0.4021095359829928 0.017035433702100363 0.013027096360429669
1 0.6417887813054167 0.3886926615269363 0.01915094507687102 0.053026962749184926
2 0.24627431694425161 0.2566103898824487 0.027557319223985903 0.03571852530185863
2 0.25453865514629415 0.2992651999813458 0.04508094785872565 0.027769298602631946
2 0.3474619708994709 0.2528955853174603 0.024636243386243387 0.014384920634920634
2 0.3486866969009826 0.27608595521541945 0.024966931216931217 0.016245039682539684
2 0.35552217843884515 0.3050751332001332 0.046130952380952384 0.02765376984126984
2 0.4462587504137457 0.25811250426096366 0.023126534564443108 0.014751270878721873
2 0.4453942070655423 0.2801467809345961 0.026152436283155188 0.01394076148978107
2 0.45273028192758585 0.30992359327990454 0.045604661617733515 0.026098402323892544
