7 0.005188649533887628 0.27884857646762407 0.013038548752834465 0.02135298563869991
7 0.01270448655652737 0.2849449303530936 0.008928571428571428 0.01303854875283445
7 0.0705731697440881 0.30598072562358275 0.01799886621315193 0.02210884353741494
7 0.12900641025641024 0.32972847258561533 0.016581632653061226 0.021164021164021142
7 0.06073089492207141 0.376596279537456 0.011846405228758173 0.013725490196078423
7 0.05930662119920434 0.3902860661172681 0.010702614379084964 0.011764705882352925
7 0.11538181191687871 0.3964467466375864 0.011198579304495344 0.01298770144189992
7 0.11401788238620299 0.40905737560079153 0.010867260390161152 0.010867260390161152
7 0.012857978233469071 0.36784548510115705 0.014906922629435717 0.017330812487880584
6 0.043174305219154246 0.4296330683986101 0.017700315768699428 0.012992566278534325
7 0.15032932032462104 0.21766469745793052 0.02054988662131518 0.02796674225245652
7 0.219300701911589 0.24888407672905874 0.0179398148148148 0.025205761316872435
7 0.2803395827589376 0.2787925435774898 0.018201164874551957 0.023596176821983287
7 0.35658447740313953 0.12992305685967656 0.023840962441314575 0.03244001043296818
7 0.42358918838702714 0.17127268720882124 0.02286287167449138 0.028690662493479405
7 0.48207357522190325 0.20966647275547798 0.022542175683536905 0.02799592786503782
6 0.2005233064260842 0.12304790545531287 0.009882478632478629 0.01151471984805319
6 0.2220990937746257 0.1316148390616476 0.03009259259259258 0.02089268755935423
6 0.2534505072614828 0.10585609061218813 0.043714387464387466 0.031695156695156705
6 0.2928145888950974 0.08481615311720234 0.04702747817154598 0.04858665345953481
6 0.3703058270538933 0.0443877573682095 0.04449116547740404 0.05110997848000906
9 0.39784203283888425 0.026879839537270262 0.019328995242093406 0.056325216904561985
6 0.4225808365838017 0.02485530839004679 0.043468373915477164 0.04303106633081444
9 0.4339840470193115 0.013172870603601077 0.013119227539882417 0.027987685418415894
6 0.4873731866498659 0.009396573077875782 0.0329957028852057 0.014835277266216494
7 0.6376478592714224 0.012657361795292829 0.03093071519795656 0.022083865474670072
7 0.7076853729997746 0.05332369218440887 0.024345466155811044 0.026873137505321415
7 0.7644380668934241 0.10572562358276642 0.02225056689342403 0.023242630385487534
7 0.8782242063492063 0.19312169312169308 0.024801587301587345 0.027447089947089942
7 0.9198511904761902 0.18075396825396825 0.024553571428571452 0.03174603174603174
7 0.9583980331262937 0.2172043938348286 0.024305555555555556 0.03042328042328043
7 0.9901378056011675 0.2544367283950617 0.020047949735449797 0.027832892416225736
7 0.2590124759936081 0.3812434944510417 0.015068134171907764 0.01762912140270632
7 0.30755339029710094 0.3963155312736026 0.009946159710310652 0.011435105774728421
7 0.3007700829045168 0.4029365986913156 0.007444730322088786 0.012546852169493694
7 0.4121239012846518 0.33848623527742294 0.016453340595497443 0.013540910191237024
7 0.4114785060114581 0.34884864439602997 0.013503086419753094 0.006883926410070221
7 0.4582160796417332 0.3639073546480953 0.015602305737109705 0.020424836601307193
7 0.5003404368823001 0.38478336827393445 0.014927747828691195 0.018842966956174486
7 0.6044554278473023 0.29089581504820705 0.019205546186996415 0.023109112485166422
7 0.6463829814140363 0.3188982589509385 0.017431115591397865 0.021468040621266428
7 0.6847111479342577 0.34472632988678403 0.017361111111111112 0.02130091438071486
7 0.03921999007936508 0.4754249338624338 0.00701388888888889 0.008749999999999937
7 0.04869178760307792 0.5683880784687239 0.014143842268842268 0.01934408184408188
12 0.10760137388288651 0.4787216473891144 0.054846938775510196 0.10430839002267571
7 0.15936939066332334 0.5088567572381855 0.03832547169811321 0.040909620312136026
12 0.23110328411667677 0.46004152923795766 0.08418367346938777 0.1260393046107332
7 0.3316531156986428 0.5363441285965246 0.01908058217962372 0.024405395811146598
3 0.32524317246539447 0.528970699306129 0.028058361391694733 0.07248410026187804
7 0.3601502937132859 0.4374713577469484 0.018386373578302678 0.017133275007290755
2 0.3444131832797428 0.4888591163510777 0.023780814576634533 0.0190544241991187
2 0.32964110081331566 0.4748457082011082 0.022887638442300844 0.007443134452780742
2 0.35470328671233065 0.427797829821947 0.026737008326155613 0.03493157239927261
7 0.3826810727852394 0.5299095837290281 0.016672178130511462 0.02553644914756024
3 0.37450734303700045 0.5173628291824729 0.027051033591731274 0.08299239161642259
2 0.39699788086725024 0.4769437443312485 0.027356829004266184 0.033040888109120994
7 0.4121802366780045 0.4245441232048375 0.016741071428571452 0.01299130763416477
7 0.4159137613378684 0.43580775564193935 0.014703798185941015 0.00873960695389268
2 0.4042247520892244 0.41673244144672256 0.025477296181630513 0.03353973168214655
7 0.4667710267864612 0.41803303830859934 0.020317806889859312 0.021328643053533842
7 0.43826839852248356 0.524046814105273 0.0175127365356623 0.026686074721009142
3 0.4316485731686505 0.5083373386233279 0.027157349355625214 0.08697649563573309
7 0.4540660751541831 0.4826895986019722 0.017768301350390835 0.016287609571191686
2 0.4463069343836178 0.46211631415288934 0.03731989470767524 0.025284012191742884
2 0.4606590818213627 0.4078343413138735 0.027777777777777776 0.042141500474833796
7 0.546574074074074 0.5131738683127572 0.018422067901234525 0.029835390946502116
3 0.5387953012171541 0.48009963708315506 0.03144599590678025 0.11679980634229008
2 0.5605268837094587 0.4533983404682629 0.031914495357891565 0.036188479584705995
2 0.5754444725311763 0.38850386660674824 0.027555717054263577 0.051814168819982784
7 0.5811883826272316 0.4015942801314503 0.02114974686917132 0.029420907718269815
7 0.6159878628628627 0.5038955622288955 0.01798673673673679 0.03117701034367702
3 0.6073301569479832 0.47305228741398836 0.0322201876958772 0.12327786723921992
2 0.6317866871594942 0.4378606376657059 0.038085628363406065 0.036667721852907044
2 0.6445570570570573 0.37248359470581704 0.0300300300300301 0.05435991547102656
7 0.6517628739850964 0.3871927483038593 0.0208541875208542 0.03142030919808697
7 0.6934151511966081 0.49570324818669187 0.01943064753495215 0.032499386804022486
3 0.6831014205581677 0.4570891537442865 0.035082660515186444 0.13168012302960394
2 0.7093979663424108 0.4227446820039412 0.03691191191191194 0.03920587253920589
2 0.7242025952681264 0.3580246913580248 0.031798245614035166 0.05653021442495124
7 0.7320053357527838 0.3724180825133483 0.02424176144648587 0.03244386118401866
7 0.6886041167066346 0.5292466027178258 0.011803057553956837 0.017985611510791356
7 0.7383516575045808 0.5253762007884947 0.014371980676328475 0.018518518518518517
7 0.7678828769815275 0.4353841264295869 0.016471789161098767 0.028252082817784362
7 0.8810803965322662 0.37584213946171474 0.01827485380116956 0.03492527615334632
7 0.8795719489981786 0.44071645415907706 0.019808743169398863 0.03506375227686705
1 0.8719118277941809 0.40254329960212304 0.031236593736593616 0.14210639210639212
7 0.98719070961718 0.42656136528685556 0.01879084967320258 0.03730936819172115
7 0.988966049382716 0.35650720164609057 0.017129629629629682 0.03765432098765428
1 0.9792473806042883 0.37989766081871346 0.029976851851851748 0.1503086419753087
7 0.6741756262637268 0.5781311168420246 0.012395118230358469 0.01801000084752944
7 0.6737775502830303 0.6141800598623434 0.011759471141622176 0.017480294940249212
1 0.6692121232127797 0.5931020410369504 0.019154991243432642 0.07791723422196284
7 0.7235226333348095 0.5750225115510089 0.014032815198618367 0.019190174630589103
7 0.7227298667516059 0.6121216602583063 0.012973137973137878 0.01947787662073379
1 0.718720561594203 0.5906974637681159 0.019861111111111048 0.0787037037037037
7 0.7763001473444514 0.5721708749134911 0.013800984528832633 0.019456165025785257
7 0.7757399948855643 0.6098804500703235 0.012394514767932366 0.020511017346460443
1 0.7711752808334785 0.5899540189744483 0.01962560386473437 0.08293075684380034
7 0.8882693858873534 0.5118154766521372 0.017009671614934833 0.01827485380116956
7 0.9503035544702212 0.5064658421139903 0.017912257495590705 0.02033117773858519
7 0.8783245885418844 0.5666752604856203 0.010290807865434697 0.017965726920950765
7 0.8777636886131606 0.6055779119159401 0.0115536971830985 0.020458398539384418
1 0.8687862915018627 0.5657329238866614 0.024971188234331185 0.1367119470567746
7 0.9404492455418381 0.563404968754763 0.010288065843621377 0.021262002743484196
7 0.9418169531186961 0.6043667123914038 0.0105452674897118 0.02274805669867398
1 0.932444869609372 0.5510134104943869 0.024076727156956364 0.13265414411546222
1 0.9931234082275749 0.5314241656834248 0.010613524849636097 0.13646196053603457
10 0.08166451335055987 0.7084409991386735 0.024628552971576234 0.02763422337065751
10 0.12093633700928562 0.6757460978788872 0.04091300602928509 0.09437576610908223
10 0.08706422721499583 0.6600972276967545 0.01559557438794727 0.031151914626490942
10 0.19838062739463602 0.7205858876117498 0.024994013409961685 0.03591954022988512
10 0.2088825161193582 0.6607562353176388 0.010730619283250873 0.031364022592092686
10 0.25762763566217484 0.6833254828708866 0.05104006163328201 0.10758788536566308
10 0.41143447566716324 0.6651349848912582 0.1363846432509896 0.15918798297434583
10 0.6500735634663192 0.6631082446086864 0.15667615660173823 0.16877100070537276
4 0.9096516973974835 0.7433136464035339 0.034332084893882744 0.09997919267582189
10 0.9587588019610417 0.6758359246673934 0.10383878830083562 0.2042711234911793
8 0.3620404313030401 0.7782846797006481 0.004583657840083077 0.03526306680512282
8 0.3669649810858924 0.7775625988972951 0.0038535176531671786 0.03591208030460362
8 0.3706823217994363 0.7737805499925828 0.00502985462097614 0.03602024922118382
11 0.7488329778078336 0.7689532766383418 0.06551859781801189 0.22039089387767974
14 0.9114334309506734 0.15126537307089544 0.14313682033096914 0.0632880220646178
14 0.9488152259402254 0.20885952619285955 0.13488175675675682 0.09092425759092428
