6 0.4603363620192486 0.1076214974062126 0.04581823671497587 0.039490740740740736
7 0.05939542649697713 0.2817288086306011 0.030318506575619627 0.059505142471758546
7 0.15531824527176355 0.32154215318116924 0.0260524910031489 0.051919328235117676
7 0.24883842925659466 0.3725852651212363 0.02092076338928857 0.012823074873434566
7 0.2530707507555529 0.3377004330584898 0.02867164635254199 0.04918233995202312
7 0.11668441089172794 0.09033423667570008 0.030713640469738027 0.0231105088828666
7 0.12281686273302124 0.04920355314664257 0.034965277777777776 0.06026084010840107
7 0.242994767351385 0.13835395269218795 0.03216911764705881 0.024207213749697403
7 0.24706237105636752 0.09685278296956758 0.0314481518930457 0.05392652510953825
7 0.3599165333661459 0.16918570471542047 0.03160760428202288 0.056755260243632324
7 0.44708893369175623 0.043672341696535256 0.02486111111111116 0.03175925925925926
7 0.4096009322678844 0.461421867072552 0.028854166666666715 0.050462962962963015
7 0.5854828318188593 0.2823763719464536 0.03720748609662847 0.06439814814814816
7 0.8096378324694904 0.35177069463243577 0.026417362692989048 0.03981059647346667
7 0.38358416360143255 0.5221497346681985 0.02882406039717714 0.039115925378850086
7 0.3763960678627029 0.5925303519432441 0.029223688497881994 0.041205061366351686
7 0.4560756189948263 0.449838835509567 0.02930216802168017 0.04437669376693768
7 0.44920134537733225 0.5322580177295089 0.03311229462545258 0.0454840805717999
7 0.5081777777777777 0.40162129629629617 0.03461805555555557 0.047824074074074054
7 0.49961865103387637 0.48389682832473674 0.03430962173545077 0.04859648360560771
7 0.5723617919389977 0.33754190153427627 0.037749474789916034 0.05351890756302524
7 0.5651083397118787 0.4304955837903371 0.03896190625463463 0.0532532230419555
7 0.7270078125000002 0.19553703703703704 0.05020833333333338 0.06773148148148149
7 0.7215144877961707 0.3053376291330405 0.048888696522006746 0.06804617193506085
7 0.848814153782547 0.08009661166878196 0.05754586362062986 0.07734856351678782
7 0.8462010941619392 0.20332705577632643 0.0565043230631992 0.07809705652351263
7 0.8880660738818453 0.29773189512313925 0.04443166918284318 0.05138110407155181
7 0.9164492394179893 0.4107925485008818 0.05288194444444435 0.06490740740740737
7 0.6445710934312525 0.5645720218853634 0.026477288181694546 0.04958293666983993
7 0.5852711756651017 0.6019363984834935 0.03517982897384313 0.045083650048438687
7 0.4123481937460976 0.7007788184516964 0.02340277777777773 0.03624999999999998
1 0.3337078766875735 0.5710188521537716 0.11604166666666668 0.2037037037037037
1 0.46829059394508593 0.4568348110033626 0.11312500000000006 0.22722222222222224
1 0.5533865945268243 0.3784037739952128 0.06586805555555557 0.2022222222222222
1 0.6990076914378952 0.23984735244742567 0.08274676123562207 0.24083009953819878
1 0.8191365693654619 0.1281519571448847 0.0917708333333334 0.25921927333624584
12 0.8967282959222678 0.9510686676235827 0.04475004761321755 0.05558809924376078
13 0.00717508086068053 0.5273725828640243 0.01309404283801874 0.08073381787647593
13 0.09674306144566958 0.5443157509502717 0.037372773536895665 0.08731328338516635
13 0.1938133166672139 0.5684767713967911 0.03603775991835691 0.08231933282306411
10 0.3583683403111207 0.8898352098523604 0.11996527777777774 0.19073691524576863
10 0.5580532396567282 0.8439848076053063 0.17654782664492558 0.25694426216120836
10 0.8938253155288033 0.7484592830285124 0.24857638888888892 0.37307919992724387
