6 0.3825821030746008 0.13350198096599045 0.03202072209509276 0.03061700144080006
6 0.41707606648653056 0.11407530945598662 0.02622044241037374 0.024472412916348846
6 0.45326628886411513 0.09231959031730196 0.02590261886600563 0.03930417832019662
6 0.5282637313887312 0.05290145915145919 0.02808096558096551 0.042446292446292444
9 0.5458134631350868 0.04215139825446004 0.018854540023894847 0.043931700517722015
6 0.572061678614098 0.031152927120669045 0.013160842293906762 0.021032457188371167
6 0.5857876658492108 0.039425213272128945 0.010080645161290312 0.017921146953405014
9 0.573523372162485 0.014122385314141585 0.011107377538829155 0.026135005973715653
9 0.5831373207885305 0.024470454998008758 0.002146804062126664 0.012320788530465948
7 0.5919438812545367 0.08426989729084793 0.019699913644214147 0.028545384763001346
6 0.6289204879482658 0.008960415441896923 0.018463403880070534 0.019718792866941014
7 0.1418290567255709 0.3048663223862933 0.011876664245945277 0.013919147906076
7 0.18640530684595624 0.32050155785133644 0.011801016702977505 0.013515694343581054
7 0.1624969740982813 0.3502178649237473 0.008321229726458492 0.009380295328007706
7 0.17525374347269773 0.3451401136586322 0.007867344468651677 0.009783748890502706
7 0.16236484305656418 0.35812667545298876 0.008699467441297494 0.005043169531186964
7 0.1618624657840344 0.36338752025026533 0.006883926410070214 0.002824174937464679
7 0.17462331881801157 0.35547922219105216 0.008809783268695467 0.009673573306973748
7 0.22613211951447246 0.3341466795051354 0.0103096794273265 0.012968150223052165
7 0.24328011615304881 0.25556223101812575 0.013915394402035612 0.017228583545377405
7 0.2885742643861723 0.2754936939646005 0.013014960156367493 0.01760386909236705
7 0.32996973674615326 0.2942118994952072 0.012176705802280096 0.01623560773637346
7 0.3813229263853853 0.18761366501440452 0.01635504375103191 0.02311375268284629
7 0.4274551480232339 0.213124960964337 0.015106801573917908 0.01873711823121606
7 0.44295504652595397 0.1465108236336716 0.01090604026845633 0.01056425553069847
7 0.467444267102668 0.23902571599940023 0.014268443544759337 0.017056530214424936
7 0.5496876714641455 0.29078755875700124 0.012707398340813272 0.015356543814316125
7 0.573734375 0.3083194444444445 0.006493055555555492 0.010046296296296317
7 0.5795888888888888 0.30888333333333334 0.0063888888888889205 0.012592592592592614
7 0.6022619047619049 0.3240026455026455 0.011458333333333333 0.013101851851851832
7 0.20313131313131313 0.36287177328843995 0.007465277777777778 0.009675925925925916
7 0.21447495791245788 0.3685634118967452 0.008229166666666683 0.009583333333333355
7 0.20230143229166672 0.37268373842592595 0.007638888888888889 0.009444444444444486
7 0.24019267385768217 0.3741304556672162 0.007454713611430029 0.008876557384020075
7 0.25035228652558666 0.3802745531601252 0.0069763362673810215 0.008717098269337057
7 0.2526164583067568 0.3708066682258224 0.005341880341880372 0.007972955734149738
7 0.24894059350682488 0.37120753072245605 0.0023520219415741807 0.006378364587319791
7 0.31293236483610043 0.365432542216546 0.0036318646232439437 0.010483184333759044
7 0.3185555265296645 0.36601164905762607 0.003751596424010215 0.011015325670498063
7 0.9339267151767151 0.150098014681348 0.011694386694386733 0.023773773773773776
7 0.9471803534303534 0.14520289520289517 0.0036093786093786663 0.006448756448756451
9 0.013079516638701327 0.4668174851069182 0.026307289541683668 0.0679498730676821
9 0.03714513112142522 0.4614598811856823 0.02582640997525866 0.07128754935772481
9 0.06319288175445988 0.4515792302374662 0.025529644871208658 0.07506477671086721
12 0.09474967537878579 0.4724291739694994 0.04378551832255536 0.05135867790188781
12 0.14251061500197434 0.461843376704259 0.06251249000799361 0.053290700772715145
12 0.23908855618224104 0.42885455515598553 0.03894140989729225 0.07898948331047098
7 0.27789834104938266 0.44432962228101114 0.026207010582010585 0.028769841269841306
12 0.3317708076929388 0.40385057188335877 0.06223436551305406 0.08500303582270795
7 0.416327022287917 0.33463676266476017 0.011324498352800244 0.013601876809423964
7 0.44295663016457415 0.3473861145200709 0.006219712703357535 0.012475481712241821
7 0.4490008520382352 0.3503397058693009 0.0026501384562132714 0.008292950271143433
7 0.47200122857485305 0.3615256302688881 0.010394192736425762 0.012660314035718538
7 0.3870751633986928 0.3947821350762527 0.007516339869281078 0.005010893246187385
7 0.38760348583877996 0.4009295570079884 0.013725490196078423 0.007080610021786527
3 0.36796532127717096 0.4616424028729252 0.01622060016220593 0.043367576822564625
3 0.3665189717411701 0.42650636897094596 0.005322384428223851 0.011376948724880633
7 0.37196346502915845 0.4638694713714989 0.010475804271424652 0.015995314048842024
7 0.40600509107964167 0.45837367868958284 0.010978349673202657 0.015914351851851853
3 0.4011760323541932 0.4528641029279598 0.01657088122605362 0.05217113665389529
7 0.4234707863408521 0.38814919242550816 0.01070384294068505 0.010007658033973828
7 0.42311725494291275 0.39828303397382336 0.007766812865497109 0.0033939014202171913
2 0.41457751544385196 0.42343657442667343 0.02552599009900989 0.0238357169050238
2 0.4198915397252092 0.38200355933890867 0.01629704301075271 0.022326762246117043
7 0.44409444055551245 0.4513609822002138 0.010373186245279224 0.016895249453389
3 0.4393644709215635 0.4438958840840561 0.016701466244833006 0.05457444199166051
7 0.43680552006858914 0.3700036717181181 0.012881768783961038 0.015770407844606822
2 0.4525821060242798 0.41371203375998444 0.02206857073993736 0.022897083634610738
7 0.4613583283641423 0.3764812921789666 0.009006658715961022 0.006128668919366581
7 0.4618552474657125 0.3856782393604099 0.01335470085470089 0.011015040084807552
2 0.45634476957151393 0.3704926282445662 0.016149870801033632 0.020953422116212848
12 0.5037492410443231 0.364251163732038 0.0625 0.09927140255009105
7 0.575663550397593 0.378532667096497 0.03324468085106389 0.039598108747044905
7 0.6393769583032054 0.3336024744918454 0.01694685466377442 0.01616855467180845
7 0.6420974933718967 0.34543799041268314 0.010845986984815583 0.006728528962802287
12 0.6696692466322616 0.3214944587798322 0.060956790123456825 0.12222222222222222
7 0.7219368036675731 0.4281389377543223 0.010322822822822925 0.011453761453761467
7 0.7267719224240963 0.40110762936849886 0.011477823977823851 0.023966273966273956
3 0.7216000561482133 0.3872256654650669 0.037825640353177745 0.08913448509485093
2 0.7443576388888887 0.34715485988634137 0.026041666666666668 0.04519400352733685
2 0.7504410098931703 0.2956346732066896 0.019991582491582467 0.04021698466142909
7 0.7533876345150854 0.3067347402859385 0.019407033295922183 0.021979049756827528
7 0.7612187582689854 0.421499763456897 0.010579791200596529 0.013422818791946314
7 0.7953088427646976 0.38810437606131537 0.01949091284593152 0.023406305934186956
7 0.8027531316863213 0.4146607702642185 0.011320097526994113 0.014367816091953974
3 0.7916990740740742 0.3566337448559671 0.0257407407407407 0.1
7 0.827880931329207 0.2830336968268003 0.011135057471264373 0.010855683269476368
7 0.8284542624521071 0.2979825191570881 0.02035440613026825 0.015644955300127744
2 0.8203752626374988 0.3305164174185309 0.023108237547892763 0.030810983397190298
2 0.8217096406751582 0.27247937592765176 0.020953065134099644 0.03847381864623245
7 0.8834509831329793 0.4022743039377091 0.009852685366383993 0.013318112633181169
7 0.873606364985675 0.3748950099524812 0.02179118773946366 0.02447850148999575
3 0.8709096170033672 0.3432655548540967 0.025042087542087504 0.10648148148148148
7 0.8916201254164217 0.31342674243908814 0.014550264550264558 0.004703115814226961
7 0.8927893094559763 0.33204449871116537 0.021384479717813085 0.011904761904761882
7 0.9075507054673723 0.26982657260435045 0.022376543209876507 0.02718988830099944
2 0.905645773701735 0.3194063126740269 0.02590729274165808 0.049592936589840625
2 0.9065207023798354 0.2555384859951423 0.022574819401444932 0.05116959064327486
7 0.716929191278349 0.4622641127235307 0.007125233962906287 0.012974306619023337
7 0.7170799465975576 0.48789719157253614 0.007391100901820538 0.01339969372128638
7 0.7546751805472737 0.45734041535075126 0.010932220234545771 0.013416815742397148
7 0.7567822149730495 0.4835558751427424 0.007515901411250228 0.013499635592658824
1 0.7532577533183158 0.4678401319228192 0.012112403100775123 0.05681441727953358
7 0.7979637476459511 0.4519958642590745 0.01100517890772134 0.013261142498430656
7 0.7977607109227872 0.4792922159447583 0.011299435028248676 0.013575015693659773
1 0.7961202952176336 0.4630756920682919 0.012653013182674202 0.059557438794726955
1 0.876200040554903 0.453381672913054 0.015126512651265026 0.06612119545287859
7 0.9332624882263145 0.3952169064709258 0.013955877098963912 0.014290818149339026
1 0.9278435047913073 0.4486047616726246 0.01637554585152843 0.06904010997897461
7 0.9015627648529534 0.4929310746673446 0.01168001525553011 0.015149588948216004
7 0.9529141616566468 0.4881986194611445 0.013220886216878114 0.01670006680026722
8 0.1017759934711034 0.580775732984318 0.011674499879489039 0.0674861412388528
9 0.19245925059041835 0.5443739222522116 0.011105488079172292 0.04320362872994458
9 0.21092030337831366 0.5442067821482119 0.014063845822566753 0.04521963824289399
10 0.42500673497885816 0.5477263249442769 0.09386620868739359 0.082799928336428
10 0.5887718222569822 0.5360902974611665 0.09695129075993324 0.1215438976581038
11 0.7780527888356201 0.6058069125504401 0.09192886502254048 0.15359188544152752
10 0.8272629545003299 0.5273511762356659 0.12158654849003309 0.13512389657956578
4 0.9076470159626943 0.5666378290173572 0.023391300964830306 0.070092851955597
4 0.9405087856095758 0.5669453502994648 0.024721183153228153 0.07175348665373613
9 0.9614427399832022 0.5309437939495741 0.010677585099550413 0.02900877756369082
