7 0.3140532307198973 0.7404067126289348 0.07688492063492064 0.06613756613756615
7 0.6160591808739957 0.7633581553334641 0.07330246913580254 0.05291005291005298
7 0.8877214606381273 0.7879055101277324 0.07247574955908284 0.061360964138741966
7 0.9443756875687569 0.4865560085420308 0.06497524752475244 0.10909424275760908
7 0.9220460736549847 0.3209309026140709 0.07288228822882291 0.10451045104510452
7 0.814425192519252 0.15043840693593172 0.08216446644664473 0.1627246057939127
7 0.6289012053379252 0.26934758693260624 0.06256875687568761 0.10313531353135313
7 0.6444811147781445 0.4381850222059243 0.04950495049504945 0.10955262192885958
7 0.5607229704451926 0.09664101330767995 0.07575757575757577 0.1781705948372615
7 0.26778229783037477 0.06671871575717729 0.05982905982905985 0.10256410256410257
7 0.30013948243114913 0.21223092750870529 0.04754273504273503 0.11467236467236466
7 0.3055703941120607 0.39306346945235837 0.02911324786324785 0.10683760683760682
1 0.33553281264027285 0.21635694407038328 0.12780732860520091 0.44030732860520094
1 0.6688138679173342 0.29089559131311593 0.15255614657210392 0.4171591804570528
1 0.941146203506278 0.30540090552528365 0.11202050264550252 0.39682539682539686
