9 0.22618006467140672 0.5725764530720207 0.07522833327288769 0.2777991172239058
12 0.5821992603387618 0.3805660583939808 0.3052078415845605 0.24665863179866082
7 0.646413079120537 0.819051578964919 0.014589169000933634 0.016230450513538837
7 0.7038091548183847 0.8233540602859228 0.01566554611936781 0.016148238016603228
7 0.6772366483803629 0.7503630274078014 0.01823418879493646 0.02117020224496867
7 0.7614156773820641 0.8227159176427774 0.01572388214545072 0.01801131975423912
7 0.7456674943512039 0.7549885950038194 0.015242183315007445 0.01856080896933475
7 0.7197130093221864 0.6527490223142396 0.0206585303839308 0.025425883549453385
7 0.7626823911905151 0.7503989637688144 0.011869592741084666 0.015972661836768126
7 0.8105656247796782 0.7532396545024372 0.01732345143408054 0.019511299337763424
7 0.7996796602238782 0.6538864443484623 0.020667989417989342 0.026730599647266363
7 0.7822078106604957 0.5071730785712029 0.026742581090407124 0.029905682079595153
7 0.8818046432260936 0.2814056943456175 0.033708795005732026 0.039904193580457985
7 0.9780268671650498 0.5153124028725197 0.026111530292868317 0.030507116774722374
2 0.9528653583829365 0.8585741154100529 0.05084325396825397 0.016947751322751323
2 0.9665798611111112 0.8099371693121693 0.021701388888888888 0.019014550264550265
2 0.9785353535353536 0.8372414622414623 0.04681299603174603 0.014467592592592593
2 0.991266298185941 0.8129606009070296 0.017981150793650792 0.02066798941798942
3 0.9850363756613756 0.8801020408163266 0.023561507936507936 0.09796626984126984
