13 0.9904283500774728 0.6439168166141851 0.02012670565302141 0.03161549707602336
7 0.2294548470535312 0.0763355872319688 0.049576398260608764 0.030715811965811964
7 0.40260093749796266 0.04045832599894384 0.04967011545958915 0.03184041835357625
7 0.5876990772824106 0.012070363632863634 0.05293755293755293 0.023677523677523675
7 0.7814030962179113 0.18811952936181334 0.03316064079952968 0.027350639329805974
7 0.6335733882030179 0.2111357174103237 0.03490449110527846 0.027203630796150492
7 0.49645999504038313 0.2337562740721907 0.03803288414272404 0.025743707093821535
6 0.5889901541620337 0.3037827348136982 0.051268452223106185 0.020800185627154574
7 0.6414935518709103 0.33093196112064033 0.03152595133727211 0.02316800076234035
7 0.6605361794041038 0.34185098716021145 0.027793659869131574 0.0192371831522775
7 0.7556410300835686 0.3141983009049904 0.03247887681849949 0.02412092624356773
7 0.7752195846186062 0.32434539313470134 0.026523092560828403 0.01911806746712404
7 0.7903701474876045 0.34007604354723997 0.023524262815252498 0.022464303298867547
7 0.8782345644459647 0.29754084128909203 0.03381845321391918 0.0237895326056535
7 0.8940108019138244 0.31061020650913596 0.024605840097023945 0.022739994402462927
7 0.9067897221996515 0.32485464460153657 0.02903722362160642 0.023527148054855868
7 0.7703867826467531 0.4335446413917612 0.026054488757590744 0.017797062202527532
7 0.8672605345351186 0.4229302434912298 0.02591349739000748 0.016871737509321447
7 0.9697236919459141 0.40987378747795405 0.02186213991769545 0.015817901234567937
7 0.9328887419165197 0.4744130291005292 0.022890946502057672 0.015432098765432063
7 0.8466592205150558 0.4833925847226764 0.022103870788081247 0.01544660261765532
7 0.9089069397333723 0.5232694534851251 0.019054093025172004 0.013402237053516251
7 0.984183859744828 0.5159881243101105 0.020702014584105654 0.01386571499196639
7 0.9566877885843401 0.5532751252578838 0.01749680715197965 0.011877394636015342
7 0.18597512010502204 0.30384235692140105 0.03528957879448074 0.023063044662309393
7 0.025662459111533188 0.3270788817663817 0.050055397277619505 0.043328584995251676
7 0.029023306050333066 0.3948972361134523 0.05457380457380457 0.04078597828597831
7 0.20531530885446544 0.39053162052973794 0.04504127621597502 0.03409471218206161
7 0.2079382344191581 0.45332719767960733 0.04392570281124498 0.034513052208835326
7 0.1574005334213203 0.5316366617173967 0.04093458714839563 0.031010269735214042
7 0.2368958239426039 0.5490033207967095 0.03781529374201785 0.0289601293103448
7 0.28900537112534785 0.4220681259302401 0.04079574624129079 0.0314218921892189
7 0.2925501589023602 0.4803248376361586 0.040737564322469985 0.03132742519534975
7 0.3590037600377335 0.44704323969464294 0.038295311559713344 0.03041399967175443
7 0.36315452982119645 0.5001789376789376 0.03753753753753752 0.029308154308154304
7 0.4652891249092229 0.4843444257847172 0.033738804163640744 0.027573529411764733
7 0.47098569157392683 0.5340466078823922 0.03313362381989835 0.02723311546840961
7 0.5148800021285652 0.5028436302681993 0.03142959770114944 0.02529334291187742
7 0.5182681116878837 0.5485454517364975 0.031828703703703706 0.025817169540229893
7 0.5605083619355272 0.5202181758530182 0.028707349081364828 0.024469597550306175
7 0.5633989971683647 0.5636650509412131 0.029892096821230618 0.02481135170603671
7 0.6286422350941764 0.5445652132923039 0.02752260134149893 0.02221402012248469
7 0.6334451249149413 0.5830098060659085 0.026702391367745732 0.021872265966754158
7 0.6028815453384417 0.6311841475095784 0.02567049808429113 0.019157088122605376
7 0.7085761065943994 0.6543487466124662 0.013550135501355006 0.016980013550135533
7 0.725267489711934 0.5406095679012346 0.012916666666666604 0.013194444444444444
7 0.7383265351224878 0.58310947881985 0.022796827181312866 0.01797592280307288
7 0.7432487820873152 0.61719286740366 0.02349946911498343 0.0189127787146337
7 0.792511111111111 0.5821458333333335 0.017037037037037017 0.013680555555555586
7 0.8215312198815916 0.6137249586947543 0.021513148836568886 0.01587670384138791
7 0.8255370755370754 0.6421565796565797 0.021848771848771913 0.015736890736890767
7 0.8840651745815346 0.6366734832992502 0.019787169582670572 0.014272324471710994
7 0.8874666532017134 0.6623928589461991 0.0178936605316973 0.013988298114064988
1 0.05034203368464692 0.35800810125698745 0.07877588055761775 0.15396869586735962
1 0.22943478144570492 0.4178741235593274 0.07139000063528365 0.13329045168667808
1 0.30718125093137816 0.4496396005307227 0.06695745332108971 0.12316345270890731
1 0.37974840585456116 0.46942852363960735 0.06172708725674823 0.11599576271186436
1 0.4837201820464529 0.5033188166980539 0.05467592592592599 0.10343750000000003
1 0.5317512456876852 0.5263541124905543 0.053351460470481615 0.09814145346681495
1 0.5766295602041687 0.5403477334214168 0.05169665701942037 0.09142600981502448
1 0.6438306538067493 0.5603688492942378 0.04865534324133054 0.08407790752535971
1 0.7525971868815379 0.598169264206955 0.0419444444444444 0.07055555555555557
1 0.832107858419587 0.6278194366504553 0.03671296296296294 0.06980709876543204
1 0.8942695972671698 0.6459803128371091 0.03314814814814811 0.05586805555555551
10 0.20907507219024796 0.6773795728165105 0.21189024390243905 0.12522732135216078
10 0.19769265232974914 0.7738317474540596 0.16033026113671278 0.02152137736815152
10 0.457634656375164 0.7097688681251549 0.1408333333333333 0.09718278272704768
10 0.45630991285403044 0.7795731209150328 0.09611111111111117 0.017708333333333333
10 0.6240137179638651 0.7306044460655419 0.10401068184087055 0.07987982929020664
10 0.6292150566259582 0.7822249051612258 0.055218628331835856 0.010341793950284422
