11 0.56255895948779 0.3579271329440233 0.8576612903225806 0.862036404228176
1 0.054140556566269135 0.22940881679132133 0.057189542483660136 0.12316176470588235
1 0.26512508873711776 0.25436724315194237 0.05392156862745097 0.10089869281045753
9 0.03633351488743645 0.4961873638344226 0.029275599128540303 0.06408292483660129
7 0.04270448798561249 0.20490421281083931 0.03904506916555109 0.030678268630075875
8 0.010716230936819171 0.5425718954248366 0.01633986928104575 0.0847630718954248
7 0.03989434821884451 0.2619152821963002 0.040198735320686546 0.029471544715447155
7 0.8250941619585689 0.05882563661671989 0.03648775894538603 0.026777306967984933
7 0.25166095478595485 0.24291463744588743 0.03697691197691197 0.029085497835497798
7 0.2522608728282487 0.2961503011370032 0.0369385342789598 0.028627364066193827
7 0.36860738447425767 0.1378246474028208 0.02750544662309372 0.0167483660130719
7 0.21215180697939323 0.16364424769597183 0.02815315315315314 0.020958458458458454
7 0.2895325881436992 0.1495714464464464 0.030030030030030047 0.020645645645645652
