6 0.04003227817661507 0.2580864283341266 0.06259680134680135 0.044722222222222247
6 0.08669281045751633 0.2070008169934641 0.05597222222222222 0.0356597222222222
6 0.4313674428104574 0.05559359681372549 0.06287037037037035 0.0495138888888889
12 0.2531321856779175 0.9295503626201039 0.05194218608852755 0.047086720867208796
12 0.5299537119685155 0.9309337660534429 0.08453821572633455 0.06620304887631616
10 0.1484110919176373 0.8272018541714423 0.2420267489711934 0.21151620370370366
10 0.8023335011933018 0.7810973755388082 0.39512812230835487 0.28686384225952566
7 0.18225941641783222 0.6457351092252084 0.050696736340300703 0.03650990099009898
7 0.3024061119164163 0.6270417113085859 0.05344775669978924 0.0386178861788618
7 0.765913486500519 0.5598724485656802 0.06516203703703694 0.04947916666666675
7 0.02367293109132872 0.5033918562479395 0.049318606440268156 0.03724653808110787
7 0.14131908029904386 0.4741604340306526 0.05405450988328948 0.03946569520340017
7 0.11736678372886945 0.5409586369473066 0.05572702331961592 0.04115226337448558
7 0.27712946567536684 0.4382693338867998 0.05774290995130458 0.043989802902564414
7 0.2502563181488217 0.5085892305216916 0.058607051181308586 0.04415173660223167
7 0.5717202644832142 0.3610423561255598 0.06679894179894177 0.05078524772740951
7 0.5564100686051904 0.4423636816929499 0.06525756525756524 0.051541926541926526
7 0.8003430259527821 0.30093660733904637 0.07655826558265577 0.05730578139114723
7 0.7910307611848048 0.39328079684305606 0.06850346281240592 0.05922538392050585
1 0.10621007796149042 0.49608971748802266 0.11935011935011935 0.1501501501501501
1 0.2423024475996995 0.4595278696918905 0.11902553638780683 0.15593118159896124
1 0.5440464313921102 0.3818863871773925 0.11054421768707474 0.18353174603174602
1 0.7732885715609293 0.3135643045132376 0.1056910569105692 0.20240514905149054
