7 0.022036210317460315 0.7825727513227513 0.03447420634920635 0.08300264550264551
7 0.1574145962732919 0.4974120082815735 0.03273809523809524 0.059854497354497355
7 0.18257642563198118 0.413078091318832 0.036458333333333336 0.07208994708994709
7 0.19934275793650794 0.3137626262626263 0.0441468253968254 0.09126984126984126
7 0.7191390445066915 0.43755187260089223 0.041666666666666664 0.08002645502645503
7 0.6536357786357787 0.5004111254111254 0.040674603174603176 0.060515873015873016
7 0.9662267080745341 0.6463868760064412 0.035962301587301584 0.06382275132275132
7 0.8214285714285714 0.7553571428571428 0.022817460317460316 0.02414021164021164
7 0.7742022156084657 0.7491181657848325 0.025049603174603176 0.027116402116402115
7 0.6865389384920635 0.8227306547619048 0.019593253968253968 0.02546296296296296
7 0.689339451058201 0.896604938271605 0.031746031746031744 0.040013227513227514
7 0.7093329124579124 0.9529721821388488 0.06125992063492063 0.08333333333333333
7 0.7890046296296297 0.9113756613756614 0.029017857142857144 0.03869047619047619
7 0.4991496598639456 0.868598828420257 0.032242063492063495 0.042328042328042326
7 0.38132440476190477 0.8528202947845805 0.031746031746031744 0.04365079365079365
7 0.2564033189033189 0.835467772967773 0.03273809523809524 0.04398148148148148
7 0.22753684807256236 0.9304138321995464 0.03373015873015873 0.016865079365079364
7 0.22817460317460317 0.8972663139329806 0.021577380952380952 0.007275132275132275
7 0.3548044217687075 0.9432161753590325 0.027281746031746032 0.015542328042328041
7 0.3549520502645503 0.9118165784832452 0.022321428571428572 0.008597883597883597
7 0.9740197934071289 0.8689983059500601 0.018492411584516737 0.028427550357374938
6 0.06492773261065944 0.16819608327208188 0.02964092140921409 0.05914741687099413
6 0.2728767658825047 0.23217733344466962 0.03387533875338752 0.04758678539166343
6 0.381334267535222 0.25973430886827853 0.03367369983223641 0.04516711833785006
6 0.48409333128635057 0.2860862284047034 0.037504839334107636 0.04543597023271819
6 0.6459961109351353 0.33423178748382 0.03569008904374749 0.041134339914827754
6 0.7375279605970662 0.35957447316977587 0.040327784230223235 0.039521228545618785
6 0.8246607372088758 0.38461386075849063 0.04315072912633889 0.033606486858519344
9 0.27521192250612986 0.19592581838516798 0.021978642405471704 0.046511377812190814
9 0.3509292762341543 0.23274301729586283 0.021575364563169445 0.08146212414505098
9 0.4346286617628081 0.2571299522519035 0.032060588463027485 0.07554738245795158
9 0.640286063304356 0.299415467098394 0.01713930829784486 0.04919989676087236
9 0.7290346848273678 0.3249197354888412 0.016736030455542655 0.05215726760442205
9 0.7861055953109454 0.3515975699951571 0.021978642405471645 0.0739342710887426
14 0.7994869869869867 0.7292292292292292 0.14970327470327466 0.07418132418132413
14 0.7809228233335378 0.7663275520418378 0.08021414271414265 0.04856046522713188
14 0.7062007062007061 0.752446585779919 0.027706277706277732 0.027706277706277694
14 0.6876448282698282 0.7967653800987133 0.06792506792506793 0.06315839649172987
12 0.8560589728849289 0.9289733107640551 0.09117203219315897 0.13180937476712126
12 0.5502701035271459 0.8976042866887936 0.07684998882181987 0.18490573068037858
2 0.25323235710559655 0.9063951610899967 0.057986809747373115 0.06008271853342288
2 0.2612681296109994 0.8242743498025189 0.037377040017885055 0.07731574632983093
2 0.3770112961720943 0.92538254216658 0.05030181086519117 0.04610999329309189
2 0.3840855591062717 0.8349388268609478 0.03004135926671137 0.07964453386988597
