9 0.08534292574716008 0.4339988298961532 0.014150943396226405 0.04446191474493362
12 0.18327875682939848 0.43566493026009595 0.027574949775923348 0.044557770566115464
10 0.24170673543152169 0.4265932384093608 0.10303133514986378 0.10929741295717171
7 0.3612998327008611 0.43539430910896204 0.011960868323336152 0.015293249547748224
7 0.37644399475112045 0.4404524946921443 0.01080001179523475 0.014694896595108907
7 0.07967080787296836 0.024057446896953067 0.019991582491582487 0.02400548696844993
7 0.23048003115975074 0.11361117444393778 0.01455269607843136 0.019346859114015975
7 0.275978978978979 0.10337937937937941 0.015611111111111084 0.018518518518518517
7 0.049027877007753164 0.15874315313169798 0.018345141700404854 0.029427200479832057
7 0.051091492977457895 0.21375070808550342 0.01925888439046334 0.03111411006147846
1 0.05822053003488673 0.1818544575669162 0.030197020328599267 0.11492852501624429
7 0.1169101709814658 0.17798826124106948 0.018109742185717554 0.028329150505741876
7 0.11751869939754947 0.2305154230205565 0.019607004334930404 0.027853829188531427
1 0.12553647959736694 0.20124691864051902 0.02991210996550095 0.11013226268083669
7 0.22252668392374272 0.20923921659215777 0.01660314160314162 0.024928774928774912
7 0.22217435046382408 0.25760071812703383 0.01754158004158006 0.02541002541002539
1 0.2293962577896097 0.23086773952424922 0.02645044629116649 0.10227505899251055
7 0.2754105436441018 0.22576442981164738 0.01610221097995128 0.024124039722690643
7 0.27563682180039684 0.2712257918834647 0.01668774592467679 0.024202111048654044
1 0.2816782228795152 0.24665235982510292 0.02500180844907405 0.09837962962962964
7 0.3225904408906658 0.24020975623299462 0.01440469001610304 0.022141706924315597
7 0.32289226809154337 0.2832979553994046 0.015788546698872787 0.02398684916800862
1 0.32951127601263475 0.26148439758041203 0.025223933172302735 0.09326355340848093
7 0.45754825367647045 0.21924481598194837 0.011488970588235345 0.013276143790849678
7 0.4955740696816362 0.21324627521259398 0.009344362745098067 0.013071895424836607
7 0.5165094022653061 0.08708138742100466 0.02087027186761227 0.04473003001436981
3 0.5398357768813292 0.07668022045700833 0.05420638968443904 0.13658559056569003
7 0.5805568499534017 0.11838562700631668 0.020645645645645614 0.04016516516516516
3 0.6014777213636999 0.08859272200985402 0.05554519315514376 0.1501029677235309
7 0.6383663136380526 0.147533960939758 0.020128824476650604 0.035829307568437996
3 0.6615154166114211 0.10391171046080834 0.041496438533253785 0.12007212471145426
7 0.6943254716083225 0.1385636964701553 0.022117050235090276 0.029386290522147994
7 0.7318821366705556 0.15977304061936573 0.021421059143776393 0.027942753443867027
7 0.6620429189873633 0.018686777946037205 0.02387804471137803 0.033227672116561004
7 0.732129807253129 0.04196228291870933 0.022471910112359536 0.032147315855181026
7 0.7681765932827868 0.06763141601453466 0.02145755305867662 0.0297544735746983
4 0.5180997720113805 0.3060032769394907 0.07619598765432103 0.17605452674897118
4 0.5579796526237875 0.31006431417195757 0.07065041398167785 0.16051886910575217
4 0.5951969538889963 0.31810857140724275 0.07171193465022015 0.1535832495581999
13 0.7066783835905739 0.3116572774015607 0.028552295117011933 0.04326275305251349
13 0.753111338644943 0.3038757839348681 0.02220786148038722 0.046296296296296294
11 0.8492577798247113 0.4301251381466188 0.18675412614774572 0.35915438955365087
