7 0.10035561294554098 0.15556785340958001 0.022981614708233417 0.01648681055155876
7 0.11271286001501828 0.0848979906983504 0.028310684785504928 0.03896882494004796
7 0.3682054356514788 0.046697017386091125 0.043631761257660544 0.03796962430055954
7 0.46376057049097547 0.028227418065547554 0.04229949373834269 0.053707034372501995
7 0.5110134114930278 0.15479283240074604 0.02298161470823343 0.013489208633093537
7 0.5958487178511157 0.0567165315366754 0.04063415933919535 0.057703836930455624
7 0.6569616101990202 0.113293980200455 0.036304289901412254 0.03247402078337329
7 0.5534572342126298 0.1709132693844924 0.01965094590993875 0.027977617905675465
7 0.7236937722549233 0.19146046798924496 0.016986410871303047 0.01898481215027977
7 0.7526723719063965 0.19842949170075702 0.021316280309086038 0.022981614708233403
7 0.7888689048760991 0.2080974109601208 0.01965094590993875 0.01998401278976816
7 0.9131306066258104 0.3319427791100452 0.012656541433519847 0.008743005595523575
7 0.875226185418032 0.3353848752829569 0.014660943917538744 0.016787620954287596
7 0.7572809737842418 0.3040448536772067 0.018490712935157364 0.018560226893560225
7 0.7218329440551663 0.3137698710615377 0.016266266266266302 0.016161995328661995
7 0.7292267014489237 0.3670052628385962 0.01292959626292966 0.013033867200533835
7 0.7287247565025342 0.3895636708136709 0.014458903347792257 0.011782615949282633
7 0.7799267521489742 0.3942484150817484 0.01459793126459793 0.012303970637303981
7 0.7810153903903906 0.37229938271604934 0.01376376376376369 0.01199115782449122
7 0.8636087067459616 0.38180950558401544 0.012929596262929555 0.010948448448448446
7 0.8632590924257592 0.4037305534701368 0.013207652096541003 0.01073990657323986
7 0.9079820561302041 0.40728228228228236 0.013485707930152347 0.012095428762095396
7 0.9076704910038244 0.3862596570929903 0.012095428762095422 0.011156990323656954
7 0.9510065621176733 0.39190579468357256 0.012651540429318212 0.010844177510844193
7 0.950093612130649 0.4121540522003485 0.012790568346123883 0.010010010010010006
7 0.5710229680481396 0.37462227894150085 0.013242647682006939 0.012712941774726656
7 0.5731206034409695 0.34912121789982203 0.013348588863463028 0.012871853546910748
7 0.24367286667057833 0.33875711435780087 0.021294177472667153 0.01517607424357996
7 0.24559814391050094 0.31036958905415707 0.021612001017035313 0.014778794813119746
10 0.22487455020994754 0.43935410421478555 0.11249187784275505 0.06563718323586742
10 0.5136026323713531 0.4662799232158988 0.043859649122807 0.037920321637426944
10 0.7273921518772776 0.46956773349436387 0.047311565951916795 0.04294590643274855
10 0.88023088023088 0.4776599801270851 0.08711013645224171 0.04827607212475631
12 0.8276522859856192 0.48157350547056427 0.021472264119323 0.01877513826043232
12 0.21115857921413478 0.4402430704514038 0.015710154599043485 0.0284659659659659
6 0.9087429389361755 0.22063108657311556 0.019726247987117588 0.010869565217391278
6 0.8701019860440151 0.21124326121963166 0.022141706924315625 0.010466988727858291
6 0.8239665868189914 0.20626036484245439 0.005922767116796918 0.0075515280739161025
9 0.7552617878923098 0.4801915997322623 0.009900713966979002 0.019871151271753717
4 0.35134657997905855 0.33821407699612827 0.07439062994618553 0.13235992402659072
4 0.44611549419241747 0.345709830886113 0.0763691041468819 0.1249406457739791
4 0.5344254510921178 0.3499471207804542 0.08230452674897122 0.1207858499525166
1 0.2460496465126095 0.3235942940804052 0.022702991452991456 0.06109775641025641
1 0.5768622007938249 0.3592557208342465 0.022554605887939227 0.0526397792022792
1 0.734296567629901 0.3770609695088861 0.023890075973409353 0.049412393162393146
1 0.7852248388595906 0.38224042628962834 0.023148148148148147 0.04785434472934469
1 0.8691225743217688 0.3915359610293452 0.022978357330435666 0.04473988046726439
1 0.9125011319387847 0.3957433441999457 0.022638775695010497 0.04355134474327629
1 0.955408982645009 0.40152172058907143 0.02320474508738557 0.042787286063569734
3 0.2955061728395062 0.12375 0.07259259259259257 0.13083333333333333
3 0.46520908004778966 0.14931899641577057 0.06592592592592597 0.12444444444444444
3 0.6086165577342049 0.17824346405228755 0.06259259259259262 0.12055555555555557
2 0.37811594202898546 0.08382850241545894 0.07925925925925922 0.06694444444444445
2 0.3706552706552707 0.033141025641025626 0.04481481481481479 0.05138888888888889
2 0.5318518518518518 0.06966049382716051 0.04814814814814815 0.04583333333333333
2 0.5410934744268078 0.11537037037037036 0.09259259259259259 0.059722222222222225
2 0.6805882352941177 0.14787581699346405 0.08592592592592599 0.05194444444444443
2 0.6682846003898636 0.0964766081871345 0.052962962962963 0.06083333333333333
