6 0.23492260800507261 0.2330617707715343 0.057031669350509955 0.059547772410091244
6 0.34007462575296726 0.21005965959921277 0.0413759169797817 0.05032206119162643
6 0.5615622523835084 0.17596846004907596 0.0550187869028448 0.04965110037573807
7 0.9783587978938223 0.16174397093781154 0.039168455895508957 0.046464036500268376
7 0.8643093576668457 0.1875 0.023930935766684636 0.030360976918947933
7 0.7589125961710506 0.2011624396135266 0.05322955806047589 0.0421027911969941
7 0.12143845270980888 0.1948241100768496 0.06128108785113616 0.05887681159420289
7 0.1784145805884936 0.5608393719806761 0.03891572732152442 0.029186795491143315
7 0.10829028001431382 0.5873632917337627 0.04584898908570408 0.03505770263016643
7 0.11279596827100853 0.529535491793946 0.03153515834675256 0.039922168545357
7 0.0889694041867955 0.5358964036500268 0.005814993737699055 0.006541867954911456
7 0.023150527441821514 0.48575778600061675 0.04249418500626231 0.04227053140096615
7 0.08580404786713398 0.6452472293265133 0.04674360350688854 0.03505770263016643
7 0.08433977455716588 0.7190519323671497 0.042717838611558416 0.030864197530864206
7 0.834849469352393 0.7254812378167641 0.05096653671215079 0.02756457115009757
7 0.6431315216144937 0.7175836343309254 0.04873294346978559 0.037615740740740713
7 0.4744892596414784 0.7188377909643388 0.04710851202079275 0.035483674463937596
7 0.36759735102815017 0.57175064485006 0.047387454794862234 0.035774410774410764
7 0.35520418418021904 0.6379907462423801 0.04333458037161738 0.037995697717919955
7 0.44708054481717024 0.44135691126431864 0.04536101758323978 0.04080153385708943
7 0.5654624383906567 0.5348293689060324 0.038807189542483626 0.03421160130718953
7 0.5382430750077808 0.5651783282757546 0.0490196078431372 0.038807189542483654
7 0.5299472730268577 0.631951309935739 0.040369088811995316 0.040248942714340624
7 0.7258197396605702 0.6239015213928707 0.038767140843265435 0.04181084198385234
7 0.734052607971293 0.5554454216327054 0.04453415353069332 0.041089965397923894
7 0.8068647540983606 0.6371432908318155 0.018404675166970228 0.01109972677595626
7 0.6234567901234567 0.6400085547504026 0.02066559312936123 0.012177938808373609
9 0.3031045751633987 0.17258986928104578 0.011437908496732044 0.011233660130718961
9 0.3109438219732337 0.1967057656395892 0.029411764705882342 0.014910130718954267
9 0.3217320261437909 0.16936274509803922 0.010893246187363823 0.007761437908496719
9 0.5853304284676834 0.1149918300653595 0.025054466230936875 0.019199346405228745
9 0.5717743887678528 0.15078068264342775 0.024237472766884594 0.018586601307189553
7 0.6814892623716154 0.09442110177404296 0.06072984749455341 0.047589869281045756
7 0.791727184701041 0.07545842411038489 0.028050108932461838 0.03451797385620916
14 0.7470043572984749 0.037632761437908495 0.06726579520697167 0.027777777777777773
14 0.6501188354129529 0.07385992275698156 0.1132897603485839 0.07475490196078433
7 0.9327185119516678 0.0450034475965327 0.06624310480693457 0.05152925531914894
14 0.7398284708790028 0.1832109324629272 0.10736800630417644 0.06815159574468083
14 0.8184347911741527 0.14761561761229314 0.0630417651694247 0.022532505910165472
12 0.7997291689436017 0.9753779918924559 0.04805160610847818 0.05589948657187986
10 0.5308852119111662 0.9011370396234221 0.31949266975308643 0.1633029513888889
1 0.08451168173390397 0.5948141364808032 0.09338398227287116 0.12686965811965806
1 0.3448274440751292 0.5897754308127573 0.08032605254827474 0.14007597340930675
1 0.5179534307187244 0.5840039027070864 0.07340139284583728 0.14645655270655272
1 0.7095918359468496 0.5702638222963426 0.06805951250395689 0.15684354226020897
