6 0.1348540008341542 0.69103535689671 0.024237059517787905 0.018897881189231792
6 0.07995839319923374 0.7597980523627077 0.019306752873563218 0.019057311621966732
6 0.032569352343059244 0.7618473081835153 0.015490301724137935 0.017361111111111112
7 0.011673850574712643 0.6517123864765149 0.012946000957854406 0.016463122605363912
6 0.021351037312783004 0.5853705880645538 0.03157926245210728 0.025043901660280903
7 0.059076758969000345 0.5324709015441775 0.015939295977011495 0.01616379310344832
7 0.08126599049707604 0.5095021362673927 0.04310344827586208 0.04669540229885056
7 0.00579821971730184 0.42790153277270815 0.014995974235104669 0.04025764895330115
7 0.2868125232255667 0.4061738717535818 0.049354329245633606 0.06224451876625789
7 0.2449738153240568 0.5002156250143367 0.04888981791155705 0.06162517032082243
7 0.3352346626803148 0.48012173012173015 0.05341880341880341 0.0687476774433296
7 0.4393974278189779 0.45312070831919615 0.057251021924934996 0.07354762789545398
7 0.40820868945868954 0.3267114662042197 0.04401244890375327 0.06286386721169329
7 0.49604565996571587 0.3166518822199046 0.07002508361204013 0.12123745819397992
7 0.6264457915273132 0.22954085635245056 0.058876811594202945 0.09940542549238197
7 0.7245837646652864 0.27135756755321977 0.06607673727238952 0.08593459680416202
7 0.6779661806580498 0.3988699554243631 0.06485084306095988 0.08826920305519528
7 0.86310971372985 0.3568790789121529 0.07471357544314748 0.09673584089926505
7 0.8587216248506573 0.6586247782484341 0.04666965352449226 0.074173636001593
7 0.8315865548728452 0.6317026511918985 0.040695937873357166 0.06222620469932291
7 0.8576575567502985 0.5005227001194742 0.06123058542413386 0.045798486658701745
7 0.9151707072708858 0.21086559210816047 0.07363505747126438 0.0981800766283525
7 0.4537142878489032 0.6565283007590699 0.06531662781662778 0.08417508417508415
7 0.3959522278487796 0.7902298850574713 0.06847319347319349 0.08870758870758874
7 0.6003248918075683 0.9877908195786366 0.021940418679549132 0.02516774020397221
7 0.570908576796258 0.985518908314802 0.022745571658615186 0.03160896403650024
6 0.5308927133655394 0.9884796027911967 0.02645430756843802 0.021007783145464348
6 0.21410475083720698 0.7636077372919478 0.01384671614934775 0.016306792622582174
6 0.23003951457898827 0.7570049346365134 0.01848571749887537 0.016494227020542793
6 0.2404549032838506 0.8969360723746688 0.017150247413405297 0.021086369770580298
6 0.28618410834653496 0.8336180743225752 0.005843661665579466 0.00652315720808874
6 0.29879191601198757 0.8240606811184533 0.027111872146118703 0.018754076973255103
4 0.7644741131977045 0.8565184315771167 0.41180555555555554 0.25570987654320987
1 0.24907289842585362 0.4258636801444346 0.13110269360269358 0.2152076318742985
1 0.3377988992566123 0.3949615438348813 0.1375469672571122 0.2343889783503311
7 0.37632179280730005 0.37684737877974595 0.05250268384326359 0.06709608158883525
1 0.4438416025162669 0.36217428398116497 0.14610171765968868 0.2554124172481661
1 0.670429763645224 0.29724861923326834 0.1828703703703704 0.32067901234567897
1 0.8605620483288173 0.2266881210478772 0.20069444444444445 0.36604938271604937
