7 0.011395364483466208 0.5513646404503203 0.010691038449894037 0.015516197396306308
7 0.013168944538154346 0.3880130617187838 0.010217983651226158 0.019426783731960818
7 0.06620874962155615 0.5011164093248561 0.01967907962458371 0.02270663033605813
7 0.049335976617992966 0.439460630196325 0.00520360278534665 0.007316580886063188
7 0.05033303057826218 0.43083728596898446 0.005392824704813807 0.005802805530325951
7 0.05280868402462408 0.39830688431392347 0.010407205570693308 0.02068826319507522
7 0.06709308382753645 0.35877960024457867 0.011353315168029059 0.023211222121303856
7 0.1083132366605072 0.373632817257735 0.011542537087496207 0.022202038550812403
7 0.08966686129492668 0.40843100788604875 0.009082652134423252 0.018291452215157943
7 0.14602728580078717 0.3899737612271673 0.009555706933091122 0.01248864668483194
7 0.13457514053563102 0.3236751738114136 0.014002422040569189 0.026238772832778277
7 0.17830012257888245 0.3398056460128635 0.012394035725098403 0.024598849530729622
7 0.12722058456547508 0.5256098321791752 0.007096512570965135 0.011658556366585533
7 0.13351898317112731 0.5058694072722357 0.007476682887266822 0.010982698026493647
7 0.14985838655717762 0.5017086543660447 0.007223236009732344 0.01284130846174639
7 0.143007400648824 0.5228971150503996 0.0076034063260340705 0.011996485536631478
7 0.17051905920519056 0.5186762187978733 0.00874391727493917 0.013517166801838383
7 0.17093302243849687 0.4331576101649094 0.008490470397404692 0.014868883482022158
7 0.21832011510387422 0.35616434795266905 0.011024939172749389 0.022810218978102204
7 0.22736719383617188 0.27679778318464443 0.015460259529602558 0.031427412814274136
7 0.2729005500447106 0.29466990385481867 0.014446472019464727 0.030413625304136254
7 0.3134420389147712 0.31647940074906367 0.014279026217228482 0.02850603412401161
7 0.34831097755712315 0.21207018358834395 0.018726591760299626 0.038389513108614236
7 0.39659688781879804 0.23796333452232335 0.015761548064918824 0.036933000416146465
7 0.43853386392009974 0.26450010403662083 0.016541822721598008 0.033707865168539304
7 0.18908147566205113 0.5165108150475919 0.008173344462993903 0.014375811537748164
7 0.19542279828520784 0.4907098250170036 0.008637080319050286 0.013216471897607107
7 0.2091738545724355 0.5125730383973289 0.00910081617510663 0.013912075681691742
7 0.22132816677032527 0.44918273375015005 0.007593674642923373 0.011361528473381573
7 0.20005049568210387 0.4433872984466566 0.008695047301057338 0.009352006430470565
7 0.21741965776293823 0.4857971232919062 0.009216750139120775 0.014375811537748164
7 0.23358988837605163 0.48903673879123155 0.00852114635503614 0.011593396401409732
7 0.24803819570459618 0.5046958296032841 0.011535429419402731 0.016076176343288173
7 0.27267565919829295 0.5027333231722807 0.01004991617131535 0.013526901386983755
7 0.2990108056444648 0.49912466764890173 0.010478585581466268 0.01460651323477104
7 0.3084113461523035 0.4715731181329334 0.010573845450388654 0.014543006655489474
7 0.3143202918431045 0.4410918492894995 0.011240664532845597 0.014733526393334325
7 0.30638387001311707 0.3871282832645487 0.010692604856512133 0.021691807701741454
7 0.3378388865894039 0.39945885454991426 0.011037527593818987 0.020772013735589897
7 0.350809447370042 0.4908619990555966 0.011327066395663958 0.01658480126467928
7 0.4008710786346047 0.35765904274921684 0.011854788557213978 0.023407269209508023
7 0.4548039136520241 0.4043267554653213 0.03139131136950905 0.05638996554694231
7 0.43473433462532285 0.41458905307924204 0.0116077196382429 0.017764857881136964
7 0.49812257751937977 0.41667563881711167 0.011405846253229946 0.015611541774332502
7 0.5063259778012685 0.3162193641844805 0.009790859173126639 0.011574074074074073
7 0.525005383290267 0.3141224638721409 0.011708656330749297 0.015746124031007752
7 0.543517526859785 0.3077187882496939 0.01130490956072347 0.018034022394487516
7 0.5279229875632088 0.1126672085434305 0.024087740877408788 0.05022550225502256
7 0.5761210324367398 0.1487554183717938 0.02178146781467818 0.0384378843788438
7 0.6168350899195265 0.18523543078568044 0.021525215252152525 0.036729533962006296
7 0.5719557195571956 0.32622984960008333 0.012556375563755592 0.017425174251742493
7 0.5984836837004733 0.34363468634686345 0.011403239032390329 0.015375153751537491
7 0.5894541088268025 0.4353120912161502 0.013197006970069699 0.020841875085417513
7 0.5916332189637686 0.39646317515806734 0.013325133251332567 0.021012710127101285
7 0.6264488125650487 0.4142749760830942 0.01114698646986467 0.017425174251742545
7 0.5845727865173388 0.47788855081533266 0.008328208282082824 0.018791854585212566
7 0.6155247564380405 0.47291207039054517 0.005893808938089428 0.02015853491868248
7 0.6963033108866443 0.2555298353909465 0.01494984567901238 0.024434156378600795
7 0.7284874935699588 0.24607767489711938 0.01572145061728397 0.024819958847736613
7 0.7536844135802468 0.2715586419753086 0.013792438271604921 0.02289094650205762
7 0.7773363307217471 0.2979334836973726 0.013985339506172857 0.018647119341563757
7 0.7750437737416904 0.330514007597341 0.020640432098765395 0.023019547325102856
7 0.7061792695473251 0.3541152263374486 0.017264660493827143 0.013117283950617302
7 0.8556425323252245 0.042404028782233906 0.01880787037037032 0.02463200379867047
7 0.8842945008309593 0.09851564973092751 0.01691595441595442 0.025225546058879385
7 0.97060649837794 0.39493359691808594 0.008237023519870155 0.017065423087320897
7 0.9867637368207625 0.3920541587816527 0.010137875101378787 0.019768856447688554
7 0.9705287362677872 0.4736077318194106 0.004055150040551483 0.014361989726953295
7 0.9719985926243977 0.43130695100424593 0.009377534468775334 0.018079210597458782
7 0.8101305904961565 0.41757657815047755 0.003439465408804981 0.01550489168413694
7 0.8208983430091921 0.41340778369080255 0.008516771488469506 0.022056254367575117
7 0.793169840437922 0.3828422237751378 0.009335691823899437 0.021837875611460545
7 0.761783093740641 0.38759109513826484 0.01719732704402522 0.011792452830188701
7 0.7465363979918349 0.4260684467983376 0.012447589098532478 0.024895178197065007
7 0.7264005357558816 0.3936641043559282 0.009827044025157269 0.019435709294199858
7 0.6909230870020965 0.40251572327044016 0.014412997903563884 0.010482180293501044
7 0.6788246165728785 0.4378264187722976 0.013266509433962249 0.02358490566037735
7 0.6355297584115807 0.5058766953573292 0.0033010563380281768 0.010758998435054705
7 0.6048833062477428 0.5093595762609847 0.0062353286384976055 0.013204225352112707
7 0.5748204504806619 0.5124031224383337 0.006846635367762133 0.012389149713093338
7 0.6049229404202997 0.5311032863849766 0.00489045383411582 0.01222613458528959
7 0.5757164514866979 0.5345592070944184 0.004768192488262931 0.010595983307250851
7 0.5262692608643313 0.5165949400104329 0.005868544600938937 0.010269953051643252
7 0.5259016218523263 0.535949281547873 0.005379499217527379 0.010106937923839293
7 0.4991777924491393 0.5423513302034428 0.00501271517996871 0.005705529473135163
7 0.4999711018637075 0.5190994451557833 0.005134976525821599 0.011574074074074073
6 0.6925721677559913 0.0051742919389978215 0.017565359477124235 0.007625272331154685
6 0.43311310031258876 0.1413872312209908 0.025531045751634056 0.014978213507625255
6 0.400975063938619 0.1593492469451549 0.024918300653594766 0.015250544662309367
6 0.36745983115468406 0.17497276688453162 0.023284313725490176 0.012799564270152497
6 0.3185458951340099 0.2021044756700494 0.022085610200364297 0.015938069216757726
6 0.2929337926665082 0.21673794250415768 0.021402550091074703 0.013661202185792332
6 0.26962659380692167 0.23008500303582272 0.020377959927140272 0.012143290831815428
6 0.23316744730679154 0.2508413565790615 0.02618397085610202 0.014723740133576224
6 0.21300512716724007 0.25943915986417504 0.021744080145719498 0.015482695810564662
6 0.19430312166321206 0.2718840943826812 0.02481785063752279 0.011687917425622366
6 0.03924777979614492 0.4611338177414472 0.004541326067211626 0.008578060349177534
6 0.07630373902512866 0.46666330272143175 0.004541326067211622 0.007568876778686026
6 0.4107992541152264 0.5012538580246914 0.009934413580246906 0.006687242798353968
6 0.38326581790123454 0.5020704732510288 0.008680555555555556 0.005915637860082328
6 0.41792052469135804 0.501977237654321 0.004147376543209841 0.004501028806584444
8 0.972786864788099 0.6599214216747753 0.008067577828397848 0.015713321521977578
8 0.7750759660589381 0.6443211787639033 0.006059368191721148 0.022694262890341314
8 0.7647455973129992 0.6417710602759622 0.002859477124182932 0.014615105301379782
8 0.7558399903171146 0.6416928911482287 0.001429738562091466 0.017701525054466236
8 0.7493271818531333 0.6373456790123456 0.002927559912853894 0.011619462599854715
9 0.2872926201372998 0.22283403254513096 0.00794558860920418 0.010276294601237386
9 0.2870060114053249 0.20675935006598617 0.010647088736333564 0.011865412323078212
9 0.30271870643625554 0.205478401150302 0.010647088736333604 0.029451648444783457
9 0.3242906859540155 0.1895363408521303 0.01048817696414951 0.020870412746842933
9 0.3875152807674932 0.15452399301956823 0.012475417895771872 0.031383153064569
9 0.4191849031579429 0.13694899880328978 0.012536873156342191 0.035316289741068506
9 0.4415247398007458 0.12180819156107184 0.01136922320550645 0.034824647656506044
9 0.7184254932502595 0.5830352678743126 0.008058584285219834 0.023797161647628948
9 0.8965082409775507 0.5798719648890152 0.0068763616557734825 0.025236020334059545
9 0.9932692528339989 0.5831880000611931 0.007099339116067761 0.017898939832025357
4 0.6259277643170159 0.6097756290413445 0.014143147724383454 0.05498347317569291
4 0.6162944871468898 0.609498632000539 0.01048817696414951 0.05519535553860498
4 0.593568032995294 0.6054521152806784 0.014699338927027681 0.052440884820747526
10 0.1412665919895662 0.5856323712959457 0.04121702637889686 0.05120903277378101
10 0.20635459533607683 0.5856995884773664 0.052638888888888895 0.057222222222222285
10 0.28984700520833323 0.5840907118055557 0.06451388888888891 0.06796296296296295
10 0.37990039925246355 0.6098864537320194 0.01497196738022429 0.028882093102276518
10 0.38435544962123486 0.5640086479715909 0.01189262657152565 0.021378412051194888
10 0.4152337167118002 0.5810583465187613 0.03918195718654434 0.07956733491901684
10 0.5205451191689723 0.6062407973722959 0.008919469928644237 0.03015630309208293
10 0.5230867972967871 0.55736461912133 0.00881328576282701 0.016989466530750973
10 0.5437160210669385 0.6097094801223242 0.00180513081889223 0.03128893419413293
10 0.5698324993049766 0.5762975776567348 0.04268603465851173 0.08692943708234227
10 0.7755429858125645 0.5707578451118759 0.10926350662589199 0.11382942575603118
12 0.03056469298245614 0.49009096816114356 0.054672270955165685 0.0452810266406758
12 0.10644480745514578 0.466249121480951 0.057565789473684195 0.059494801819363216
12 0.39884503189599485 0.39005302540913006 0.062378875968992276 0.09313092161929369
12 0.534379733582821 0.3549676631322582 0.06722383720930236 0.11412575366063737
12 0.8532572830518036 0.2590357384877933 0.08061383061383066 0.1719114219114219
12 0.9539237741262387 0.5486681664058426 0.007213419405320881 0.020050860719874736
12 0.8999126097162687 0.541940248576807 0.018339201877934228 0.022007042253521073
4 0.9621931959403482 0.606675181809813 0.016994327073552522 0.07286776212832546
1 0.9619426729893986 0.48458379890805686 0.018510853568800518 0.07113073338238898
1 0.5861273462376404 0.4137338696162225 0.01953125 0.07914624183006538
1 0.6313602340445982 0.5172940295399205 0.012765522875817068 0.054636437908496725
1 0.6013988009419451 0.5180499487376647 0.012765522875816988 0.05242374727668846
1 0.5712467982688569 0.5201939071424365 0.015190972222222222 0.05038126361655781
1 0.5229902665089025 0.5242961648260837 0.011361315359477134 0.04255174291938991
1 0.49721451080432155 0.5291248443821973 0.0089358660130719 0.04442401960784305
6 0.7181370176797002 0.46026846952772865 0.014329805996472721 0.010655496766607877
3 0.815143023726232 0.41365230083371 0.019670224411603796 0.04743659916073705
3 0.7407557447257994 0.39642929161985435 0.029248768472906445 0.10034665207078998
3 0.6728208812260538 0.4108100711548985 0.02788040503557746 0.09282065316548069
3 0.3446106505400029 0.47334806270887 0.020183360700602095 0.06682174785623055
3 0.2934477461729964 0.49084520719670877 0.017617679255610322 0.04606823572340809
3 0.2669767619691556 0.49538110263262386 0.01932813355227149 0.044471811713191034
13 0.223486576926002 0.5270045884351154 0.012762377367100165 0.0173016959464599
3 0.24489967380111113 0.49701909301498604 0.015257814282454953 0.04163814738763405
3 0.20459341878746393 0.5078073686903255 0.015828199863107448 0.04002205490911855
3 0.18590608918295434 0.5097803522588679 0.013689253935660478 0.03717012700585603
3 0.16765474085481788 0.5139411742337819 0.01219199178644765 0.030990949882120245
3 0.12535708513955435 0.5188330227900728 0.009767853068674429 0.03175146398965696
3 0.14046495430911293 0.5194311354475624 0.012120693588866081 0.028043957715415554
2 0.7672174540297341 0.3536042644757434 0.03032081377151804 0.07384585289514868
2 0.6930995696400627 0.3899213180316466 0.025674882629107998 0.033255086071987495
2 0.7010750847678665 0.33782168318553296 0.01968407668231609 0.042709963484611375
2 0.7674344679186229 0.30911503881677865 0.008558294209702746 0.02265910276473654
2 0.353588545159848 0.45349644161263886 0.01992859937402195 0.007987741262389155
2 0.36381553208137707 0.4227047470005217 0.016994327073552362 0.028690662493479405
7 0.3676235654668753 0.4280451225873761 0.010758998435054758 0.013693270735524265
2 0.30107365838549827 0.4666036341505826 0.0282423708920188 0.017931664058424647
2 0.30962685837245696 0.4346234099755226 0.017238849765258222 0.027549556598852384
2 0.27413438967136156 0.4719027125717266 0.02481905320813773 0.01695357329160148
2 0.24993408518745328 0.47556474110362656 0.026652973395931152 0.01499739175795514
14 0.7395503013205937 0.2524389351051075 0.12655336257309946 0.09259259259259259
14 0.5571279544346975 0.3155470780539311 0.11421783625730988 0.07431773879142298
