7 0.43311310930991787 0.1593864773302938 0.0760933806146572 0.08440455082742315
7 0.515201545208483 0.2729516779730702 0.06451930654058313 0.05245271867612292
7 0.512249521558032 0.3544252364066194 0.05565405831363282 0.05171394799054375
7 0.4841957797040539 0.42514200814289466 0.04777383766745468 0.033059988179669056
7 0.35676829833588286 0.4716290328188012 0.061810480693459416 0.04617316784869977
7 0.6574450127022329 0.4282459636983553 0.05197887418104017 0.047758724428399464
7 0.7726786517400235 0.4170712084746382 0.05381735526139856 0.04136582430806257
7 0.855785087132861 0.41806452005007955 0.032424120871774285 0.051769955876454075
7 0.8408265365244908 0.4229133239737933 0.010195213263805335 0.008022462896109141
7 0.777530418505148 0.4878359406337745 0.05281454739938496 0.04287003610108305
7 0.9348131289349308 0.5047121069429183 0.049471854526006116 0.0354743281187325
7 0.9200667529459845 0.4604567316788895 0.04713196951464098 0.049012234255916574
7 0.9779351882239967 0.5136313495970535 0.019889022596603818 0.01980545527476936
7 0.4612578241007169 0.8966099707994972 0.02401403897663254 0.02485106677750066
7 0.34370734685918947 0.9016906037375695 0.029902096610326025 0.023811997783319487
7 0.2893951463932761 0.9053105084510946 0.012353375819709968 0.021907037960653814
7 0.29937598048400554 0.8170141299915131 0.022796827181312866 0.011476484916619888
7 0.6170399648660517 0.4801239295125164 0.032457729468599074 0.030193236714975865
7 0.6604877599616268 0.3317040227669855 0.05560587761674722 0.08020078502415456
7 0.8688721520354175 0.6348497732426304 0.044595616024187525 0.025651927437641733
7 0.9308956916099771 0.6588293650793651 0.02985638699924409 0.02295918367346938
7 0.9361489040060468 0.5901927437641723 0.03023431594860163 0.017715419501133787
7 0.868896447467876 0.558390022675737 0.030801209372637993 0.017006802721088437
7 0.9417094323109361 0.5686985320443967 0.044595616024187525 0.036422902494331076
7 0.505207577422543 0.5274745495635589 0.05642982037831824 0.042322365283738686
4 0.5661884481957535 0.7166721881206037 0.3466479407283343 0.29441740232852975
1 0.5547867371841678 0.29854512429367386 0.12252854358117522 0.20611424394319136
1 0.6946757113483859 0.3718485711996886 0.11487050960735164 0.18836152882205512
1 0.8100184518251741 0.4415995564892626 0.10997732426303859 0.17091836734693874
5 0.9583141287916137 0.5129466596421177 0.08589380196523058 0.12344104308390026
11 0.7032261719761719 0.9533738830613832 0.10950854700854697 0.10550213675213674
11 0.9272359584859586 0.9553762210012211 0.12330840455840454 0.11952457264957259
7 0.418702035368702 0.9217655155155153 0.026526526526526522 0.01679804804804803
1 0.45684076934076934 0.9009042524667522 0.03353353353353351 0.04973723723723727
1 0.34090731356356363 0.9110301707957957 0.04391891891891888 0.04513888888888889
7 0.08218875311799437 0.9129132329260207 0.028448738593666117 0.020732689210950006
7 0.004495437466451958 0.9159017713365538 0.008856682769726247 0.018015297906602258
1 0.07664289548347518 0.9165300782148605 0.04683306494900697 0.05213365539452484
