11 0.6692735890652558 0.6307675848117026 0.5504084967320262 0.6365740740740741
12 0.4496321097883597 0.8518570188492062 0.02281746031746034 0.05257936507936512
12 0.23680922986478536 0.8716931216931216 0.027777777777777804 0.050347222222222224
10 0.032582477435418616 0.8766631652661064 0.06712962962962964 0.09995039682539676
7 0.22326438993105657 0.7222710738335738 0.03306878306878305 0.024576118326118352
7 0.448177664086755 0.7097968319559227 0.02735690235690237 0.02051767676767674
7 0.04243827160493826 0.6874010112085769 0.017462638076673167 0.027107699805068188
7 0.020346003898635476 0.6896016081871345 0.008934372969460687 0.019645467836257306
7 0.04357537361923327 0.6363101039636128 0.016853476283300844 0.02756457115009749
7 0.021794455273987434 0.6374032109594975 0.007919103313840157 0.019645467836257306
1 0.033254870229381985 0.6538432362352421 0.03918940870695256 0.10766934697855754
7 0.4103904542501033 0.6167763157894737 0.011574074074074073 0.025584795321637443
7 0.43012360446570963 0.6167070928584085 0.011574074074074073 0.021777534113060427
7 0.4135599415204678 0.6670778508771928 0.014619883040935666 0.022082115009746574
7 0.4344338856400259 0.665204678362573 0.009949642625081228 0.024975633528265068
1 0.4216691771516332 0.6356187976253765 0.039798570500324856 0.10051169590643272
7 0.544432712439535 0.613696664500758 0.014213775178687469 0.027259990253411342
7 0.5640076754385964 0.6102849354288498 0.010152696556205274 0.022691276803118873
7 0.5501407840589128 0.6580639484513753 0.014213775178687469 0.021625243664717353
7 0.5700175077611723 0.6571163634394629 0.01015269655620538 0.020102339181286608
1 0.5564668219781612 0.6233433770741215 0.04061078622482131 0.09122197855750487
7 0.6801291423001948 0.6045626218323588 0.016650422352176765 0.02817373294346979
7 0.6992838964695689 0.6062175113710201 0.006091617933723186 0.017970272904483487
7 0.6836487437730128 0.6550519818063678 0.01746263807667316 0.021625243664717353
7 0.7057139376218322 0.6531483512020793 0.00994964262508128 0.019036306042884928
1 0.6902406792757669 0.6195422396080291 0.03939246263807671 0.093354044834308
7 0.28667038788197174 0.3698675958760178 0.037923561859732044 0.025302895981087422
7 0.2903937079468994 0.4091581992180397 0.03841607565011821 0.033798758865248225
7 0.39937396024866473 0.3650553257157867 0.06648936170212767 0.0210549645390071
7 0.28130745994221174 0.3224734042553191 0.036199763593380604 0.012189716312056712
7 0.3654100529100529 0.2623691320499831 0.02019306540583138 0.043402777777777776
7 0.41663148711021053 0.26002089665653494 0.015021670606776954 0.0421099290780142
7 0.37741126543209874 0.07262731481481481 0.0699588477366255 0.0478395061728395
7 0.6492072137496975 0.06819625998547568 0.06944444444444445 0.05285493827160494
7 0.9130658436213993 0.06342163923182441 0.07098765432098772 0.05594135802469136
7 0.8968988830099941 0.2427799823633157 0.03909465020576127 0.04629629629629627
7 0.9297472075249853 0.3420414462081129 0.06430041152263376 0.02160493827160492
7 0.6685528120713307 0.35365226337448563 0.0637860082304527 0.019675925925925875
7 0.6340534979423867 0.25470679012345676 0.028292181069958837 0.04398148148148147
7 0.8508230452674895 0.30424382716049386 0.036008230452674816 0.018904320987654325
