6 0.05475322244603637 0.022458648810546628 0.03346339861852988 0.022724243512249283
6 0.12449532834679491 0.036598121977684674 0.026115067002917478 0.01962493200810958
6 0.23462310153940316 0.056858144125877634 0.0335103543560517 0.018104422778013284
6 0.29360548802712433 0.06802077506662191 0.03527643478964758 0.01904099609245645
6 0.3486530223477618 0.07790037526089959 0.03140927253534352 0.017273076101105487
9 0.2638418481708923 0.02497167737287223 0.01598729769685649 0.01727904703548086
9 0.30051946387925227 0.03312934860553909 0.015121195676751232 0.015085865780310228
9 0.3596304288641162 0.04423331789606448 0.012745782852004433 0.016973468699568856
6 0.6752162725069129 0.13837664114757708 0.034026637474913406 0.016522988505747134
7 0.9753309998003395 0.0397969935484676 0.038490815613457206 0.045882936507936505
7 0.9429818363736916 0.10390255898167126 0.04784395001059881 0.033530950057568315
7 0.8764528594088705 0.09293396634969778 0.05041368399211523 0.030333313881108
7 0.07851069690502928 0.11084994296791038 0.029625612597413035 0.0224344076025204
7 0.17829499752453418 0.12746408152469305 0.028121484814398197 0.020895825521809772
7 0.045259076266828215 0.18144941836802303 0.01916687963199591 0.020320441832069745
7 0.09330280692645426 0.2012376455644563 0.018041030015329067 0.012545662735499168
7 0.12580494594138486 0.19473951351246332 0.01784985720114239 0.012962396300829616
7 0.1460968181847984 0.19546232371511185 0.019115969394779806 0.020053328022658887
7 0.34669685140338524 0.1665841003465588 0.04075919773594194 0.03274341937132635
7 0.3994160015912953 0.15625599789223157 0.04210479956748612 0.03308776629672152
7 0.45967648567899194 0.14711926718505666 0.04331073410020777 0.03504353833301202
7 0.4777475562791871 0.18889838517771448 0.017028775334423214 0.012167334634112039
7 0.49730308790182726 0.17658104908630115 0.02492316370992838 0.017598185107376294
7 0.5224769528537911 0.1814825990492351 0.02176217709305943 0.01313025210084032
7 0.6199739592295603 0.1937597867983618 0.023198336857696046 0.015642147809095525
7 0.3860457368252468 0.22491660158698018 0.020032759453694884 0.017123590341853148
7 0.36023204126652403 0.24238044442785825 0.022754225340432283 0.021302930785689407
7 0.4371370974018897 0.2536750779640613 0.017782984030123627 0.020545021975227933
7 0.5201628352490422 0.22827551997810622 0.020753512132822536 0.014128352490421454
7 0.517799454815151 0.2623005623204312 0.019822872743596027 0.017868181115747155
7 0.021856189619347512 0.26306919810209284 0.02148801490906754 0.016065805539489764
7 0.09468382281793362 0.2698002515786772 0.021105123145939476 0.015506743823070313
7 0.12000582959229576 0.29407596371882083 0.01102292768959437 0.014693517982991688
7 0.162947461852404 0.2759969322361824 0.020100632845730874 0.01658842549365429
7 0.3937955528623608 0.29968628490632726 0.01849701036692901 0.0137114466382759
7 0.8372644642954836 0.25153718552906146 0.015679585472790834 0.008096234554875605
7 0.5884725736778877 0.25174210183268153 0.018307645119239335 0.015815504945939703
7 0.4387864777907374 0.3451554232804233 0.037823080954071414 0.025831685176733118
7 0.5844038869330699 0.3341072972639121 0.0418184999897062 0.02769671422395156
7 0.5250327241869743 0.33975138322573245 0.040278546819244546 0.027252906976744193
7 0.76523309023309 0.3212502681252681 0.046564421564421574 0.03344862719862718
7 0.7954042122123616 0.3354400916476468 0.04203885782833151 0.02485179294389821
7 0.882853522448455 0.32797612643594254 0.04113785431868215 0.026206470242417904
12 0.42672002313082746 0.1838571206068109 0.05511862302275833 0.05222910900190038
1 0.5261152576262798 0.2537280197504599 0.03128039928331252 0.0611437653762784
1 0.16801157951587234 0.28862726457676385 0.024346132442960477 0.05916772663433765
1 0.09895238545728119 0.2803780906430971 0.02367268746579092 0.06031061850027365
1 0.027206770775003438 0.27299245000587274 0.024812684208657364 0.06178757856610203
3 0.6481018955348758 0.256165142973435 0.04585432688057989 0.08079753381066032
7 0.48972917196578963 0.30968582739380557 0.015626775769973882 0.013022313141644891
