6 0.35036595298933565 0.1432212113646956 0.042133017824616176 0.04267576793923398
6 0.46254466497777225 0.11402816784859367 0.022200014356600087 0.02244340359094458
6 0.42504462382461394 0.07812536131288787 0.041576304294327515 0.03838798654690128
7 0.03769780481637099 0.4976446597157382 0.044618541861188916 0.075620525988173
7 0.14718228594375382 0.578110727193296 0.03155186641425174 0.03620374415481451
7 0.17047451026324262 0.8021680556891826 0.028050028050028063 0.05850630850630858
7 0.3938437887338172 0.7164760092633545 0.034345335356364776 0.06541663936529776
7 0.17414573716391318 0.14349630394485838 0.053367701247165535 0.10078105316200556
7 0.31526658385001677 0.23076898118332745 0.047709019964389913 0.08421095831597024
7 0.43452877351830277 0.312886088460588 0.04509972848788639 0.07910401002506266
7 0.424207530234316 0.23131613756613753 0.029082813681027924 0.036316609977324256
7 0.7854925413839345 0.4919179560573003 0.043504423627374486 0.07231763379304365
7 0.03316207607657261 0.9499333265970997 0.024543237433862435 0.0408192791005291
7 0.08909534246692058 0.9136871036361106 0.028036576949620442 0.0369028448738593
7 0.12802533858845827 0.9783407286709168 0.025047463144121828 0.037862856080835325
7 0.14532356911742877 0.888804586416672 0.032251941974164186 0.04406879406879415
7 0.29400629077353213 0.9733224603914256 0.03720238095238095 0.05121192621192626
7 0.3852266725126074 0.9378610983807034 0.035554362477439455 0.05374649535233465
7 0.4347949385746807 0.7317817888703545 0.03505662564651327 0.051423815468759224
7 0.5721264387487792 0.8578302466600338 0.04035380365167606 0.06203328455101504
7 0.6259910965685821 0.6331511649494105 0.04209743107769417 0.0580444165970482
7 0.7014145775663321 0.8043450858598987 0.04272346817040863 0.06329035341075367
7 0.7583721635034283 0.5638018930722646 0.04688032730992165 0.06274387240974352
7 0.8614993886481745 0.7387638272157483 0.040417401528512545 0.07014590347923692
7 0.9135604621715735 0.4779569710125265 0.05193494776828112 0.06910527743861075
7 0.7188269760550766 0.753616735408074 0.03153902637170358 0.05324855226430037
2 0.09658716161132506 0.9500608771000549 0.06823464833985002 0.0625696541860192
2 0.1252727355668532 0.84361996126702 0.015159390159390154 0.016843766843766855
2 0.1401081000137604 0.8839728179350821 0.03764066264066263 0.05108130108130107
2 0.21202561089599345 0.8874692870405273 0.07342316873979142 0.05994262260753026
2 0.2707900370828749 0.82016889777264 0.09654430943119177 0.12238583313658516
2 0.3482789624831794 0.773195819824184 0.11360546646719251 0.12319994752462413
2 0.42027980109494345 0.7092929317905324 0.05239602379627424 0.08686716617643167
2 0.5722419996224344 0.7043536303719881 0.08427234883059205 0.07755562174485303
2 0.6079645411253402 0.6048132392077709 0.05937849552572715 0.10125350662263415
2 0.7129190058190559 0.6355724890722166 0.08775946275946275 0.08867639681593172
2 0.7430583413945405 0.5411905207982852 0.06373152709359611 0.0963410464496535
2 0.7319316079759525 0.48869824041203647 0.01584368751785205 0.012963983079664353
2 0.8762414205744048 0.5523085187342033 0.09078633927910461 0.09857591007518224
2 0.8940524260106231 0.4403697988198739 0.06791556778656879 0.11993946376471316
3 0.20711204594933605 0.9457552469181785 0.046980202337345185 0.11449557676778631
3 0.28180858708205064 0.9287028725395369 0.055429957773707794 0.152638154027043
3 0.36948429693004864 0.9042881543364164 0.05712379880993595 0.1769972587981745
3 0.545126731671983 0.7743019829647305 0.0712607702949337 0.23342070024168782
3 0.6780978737482056 0.7307400718314668 0.06299123280783113 0.23065701830326055
3 0.8249209886205263 0.6456274728986472 0.09340271098584434 0.26001390584723916
