11 0.2887988705369154 0.42336849994234993 0.11013586225450632 0.22643709084387054
10 0.24909778199251878 0.23646767067819707 0.18274853801169588 0.19783254432377237
10 0.6558264477785027 0.2532778602363673 0.12196944988040878 0.1689678915706313
10 0.9275143217009026 0.2714768777881523 0.1320064484126984 0.1552579365079365
11 0.3729502969572709 0.35990627637080036 0.11122361315660288 0.17898052691867128
4 0.11371758848466922 0.29534941996122116 0.03507653061224489 0.11928382464096748
4 0.060812203669346525 0.2969802188552189 0.035430839002267574 0.12093726379440667
1 0.0655609569543996 0.09824369113986599 0.027958152958152956 0.12105178771845437
1 0.14918393895666626 0.0996581981430466 0.027507215007215 0.11964886964886963
1 0.9732595387033794 0.07248583650053055 0.03513558201058186 0.09822571416774316
5 0.4244673402282097 0.1347350985032144 0.024628149628149628 0.11354386354386356
5 0.28746091718373923 0.11894514529769798 0.03046494188226478 0.11535016456276301
5 0.35786634000919715 0.15596837025408453 0.025321900321900317 0.06382506382506382
1 0.9005343489597093 0.058004333808995286 0.03793183940242765 0.09570494864612512
7 0.9616226508055226 0.07918864656585922 0.023503074877420354 0.03514640294745006
7 0.8884951386214863 0.07665540010553487 0.023163746630727712 0.024177647998402718
7 0.9650699002652471 0.023110405024364636 0.01456013582879253 0.019578035747189974
7 0.1222921034241789 0.12456254922187834 0.008306191973644803 0.026049465907956485
7 0.278701215388031 0.10061902409836923 0.01669932312076951 0.026141656440908302
7 0.3497883301080758 0.10788783227077917 0.016491107786919257 0.025623978503559658
7 0.34987392127788935 0.15749816659158075 0.01714036399900273 0.029259813291226892
7 0.41887391217748354 0.16219450743260266 0.017204704704704726 0.025173983507316817
7 0.41738964730036154 0.11654937250175343 0.015975797225797252 0.025620858954192284
7 0.27965539487778746 0.14920310319083321 0.015443933197000697 0.026678190021748302
7 0.2699651152509934 0.03339383663761122 0.015624241541672745 0.025281944242188895
7 0.3326524508055407 0.044345609654598404 0.007635544854645939 0.01813209678378217
7 0.4045600660183994 0.05100834961946071 0.018098455598455583 0.02323752323752323
7 0.1339609200692815 0.014591547577456511 0.018354965331499634 0.0241151414436613
7 0.5163941387190415 0.06604353637427567 0.017563769995676624 0.023289687686574852
7 0.6298773400643783 0.08145020460291397 0.016682020030234272 0.021160084404132026
7 0.6457894786747832 0.13925829524694516 0.014267579791773333 0.023112590316891387
7 0.6447555500694903 0.18035439982444587 0.01293416111964507 0.02044575297263467
7 0.32161555721765145 0.12347987478877531 0.009479140696418161 0.021122468766447824
7 0.3424815619131548 0.04525811573068678 0.008583021223470681 0.015902740621841743
5 0.35811544225005765 0.09790779021548252 0.031912531912531905 0.04324379324379325
