11 0.23386010208926875 0.7946264640709086 0.29255401234567896 0.3799382716049383
11 0.5765616612989802 0.6296855430309536 0.3302469135802468 0.5771604938271606
7 0.3553083537697289 0.49591010081955184 0.05238791423001948 0.07391163092917484
7 0.3547464984477654 0.3682195028036483 0.051474171539961 0.07188109161793368
7 0.257851774905099 0.08137119113573406 0.05726120857699802 0.07066276803118907
7 0.4531317684643708 0.03923453180275792 0.049342105263157916 0.06619558154645874
1 0.33899463312840494 0.4296621182586094 0.07188109161793371 0.26356400259909024
7 0.5572815139701104 0.010423435131037469 0.0331993177387914 0.017462638076673163
7 0.5838123560163033 0.06252215133794081 0.04629629629629627 0.06903833658219621
7 0.5868512426900584 0.17858593242365167 0.043555068226120854 0.06903833658219621
7 0.6372246877054569 0.1255722356149707 0.03780407626561476 0.047939951786105627
7 0.6447953291598778 0.24669125003573164 0.035133136094674534 0.06108919570458032
7 0.6844592373438527 0.19740302432610127 0.037598619329388565 0.049035722112645175
7 0.691214661406969 0.304624150777997 0.035133136094674534 0.055884286653517384
7 0.6147024782135077 0.07010906214337588 0.032169117647058855 0.04799836601307189
