6 0.10283890492223827 0.0084676126342793 0.026304713804713806 0.015832932499599165
6 0.1730805958747135 0.06180502504031914 0.0468975468975469 0.025853775853775855
6 0.26432465509568315 0.14279533204766856 0.032914256045097165 0.024415269742372535
6 0.3075970782913373 0.17430648271769764 0.03662290461355883 0.024724323789744356
6 0.3471002272035228 0.21864760551430493 0.03500037086485685 0.024415269742372552
7 0.07070771088906479 0.1608095531225725 0.03475485588972431 0.06200396825396827
7 0.16144178882283228 0.1429202852091469 0.03442851921470341 0.07027116402116403
7 0.2360757899651089 0.34777891419725787 0.021538220551378422 0.0530840991367307
7 0.3108313890537748 0.33210195627958783 0.02529109231411861 0.0535192147034252
7 0.3815782221758099 0.3278112333302392 0.013379803675856271 0.04438178780284044
7 0.395691806270061 0.3218023127995427 0.009300595238095238 0.04568713450292393
7 0.5404447982572983 0.4375427812927813 0.020292207792207834 0.04578754578754575
7 0.472695250655777 0.4465867952710057 0.019425019425019417 0.04648129648129651
7 0.40930006207783987 0.45940856126041313 0.0176906426906427 0.038850038850038876
7 0.06939958369221935 0.37599291798258205 0.02537836840162421 0.04819326524752876
7 0.0209838457346763 0.4393301966207097 0.026916451335055984 0.040502850580369926
7 0.06909013605442178 0.5084096515436494 0.02883905500184569 0.031530700135351274
7 0.029800356835240557 0.6196167097329888 0.02249446290143964 0.034094171691070985
7 0.09942607533969659 0.6410143730188027 0.02326350436815554 0.03332513022435505
7 0.13288584167517137 0.5361576155009806 0.021725421434723755 0.02973627004634757
7 0.28010184260184273 0.6415301869847325 0.03746253746253746 0.06891256891256889
10 0.020018424036281172 0.8266374182523251 0.044211525189786056 0.1486657464918335
10 0.18454537612146305 0.891361858753163 0.02156659765355419 0.05808603634690592
10 0.24273205659075223 0.8530650585516012 0.04938750862663907 0.12968714055670585
10 0.19668737060041405 0.8239398819108963 0.006469979296066251 0.01610305958132044
9 0.809468748551027 0.8779166215875078 0.01616812336749037 0.07702096309691252
9 0.7884832730560578 0.8694410957069184 0.017423899939722723 0.08141618109972529
9 0.7643842229812693 0.8669819441033693 0.018365732368897016 0.08476491862567807
9 0.6772409091435991 0.8300964887199063 0.022290034157122822 0.09774127653874486
9 0.6464677676888153 0.8206010057612536 0.02260397830018077 0.10276438282767396
9 0.6092260509454601 0.8048539485336252 0.02448764315852924 0.10862467349809123
12 0.5725085392806912 0.7431114946937732 0.07550356640546506 0.0935553546313039
12 0.5019595071539608 0.7173100428638403 0.09826451677717497 0.10778748911660299
12 0.7267235197615297 0.804759227206775 0.05976127152988844 0.08214426432511537
12 0.6776862621672504 0.7829715342354905 0.08561824552516038 0.08636581109985361
12 0.35160089507915593 0.6388038673235362 0.10242733457019167 0.13377825877825877
12 0.19866626534559664 0.5864866094729316 0.13560348381776952 0.16083453583453589
3 0.03733229402872259 0.590340765936004 0.03667091836734694 0.09471844293272862
3 0.10636337868480725 0.6226379440665154 0.034545068027210885 0.08030990173847317
2 0.07479895931882687 0.5583149374540103 0.04467570692736256 0.014234906619012588
2 0.07458954194260486 0.4984224803485289 0.03859849679386103 0.04993167244822875
