6 0.2400738036357607 0.09303559591582568 0.10038212815990595 0.028541666666666663
6 0.27179800958098155 0.19341837019856709 0.09226609779714352 0.03250231096320946
6 0.3378238289811839 0.34440848143946534 0.05277024992472148 0.018066847335140006
6 0.3558271394044019 0.4743779064717758 0.07180841103995805 0.022328951803168216
6 0.4566949507266218 0.7901105094553549 0.03720986822401916 0.011654874213836467
6 0.45414666369634715 0.8351624526283976 0.03891725819691924 0.017686075498575506
7 0.5265244024402439 0.9719718638530521 0.0199009900990099 0.014406284378437956
7 0.5942719347800648 0.8384879595934921 0.02556563811601917 0.02141901975669561
7 0.503589394796963 0.8219866681886717 0.024655289680331365 0.020752179558523348
7 0.574744330274301 0.6453200062195207 0.03195407500232058 0.022321428571428548
7 0.6908101667029588 0.856050089521183 0.025737340011129685 0.021505750324615117
7 0.4644015397392204 0.629182500252598 0.03055204382638008 0.024143138081191198
7 0.47334837975953226 0.664287387852863 0.027701096541676247 0.022569470874098444
7 0.06725583865414167 0.8205135106687897 0.0363558201058201 0.030150441710531734
7 0.0167233107884894 0.7531064627478282 0.035597970158297354 0.032805044308111854
7 0.21896831859667767 0.9010921103545461 0.015246807699637904 0.013996093005527004
7 0.29338849067050693 0.8145425278821057 0.023337370067615278 0.015137753557371998
7 0.32844527142772756 0.9891236930710611 0.03070175438596489 0.020741959064327395
7 0.35094448568836106 0.9502392147158294 0.02969561989606533 0.024978346943825773
7 0.3051931116160266 0.9519235053016126 0.03402378671775226 0.02671515804597691
7 0.3295445293910725 0.9090450877653814 0.03158616706374991 0.02538174139051329
7 0.2785324987519871 0.9079713473683422 0.03664209232929615 0.029620853080568724
7 0.3075526903651903 0.8625163898601399 0.03398029439696102 0.026375534188034226
7 0.2182414525702521 0.8075308824495696 0.03963795255930088 0.029962546816479436
7 0.25292465039197065 0.7614579841908277 0.038126361655773405 0.029701116557734192
7 0.17633017633017634 0.7395070962144129 0.04783629783629785 0.033134095634095535
7 0.21677442946822792 0.6927603475568591 0.043793793793793764 0.03073385885885887
7 0.12354600070303261 0.650971263541367 0.049332119004250156 0.03551912568306016
7 0.17362900658095162 0.6065361700373142 0.04809729638104922 0.03305364861428938
7 0.06500161573849267 0.4077056567811143 0.05985179139750561 0.04183686305850311
1 0.35831499538011824 0.9588445837745436 0.07690802214198923 0.06973238482384814
1 0.33054010837507886 0.9287702196129553 0.08356641352046787 0.11114703065134092
1 0.3097418733397192 0.8837884496468774 0.09004629629629629 0.09680958589786585
1 0.2620103171619955 0.7716786951845473 0.10811557243880414 0.08345891238968367
1 0.2159010995773544 0.7183782255871289 0.12120051085568327 0.1045977011494253
1 0.17664264819155606 0.6262126207275615 0.1389101203113942 0.10556014158955339
1 0.07830588719975774 0.4206555659792594 0.14987939620292562 0.09909456467766872
