7 0.06407444311160358 0.2499999736122951 0.07691616396499623 0.09746928894575074
7 0.03213799721648813 0.51247830608895 0.03197279061572147 0.060850961223445764
7 0.17111446149711418 0.32882875206921697 0.07681850042961157 0.05721912668576207
7 0.14448764720942137 0.47364511328725034 0.04507275132275133 0.03291170634920636
7 0.2570370784782671 0.48317926327413635 0.04374121777015968 0.05000404059473263
7 0.3297140700802058 0.554056621923858 0.04188775778658974 0.05755965697240862
7 0.3133412961441933 0.2976758871526854 0.07608060249189279 0.09258432539682539
7 0.4303367126498694 0.3782887040442921 0.06835317460317462 0.05273452179631716
7 0.525532372379946 0.34032641573136185 0.07301587301587308 0.08526785714285713
7 0.4767657482280124 0.5153554582210241 0.04662698412698413 0.04692460317460319
7 0.652172689406732 0.42202169875042217 0.06021825396825401 0.04399801587301584
7 0.5715008768077904 0.5804624786508958 0.043758352777503944 0.053055366950899054
7 0.2788547679172678 0.7476666779401151 0.03296957671957673 0.036185515873015786
7 0.42159087453627686 0.8360657840722495 0.021072796934865953 0.026477832512315315
7 0.42282734293339025 0.8886503666555501 0.027603885973234363 0.022949475537897585
7 0.6095793917569815 0.8455243924823372 0.0270073841502413 0.024698292778649846
7 0.6172704386414064 0.8916858678955453 0.028736772486772515 0.0248015873015873
7 0.7098594876135118 0.8952412391012745 0.024075205199450667 0.023844206109674002
7 0.7034034549245937 0.8520023483646905 0.026059619015208615 0.023901399827414436
7 0.5859753550543024 0.770411053675856 0.02966269841269843 0.03214285714285712
7 0.6406542235757352 0.7456966362126244 0.028108465608465607 0.028745039682539705
7 0.9427012429324577 0.8607160255081722 0.02731633872186858 0.02155543669080531
7 0.9550479785899364 0.9018845224943758 0.028105657219245336 0.022495039682539637
7 0.8903675681864747 0.9436424887912643 0.024556772848344642 0.02081864446613878
7 0.9599632099632099 0.9442474637787138 0.02071446446446439 0.020707314457314486
7 0.8985830004243064 0.6706315308963373 0.03585590145954609 0.031807047040532194
7 0.9755800787748047 0.646311254386812 0.02951103813172773 0.0312671045429665
7 0.8570039682539681 0.8009837962962965 0.02046957671957675 0.015848214285714195
7 0.9074377267358475 0.7833191529269264 0.005461245495414057 0.004350164515312623
7 0.9102416593060916 0.7886388230311109 0.003841703727808424 0.003841703727808574
7 0.922915343915344 0.7809613095238095 0.0188822751322751 0.018973214285714284
7 0.972211754240742 0.7559406932347686 0.015469647523616008 0.029397285044227364
7 0.989056442065456 0.7650158751199314 0.014316363401729168 0.01941782810685243
3 0.08776141558099904 0.4115031193080358 0.12414021164021163 0.2955307815639005
3 0.3775627790306739 0.4806210875616563 0.1135530137981118 0.27171464089165953
3 0.6176114211810019 0.5083047447789337 0.10978835978835978 0.251984126984127
2 0.20505194838590834 0.28195842737001664 0.10052910052910052 0.11422608374229272
2 0.254829646222205 0.36859662077622296 0.17026220523244326 0.1118597516166961
2 0.46215549913129306 0.3509809094107334 0.1007275132275132 0.10002122658372663
2 0.5170128271383614 0.42251680723797946 0.15802660838892724 0.09917432007063205
2 0.6701719835514796 0.41572252959797573 0.09680325342198498 0.06478524155747312
2 0.7555973349866785 0.4591081582761289 0.15332350761455246 0.08834325396825397
1 0.43376268219000835 0.892973366956974 0.04034391534391534 0.03190331561629959
1 0.42723544973544975 0.8238650793650797 0.0296296296296296 0.046378968253968256
1 0.6238571586041824 0.8611440322656838 0.04966931216931218 0.0978422619047619
1 0.7033645971219468 0.8519821264469865 0.026059619015208615 0.023901399827414436
1 0.7097532234185184 0.8952804934121115 0.024075205199450667 0.023844206109674002
1 0.9586033831810634 0.8773418157228888 0.05423280423280423 0.08747519841269848
4 0.5089408728247629 0.8389968819038268 0.1735124935236211 0.2347864145658263
4 0.3539472826350939 0.8398376946013025 0.17507278498054585 0.2448417088074168
4 0.169969375689432 0.837563970648713 0.1784320707603573 0.26233989516448686
