13 0.08400804493017607 0.4345958561020037 0.025138888888888895 0.04399305555555557
13 0.18131324070714513 0.44374896235335515 0.025194314032342197 0.042373966018332175
13 0.2773554963575725 0.45435322993428845 0.0267857142857143 0.03976521164021168
7 0.12260958614394797 0.298721147138924 0.027605244996549337 0.03457844490453184
7 0.22151965562053286 0.30858491715399594 0.026759259259259264 0.036527777777777756
7 0.31942846284124 0.3217835600531729 0.02755731922398589 0.032981759955444154
7 0.16805955649937565 0.19623946742326867 0.03357989231779728 0.03263079357449021
7 0.2928007130387361 0.206183945027357 0.03265908133164767 0.04484197218710493
7 0.4109615384615385 0.23062410968660968 0.030185185185185155 0.032881944444444464
7 0.24455597590892805 0.01183117586390658 0.04416666666666668 0.026826455502264857
7 0.41319537895779035 0.0419190894556586 0.04268595131774807 0.02759292093511952
7 0.5718893457823602 0.05091083074272019 0.04485567604379483 0.05673318018615048
7 0.4535100586340411 0.42752293987432155 0.029396362943920767 0.0229845044273065
7 0.45033670033670037 0.4673779461279462 0.029907407407407417 0.022847222222222286
7 0.4816388410984551 0.3904914593825256 0.026195141708707632 0.02618055555555559
7 0.5138352272727272 0.39393781565656566 0.02925925925925928 0.024965277777777732
7 0.5122656347845027 0.4384793657600261 0.03217592592592593 0.025486111111111143
7 0.5582940821256039 0.3693795289855073 0.03152777777777784 0.027465277777777745
7 0.552510413148711 0.41566116458403696 0.03180555555555558 0.02691964285714287
7 0.6023690846291035 0.391702302453009 0.03447945845004673 0.029027777777777826
7 0.606910686728395 0.33962456597222224 0.03388888888888891 0.028923611111111136
7 0.6303765808491418 0.2956152608401084 0.03726851851851852 0.03715277777777778
7 0.723833318119687 0.27555215254706533 0.045296221398344806 0.03653258763060327
7 0.7171817071982144 0.3371632020251679 0.044798325798763965 0.03617892431021623
7 0.8120127716292673 0.22845806564958301 0.04942080477848926 0.03993403128861929
7 0.806621355397951 0.2981515957446807 0.05092592592592592 0.039895833333333325
7 0.9133759423654518 0.24436972024296522 0.056702207527957245 0.04375458785149596
7 0.9192708356015729 0.16991967605005748 0.05878489326765183 0.04555692391899291
7 0.9268132728336087 0.11304125199044585 0.04513888888888889 0.05156154163717858
7 0.6457094226579518 0.47115502450980395 0.03342592592592595 0.024166666666666635
7 0.9091292312869977 0.3806490808431262 0.04847208214265703 0.034571933305485913
6 0.6763497659958208 0.02107369407274568 0.08094482380711522 0.034791666666666665
1 0.4400186804412817 0.4443492752720439 0.05064814814814814 0.08465277777777776
1 0.5014878704396933 0.41228336101382984 0.05240740740740743 0.09829861111111107
1 0.5428977376391172 0.3922294061302679 0.056157407407407385 0.10347222222222226
1 0.5905809155088985 0.36434129313068203 0.06027134480722183 0.11339814332058862
1 0.7020356559910798 0.3047509385453299 0.0757196002940137 0.13299842770879663
1 0.7845584008241336 0.2615819599589143 0.08445606962733115 0.1480852682079275
1 0.8882423104260431 0.1934615047774286 0.09377973930650461 0.1648712351303468
10 0.44103748195714604 0.6320005589324122 0.10486111111111111 0.10111111111111112
10 0.4832365044783345 0.6608853031953522 0.006656983781166803 0.023545297748729155
10 0.6115627812332621 0.601200078658713 0.14947610003165562 0.13003780823636552
10 0.8955937519806088 0.5513023377232436 0.2606944444444444 0.1909490740740741
