7 0.914459711485286 0.30831308513851136 0.018950508607198734 0.03609620687085477
7 0.7808850023943843 0.3748342910870504 0.01765675917165991 0.03503977013910787
7 0.6672808012093726 0.24945643552345492 0.018463403880070634 0.040049970605526154
7 0.5351249646884567 0.23100429846461593 0.015949842338731257 0.041864856679671485
7 0.39168559419381777 0.20566462452427361 0.015664160401002502 0.0433665181472199
7 0.8552894852437536 0.4643092905288027 0.011674893534649728 0.01447767453865014
7 0.8556735794975554 0.49228559755873863 0.012984139027386349 0.014903533492304343
7 0.7589933516939114 0.45699727724387046 0.010827558635394469 0.015053699755192253
7 0.7598992076020994 0.48492893059124403 0.010688743781094509 0.014868613282792379
7 0.7242789238256795 0.453151114842318 0.008803616866593925 0.016029524617310876
7 0.723593409214831 0.4820469324286118 0.00979757360959655 0.015335332606324997
7 0.4605985162846065 0.43174302259515296 0.009237838185206617 0.017404622667780607
7 0.46098292289428017 0.46281498843825697 0.009288043827517526 0.01700297752929334
7 0.23158443747665577 0.412565718916345 0.014286424170145093 0.018930251488390986
7 0.23114946261748592 0.4473395897814503 0.014508263054774666 0.019285193703798394
7 0.16974862070641705 0.20843840066756994 0.016301260200392537 0.0192961011833029
7 0.03965788978690355 0.22132130013915177 0.02100929566525897 0.024068410918563817
7 0.07822579019512979 0.39898038718793444 0.016191224917640006 0.01977887591095136
7 0.018099134053081417 0.4310352172194278 0.01636703939335518 0.021220251483409388
9 0.061810637395269916 0.052059533520393046 0.00972178032311663 0.022978753491002934
9 0.0055990625311338 0.04290773360929264 0.0107160533107081 0.019369910795300545
6 0.06438964474678761 0.09541010136248233 0.020486292807721383 0.025013566680233336
6 0.007714133290043778 0.08603888595112814 0.01867883408581083 0.030584187560931744
9 0.7641235359343694 0.2701199519940271 0.028737258792405882 0.08931164897180084
9 0.8650450984072868 0.2693825047746447 0.024822171614934697 0.051360372084056326
3 0.030045742062730692 0.32209368867481847 0.02663077161450263 0.1317730032480574
2 0.058692875295060884 0.20229841542611698 0.03728645412967447 0.07062146892655367
2 0.06801128691176844 0.26333208064748986 0.027086677367576247 0.029873372570001777
2 0.07342852735855478 0.30537081478952566 0.02565927908146928 0.028208529649451825
3 0.11470507596289041 0.33486986698672455 0.028366341439735928 0.12731987120366325
2 0.15351412017225363 0.31510423516048425 0.027026548831284733 0.025607426744490756
2 0.14673594847775173 0.278157255616272 0.022931303669008595 0.022009714632665454
2 0.14591299804386773 0.2292542960256805 0.024998425296044326 0.053802385151591484
2 0.13285183306590995 0.19207704740982381 0.01771541950113379 0.013647434282354935
3 0.19057262067688197 0.33838224911468706 0.026522607777456825 0.12541865045156525
6 0.3462538026154097 0.15159830814592717 0.017170329670329682 0.023356048356048337
2 0.22962491712491712 0.3238330321663655 0.027683933933933945 0.029940654940654933
2 0.2211645385987491 0.28791479449374185 0.021315958815958814 0.018768768768768773
2 0.22320578765456264 0.25102701884439066 0.01728930250645172 0.03748777412474519
2 0.21244772964865233 0.20701289672018275 0.023089228267402007 0.03351068217437926
10 0.025467314757854992 0.5645488529123157 0.04691185043856162 0.0723905573545324
10 0.03896754471365504 0.6080540026791794 0.021468983633057187 0.0060337666419703504
10 0.0047571237330273465 0.6051985720660419 0.00992063492063492 0.0019124115509657352
6 0.5050175195384353 0.17810857776940314 0.020662287903667174 0.018290457945630344
6 0.5821561938017649 0.19089938825418193 0.02007573093245181 0.02198072729830486
8 0.376569448663747 0.42942610102697815 0.028391290726817026 0.11414531699619417
8 0.40971012707273774 0.42614285491365744 0.02848499135627845 0.11533147362355285
8 0.4417432874104429 0.43498145091351614 0.028403821183453876 0.1172589236028301
8 0.5268146944013113 0.4477159158248644 0.027263509570494823 0.10686566293183943
8 0.5569505174338725 0.4516190966824782 0.02707175547564566 0.10592002410640615
8 0.5847033786509394 0.44967863804708813 0.027380890221585734 0.10799153969580033
8 0.6604010341370717 0.45181510266808456 0.025726754116280608 0.10569884434476533
8 0.6858786105981997 0.45362192326457734 0.025531941543087487 0.10412348879909841
8 0.7116259992942167 0.45486980279215306 0.026167951877467777 0.10445098091174886
4 0.06697057003462961 0.49559184360767194 0.03841814503579209 0.11233660130718956
4 0.11684844689833124 0.49362692376476847 0.035625019177650756 0.11013688645267597
4 0.1648077928781552 0.4951271180369363 0.03477118467719971 0.10851830554863084
10 0.20691055947321504 0.567907359665956 0.05384789332399627 0.06850830610021785
10 0.1993859613140815 0.6097151830785063 0.04561517051945841 0.008457100723563165
10 0.42453176397474535 0.5751174801304237 0.028541279684087588 0.06154318431816082
10 0.41550293869198457 0.5751326717168883 0.00736160188457005 0.010088121101077563
10 0.3897761262611537 0.5719262193243404 0.02986685563378664 0.06368735173617222
10 0.37834354578695456 0.6148087622788022 0.005614207511677584 0.006164620012822432
4 0.63499135373535 0.5558453520644101 0.028719028261711233 0.025011637231739978
4 0.6397653575351098 0.4926884364810203 0.029503479901475116 0.037888770180436786
4 0.6083092020592024 0.4894152369242949 0.02806936400686405 0.038263710138710105
4 0.5674121162863338 0.48598499620176955 0.0149938738247197 0.03436008928030205
4 0.601376071961223 0.5531974628031675 0.02609992542878453 0.022682078051205534
4 0.5678741790511517 0.5541906528249473 0.02574246694125293 0.02398615828054367
12 0.35166137782271173 0.05987497922661216 0.0875611612672821 0.09609757757396314
12 0.4903738508035594 0.08632079343610118 0.10044920225862065 0.09005038579160395
12 0.6152326218646708 0.11130574576305144 0.11279524284763796 0.08491485365057808
8 0.9136631436650685 0.40547870081654097 0.018986575699321925 0.1333566710524844
8 0.9381106210485768 0.4053793104887996 0.01653439153439161 0.13197721531054862
12 0.8544843300035051 0.14575865182398443 0.0949474122370166 0.08352248847112174
12 0.9130263745931482 0.1544240726814103 0.028722426470588334 0.03874911662630626
12 0.9658063785373596 0.17066541077526598 0.06351745094363209 0.08039359663375413
8 0.9619446102008855 0.41035028929139494 0.016978656727488554 0.1304995743399313
1 0.018410955910955908 0.4145200691253323 0.016921743895428106 0.07433185064764013
1 0.0795005547021676 0.4131467969505603 0.01688988095238096 0.07437169312169316
1 0.23298491650811018 0.4235682140033536 0.01490945995256339 0.0725992823693973
1 0.7274248605871739 0.4657766570080001 0.014095046744300488 0.061695490799968444
1 0.7629212478507152 0.46783565545401046 0.015253823625121935 0.055365730194887386
1 0.4212023805607251 0.4622680876974205 0.01329365079365077 0.028950055040659044
1 0.42134641617063484 0.42309441137566145 0.01277281746031746 0.03683862433862437
1 0.4648050734505135 0.4408237743226816 0.015384572929774559 0.06820723962587659
1 0.8583557145077619 0.47611894895213613 0.015357639641592643 0.0558004351631059
11 0.859856546965353 0.5917470838201195 0.07817682994250336 0.1527947361280696
11 0.8759428250466854 0.5205496550472041 0.07145219198790627 0.0176170005039053
13 0.982546603912883 0.4542727943890735 0.02009120831795256 0.034991386735572796
