10 0.03552643460201362 0.6705916306730679 0.05985346717433944 0.0737712011076497
10 0.17394975128406165 0.6594554859430286 0.1205968723339749 0.08667913969795041
12 0.3076671084096828 0.6656913278200408 0.03634292000628634 0.029516344491592073
12 0.5999923318763901 0.6461271782263629 0.020751859519975508 0.02501725327812289
10 0.3867098593608362 0.6380578855198792 0.15357162929241833 0.10706457595683701
10 0.6771730962925975 0.6099306942860084 0.2140403319494148 0.13786597563193304
7 0.1840037722908093 0.561664094650206 0.018564814814814798 0.0173958333333333
7 0.651607103878671 0.4798994926292017 0.03438545743293065 0.025735919686915153
7 0.748610525452714 0.4620588528123318 0.03707217654086721 0.027474699557242292
7 0.042999680715197955 0.48964439655172404 0.017870370370370366 0.010347222222222285
7 0.07553626543209878 0.45140190972222227 0.012037037037037037 0.013437499999999937
7 0.1454757343550447 0.4586338601532568 0.01194444444444445 0.011458333333333333
7 0.21668856356356356 0.463178490990991 0.019675925925925927 0.019201388888888872
7 0.35435835975154 0.42811690539704633 0.02010361091780713 0.014207840408257906
7 0.3808108660130719 0.34785283905228753 0.02773148148148147 0.02781249999999997
7 0.45554012345679007 0.36878182870370363 0.013981481481481503 0.01072916666666662
7 0.4659179438058748 0.3561877394636016 0.02365740740740742 0.019548611111111096
7 0.7917950106691545 0.3034721774857381 0.03552971576227393 0.028517271861825105
7 0.711875406107862 0.28665021929824563 0.03518518518518519 0.02972222222222223
7 0.6265518049695264 0.27481715893108305 0.02930145335208623 0.01854781997187062
7 0.01867009327808519 0.2976336455092146 0.03091103242848311 0.015385263867813177
7 0.0435247279194609 0.2806144995404137 0.030349013657056143 0.01823048389816218
7 0.06604753248315133 0.2696750586292548 0.030913344342219075 0.02241094597782498
7 0.12167861245469387 0.3123053874485172 0.028390349637168976 0.016654297427198175
7 0.1722523148148148 0.28724218749999997 0.029166666666666667 0.021111111111111136
7 0.1183257644147215 0.13330431658652517 0.03919563735514656 0.02545586230402181
7 0.15773791080539543 0.11348870220611021 0.0403317427857305 0.031686690524880705
7 0.2525596079046971 0.1637309664591073 0.03709323891417974 0.023499409880290006
7 0.2912169021764477 0.14346949134909617 0.03835778114989039 0.030823216995447645
7 0.4095600905097326 0.17686631944444445 0.026201431492842545 0.026148176550783928
7 0.42731765507839137 0.169077340377187 0.010153942285844118 0.016082992501704158
7 0.021595860566448803 0.5537979983660131 0.022453703703703705 0.0171875
7 0.025830896686159836 0.5223008040935672 0.022499999999999996 0.016666666666666666
7 0.08858681898170219 0.5073359177745995 0.023019404276356452 0.018500494376467693
7 0.08608673560471852 0.5400715300951673 0.021216990071272597 0.0183846248918552
7 0.12991937731164818 0.49834141505439394 0.02421802054154997 0.018528244631185783
7 0.12642529782297715 0.532026184229507 0.02396858884200657 0.0189561357243319
7 0.17172113289760346 0.521924019607843 0.022685185185185187 0.019965277777777776
7 0.17403869665423252 0.4852307401164334 0.025518565341574213 0.019051130776794482
7 0.26329855795807283 0.4613102356805714 0.024290938470042954 0.020968873580813844
7 0.2613508313135178 0.5020958907386146 0.02620444784623888 0.021487115703533594
7 0.322349950800057 0.4476062447798117 0.025507195093182396 0.022374085869308797
7 0.31993410188599597 0.4888591292012764 0.0248682865455689 0.022779547062986596
7 0.38583109750465755 0.43123791976697823 0.028285767063821958 0.023335757827653066
7 0.3839969264082592 0.4742784724146423 0.029959822665558303 0.02519742310889441
7 0.5231472997644886 0.39488335573066186 0.028700819199261533 0.027420820353063313
7 0.5206752484191509 0.44230098238482374 0.030555555555555555 0.026423611111111158
7 0.6135343270099368 0.37049881436314347 0.034212962962962896 0.028854166666666715
7 0.6138087801229177 0.4241730728408538 0.033812469674915045 0.029036268801552644
7 0.7196754596643363 0.3433953976223164 0.03579079635809337 0.030628167099246106
7 0.720011166766561 0.400566499343551 0.03886665049328807 0.03127274381368268
7 0.957538042352045 0.3489509824923971 0.039988574692944735 0.03610575549842901
7 0.9552766669840365 0.2828789988574693 0.04004808150052362 0.03561482433590402
1 0.01591486397902326 0.5349170353982301 0.03643518518518519 0.061909722222222206
1 0.07771364602307226 0.5221132172131149 0.039074074074074074 0.07152777777777777
1 0.12057437247252054 0.5106243653465872 0.04068587105624142 0.07399305555555552
1 0.1638581815899656 0.500674944188924 0.042752629172382255 0.0786608367626886
1 0.2515953734507195 0.47996530897474315 0.04423729659578718 0.0844657831686134
1 0.30994512230816906 0.4650870038755975 0.04603852181803184 0.08889352882949761
1 0.37455507612174943 0.4513888888888889 0.04762930150527051 0.09343853820598005
1 0.5098842383816211 0.41592090463649 0.050352630668051235 0.10457230010384219
1 0.6003680961444595 0.3909058351980323 0.05474356959505479 0.11143525066792392
1 0.7061679121376812 0.36525595150877366 0.060741687979539605 0.11935208866155153
1 0.9424158519817688 0.30394986845951477 0.06743479814219366 0.13833065380493031
14 0.17977329551773993 0.271763188188188 0.06690023356690022 0.055993493493493515
14 0.11129617304177 0.2905770279162021 0.03221633760868522 0.01531200461161551
14 0.1217990451388889 0.31144016472868224 0.02792581826012059 0.016805959302325608
14 0.09324345539463873 0.22801620942737158 0.021874223216505083 0.020460477255779274
14 0.05652612768105516 0.2630274867000708 0.05826056635860637 0.06976133565116614
14 0.019627759644589515 0.27034033727730183 0.02090983272133823 0.023714810281517746
14 0.019173004850088184 0.2966269841269842 0.03153935185185186 0.0168547453703704
14 0.17637301834313973 0.0643833922457872 0.05204550956184943 0.030353576615831518
14 0.1582949016624669 0.11051086388056865 0.040424570912375786 0.03511743450767841
14 0.12174444994785877 0.11592073173812584 0.03913938092682053 0.05915637860082305
14 0.09239634890337649 0.15856231873280285 0.03242496605328463 0.015934471133586176
14 0.2549733303282999 0.14788990308767186 0.03818646232439336 0.05613026819923373
14 0.2932497674927512 0.1435542982579541 0.03733792877072049 0.030465288035450518
14 0.4346517862027463 0.1317569569816 0.032003938946331856 0.03138847858197931
14 0.40711363006351614 0.16203063419749067 0.0264173626929891 0.055682105796001004
14 0.4276563246997947 0.16975528347253863 0.010229477769341072 0.0164515312579094
14 0.36696180034161946 0.17244651323000104 0.03222026947861744 0.05268121789927165
