10 0.1419622857738188 0.874511642444132 0.26605719643694326 0.18196202531645583
6 0.39637541022034695 0.7198817686357243 0.029887482419127993 0.01142756680731354
6 0.3279066904659322 0.11034943203189651 0.06670177286291035 0.08820431806213798
7 0.4598461025347818 0.042568967981703836 0.0585255066387142 0.04946278825995806
7 0.8797298380631714 0.4194324194324193 0.04503367003367002 0.05650252525252526
7 0.86938222807788 0.5138614404918752 0.046296296296296294 0.05839646464646459
1 0.8519044612794615 0.4411125140291808 0.09385521885521876 0.21022727272727273
7 0.37147995102540565 0.5423840679522497 0.05892255892255891 0.05429292929292934
7 0.39316409711146555 0.4595627325890483 0.06481481481481481 0.05303030303030304
7 0.1762591189674523 0.4779698021885522 0.06439393939393938 0.048295454545454516
7 0.14639989639989637 0.556611790986791 0.061868686868686865 0.04955808080808074
1 0.3707497510314412 0.48533753023189635 0.1132154882154882 0.1878156565656566
1 0.14555167055167056 0.5033848096348096 0.12457912457912457 0.17266414141414133
7 0.5246913580246914 0.6828211189913318 0.06205673758865247 0.037677304964538964
7 0.3074444907986836 0.6831673272145737 0.05811662726556342 0.04654255319148935
7 0.11411834237240995 0.6882300792657489 0.057131599684791166 0.03989361702127662
6 0.36063475566333697 0.6813326404526822 0.030433820274457762 0.011620185922974792
6 0.3910822758349319 0.7006925999704884 0.026929319758005055 0.010790172642762268
6 0.34154124243765677 0.7183903275785745 0.01899808174708571 0.010098494909251896
6 0.4563023625661961 0.7145799517977471 0.015493581230633003 0.012726870296591307
