10 0.3090595826681752 0.47142112645495265 0.30157493942540675 0.1577102803738318
10 0.19848996192454135 0.5794068016614745 0.06403599861543785 0.01882139148494291
10 0.3245067497403946 0.5844366562824506 0.16571478020076147 0.03245067497403945
10 0.6896788310339712 0.5339758566978196 0.20119418483904464 0.1479750778816199
10 0.9234186259108376 0.5785456106717791 0.1362928348909658 0.11163032191069572
7 0.6262763932156455 0.38384280893042577 0.036777431637244715 0.029205607476635483
7 0.7001710341457456 0.40383910573575227 0.03634475597092422 0.028232087227414365
7 0.3756105534402523 0.31540253259490014 0.04845967462789894 0.035046728971962635
7 0.3575703819083881 0.009627033575631706 0.04240221529941156 0.02174195223260644
7 0.6633681509987174 0.1440141866715533 0.03894080996884731 0.045106438213914836
7 0.4110086002609366 0.12906631919482386 0.05365178262374523 0.042834890965732085
7 0.4105698731866955 0.20576677994902295 0.05148840429214258 0.04380841121495326
7 0.5248920192032749 0.17637647297846407 0.047594323295257895 0.04023883696780892
7 0.5261900462022364 0.2464558219332701 0.046296296296296294 0.03991433021806855
7 0.6883437175493251 0.3073078920041536 0.0411041883004499 0.03342419522326065
7 0.6889019300991134 0.2424617147328415 0.042383933229003724 0.034722222222222224
7 0.7649114383269314 0.27632175629534783 0.03749347939488783 0.030565336463223777
7 0.7647780623132736 0.33520726632522413 0.038471570161711044 0.03154342723004693
7 0.8304262302208313 0.3031164417057903 0.03553729786124148 0.030565336463223777
7 0.832811684924361 0.3588370500782473 0.03325508607198744 0.030809859154929557
7 0.9343149351952169 0.3938320091489106 0.031950965049556725 0.02738654147104845
7 0.9326836439512498 0.3445547019490682 0.0312989045383411 0.02543035993740218
7 0.9788670293365128 0.36426894701542584 0.02966875326030247 0.026897496087636894
7 0.9806100915255845 0.41182067150377016 0.029342723004694763 0.025430359937402218
7 0.9810751976244934 0.08317533405561575 0.030320813771517883 0.026163928012519565
7 0.11582768214223613 0.24398474178403756 0.05542514345331246 0.04303599374021907
7 0.25477634324465315 0.2794649843505477 0.048578508085550344 0.04010172143974964
7 0.2719092331768388 0.15327497391757958 0.059663536776212854 0.04988262910798122
7 0.2712435880716397 0.0698519822639541 0.05640323422013564 0.04890453834115806
7 0.23025188166033242 0.024081991951710263 0.04955659885237351 0.04621478873239437
1 0.28894073988369945 0.10607492254489827 0.08685041630778063 0.1824935400516796
1 0.4270077109224395 0.16494785898855674 0.08218489807637094 0.1671511627906977
1 0.544717197817973 0.2067578237151881 0.0785960378983635 0.15073212747631354
1 0.7041178029550123 0.27537600212018815 0.06459948320413442 0.1361972437553833
1 0.7779854764761991 0.3059389006841235 0.06310450577966506 0.12517692852087753
1 0.8449989991922053 0.3281119314160714 0.05868129275772592 0.11721514508138714
1 0.9439095407145003 0.36757206061569436 0.04987283420759807 0.10476275631855035
