12 0.7442768050821196 0.5858195893445354 0.03283923837069172 0.07592190889370927
9 0.5205596470276009 0.658601674923331 0.010283970276008523 0.0388259809703546
9 0.5434262916980187 0.6541553257964929 0.01214885879107099 0.04781163782292458
7 0.608550347222222 0.6066666666666668 0.017152777777777732 0.023564814814814858
10 0.5391256674509731 0.5040920182874418 0.16836530775379693 0.2109423572253309
10 0.324544685386526 0.5356457278112108 0.1081767486709503 0.15332056194125165
10 0.193619763501334 0.5583669498932998 0.0859712687515891 0.12225612340028817
7 0.12738531058995306 0.4817203899981705 0.015453562046051614 0.020540359552876978
7 0.19728448275862062 0.4519093231162196 0.01733716475095785 0.02266922094508301
7 0.3535141570247482 0.38517613302830306 0.023553609341825894 0.0303235826059605
7 0.8939348784793466 0.1470152364946291 0.04632140274764996 0.05894994777858117
6 0.24150973352604588 0.02072475007063548 0.03928964325003928 0.032937817591282934
7 0.1929732593795094 0.0458435689090451 0.025510204081632657 0.0444925444925445
7 0.10076444892473117 0.019009216589861752 0.024305555555555556 0.03173536439665472
7 0.10907687991021328 0.15819018207553245 0.023922210426987493 0.03784304474325708
7 0.034870426829268296 0.1302629102679916 0.021341463414634148 0.03833559168925024
7 0.04820470328282827 0.24171085858585864 0.015555555555555555 0.019907407407407433
7 0.0057578502415458945 0.30050724637681153 0.010902777777777779 0.007037037037037058
7 0.006046626984126984 0.2892195767195767 0.009305555555555556 0.00523148148148146
7 0.7306261089787129 0.03525257949984292 0.04609007671368472 0.06351563144436197
7 0.39030663857945336 0.13483845885302612 0.01811982290774065 0.028325240407502623
7 0.1393381519274376 0.3317998866213152 0.010798611111111118 0.014351851851851852
7 0.12511878654970762 0.37035940545808965 0.016319444444444445 0.023240740740740708
7 0.12105080409356725 0.4130445906432749 0.014548611111111123 0.024259259259259248
7 0.21029672494707266 0.31211176582653805 0.021471529941156142 0.028556593977154737
7 0.20437593394625533 0.36519585081624445 0.021417445482866053 0.029061382254528634
7 0.25713734567901236 0.33490278827580416 0.021935626102292754 0.03211346266901824
7 0.2610851083073305 0.27511154825969647 0.022156084656084672 0.031305114638447956
7 0.29228399743797195 0.31325264255963087 0.024398260517799347 0.03477840704782451
7 0.2974265652479391 0.2525794715810819 0.02292449454285202 0.03414445040854062
7 0.3323397360387157 0.28864732521195113 0.024415069057926193 0.036332714904143505
7 0.34252215344841247 0.2482593504775759 0.015321076472155642 0.015432098765432117
7 0.3373343936339968 0.22012903240857384 0.0276360544217687 0.036533131771227016
7 0.41911974191385964 0.2341880341880342 0.029656862745098066 0.041721132897603465
7 0.42478150174798596 0.15993818716116942 0.0287581699346405 0.042265795206971685
7 0.4796180882969248 0.19880013795030305 0.031112486248624865 0.045035753575357544
7 0.4847125337533754 0.11268835216855025 0.03231573157315732 0.04629629629629628
7 0.5540168845315905 0.15265749818445898 0.03464052287581699 0.0514161220043573
7 0.5588938816267247 0.05861171629145486 0.03488562091503269 0.051198257080610016
1 0.19913276758514853 0.3304008846336889 0.041293032364460955 0.11105957534528967
1 0.25132779706993114 0.2966509601256523 0.044039455376664684 0.1255548929967535
1 0.28703745217599236 0.27497420603291023 0.041271454381210486 0.1309846431797651
1 0.32574653279730525 0.24254882231370184 0.04521016617790809 0.1443195394808298
1 0.41119302675230035 0.1863107592075087 0.054572976418100674 0.16305502443169748
1 0.47355661222655854 0.13719035664714427 0.057266686650679494 0.17735811350919264
1 0.5467359490014041 0.09269228074568973 0.06317037953795379 0.1882792445911258
