7 0.3712832685944468 0.06343045054357574 0.02701200067136627 0.037694727288550715
7 0.41023316257914383 0.12891185759402815 0.023587311301509574 0.03178974568203455
7 0.44738346104725407 0.1825117071094082 0.012771392081736919 0.027352064708386546
7 0.4501850236319054 0.21029250251407608 0.023415498268421528 0.03406517871583374
7 0.3777143908722856 0.29051692703008486 0.031348403058929365 0.046108861898335574
7 0.41750305077892125 0.15071336672908814 0.028386994949494947 0.03960237106265144
7 0.41678284809558613 0.21617224123858483 0.026717722395292517 0.03785912080304604
7 0.21110364936958068 0.11733853951991209 0.03708548055974524 0.04803618978455579
7 0.1889841916717971 0.16967687393488404 0.019088439198051352 0.020454687402410843
7 0.1305936164990835 0.17928909443715818 0.01898253606681853 0.017717033662363945
7 0.2707583333333334 0.2773018518518519 0.009965277777777753 0.013981481481481503
7 0.22162280701754386 0.2840058479532163 0.00927083333333331 0.0125
7 0.3842533616418967 0.3340449791617521 0.011647794291106331 0.013269639065817398
7 0.04224946452911015 0.3261354266579165 0.013972725240330873 0.01406587674193305
7 0.21633738778162334 0.4340298497566668 0.012052701197438035 0.012995451591942821
7 0.2687994559841741 0.4595065391801295 0.010354846686449074 0.015042861852950874
7 0.26842566588950123 0.48577747947184147 0.01153972964061983 0.014974172986042492
7 0.4522396076836832 0.266134045985759 0.020381289308176145 0.0344050068587106
7 0.4799850393299061 0.2548853515482368 0.018610803494524455 0.030915466961978562
7 0.47847940772882375 0.30834064761245444 0.016171253028729717 0.030503634475597133
7 0.3783966078147112 0.36770838726657695 0.03373330226778503 0.044061302681992355
7 0.38040798611111104 0.40844328703703714 0.007916666666666652 0.010648148148148148
7 0.4130324074074075 0.40592592592592597 0.008958333333333396 0.010185185185185186
7 0.44576206140350877 0.4015277777777778 0.00927083333333335 0.009629629629629608
7 0.4251898148148149 0.43970061728395066 0.007708333333333349 0.007546296296296328
7 0.35684490740740743 0.4460339506172839 0.005868055555555547 0.008564814814814815
7 0.37657585470085475 0.4730858262108262 0.006527777777777762 0.00824074074074072
7 0.40029761904761907 0.47099206349206346 0.005763888888888936 0.007546296296296275
7 0.3701698908730159 0.4998462301587302 0.008506944444444444 0.0117592592592593
7 0.36964159084721515 0.5207139585879116 0.009829619921363057 0.011710596572981907
7 0.36857661642638706 0.5414633998349595 0.008464394932284828 0.010436386583175498
7 0.3835356280193236 0.5056239935587763 0.008020833333333382 0.010555555555555535
7 0.3835628019323671 0.5256904186795491 0.008506944444444444 0.011018518518518497
7 0.39623106060606056 0.5107954545454544 0.007430555555555587 0.01148148148148146
7 0.3960053661616162 0.5297664141414142 0.0077430555555555395 0.011574074074074073
7 0.4094079861111111 0.5550810185185185 0.005972222222222238 0.008703703703703682
7 0.5038466853159835 0.2808842392175725 0.014445836814257894 0.020247377703518053
7 0.5188798144787257 0.29658657984722026 0.014406439253491499 0.024049355250690074
7 0.5156899655207383 0.3366559059820392 0.014972703917790634 0.02563690858488546
7 0.5136462463419238 0.3780225017569254 0.01472449376947043 0.024932935271720292
7 0.5480787635180401 0.3483607933605667 0.013302393580851342 0.0147332154676096
7 0.5795542635658915 0.41660514334932935 0.010843484680693965 0.012407202329682971
7 0.5936851112317342 0.4311863138728058 0.01001602564102563 0.014690170940170964
7 0.5928720965708826 0.45764385673338637 0.008851795649974688 0.017071320182094073
1 0.39278475028680643 0.32987801144960666 0.04827892377035141 0.16129102899876432
2 0.5278992106084179 0.2587675936180051 0.026274309238244184 0.09541000401140488
3 0.5258735846015772 0.3444572647719852 0.03674017079321404 0.1202081124201898
2 0.5479869942445548 0.33661564596544435 0.029156866039426493 0.013907556750298668
1 0.4895704245054995 0.28098878466542904 0.03131808278867104 0.11353615520282187
1 0.4304752418293102 0.17310384209149637 0.04346094069032213 0.14284780607804665
1 0.4614145291557715 0.2347907238181388 0.036561497521143196 0.1283622533294449
1 0.12695485627453465 0.4096105412744643 0.022790827740492167 0.07556549838429032
1 0.2731892033542977 0.47020352900069873 0.017638888888888874 0.05782407407407406
1 0.3732873774509806 0.5076121096586783 0.0140625 0.04657407407407403
1 0.386826774691358 0.5141893004115226 0.012847222222222222 0.04175925925925928
1 0.39931914251207723 0.5187827093397746 0.0125 0.04037037037037039
10 0.37102722264795257 0.5910303505826281 0.03384403036576945 0.040694444444444484
10 0.36739800347222223 0.6219270833333332 0.020451388888888842 0.004675925925925884
10 0.4098216797341365 0.5986694840502723 0.022364140834290128 0.03534677042139728
11 0.5105659762663532 0.626110827659321 0.21484032642788226 0.3927158327026874
11 0.6527959517781196 0.6220897687388198 0.050957152166829583 0.11651415722398842
6 0.042414945527642384 0.05405357316446556 0.021598862642169734 0.021598862642169727
6 0.076290309706258 0.0930230949340145 0.04149305555555557 0.017731481481481473
