7 0.1743889498958524 0.06773134246530853 0.025787362742712202 0.0362685560053981
7 0.17106852275616574 0.13471177944862156 0.026061530638189664 0.03835070768709213
7 0.22939350820753937 0.047079930710220236 0.022503711952487036 0.04031592840056092
7 0.2236511064648183 0.11495645723019159 0.02489108314833012 0.03772747275825169
7 0.26268705270006504 0.032551989204559144 0.023191823899371085 0.039046121593291405
7 0.2578028449846475 0.10548983509366493 0.026703582667634982 0.03953844912450577
7 0.29508904837852207 0.01976453127768917 0.025584795321637443 0.03679337231968811
7 0.29200053418803423 0.08913442795021743 0.02613304093567253 0.04069200779727095
7 0.3641244266244267 0.06703406703406704 0.031112843612843635 0.04581504581504581
7 0.40834044699674066 0.053611154224222676 0.033073145705071895 0.04617414248021108
7 0.44950482204496695 0.03483883757813229 0.032185838231178265 0.047345834499486886
7 0.5437623585342253 0.018603538222053934 0.033036071143085544 0.029060085265121233
7 0.2829751921733054 0.18106718578416692 0.021816037735849076 0.03869671558350805
7 0.3350453505899475 0.17196695369937218 0.02024966647608157 0.03549647417571946
7 0.415970875529699 0.14840551605257488 0.007070135746606354 0.03309870956929781
7 0.4268148110059876 0.1451163215869098 0.010762317747611879 0.029642198759845816
7 0.4880847347909807 0.12369410872989269 0.02358490566037735 0.036687631027253656
7 0.6896051801559889 0.0702335010981467 0.03307214650638899 0.044559579989529724
1 0.17099870221141847 0.06872984350617453 0.03057571879237406 0.053061052712952375
1 0.1686657691372465 0.1345849521149248 0.028292698041804423 0.03835070768709213
1 0.2469138970590177 0.07002734572787372 0.1142945624880841 0.15182973774305042
9 0.9921855136028477 0.4997510382235783 0.006594838545639447 0.009005000423764774
9 0.9911658297313332 0.4729567477469842 0.016050088990592334 0.04915670819560984
9 0.9794536787461315 0.47978852617217405 0.015788784067085893 0.04970300489168409
9 0.985668894129979 0.44739255765199165 0.012251048218029343 0.004979035639413012
10 0.16976484564278244 0.39682355811560477 0.06663995863059427 0.15687845239550408
10 0.15578374583113921 0.3458326019542449 0.006527558364051266 0.008483997425545592
10 0.19950969169719174 0.4483999796499797 0.0055326617826618 0.026963776963776966
10 0.2931767643900555 0.380370122335814 0.1093496888239692 0.17131254665575985
10 0.4647209666357569 0.3636877993745278 0.13962034806113352 0.1958759925038221
10 0.6643210537076585 0.3216464144692532 0.16904349748700354 0.22963883924331513
10 0.9319129837473443 0.29428810189666677 0.17893155206776282 0.2732407407407408
