12 0.02547899292931281 0.9746336891900543 0.0329328394803808 0.058545899985588686
12 0.15643620634627828 0.9533020714075868 0.07993605115907274 0.08404387601030282
12 0.24092392752464697 0.942673638866685 0.08101851851851853 0.09137134736655125
6 0.18014009550553578 0.8734208353849879 0.034722222222222245 0.019181954540209954
6 0.134985536270583 0.8362755278643128 0.01894308151609554 0.016658013153340263
7 0.06170373851294904 0.4376616143533436 0.04541301169590643 0.07115009746588691
7 0.07544903926482871 0.32433901110801694 0.05710891812865496 0.06859161793372319
7 0.17093721088899863 0.22624586457891133 0.047661423083230264 0.09026268599052277
7 0.24115186361075572 0.3970889692706494 0.043228780004949265 0.0756825868184443
7 0.2531559334536673 0.28157599035130376 0.055696958270487686 0.07478632478632478
7 0.3298533778767631 0.17946111877069554 0.05065268497896563 0.09269570238389835
7 0.36289498398236625 0.3958786400032848 0.03759288048060709 0.042761129067516085
7 0.6115361290066015 0.31238401071078215 0.045521653543307075 0.0857575094779819
7 0.6138327221065847 0.17985484741357477 0.060793314500941636 0.08576585059635906
7 0.6588130501668562 0.08379773082364823 0.05357226129259926 0.10074013157894739
7 0.8869816360309699 0.2533365240324454 0.04107869310958547 0.0923807102296805
7 0.8469052420124806 0.2477664988835678 0.021038129282097077 0.07360242279813323
7 0.8844211979223421 0.10421585364377128 0.040760869565217524 0.09079159250783965
5 0.05450038730857204 0.35626158639129274 0.11089619529681004 0.27228751187084516
5 0.22662263184063464 0.309650634028815 0.11811555075593952 0.2877769778417726
