7 0.017738526570048305 0.0905325332125604 0.03985507246376811 0.05042270531400966
7 0.151282493673798 0.147299861973775 0.020128824476650552 0.015096618357487933
7 0.23482461667716864 0.16450063011972274 0.025362318840579715 0.023550724637681163
7 0.31110763018657756 0.18310750835421888 0.02558479532163739 0.02497563352826509
7 0.38006619558154653 0.19944337841130602 0.02538174139051329 0.026955409356725153
7 0.3141564925960124 0.27326917897814706 0.0215237166991553 0.02543250487329433
7 0.3689083820662767 0.2843034234892787 0.020305393112410655 0.02512792397660818
7 0.47517061293942997 0.09622434017595308 0.0301174830744723 0.02277479091995222
7 0.6264055801532082 0.11089807786914048 0.03310434090003982 0.0444295101553166
7 0.8323408306808042 0.06182281456185839 0.028220451527224414 0.048140770252324036
7 0.6524970672029495 0.5058352187028657 0.01644461203284735 0.01036953242835597
7 0.6392560397978354 0.39353781323595566 0.021786492374727646 0.018696581196581186
7 0.6432136007299406 0.36133194374615935 0.020739064856711887 0.019482151835093
7 0.6437699011228424 0.3236629587732529 0.0228339198927434 0.019796380090497737
7 0.6350314990020871 0.26175927830339596 0.021262778615719766 0.026080945198592272
7 0.489670920920921 0.3762762762762762 0.019769769769769772 0.01792417417417419
7 0.4903716216216215 0.3419247372372372 0.021021021021021026 0.018487237237237233
7 0.37481810562471396 0.3534937217517393 0.01916639671741712 0.017310495626822152
7 0.3730496166720656 0.38588739067055394 0.019031422092646563 0.0168043407839326
7 0.3885148163573819 0.41354778873000436 0.019436345966958184 0.01558956916099774
7 0.330568016256422 0.41689431408634303 0.01800411522633746 0.015776565255731848
7 0.3132904620069535 0.39114384347405085 0.019466634390381637 0.0168694020818204
7 0.3137860082304527 0.36078114373321346 0.017247639796659456 0.016945049624788152
7 0.25641875405855075 0.3659684038224341 0.015936415718550787 0.01596163156620673
7 0.2551361392651532 0.39577807773673074 0.01674332284354068 0.0168694020818204
7 0.1878023972360753 0.42926693889390943 0.018176374989308037 0.015155889145496577
7 0.14012101290777196 0.4328268387159842 0.018604054400821152 0.014193610469592007
7 0.1609338185550657 0.4055093370191522 0.01571721837310752 0.015236079035155272
7 0.16246217073776736 0.37663281889609834 0.016144897784620662 0.015236079035155194
7 0.1455597579706426 0.34537436824313017 0.019031733812334268 0.013070952014370047
7 0.13988400815439783 0.30606543792687824 0.012280887757986997 0.012391327396098401
7 0.02427151416122004 0.4418360226034857 0.01826888162672476 0.013276143790849678
12 0.6938864176272697 0.495448095534191 0.03701411807847453 0.034120599559956034
12 0.4978480304170769 0.5040489657518382 0.020283278327832794 0.029737348734873513
12 0.41997772472282685 0.5050210805655033 0.0245232856618995 0.028620049504950472
12 0.2732619660271113 0.5126232962279279 0.03231573157315732 0.027502750275027507
4 0.7783912276665896 0.3166839199447895 0.14733980011757786 0.18821649029982362
4 0.9153552209107765 0.29875667028444813 0.15064667842445617 0.19896384479717813
10 0.33826786867570824 0.5004473507229668 0.11997405966277562 0.07106571552096841
10 0.15919428200129956 0.5046540491873597 0.06650613461758972 0.06417698658410731
1 0.15390560710882129 0.38859951162631845 0.02902513912876609 0.059639464594127785
1 0.24649872771634437 0.3794899868410232 0.031064095183266163 0.06278785261945888
1 0.30373189667630923 0.37512016069994375 0.03226348109767798 0.0659362406447899
1 0.3627996519835898 0.36680908564004405 0.031783726731913264 0.06719559585492227
1 0.4815112163545407 0.3568725401150469 0.03141083863154708 0.0723773841961853
1 0.6339506172839506 0.3376509661835748 0.03395061728395058 0.07847222222222222
3 0.5846513265578012 0.09839271439990864 0.08626432187583256 0.1526278976818545
6 0.3809885915360955 0.09831173478516472 0.024378242977276813 0.014425657541599572
6 0.3228573984612632 0.11332528180354269 0.029969583109679725 0.017277241009125078
6 0.18787648356891518 0.14660493827160498 0.03958668813741279 0.014090177133655383
