7 0.07903792504474154 0.1510271061671209 0.034890368576809265 0.06277463904582548
7 0.07238831929311274 0.2884060286072998 0.05464756524078558 0.0720226885481123
7 0.1578393064092217 0.4092100225574801 0.03636164917944579 0.05016366245179803
7 0.18101696893446645 0.26051145505283096 0.016184086629001868 0.03559097838758855
7 0.2433117785720692 0.1383203940709994 0.014082257196664004 0.01961707470182047
7 0.2528043887660689 0.27145888651047084 0.019547013720742544 0.03615146623621201
7 0.3389850525897741 0.2588653163713697 0.009878598331988135 0.03334902699309482
7 0.38399509889929934 0.2835459288112199 0.015553537799300488 0.03951439332795262
7 0.45701653719397356 0.2941043217349714 0.01786555017487219 0.04063536902519954
7 0.5297711127765609 0.2993939258063552 0.018075733118106004 0.0375526858577706
7 0.5566905434490179 0.27939385107464204 0.01744518428840468 0.03503049053896513
7 0.6518613801452785 0.30767419962335213 0.01765536723163838 0.04091561294951125
7 0.7227023734792095 0.3236661634731315 0.018075733118106004 0.022139270020625948
7 0.7604287521859028 0.31010741749618875 0.01219061070755984 0.019056586853197048
7 0.7744774384958001 0.29444294981018143 0.015343354856066676 0.02269975786924941
14 0.7457653210319781 0.2681161268975412 0.06074287059456561 0.024100977490808004
7 0.9791467948247612 0.29703308305003223 0.0157637207425343 0.04455878396556361
7 0.9764749237736526 0.5059336980240934 0.01429244013989773 0.01793561115595013
7 0.9762156981436643 0.5388717005948644 0.01219061070755984 0.0187763429288853
7 0.883761953677208 0.5301450746366001 0.011770244821092329 0.020177562550443895
7 0.8849752824858758 0.4989042462559412 0.010298964218455647 0.017375123307326632
7 0.8298653147699758 0.4920522823065196 0.010088781275221947 0.020457806474755643
7 0.8288564366424537 0.5255624495560937 0.008407317729351679 0.018215855080261877
7 0.6866466572504709 0.4781802080530894 0.013241525423728785 0.018215855080261877
7 0.6856342760738948 0.5122391863211073 0.011770244821092329 0.018215855080261804
7 0.6333512689444893 0.5090397348518818 0.01387207425343022 0.019897318626132147
7 0.5296125131930217 0.36573987845174283 0.01933683077750876 0.025221953188054924
7 0.5266861199064589 0.41226036988748854 0.018916464891041138 0.023820733566496256
7 0.45646884894766243 0.3597469699164614 0.019547013720742516 0.026062684960990023
7 0.4536556310920718 0.40678483475093646 0.01933683077750876 0.025782441036678348
7 0.48746095267987916 0.46081442620990654 0.013661891310196352 0.017375123307326705
7 0.4847449219800915 0.4932853555734913 0.015553537799300488 0.018496099004573552
7 0.38250062084807845 0.3500031042403924 0.019757196663976326 0.024941709263743176
7 0.37913499910321946 0.3991374092009685 0.019126647834274948 0.026623172809613443
7 0.4323301463131972 0.45640956657905807 0.015133171912832921 0.01989731862613222
7 0.4310661090322107 0.4889746944831691 0.01492298896959911 0.019056586853197048
7 0.3767704409918394 0.484284854871013 0.014502623083131543 0.01989731862613222
7 0.3783292978208232 0.4493711326338446 0.015343354856066733 0.01961707470182047
7 0.306271578782172 0.4748032687651332 0.019126647834274948 0.02578244103667827
7 0.30448001940889347 0.5214738908746173 0.020387745493677705 0.028584880279795537
7 0.2805591987265716 0.4409871685648522 0.014712806026365354 0.017655367231638457
7 0.2787995902402683 0.47540148175741387 0.013872074253430164 0.019336830777508723
7 0.19339572294159624 0.45884459572742553 0.028584880279795544 0.043718052192628476
6 0.6829484297295456 0.1942116856279946 0.014157129232236528 0.0239855121829371
6 0.6329518729803297 0.19018098417240048 0.012560460521833922 0.024127438290528415
6 0.5819398636569718 0.18535549651429484 0.013092683425301494 0.024127438290528415
6 0.4959146569929831 0.17217056111905898 0.012986238844607981 0.01873424620205735
6 0.49383898766945966 0.18368076844471692 0.005215784453981872 0.010928310284533442
6 0.443837055290918 0.1706661443785907 0.011815348456979378 0.028101369303086043
6 0.39264315491298746 0.16311430197627066 0.011921793037672835 0.030230260916956204
6 0.2971099648418177 0.1499356766197595 0.01224112677975338 0.02341780775257171
6 0.1911405981953192 0.1370683639996945 0.01224112677975338 0.02270817721461498
6 0.09788170553549666 0.12901083180053136 0.015115130458478102 0.028952925948634103
6 0.0422784568942026 0.11498675829416173 0.010963791811431289 0.01703113291096123
9 0.40462277022303406 0.12302634334296601 0.008834338484734285 0.021725928718013144
9 0.4382336707770179 0.12830637971987385 0.010077689827030197 0.02067889600871132
9 0.4866597421016946 0.13456728496306333 0.00896521757339696 0.020591643282936164
9 0.5986021725540928 0.146739695259191 0.008638019851740104 0.02146417054068768
9 0.6296786850510099 0.1507662469745925 0.009096096662059634 0.015443732462202113
9 0.6801048302514927 0.15657223174205157 0.009357854839385095 0.021551423266462855
12 0.9358174302281128 0.14574896516243527 0.08428336023675015 0.09220025109855617
8 0.9887618683301946 0.5145395218664992 0.016604452515469433 0.12358757062146895
8 0.959660925232959 0.5142730778323998 0.028795063223029386 0.1314344005021971
1 0.8855067977483391 0.510017603532641 0.01240079365079365 0.07237422259352083
1 0.8291904115447348 0.5084221797880945 0.010007658033973797 0.054244407314582736
1 0.6866874734786703 0.4914941122647889 0.013488582567529897 0.07092383737120576
1 0.6341094551855828 0.49586598772062424 0.01490270815928713 0.060771140815000506
1 0.4862047386571587 0.4743174072748008 0.015446602617655252 0.07208414554905784
1 0.4313542343513105 0.47068223542395066 0.01696950710108605 0.07411468486029883
1 0.37748606386999234 0.46543897773534354 0.017513401559454175 0.07193910702682633
1 0.37999631338447126 0.37205809135633694 0.02306112503480925 0.10283231226213681
1 0.45510322711203627 0.3821887974802039 0.021538220551378454 0.10312238930659981
1 0.5283291878686615 0.38772752588542064 0.02197333611807295 0.09920634920634917
1 0.19593079186102438 0.4721634954193094 0.058020683020683035 0.07275132275132275
1 0.3054220425543955 0.4974582425562815 0.020743145743145713 0.10020843354176687
1 0.27860449735449744 0.4573700797659131 0.015782828282828253 0.07415424082090749
3 0.6417469025227643 0.4219673472547036 0.02435064935064942 0.10321468654801992
3 0.7158280527845746 0.4373444590835894 0.024200336700336684 0.09980759980759986
3 0.788484613212874 0.4401764365532481 0.02359908609908618 0.10060926727593394
2 0.6741898148148148 0.3994708994708995 0.030212842712842643 0.03086419753086417
2 0.676013801013801 0.3538899372232705 0.014580327080327015 0.0232483565816899
2 0.6697102386757557 0.29932604645248323 0.031114718614718626 0.06433381433381433
2 0.7483624763036527 0.40365135953371245 0.03321909571909573 0.03106461439794775
2 0.7501164923039922 0.3651595318261985 0.01533189033189026 0.016434183100849785
2 0.7498866873866873 0.3351124184457518 0.017586580086579994 0.018638768638768604
2 0.7418680856180856 0.3148173200256534 0.011273448773448672 0.02745711079044415
2 0.7507009316219844 0.31185919343814084 0.010822510822510905 0.03106461439794771
2 0.8196810234853713 0.4146015015580232 0.03382034632034624 0.029060445727112354
2 0.8190411054994386 0.37157287157287155 0.02029220779220772 0.01783710117043452
2 0.8237044817927169 0.3414396061454885 0.016835016835016862 0.019841269841269802
4 0.6705065584033837 0.5748623804179359 0.032617845117845115 0.10561968895302232
4 0.7156328200631996 0.5764014466546112 0.03186628186628187 0.1062209395542729
4 0.7584262607996786 0.5792199674056213 0.0341209716209716 0.1066217732884399
10 0.8060028595742877 0.6444965968775495 0.04930254930254935 0.07435465768799099
10 0.6215774965774967 0.6284225034225034 0.06749037999038007 0.07896424563091228
12 0.6112104481669699 0.6165955622477362 0.009469696969697041 0.04188712522045858
12 0.5479811050463225 0.6166827000160333 0.013077200577200639 0.03427128427128423
12 0.2745739710025424 0.598330241187384 0.01833814333814335 0.0392817059483726
11 0.43449863174508735 0.6480884820579477 0.2138734281591424 0.28559403559403557
