7 0.426711 0.743717 0.019097000000000055 0.03174600000000008
7 0.08965281359234427 0.559733921647279 0.016116554925219188 0.04273871602391455
7 0.11269948713540773 0.5597816744026131 0.012266489026416829 0.040709223922220344
7 0.10242966019139303 0.5665523329267527 0.01083390636639734 0.029487326418734347
7 0.08652799266517677 0.6379827803564265 0.015042117930204576 0.042261188470574716
7 0.10640507707294712 0.6404997485021552 0.01351999885393388 0.03939602315053578
7 0.22372367858478967 0.5716111734630253 0.01635067607289828 0.04249951009210267
7 0.2362948265726043 0.5853174603174603 0.008634626690182237 0.02192337840485989
7 0.246052414021164 0.5722889721732314 0.009093915343915335 0.037110523221634314
7 0.22021972369194595 0.6519326866549089 0.015891387419165185 0.04311189496374684
7 0.24229949577171797 0.6503527336860669 0.010379923574368018 0.038580246913580196
7 0.4192944373145102 0.7046751572299018 0.019461099524968172 0.041637701309234124
7 0.4374945689954814 0.7030857760784768 0.00687927239022128 0.02534468775344691
7 0.43176485922836283 0.6858453539566678 0.003982736646970221 0.0031379137218552674
7 0.44894041101842186 0.6426588106180564 0.02878432394855752 0.01774128142741284
7 0.4490664879090322 0.6110138702683019 0.019913683234851105 0.006637894411617016
7 0.47082844287949926 0.5408958379909085 0.01379806617482673 0.006986362620165496
7 0.47333152561200537 0.5645708743199941 0.029866700201207238 0.02969204113570311
7 0.48533387826961777 0.5462753372084358 0.005239771965124065 0.006986362620165496
7 0.5797588844280881 0.5572361002688871 0.017239136091595195 0.020600225518258356
7 0.5902015433905803 0.5724423193685488 0.027566354410616726 0.019732847601700066
7 0.5966204787926098 0.5579679503859831 0.00422846734322141 0.005312689738919292
7 0.5157104870002397 0.6446022567930695 0.015073756239833945 0.03423729130442914
7 0.5657199837853549 0.65467267322391 0.024538672948566948 0.015891712004786174
7 0.5643018396993662 0.6220803987083644 0.020419681417914646 0.006076242825359439
7 0.6171635588596719 0.6543433663575007 0.01638832800493572 0.03283508142165384
7 0.5380989389337765 0.7107599691835552 0.020056157240272824 0.04190304280556982
7 0.5548978698798193 0.7123083160989298 0.004208211563807249 0.023995759555326287
7 0.5500222050312303 0.6967127003228085 0.00367099306630002 0.0034620747617137813
7 0.5444197410534727 0.7528385285738228 0.016216422466422433 0.022220426632191235
7 0.5533784026431084 0.749683776644561 0.0006172340731163939 0.0016459575283105342
7 0.5546489507163666 0.8163406852545428 0.011536918138041698 0.02593484335057379
7 0.5640549759229534 0.8093305986564413 0.002675227394328479 0.005424766660721634
7 0.5635700909577315 0.8227067356280838 0.002006420545746387 0.007802746566791443
7 0.5558254272334731 0.860776622270875 0.010946907498631645 0.025922885118287498
7 0.22855707598354652 0.4516517567988156 0.020377520377520383 0.03137065637065634
7 0.24332619705819183 0.40722380421201904 0.02115983524211372 0.03398968588842012
7 0.2604556718480769 0.3565289219297658 0.027689873417721483 0.03675239434733109
7 0.36898270153939583 0.374730355658143 0.02115230742614938 0.03928607470841804
7 0.4309611555211736 0.07968409430001888 0.03778436765801387 0.05205050331404121
7 0.6628420008354217 0.4360844240230205 0.019188596491228095 0.020711500974658913
7 0.6253082533464477 0.47824903148977227 0.017510379923574453 0.020591441309033887
7 0.6887055324555323 0.5693468193468193 0.019439081939081927 0.02305877305877308
7 0.6975629966701394 0.5896840718269288 0.027885027885027905 0.02377377377377377
7 0.6502358389204058 0.7184657858329856 0.023995759555326287 0.04047046014555039
7 0.666576234886253 0.7196041774110364 0.0033128474012950877 0.015519645483544432
7 0.911980385336959 0.17993721761982054 0.0357696199329665 0.045453108202112166
7 0.7879942912837651 0.6732905759769796 0.01866645781119472 0.03167641325536059
7 0.6324866534779658 0.874798438088517 0.01055543745275878 0.009578206952994757
7 0.6245875608347768 0.8622065298939834 0.013036023615088183 0.02113750721768548
7 0.5969835198799037 0.837578463621579 0.010210389208998392 0.0203747856738121
7 0.6254589270091239 0.8212862281103751 0.015574225096862904 0.025127067449902098
7 0.6099450679528804 0.7579930919774671 0.01673673548673556 0.0230093980093981
7 0.676591501235998 0.7620627317890614 0.01664480483345251 0.021254560069251142
7 0.7018536581299186 0.8771564181228048 0.0012505002000800065 0.002848361566849035
7 0.6934023609443778 0.8701776165011461 0.014745481525943705 0.025496309634965197
7 0.691789612670465 0.826147257844937 0.01709016940109376 0.02494053176826282
7 0.6996927558902348 0.8182502799099438 0.0033346672002134634 0.0077114179004935425
7 0.7850822321265672 0.7758577249546051 0.014641488779419759 0.01117496807151978
7 0.8034588244879596 0.8304061053121203 0.016270214226041378 0.023496240601503807
7 0.8057238095238093 0.8731343915343914 0.014920634920634997 0.023968253968253975
7 0.9764488665418484 0.4834274311935272 0.02419324648098229 0.028350576060998514
7 0.9189246009439938 0.5231485199163671 0.0068591236382130345 0.024592467678471036
7 0.9318732880073521 0.5198509358149606 0.013007240557830719 0.021581145105597048
7 0.9528675040374027 0.616057115495002 0.019155357477448516 0.013550951577933026
7 0.9682545259062967 0.6246486790331648 0.01986636419604375 0.009870446211087023
7 0.9727910275970983 0.6097035966344567 0.004307864236194758 0.0034574444355219987
7 0.9623371376375172 0.5986362891137343 0.020368251291522765 0.017956404971582008
7 0.9290470164927864 0.8811331474021278 0.015171469889474163 0.023456598836208372
7 0.9261980155465083 0.8363218667841301 0.018022845436077555 0.02316966796359419
9 0.950224511249271 0.06339426029289627 0.02115230742614938 0.0791127834724565
9 0.8983348170734637 0.09569222784481642 0.016421759439470607 0.012614794631143407
9 0.8981098941930005 0.03586615473536456 0.017570606807664053 0.05316234880267577
9 0.8182659471841255 0.07180353610276333 0.010164584959666975 0.00964957932171047
9 0.8168653159461985 0.019907863045117945 0.019877742763772143 0.0444969654528478
9 0.2580540337776536 0.9658184774208224 0.011536918138041755 0.0565513346412223
9 0.18391759613669723 0.962477839818664 0.01855939004815408 0.05513940907199336
9 0.10941228863580388 0.9606118768772594 0.012484394506866413 0.052241246061470896
2 0.6979685039462368 0.5509446906743264 0.030340994701129644 0.05508976722123534
2 0.6959669769070418 0.5907121677266945 0.028084150326797445 0.024648909951577612
2 0.713973860563994 0.6464312598659632 0.03159164722565299 0.04498116890047724
2 0.6052653708903708 0.6310064122564123 0.038341913341913336 0.0513906763906764
2 0.5915066852566851 0.5718963010629676 0.02761690261690259 0.02037752037752032
2 0.5892866718759574 0.539906403001641 0.02842127842127853 0.052016302016302016
2 0.4881084575560022 0.6228960702547014 0.033437854308390046 0.05245732552280168
2 0.47295556677532125 0.5643960419816074 0.03026384164777019 0.029820956160241916
2 0.4787814906882066 0.5253165667722115 0.02561354402872257 0.04500642849732489
5 0.700378313074581 0.8504977615766836 0.031854269610634436 0.10987421041960097
5 0.6336129057233206 0.8439601862914291 0.030460679642227245 0.11226326950533293
5 0.5649410627132093 0.8414175529335512 0.029644815723141874 0.11297318164270952
3 0.43743377852246884 0.8264785983342958 0.02407237203255224 0.11165371900431989
3 0.3635709526037458 0.8254688956807115 0.02125081775298695 0.11276383293736884
3 0.2913119181419981 0.819268586201446 0.01646250287554632 0.1144467448815276
1 0.23476743920638918 0.5875498847991707 0.038101209321474275 0.17013162649068173
1 0.10006762140940056 0.5758467469990661 0.04176405229977824 0.17443453698433767
3 0.6595338361902126 0.7042709435397339 0.0361073228018335 0.11601697162556351
3 0.5488176698742177 0.6902212903204967 0.03502202162916452 0.11862123766885668
3 0.43051079288840816 0.6742836812573108 0.0342626832749449 0.12119213413491349
6 0.654711710092172 0.018267140484907157 0.04973370927318298 0.04037627323394559
6 0.8240105637252033 0.04712378259078558 0.053006844886982526 0.05404135338345864
6 0.9095068358884772 0.06865171397113205 0.05547021676053931 0.05609247880753257
6 0.9860975546879448 0.08764264616639168 0.03533559481140127 0.05564800591682311
12 0.2530930095468139 0.9067432830620171 0.027111539060068485 0.05219680464778509
12 0.18287396480331258 0.910148761598037 0.030121348056130672 0.055593896173606314
12 0.11254957931545231 0.9024882867475459 0.024473523977492227 0.045141513395481614
12 0.8408946645307395 0.6185530691244328 0.09504703071847384 0.18658676026750687
