12 0.298438 0.251389 0.027430999999999983 0.040741000000000055
9 0.11031255450898306 0.2661128553985696 0.013354700854700852 0.044006919006919006
9 0.1514532094889238 0.27854090354090355 0.006677350427350426 0.02391127391127391
9 0.17716676201372997 0.28545851343334183 0.008581235697940493 0.019175353843546045
9 0.1824874686716792 0.2765064836003051 0.00889905924230868 0.017268412577337085
10 0.19032705513794188 0.15037909832273325 0.14182877742392072 0.16031434885422263
10 0.42416866641544326 0.22244355901709598 0.089912502358427 0.11857870028113192
10 0.5518398607859067 0.25470023826699617 0.06966294037940375 0.08759579279740572
9 0.6295368186582809 0.3239102900069881 0.004782494758909905 0.015111809923130727
10 0.6358186821040596 0.2817780795375136 0.05155922431865826 0.07389937106918239
10 0.6982409035994742 0.2998125644032264 0.03891509433962257 0.05843815513626833
10 0.7439150319456922 0.3120299657249343 0.030791404612159408 0.051275331935709254
11 0.9322338287439389 0.2644528018755603 0.07472335140018076 0.16804634042509012
13 0.8955714285714286 0.26736904761904756 0.008576388888888826 0.019537037037037058
13 0.8715387872628725 0.2683118789521229 0.00805555555555565 0.01888888888888892
7 0.40891411348679724 0.0313515469266268 0.016972843450479204 0.027511537096201636
7 0.40568014648038 0.10324886979871403 0.016441675320179962 0.02473462559132342
7 0.4455853836272911 0.12109497225104161 0.015052986512524076 0.022211517876257754
7 0.45528168519766393 0.05696175876010781 0.015114929619646647 0.026455026455026454
7 0.455505378759335 0.013197322616068813 0.015021338724168882 0.024707996406109614
1 0.4600035444331792 0.044893863917578644 0.02452081461515421 0.0814240790655885
7 0.4960226943575485 0.036016008187541027 0.014193025141930191 0.024060556907272233
7 0.4961064223438768 0.07843336036766695 0.013736820762368198 0.02507434441741011
1 0.5015065797096148 0.05495490551195508 0.02321573398215738 0.09475533928088671
7 0.5518077956989248 0.01368428912783751 0.011840277777777746 0.016990740740740744
7 0.5369868941641938 0.1627816243543246 0.012673095944609258 0.01909550500054951
7 0.5623595694276537 0.17584349928563583 0.011951862842070523 0.01813386086383117
7 0.5543191559512033 0.07570725289786207 0.013651912298054706 0.021705681943070668
7 0.5542717064049838 0.11481886384275888 0.013909495548961419 0.021980437410704476
1 0.5598599357439712 0.09288978875679628 0.023440075832509028 0.08338828442686008
7 0.5812265307433098 0.13193625932474026 0.013259893920848656 0.019323178747903357
7 0.5820096621045214 0.09578822359320117 0.013174894600843206 0.01971984224126207
1 0.5872904282588521 0.11472003160683578 0.023332313341493303 0.07831270683167867
7 0.6068919404993965 0.11105889724310772 0.012400793650793673 0.020943562610229265
7 0.6065882127704884 0.14487300768260525 0.012270258980785324 0.01972523902348463
1 0.6115841438914749 0.12540196390447014 0.021103104984683953 0.07420170797363779
7 0.6216667039622866 0.20318446579411492 0.01070384294068505 0.01525805253875429
7 0.6399707826914957 0.2111236873545871 0.010225215817321102 0.014561867632043066
7 0.6439077579806977 0.13693667684016608 0.010362534026231173 0.016600676400230968
7 0.6428451049159905 0.16827517941103687 0.009898539965355092 0.016291347026313605
7 0.6618502937483386 0.14916931697019134 0.010749195743627777 0.01608512744370206
7 0.6615505797716265 0.17932633954348876 0.00966654293491713 0.01649756660892518
7 0.6791393649871427 0.1600488112785973 0.008970551843603007 0.01783799389590036
7 0.6785080330458951 0.19004324266016911 0.008583890126206405 0.016806895982842514
1 0.6832579209652782 0.17069055590162516 0.018018436030685495 0.06165965520085787
1 0.6663821773788366 0.1632082184544446 0.018559762435040896 0.06825868184442793
1 0.6478159054872736 0.14877406277018582 0.01910108883939622 0.06691825455745277
7 0.7316746229417462 0.1942286531327627 0.008289845618612743 0.014495904906863795
7 0.7309281281884021 0.21900315564699124 0.008357795172863784 0.013136913821845324
7 0.7179889649923895 0.21126810693836134 0.009037290715372927 0.014224106689860131
7 0.7189657398347465 0.1867442499577202 0.008425744727114666 0.013680510255852702
7 0.7060122702836448 0.17762794510550767 0.008697542944118276 0.01766688410524027
7 0.7050647081088482 0.2044123923880392 0.008697542944118276 0.014405305501195897
1 0.7346523145517844 0.20591686208861057 0.01481300282670143 0.05254765528738132
1 0.7227336320252686 0.19636801287846709 0.020384866275277285 0.05345364934406031
1 0.7088292235177939 0.18780973671812717 0.016783539899978293 0.05599043270276146
7 0.7368880184472543 0.25546952945248713 0.007788161993769588 0.010925060574593274
7 0.750128014127402 0.23073451776022152 0.00794743642050864 0.011163244027381107
7 0.7506882369183472 0.2074361182888315 0.00794743642050864 0.011956571014098532
1 0.753423075179501 0.21744666498508475 0.014194886440908445 0.046919624643002845
1 0.7858327101748155 0.2386039886039886 0.012558104663367924 0.04379717099015347
7 0.7836066643916008 0.2500202515326533 0.007122507122507058 0.009996501224571408
7 0.7839125725638882 0.23018506022891988 0.00707564852301693 0.010808716949067805
7 0.8099377171487081 0.2655421910831934 0.0068020754239433425 0.009385809499704736
7 0.8105044265073234 0.2476281000223756 0.007039357124778513 0.01012401923563657
1 0.8124202697120176 0.25464356955075157 0.011152239939255853 0.036857757529739306
7 0.8029119534148269 0.22752843155142 0.006066411238825096 0.008407833120476799
7 0.7826255853554703 0.1998580956435362 0.004669540229885014 0.006704980842911876
7 0.7191085922194235 0.029443045060173523 0.013119227539882495 0.015393226980128743
7 0.728211878440153 0.03789999067077151 0.012244612370557049 0.014693534844668347
7 0.7637548837430913 0.0190670178877726 0.01209024204307225 0.01604091226732736
7 0.7711763865065752 0.02889905342735532 0.01262626262626267 0.012546852169493678
7 0.8147517356332383 0.007587342365762404 0.010396596017983168 0.01348747591522158
7 0.8194819096553201 0.016413330478841075 0.011681117533718716 0.015895953757225433
7 0.7667650583651953 0.08439931883134438 0.009993048314216284 0.013420615610396635
7 0.7722043602518056 0.09031778800635247 0.008544780442590631 0.010282701888541301
7 0.8054702221264091 0.07785635772305793 0.010619271182651522 0.010572695431850366
7 0.8114293399284598 0.08440224681421866 0.008942544153811759 0.008430210894999622
7 0.8479883603238866 0.06987509728737798 0.010573308270676623 0.010094681147312727
7 0.8054895833333334 0.14129861111111114 0.007881944444444539 0.007916666666666678
7 0.8030475427350426 0.13667022792022795 0.006666666666666762 0.006527777777777789
7 0.8389806930490892 0.13420367193952099 0.0096866576819407 0.00998302885095336
7 0.8752236153895522 0.12877661546799019 0.008937930518119213 0.010794149945093331
7 0.8288977933940871 0.16758118341676292 0.0077212488769092145 0.009795847059998013
7 0.8600823311908218 0.16307133642039298 0.008797544174902644 0.009359089547768786
7 0.91914992060297 0.20358069422079084 0.006510416666666667 0.007180212620027425
7 0.89231710810417 0.2068876135513991 0.0066632336318196254 0.007823216735253774
7 0.8664818788745827 0.21008848619721293 0.0062589413447783375 0.0067556827213479664
7 0.8790552724129708 0.18868307237853016 0.0062092672071213115 0.005894664335293821
7 0.8754853872879623 0.18638682622945854 0.0028810999841043542 0.002715519525247706
7 0.8496988919355696 0.19094462547907948 0.006954379271975912 0.00821279075928574
