10 0.19601011940305044 0.9039347522880664 0.17300619434765774 0.15512754333892542
10 0.5992027019140992 0.9317807730568863 0.17073459056519805 0.15069784403896566
4 0.7157059581125002 0.9694182591378853 0.028510235870048934 0.06428324185333528
4 0.7659429744710116 0.9661481863584667 0.028992360183949017 0.06416271077486041
9 0.8001243721787779 0.9578247186725155 0.01645712802254857 0.04913959353211689
7 0.7137844454020924 0.8760068604839847 0.019502102835436255 0.028122597567041958
7 0.7899913601667988 0.8780780893353993 0.018654185320852005 0.024872247094469342
9 0.9491261193743034 0.9623776535096146 0.013031342480494973 0.051564882073356695
7 0.9844936402233848 0.9028493472860841 0.014272611560347485 0.02542552660477195
7 0.7712199463118581 0.030040425261013498 0.04199359668109672 0.0496031746031746
7 0.7849509222172774 0.1145354299559907 0.03360962765168371 0.07355486327448943
7 0.8048230974632843 0.20098814880746343 0.026192330514760442 0.0571749987637838
7 0.7805675056453872 0.34689599850555203 0.013212060525144611 0.03306878306878303
7 0.8000084769110135 0.3471118457767323 0.00741729713692338 0.026887702121346974
7 0.9044222706298457 0.3329488050343927 0.026655911585818117 0.039558918063590943
7 0.9185852262360883 0.3831061279875935 0.016819467250501798 0.03211853068174903
7 0.9254779498006097 0.4310480577927212 0.01325602079912433 0.030978227817308277
7 0.9538039553305357 0.5535695280666546 0.014111247947454894 0.04105090311986865
7 0.9342881469318252 0.5544405927547691 0.008979885057471276 0.03877029739098699
7 0.9559158912607189 0.6357568570212248 0.01240079365079365 0.035539439275071444
7 0.9363882047071703 0.6363460135011858 0.012828407224958933 0.03477923736544428
7 0.7683160881174899 0.7203431736142016 0.012053107847500365 0.024415269742372514
7 0.6947292917344999 0.7164549699271922 0.014308608058608153 0.029394473838918217
7 0.5685640234251346 0.7201822740017183 0.017912257495590816 0.0261441233663456
7 0.5001563382554667 0.7215214618083172 0.017831206556696795 0.024639485423799148
7 0.4870859927806463 0.7840140323197552 0.012948619876330744 0.024170757102484022
7 0.48587205966724034 0.8316865344977795 0.010458500669344005 0.025498820679543586
7 0.5591512876904443 0.7851910286649242 0.012151781730094983 0.025631627037249603
7 0.5588574536240198 0.8308863761926011 0.009263243449990478 0.023373918956248227
7 0.22640053614594122 0.6064698218205345 0.06100390424987197 0.09253925584570744
7 0.3182578685035842 0.5455515819679125 0.030401945724526352 0.03493556920976279
7 0.24159323974512145 0.4888905482543475 0.026201676907322065 0.04720302099334358
7 0.19408742159498207 0.4646630717699266 0.019601254480286733 0.0248015873015873
7 0.1976326484895033 0.44776199010069984 0.0248015873015873 0.03760240655401947
7 0.14513309804208424 0.41527737140256343 0.024001536098310287 0.0512032770097286
12 0.10267276988768217 0.5574700640490116 0.12207892416225749 0.16865079365079366
12 0.3944279100529101 0.5306143445032332 0.0934193121693122 0.19143151087595534
7 0.5097566352647653 0.5395857530003871 0.02722125435540075 0.039252376650750646
2 0.312587682379349 0.5275027612990577 0.03502284752284753 0.0791646624979958
2 0.29467542488375825 0.6024113489391266 0.034421596921596916 0.03427128427128431
2 0.492798353909465 0.6026112090926905 0.028108465608465645 0.049162257495590854
2 0.5023809523809523 0.5136243386243385 0.02910052910052908 0.056216931216931214
2 0.511515022675737 0.5476505416981607 0.026951058201058163 0.022927689594356312
2 0.6054244614512472 0.5980607520786093 0.032242063492063495 0.04771352985638698
2 0.6149711041824137 0.5041677164693037 0.029939058956916117 0.05716175359032503
2 0.6210829239103048 0.5443489124044679 0.025333049886621252 0.016298185941043063
7 0.6080374858276644 0.5257936507936506 0.006731859410430774 0.021494708994708994
7 0.6249015810027715 0.5190749139161838 0.016652494331065807 0.020549886621315183
7 0.6242520156210631 0.5422755521961871 0.026395975056689263 0.016298185941043063
7 0.5929097829608032 0.6194660403844077 0.028344671201814043 0.016534391534391533
7 0.569004511526833 0.6822601725875534 0.016121031746031748 0.03613945578231298
3 0.5599891983820556 0.6416939899082755 0.02887613378684799 0.15518707482993196
3 0.679423633488483 0.6338328460038986 0.031356292517006834 0.16510770975056688
7 0.6907886260564831 0.6779744726173298 0.01718395691609987 0.03968253968253968
7 0.6731859410430839 0.6792597991577584 0.006023242630385471 0.03165154950869239
7 0.7144003434707215 0.615767140189409 0.031731442577030824 0.013859710550887049
7 0.7125714869281046 0.5847825241207593 0.02097193043884219 0.006078820417055672
7 0.7386040353641457 0.5225961912542795 0.029725431839402346 0.041092826019296605
2 0.7290854315210933 0.5958791344820756 0.03884366246498597 0.05859982882041707
2 0.7366813913065227 0.5118627312035925 0.03009016106442581 0.07610683162153746
1 0.9458933055331359 0.5844175659382816 0.03489036857680925 0.1729105013003318
6 0.24696495829970408 0.013327155511712954 0.03257835620123757 0.02606268496099005
6 0.15477871939736348 0.014554001135922043 0.03510055152004306 0.036151466236212
6 0.010910405507863135 0.05034199949454187 0.023540489642184557 0.032508295220159626
1 0.48229654415878903 0.8027983920841063 0.020775355596784197 0.10328626400054963
1 0.5532364460935891 0.8034671299977422 0.019325912183055106 0.10264206692778123
3 0.7567558703922341 0.8063492844336999 0.018842764378478687 0.11251975537689825
3 0.6799500103071532 0.801238003618956 0.019970109255823553 0.11488181131038282
