4 0.28796537422839497 0.3089875900205762 0.1270517676767677 0.29108796296296297
4 0.3864141907354799 0.3731372974537036 0.10890151515151514 0.2824074074074074
4 0.47455077830544234 0.443140201768933 0.11284722222222224 0.2858796296296296
7 0.5563663766788767 0.11860246235246236 0.03513558201058207 0.05015432098765433
7 0.5612554795793433 0.19161105098605094 0.027619949494949513 0.05649250440917107
7 0.698721393349349 0.2932313398238294 0.0333875964091541 0.050996754751970325
7 0.7060265287380797 0.3460123709830905 0.03496807434568221 0.056791840519239696
7 0.7573901812073704 0.3666946621873834 0.025386847195357796 0.04255319148936169
7 0.7641281308560721 0.43528469079939663 0.027852049910873464 0.03631082062454608
5 0.712159636050199 0.30322904655841454 0.06649636574317914 0.138084202394747
5 0.7752715046029917 0.3876102800153435 0.06958429228998836 0.13212025316455697
5 0.831519167382815 0.4567741898721917 0.052137643378519366 0.15619568995481412
