7 0.41831930589792216 0.07950126611683216 0.04585953878406709 0.03661743785564539
7 0.7327067222900554 0.11741730491730488 0.047637547637547656 0.0528984903984904
7 0.07964879184991702 0.4194816991494207 0.0397662581206885 0.030609553948161523
7 0.07881721361384061 0.47222049988977083 0.03961364638447972 0.029710234788359807
7 0.22956630099487244 0.43010697772602535 0.037984412984412956 0.02837659087659085
7 0.22938364952253842 0.4837845658158157 0.03902712236045572 0.02826487201487203
7 0.900549914007471 0.413427569095271 0.023579480101219245 0.018475385323211375
7 0.908757107823322 0.47942226197213467 0.02741228070175429 0.024214181286549685
7 0.9139343167120944 0.5237978328256104 0.028960237293570605 0.024726430976430933
7 0.8223499765051732 0.18390674908939542 0.04587483141404703 0.06030189853719265
6 0.8054670546912354 0.13155431818540061 0.033380752720375245 0.0349094040131776
10 0.08578202881209793 0.675156751947695 0.12105526256469651 0.11663964071531173
12 0.8544271045925513 0.6900268180241286 0.035706315591773945 0.04934118600491847
3 0.6032231757089748 0.11428139729586735 0.11511659883519286 0.20339048177956628
4 0.4019454731441421 0.4203066017332528 0.1644378714416127 0.2547558236034798
4 0.5746832858767678 0.44363289351542734 0.16858261059291985 0.2429119777702252
4 0.7460754059477458 0.4456665307489415 0.17933455433455428 0.2344036458114663
1 0.9224650496593044 0.49131250014392325 0.04705525197328466 0.09562841530054646
