6 0.2954751461988304 0.2613495979532164 0.0238888888888889 0.011979166666666667
6 0.6966709030820506 0.10467391011777703 0.045968617758304346 0.04181412200876307
6 0.939147549994342 0.018086473640816718 0.047318007662835164 0.03529693486590039
12 0.35226709401709394 0.5528231837606837 0.026111111111111102 0.017013888888888887
12 0.4514444444444446 0.5532772817460317 0.02874999999999996 0.023020833333333317
12 0.526902356902357 0.5469444444444443 0.006342592592592614 0.00454861111111108
12 0.5180429292929293 0.544447601010101 0.007592592592592635 0.01097222222222219
12 0.5230871212121212 0.5573863636363635 0.013287037037037057 0.013576388888888857
12 0.8638328424616196 0.547788723313931 0.03494287538230354 0.03714606605433314
10 0.07818745099803422 0.550577880941602 0.05259316415180612 0.04116821070533471
10 0.15385547187322882 0.5452307261115227 0.06683365233176618 0.046900373931623954
10 0.2557666651579193 0.5410493435836929 0.07959223034410477 0.05608669457128362
10 0.27120093203299694 0.5302449757596257 0.005496363943852548 0.002616057838660563
10 0.27107761617528237 0.5332177687581037 0.004756468797564684 0.001981861998985263
10 0.4036382281251862 0.5387772892481321 0.10050925925925921 0.06707080089643785
10 0.617252202860919 0.5318636122772387 0.1386330457021967 0.08657076511028576
10 0.592685023655173 0.5114006536581164 0.0096738529574351 0.01665778251599145
10 0.5952380952380951 0.521360829779673 0.003356234699518268 0.0015917436626391496
10 0.5954478599068151 0.5258491767353708 0.002023612098239019 0.0010735015399194797
7 0.07917589121968684 0.37932386244430033 0.018296450778202612 0.015424052832812013
7 0.09923897520796746 0.3337351574996925 0.017482876010007805 0.02437861449489355
7 0.15953068264342776 0.34685321350762544 0.019351851851851832 0.021215277777777784
7 0.17173237753882914 0.42663754480286753 0.013101851851851858 0.013611111111111128
7 0.28858506944444445 0.38170789930555554 0.01412037037037037 0.013888888888888888
7 0.24453987150415724 0.4091865079365079 0.013703703703703714 0.016006944444444414
7 0.4167135345221766 0.3445241769547325 0.01902777777777779 0.024201388888888904
7 0.4660617789921069 0.3593789845173041 0.017546296296296286 0.022326388888888875
7 0.11030939212173146 0.27621707650627964 0.022196039226887555 0.01570979720079977
7 0.13664824927791208 0.2626745291045039 0.038426634904429685 0.025682746299132198
7 0.18550061050061048 0.29444291819291823 0.020757020757020763 0.013736263736263707
7 0.21232690130862078 0.2805269922879176 0.03808435685042368 0.021958011996572404
7 0.2511815619967794 0.3106355676328503 0.019212962962962963 0.013402777777777786
7 0.2693097643097643 0.3020801767676768 0.018240740740740783 0.01260416666666665
7 0.288949074074074 0.29564583333333333 0.019027777777777737 0.014895833333333325
7 0.2591900026294042 0.19655823895650215 0.027062908496732044 0.020807802287581723
7 0.31149228583949107 0.16996889024887796 0.028503105308490824 0.02286481708146335
7 0.3440937913109722 0.22196385359951604 0.02394636015325673 0.016483077905491684
7 0.3973044976519695 0.20188925623040774 0.02604802604802606 0.0210241147741148
7 0.5935468106995881 0.29961419753086427 0.024675925925925903 0.02694444444444445
7 0.6452680311890839 0.3167495126705653 0.023148148148148147 0.02621527777777778
7 0.5552869138206692 0.04112407136932455 0.04407407407407399 0.058159722222222224
7 0.2713667471819646 0.4804453502415458 0.01560185185185182 0.011319444444444413
7 0.30128761574074076 0.4773285590277777 0.013981481481481503 0.011666666666666714
7 0.6024758454106279 0.44572463768115933 0.02300925925925928 0.016840277777777777
7 0.6729861111111111 0.43773989898989896 0.02560185185185183 0.018159722222222206
7 0.9325063613231552 0.408782160022618 0.031983319197059636 0.022706389595702585
7 0.0990472709551657 0.441688596491228 0.014212962962962958 0.013333333333333365
7 0.053423611111111116 0.4687569444444446 0.011527777777777774 0.009722222222222222
7 0.05020723104056438 0.484758597883598 0.010740740740740742 0.008819444444444397
7 0.06982142857142859 0.46550429894179896 0.011435185185185192 0.00923611111111108
7 0.06639099326599325 0.4817471590909092 0.011527777777777781 0.008750000000000016
7 0.08707818930041152 0.4625733024691357 0.011759259259259263 0.009027777777777777
7 0.08380952380952382 0.47954695767195765 0.011805555555555555 0.009999999999999985
7 0.12107638888888887 0.4563107638888888 0.013981481481481489 0.009930555555555524
7 0.11719439478029824 0.4746963813461467 0.013304729889124794 0.010590277777777778
7 0.1429431216931217 0.45216435185185183 0.013287037037037031 0.010520833333333318
7 0.13938194444444446 0.4716770833333333 0.014259259259259239 0.010555555555555509
7 0.16552359499017597 0.4484027290903898 0.015114729125011906 0.011246786632390777
7 0.1612226430976431 0.46844696969696964 0.014490740740740747 0.011319444444444413
7 0.21109508547008546 0.44001201923076916 0.015416666666666672 0.012222222222222238
7 0.20759924829692275 0.46186077151698995 0.015822192263041598 0.012042186271205442
7 0.24071321852638203 0.4356732130219391 0.01666076904930407 0.012606157112526578
7 0.23663487570069314 0.45841073956121725 0.015677832822206503 0.012348136352913425
7 0.2727444444444444 0.4295527777777778 0.016527777777777797 0.013229166666666714
7 0.26896494708994706 0.45329861111111114 0.01611111111111109 0.013055555555555523
7 0.33732414585127773 0.41715423895656456 0.017687953734465394 0.014880952380952392
7 0.33369984567901234 0.44380642361111106 0.01722222222222219 0.014340277777777763
7 0.38023641857923623 0.4101724903012509 0.017193381085886333 0.01497988108036981
7 0.37710094605475053 0.4382951457509881 0.01786433172302737 0.01486073369565217
7 0.42796788060478125 0.402998406447531 0.018303186907838068 0.015979872161022732
7 0.4230896587609908 0.4313807880841301 0.018756516614533748 0.016149870801033552
7 0.5290041847454016 0.384358720637641 0.020053794154051202 0.017628891745215626
7 0.52498166483315 0.41547815495835294 0.021543821048771544 0.01753300330033009
7 0.5956247731340668 0.37043295407607674 0.022287622194685313 0.019749070631970275
7 0.5929066907327778 0.4056909274300579 0.023758648758648717 0.019383394383394405
7 0.6747574074074074 0.353825 0.024583333333333398 0.021284722222222205
7 0.6718932540810203 0.3927451868428531 0.025871459694989052 0.021105664488017418
7 0.8507685622089901 0.3203613592105756 0.025465303523948588 0.024154589371980686
7 0.8462644082421239 0.3665265116344502 0.027468276075518466 0.02456669761683692
7 0.9767500614410589 0.2978590312854204 0.025257318822239253 0.027168754745634002
7 0.9746717100743235 0.34457267659733937 0.028027606020860622 0.02822278433576919
1 0.06427876316375732 0.47291767264589113 0.05532407407407407 0.04201388888888889
1 0.1258376944956425 0.4601143307930009 0.048418633430566606 0.04438220962609378
1 0.15711713661846263 0.4558449508515044 0.027932098765432116 0.04373989452528827
1 0.2026772247360483 0.4481003639436544 0.028837924058512297 0.04650297619047616
1 0.23241574074074076 0.44495312499999995 0.029212962962962972 0.049166666666666636
1 0.2649115280958599 0.438721625652443 0.029355796899656533 0.0515142497112787
1 0.3283795474724822 0.4283910954775835 0.03322453016815035 0.05563726810366489
1 0.3693259696704579 0.4229237751531059 0.03291666666666668 0.058576388888888824
1 0.41632589300792766 0.4141988220288959 0.03563044936284375 0.06217862731947245
1 0.5176633206838863 0.39310239591409246 0.037310768351899365 0.07033704655812624
1 0.5846790164476229 0.38477532671982795 0.039963205563642155 0.07555555555555553
1 0.6631422799712088 0.3667227728423834 0.04262607531035906 0.08059998454643791
1 0.8371280371511776 0.3365146882272875 0.04236111111111111 0.09371527777777773
1 0.9631112961268844 0.3153336804050908 0.04287037037037033 0.10451388888888885
