7 0.050190546571610754 0.08017627369153192 0.0479264475743349 0.04132433489827857
7 0.05528024111748682 0.15205236045905063 0.048578508085550344 0.041446596244131446
7 0.21939405391786343 0.1537509448223734 0.04459561602418744 0.035430839002267574
7 0.2217169139068067 0.214868826086284 0.040624468266122184 0.034881742385570846
7 0.18009627633280095 0.05684025995322838 0.03469845615636168 0.026380333105179104
7 0.16540267447975354 0.285159880976311 0.03904939422180802 0.031103085844465164
7 0.23850724826955716 0.3058385210337672 0.03729944519418203 0.029802069275753476
7 0.2936135179576537 0.18291132122150636 0.043234206428650855 0.032195657195657174
7 0.29855696339614474 0.23988674276503213 0.04039211276053383 0.03254329734592894
7 0.3598677863383746 0.21046498987675452 0.03724878724878722 0.030390967890967877
7 0.3652587578241173 0.26203565917107574 0.03848838918283366 0.030519731040564383
7 0.4546974328066928 0.24905021740066297 0.03058676654182272 0.026139200998751534
7 0.45638135655496764 0.29698522927689597 0.03113977072310403 0.026661706349206366
7 0.39808565055190187 0.3477540527287412 0.018965616707049708 0.0235267393561786
7 0.43806446780278685 0.35870170876671614 0.026897253866050304 0.02218507511969621
7 0.501163116322449 0.2685631381966078 0.030125043267566685 0.024419132917964683
7 0.5037321152238855 0.31325511200483264 0.030297576193904493 0.025047996160307187
7 0.5420000601438364 0.2839649303603773 0.025138966960214813 0.023011523327712207
7 0.5427657994057656 0.3259777597098424 0.028730247954531288 0.022777309349822004
7 0.6027620619204778 0.3096957017130284 0.025394206087275436 0.02035203520352036
7 0.6051804282294301 0.3482086765321793 0.025491078122657083 0.02087550607287451
7 0.6921143056997808 0.30736366660176523 0.016549844236760165 0.012250129802699858
7 0.7045391255917572 0.35076368457375323 0.02267141283159596 0.017400839054157104
7 0.7075357475815142 0.38354112939353213 0.022459530468683785 0.01795703025680145
7 0.776910733234982 0.3795786745865362 0.01869322152341016 0.01644392033542977
7 0.7789934718891552 0.4071417865707433 0.01898481215027977 0.015737410071942452
7 0.8329285596533371 0.40245543073807166 0.01985108253654249 0.015558028354764195
7 0.8346311941742048 0.4265899684246459 0.018369175627240174 0.014168906810035825
7 0.49762153659655817 0.016331614361330127 0.0371032929172464 0.02677151659709799
6 0.5795544808333486 0.06743907995866975 0.050614267027835544 0.023235805019153864
7 0.6260866535525719 0.09475304834166101 0.030477704896309604 0.02223712979526933
7 0.6459419193592321 0.10750706729388902 0.031223083548665004 0.021429636255217648
7 0.7386489429814325 0.0821074251590165 0.031997774067890866 0.023882396586904105
7 0.7575265734698122 0.09584576988583664 0.027901440672726114 0.02214338712669263
7 0.8726263223602077 0.06640958670083447 0.022575946733250085 0.026373283395755308
7 0.8788917668164448 0.08186535395357926 0.02502694118314337 0.02079079462310703
7 0.7315633972554051 0.17530322720381197 0.024553906132853465 0.01918859649122808
7 0.7462819284802042 0.18587523946360157 0.021666666666666647 0.019375000000000024
7 0.8281456366267634 0.1659365911102681 0.027398415107064502 0.01975847243297925
7 0.8423828763288103 0.17481125536259579 0.020724442196369406 0.017229387961557898
7 0.9304943797164599 0.16009322408512522 0.027989590898087613 0.012481844589687737
7 0.8157867593386016 0.25331899219270676 0.023802723031514848 0.014683304770065676
7 0.8991625138712283 0.24718863293129054 0.021739592635115018 0.014590508993494053
7 0.9888166007568994 0.23916873963515753 0.013926096015648294 0.016065505804311778
7 0.9392179311757096 0.28555995364552794 0.02007064868336554 0.013286769428387914
7 0.8673474642607014 0.2917073695369023 0.018899600379021907 0.014522308738104034
7 0.9742622815694033 0.3192976219914276 0.017309594460929837 0.007675980877019444
7 0.9099878091257402 0.3227533960292582 0.016922094508301462 0.011685823754789285
7 0.9430114638447971 0.34756205951858116 0.015096618357487959 0.010244133885438227
13 0.9674998591787897 0.4262879097579568 0.027158376214979987 0.027414951400800427
1 0.07668659445714207 0.11749332433638081 0.07872072440087144 0.15663296568627452
1 0.24314971402198815 0.17978199327498387 0.07204049844236761 0.13169565593631014
1 0.3150426542586748 0.2060643900344563 0.06668932558810202 0.12278303052774688
1 0.38055397830524157 0.23445802031473037 0.06309005083514886 0.11277427637721754
1 0.47114202599936295 0.2704426299077902 0.05478803318309494 0.10171712718009011
1 0.5140258180232687 0.28285207935652684 0.05137395459976107 0.0866692377403063
1 0.5567750002130039 0.299761141708428 0.045337780845027265 0.0910110420979986
1 0.6166421365395246 0.3279705638474296 0.0433333333333334 0.08152777777777777
1 0.716939300411523 0.36424768518518535 0.037731481481481484 0.06809027777777779
1 0.786488921957672 0.3905350942460317 0.033194444444444464 0.05951388888888892
1 0.8406983024691361 0.41300962094907423 0.029305555555555536 0.052638888888888936
8 0.604233006025531 0.5543447991960577 0.008180172653856883 0.03285122528543588
10 0.22551468528890362 0.43511211424610363 0.20089017602986267 0.11600781835807045
10 0.21984898907148126 0.5188981667329946 0.14809723444462508 0.017930678975638395
10 0.44186750286390103 0.46479327374771306 0.13018518518518515 0.09029681550709583
10 0.44405906269773937 0.5287079950724988 0.08210818961455094 0.014754735651682201
10 0.5972907638889564 0.4894085629490562 0.09189814814814815 0.07186062455767868
10 0.7006706893462772 0.5023008806307514 0.07050925925925924 0.06135416666666668
10 0.6785011128231467 0.5281629857901045 0.007989499514923287 0.003156565656565707
10 0.6790004565428295 0.539291217257319 0.007632825429435549 0.005724619072076662
