7 0.08320215483161164 0.1470592199302552 0.09287956523040253 0.10123830801959617
7 0.37165908365261796 0.136960009578544 0.08402777777777778 0.10284722222222224
7 0.29944412587195157 0.22197644506783828 0.06772691850211232 0.0655348196769307
7 0.2673280848234056 0.32470287149668225 0.07005194337577844 0.06870474798106375
7 0.3954044284347237 0.515819289930011 0.08187850374293346 0.0595615516209779
7 0.8931739140406249 0.19864361261132554 0.04758530183727032 0.07478320966458138
7 0.9519793805741595 0.19878009997769253 0.03372047772410101 0.06382530715123491
7 0.8964409462929424 0.3078892023671502 0.08338206627680304 0.07563729874776387
7 0.958482205868262 0.2923565169593797 0.03458718274839707 0.045060536214888494
1 0.24569063960567128 0.2107561114711387 0.1728858024691358 0.2475
5 0.9334168098879092 0.2162154839185139 0.1352229687254439 0.28738775230969316
9 0.1117776308054086 0.9114087301587299 0.0349537037037037 0.08118055555555546
9 0.28330483222547803 0.9205893174560131 0.05162037037037037 0.07720738430947197
12 0.16397915813309594 0.8413279192151751 0.08753071997230874 0.08242750439367307
12 0.3242184893022243 0.849317759415258 0.07828645752846031 0.08809616944830781
4 0.10561189823706545 0.7195592922482288 0.18540315530122395 0.38648795853731244
