13 0.7455513405538143 0.6119056530362813 0.025839793281653766 0.030808984297356387
13 0.805873951868784 0.6095207399309465 0.023603657324587576 0.030560524746571283
13 0.8699134555298939 0.6055719369075534 0.02373704428498955 0.03152859317242876
6 0.3719934458665676 0.2706519794896255 0.05495269894268228 0.019187071044333117
6 0.35024202595154175 0.2636614374928231 0.016230754961973647 0.007303839732888149
7 0.013437520704962565 0.017211000132511766 0.02501159477903664 0.028448618564897634
7 0.16897210976158342 0.004732718548508022 0.05182561103613734 0.010121457489878543
7 0.2696605483449812 0.19266953382996696 0.03918172069619727 0.026215664439495138
7 0.4095682284457795 0.17744868510174633 0.034958427815570674 0.026798598227169654
7 0.5553120820977964 0.15882554945054944 0.033068783068783025 0.02770691609977324
7 0.41598158035991745 0.29671741249258415 0.03093482498516822 0.023598398169336378
7 0.4329934565783623 0.30770360841115557 0.02795248078266947 0.018939393939393926
7 0.45091166475171013 0.3220490277353578 0.026419532233485706 0.021802325581395325
7 0.5287830934382656 0.2852885212799005 0.031781781781781836 0.023648648648648653
7 0.5467727027954122 0.29567288201549885 0.026344629910639024 0.01902082279548137
7 0.5620745999549244 0.3104053977913005 0.02215836526181352 0.022174329501915738
7 0.6470635494496664 0.2709438017192899 0.0323371093436169 0.0234243191130393
7 0.6641194378450344 0.2839216850876288 0.023800915883345364 0.018528561099059992
7 0.6737782508375089 0.2993550940809608 0.031320094097051346 0.022823321844739848
7 0.7323397836038286 0.38349036360799 0.020599250936329576 0.015995630461922636
7 0.6337820618939404 0.39392297620660083 0.024085612091842647 0.016225337487019764
7 0.5403923711505805 0.4021399129147735 0.025471568222497635 0.01729657166460138
7 0.7795932750768353 0.43872194789032076 0.020552589202474825 0.01422260361047552
7 0.6943793785518323 0.44591187169312174 0.0215865667254556 0.014949845679012301
7 0.6127051960385294 0.45281445021028355 0.0210283543616877 0.015326109076109084
7 0.8152330679589247 0.47562774027922006 0.01211491865697467 0.0037859120803046173
7 0.8162098660541027 0.48452299474495736 0.016297450098073058 0.005138023537556238
7 0.7468008181281772 0.48806317231753815 0.014808006535947719 0.011531522331154618
7 0.7369110838779956 0.4847196691176471 0.012765522875816962 0.008425245098039212
7 0.6707474180039337 0.49281672545561434 0.01806535371350193 0.012630437977660197
7 0.8445268044324645 0.5132842917041032 0.016721573325346885 0.011184112009583675
7 0.7793496611934615 0.5181430385234732 0.016948928985966023 0.011178379233934757
7 0.7152216705006639 0.5226144471562961 0.016360726152848736 0.011320812059324146
7 0.41044933400775585 0.7096093714075506 0.017001067835665736 0.010379784184791734
7 0.050284900284900284 0.37820067663817664 0.04436728395061727 0.03271901709401711
7 0.050835817729740045 0.43767967796379453 0.044218898385565045 0.03274520278196754
7 0.12281500428052154 0.40533819628647216 0.04006410256410257 0.03042963980463982
7 0.12755469199769717 0.4592534336705321 0.039459796584148936 0.030854202648244133
7 0.23412635787369468 0.4456379266507098 0.03358335452156964 0.026061530638189685
7 0.2361846718253074 0.4941020349710764 0.032112381989832975 0.027062908496732044
7 0.28298304918675293 0.46523779264792325 0.031166787702735402 0.025644517066085688
7 0.2860573476702508 0.510505376344086 0.032296296296296295 0.025333333333333347
7 0.3273840199860608 0.48385642135642154 0.02851645708788566 0.024479488765203034
7 0.3316410167399522 0.5263900138856746 0.02858563261247824 0.0238278337061894
7 0.3952203964527909 0.5088492762128326 0.026652973395931194 0.021945911580594668
7 0.39998381492659674 0.5480954302202102 0.027957094418362017 0.022007042253521073
7 0.43032615949282615 0.5209562240812239 0.022731064397731027 0.021349474474474463
7 0.43252627627627627 0.5581362612612615 0.025233566900233588 0.020332832832832853
7 0.46244994994994976 0.5678803803803804 0.02054137470804136 0.020567442442442442
7 0.4600433767100434 0.531320382882883 0.019290123456790105 0.020567442442442442
7 0.492671185774634 0.5072760094311819 0.011685823754789193 0.012739463601532542
7 0.5037943750937172 0.5497721793466037 0.022158260233918113 0.018046418128654946
7 0.5070542204759584 0.5831605788559941 0.023224293372319738 0.01918859649122808
7 0.5303984166766121 0.5582184628237259 0.014550264550264504 0.018222639933166265
7 0.5297354497354496 0.590202589807853 0.023043720412141512 0.018327067669172928
7 0.549546905105973 0.5662808084457289 0.021074181117533633 0.017411287732819542
7 0.5527614064251263 0.5976596443008805 0.02047206165703267 0.018013407193320476
7 0.5569821642306849 0.5479915794264907 0.015888669734823575 0.014258711374095945
7 0.5827285524031087 0.5802261922824055 0.020929213236905542 0.015121630506245903
7 0.585575622736989 0.6081255725690353 0.021484971426078633 0.016972582122758775
7 0.6163262244976988 0.5936895455872341 0.019856561764076255 0.013728323699422005
7 0.6022565482807715 0.6132321104674975 0.019966649113568578 0.012945409864841178
7 0.6185272950675794 0.6197314584952813 0.020990579837341324 0.01694971037388105
7 0.6416619061220602 0.6029352638376614 0.016066838046272538 0.01441552413596112
7 0.6443160742955213 0.6284628150431822 0.01603761833582456 0.014247010463378175
7 0.3682651673260027 0.59437202130642 0.02491719361638058 0.019196025293586338
7 0.47252839759621784 0.6187195012667922 0.013194054087814619 0.016394978452314034
7 0.5033555136543331 0.629120381756572 0.012872101073035672 0.01508956386292834
14 0.5142642526559428 0.08808643341562868 0.08721566054243227 0.07587587076379604
14 0.5628665492338307 0.15881920026867904 0.07536606373815678 0.03826277082091034
14 0.6097286522633745 0.20358314043209877 0.03845164609053492 0.030285493827160476
14 0.5815056376153636 0.209345759532792 0.033250207813798775 0.030046411748406776
14 0.3741453645003028 0.1130166624958292 0.08202647091535976 0.07132132132132131
14 0.4283781802673489 0.17670974771100714 0.07160182852878065 0.038308144416456774
14 0.2331460443052852 0.13986074088178052 0.09064448111477816 0.058357398239823985
14 0.26327996029937506 0.19578699905812297 0.08373590982286633 0.04861111111111111
14 0.6598511735574839 0.27085289405235735 0.0662997903563941 0.08848128710992632
14 0.5411201945058874 0.2827245101976573 0.08423620716151835 0.08060463201954526
14 0.43443475829797545 0.296824354478952 0.08897838993762264 0.08128657330545824
1 0.0706014898226346 0.4075942144834859 0.07018250134192162 0.1269122383252818
1 0.14424687295238936 0.4274456061194449 0.06422741606381005 0.11790484140233724
1 0.25235151074937656 0.46633501973925917 0.054501096857693644 0.10357468961663735
1 0.29877311260316214 0.48125930571887154 0.05067713741779164 0.0873734423676013
1 0.345700721908349 0.5028440834902701 0.05023148148148148 0.09093750000000003
1 0.41044543650793636 0.5225250496031746 0.044490740740740754 0.0755555555555556
1 0.4421383576199149 0.534570810564663 0.037453703703703746 0.07236111111111114
1 0.4741192272519432 0.5465215620713306 0.03712962962962965 0.07524305555555558
1 0.5157952734547182 0.5625822229003493 0.03952745849297567 0.0697318007662835
1 0.5410195660246919 0.572915248056057 0.031064814814814774 0.0666319444444444
1 0.5621178371767994 0.5795702306079664 0.027685185185185163 0.06444444444444442
1 0.5914542229145034 0.5894833852544132 0.031342592592592616 0.05611111111111108
1 0.6257883288413243 0.604439123664354 0.03050041356492967 0.055917424869037786
1 0.6509543979418392 0.614335574770239 0.02990621820579983 0.05532937293468739
5 0.6714701085574547 0.6243741786706438 0.029601768838816576 0.056295785729398064
5 0.6811277777777778 0.6102368055555555 0.017499999999999977 0.03274305555555554
10 0.02754672025505358 0.6555998467763174 0.09009622367465504 0.10811789993775293
10 0.019920519648188494 0.7341972282740257 0.03460875090777051 0.01999931917211326
10 0.2217774749008615 0.6691114810830752 0.14425476689627637 0.09699259909233449
10 0.2152641315946962 0.7412885607368876 0.09901741143255405 0.017967037599055876
10 0.38538602276211725 0.6919471230379968 0.10167878158532362 0.07892775231857473
10 0.38491843033509704 0.7427992724867725 0.05539682539682539 0.009801587301587252
10 0.5055687066185712 0.704003516628409 0.07874697127033572 0.06368444963655241
10 0.5832461873638344 0.7091809640522875 0.0632407407407407 0.04885416666666676
10 0.5709391798589536 0.7421804671960022 0.014553249987670824 0.00822976771711789
10 0.6459720741461805 0.7131756613204775 0.05340716533526983 0.044026870007262096
10 0.6394310977644311 0.7429929929929929 0.011177844511177822 0.005568068068068044
