7 0.6648375170995217 0.5598463844427359 0.010276354897868939 0.016732013743965927
7 0.5664728031724465 0.5187103713768116 0.01366024925595238 0.025576636904761904
7 0.5287914319373582 0.5322560881991686 0.016760447668650792 0.020926339285714284
7 0.3187491784153275 0.35851901146932214 0.017373092554251963 0.03163100989187946
7 0.31440568006166797 0.29800581701166495 0.021326968790736898 0.030991999591033388
7 0.33850676762262133 0.21912256668354227 0.022744870305845925 0.027261582139630938
7 0.25469625814270563 0.2329332817137695 0.02238192024777391 0.026616337591947353
7 0.22980787843592726 0.3092092528068138 0.022744870305845925 0.02984256033036521
7 0.1754127013391394 0.2457356877526494 0.023155464250596985 0.024874748326075776
13 0.6735207855758624 0.03786277879076629 0.07075372884196418 0.12038197345214888
10 0.13577810615595584 0.38174845436117183 0.24816350151171582 0.3116312438346337
4 0.2501714555285983 0.6113618996272059 0.042145354645354655 0.18661893661893658
4 0.30565973402270324 0.6062635947302544 0.041287348272642396 0.19821817615935267
11 0.03273226778605135 0.7153371626607428 0.0786808976464149 0.29957605388639863
11 0.13457251940893958 0.8291957455315853 0.033019864750633995 0.1295786867151917
11 0.1357067984426475 0.6767897982520623 0.03533056304282719 0.09327892582609565
