7 0.900950080515298 0.32692028985507227 0.09541062801932372 0.06974637681159418
7 0.7205314009661835 0.4426690821256038 0.07971014492753623 0.055555555555555476
7 0.7532798143411953 0.044916879795396415 0.09983896940418681 0.09027777777777778
7 0.5622361491926706 0.13081015798407097 0.08011272141706921 0.0709541062801932
7 0.5592275411115992 0.23590067340067336 0.08011272141706921 0.07095410628019323
7 0.4233179304067773 0.36697910102919545 0.05394524959742349 0.05857487922705313
7 0.2944679280730005 0.4366067834138486 0.05112721417069242 0.043478260869565195
7 0.2779388083735909 0.4722675120772946 0.040660225442834146 0.03351449275362318
7 0.28401771336553944 0.513586956521739 0.05112721417069242 0.04528985507246372
7 0.3232167352537723 0.6128923693196741 0.05097517730496456 0.054669030732860495
7 0.22301024428684002 0.5752585697399527 0.04013987391646965 0.03952423167848696
7 0.3119869648016811 0.7148324632256368 0.06476556343577623 0.056515957446808485
7 0.0626928070537093 0.7875557852061609 0.014258228543942823 0.020485466914038377
7 0.13922043564900707 0.7934820140177281 0.014687693259121835 0.020549886621315256
6 0.10757938701553954 0.9167933480744425 0.020038695411829746 0.013301547816473185
6 0.35099556682816846 0.930082024517933 0.021651004238068892 0.01122857932559419
6 0.3364410143017108 0.826543032699749 0.015892758430071874 0.008637368711995603
6 0.04945181499907868 0.8240222498618022 0.015201768933112217 0.012610558319513467
6 0.1237255082611633 0.827992560346416 0.017044407591671286 0.011055831951354378
6 0.03149760456974387 0.7468948659480376 0.018196056753270677 0.017792979546710955
6 0.1301491513625289 0.7560096892082794 0.023493642896627982 0.018829463792150294
4 0.721152534622926 0.6314663690683779 0.5375078468298808 0.42725988700564965
6 0.5278909294547239 0.7886432155021633 0.023148148148148147 0.014549100156494571
1 0.5037176611972214 0.17526560637029476 0.18092105263157895 0.26589912280701755
1 0.379490054694449 0.308960355987055 0.1321881091617934 0.22615131578947367
1 0.2611910139344982 0.47050581258400187 0.10334829779274225 0.163790684624018
1 0.14756147331904906 0.5950498248478049 0.08043396932285819 0.144851290684624
1 0.1949563864768543 0.5389743561344437 0.08511036288814064 0.15291806958473625
