6 0.9385523236733585 0.6397295587612782 0.015129382303839773 0.020327088357138506
6 0.9006024847110145 0.7468544687848957 0.04269244215611489 0.02486111111111103
6 0.90367254768673 0.7790301218699028 0.041558521814361565 0.022658921435339714
6 0.8777823265405144 0.8232148633349506 0.012584910237748659 0.023552482613617982
6 0.8673353347889373 0.8158121731629737 0.003639010189228505 0.012534368429564955
6 0.9469208922139098 0.8194328992333979 0.016711692989747937 0.021704996767340917
6 0.9071966285067922 0.8092062898925798 0.0401196751217654 0.021997430956968572
7 0.41081577574913436 0.6494898729846027 0.05910748159417025 0.07894484154883746
7 0.6356515594860191 0.6288610673875666 0.058986564457632715 0.07544353839036747
7 0.8759093915343915 0.6132043866929487 0.06808278867102394 0.06728848946986198
7 0.28336950107551445 0.43738380319672066 0.04446609750061863 0.08650911490555144
7 0.25299818396975415 0.41306118991826324 0.008018921147196777 0.008173036362102456
7 0.24613247602795388 0.4422752225653249 0.01048777019340162 0.039027935785614955
7 0.2951910066638167 0.29795211974439084 0.043323139653414895 0.08215520474429854
7 0.2551920062695925 0.3047809270869616 0.006285919540229893 0.033824233716475076
7 0.5394222754275009 0.39431415041250223 0.03529581900766053 0.09052060114755014
7 0.5076828498877497 0.37286794032339693 0.009384384384384405 0.009676343009676326
7 0.49967465178350473 0.40805515784636043 0.016549121504578088 0.05774148313123817
7 0.539273082692086 0.25750683035859573 0.03596616476289374 0.0892032998730818
7 0.5005452649560622 0.26961381096830017 0.013492770845711988 0.05220720274641843
7 0.5563062529521368 0.14486477783450766 0.057978336503825445 0.1109938746996572
7 0.787145839710231 0.22066565154619253 0.06903833228498589 0.08593487669771112
7 0.8103197674418603 0.3657619476417926 0.03391472868217057 0.09340008613264425
7 0.7730965582830891 0.3754196972597059 0.03371285529715762 0.09084302325581398
1 0.2702480582822504 0.3399969090788854 0.07501936227284749 0.3103724128540305
1 0.5179341048970122 0.2851921223032099 0.06783941499426215 0.31900055679287304
1 0.7862616119815378 0.22799687707425398 0.07973696835283749 0.32925868618228055
