7 0.039140895821930304 0.3685268807395245 0.04298941798941799 0.06999559082892419
7 0.12572840697840698 0.3260552218885552 0.04712301587301588 0.07771164021164023
7 0.21975813859494417 0.2765836272780717 0.04712301587301586 0.08267195767195769
7 0.07068452380952381 0.5330086580086579 0.04422949735449736 0.038580246913580314
7 0.31842129064351293 0.4090542516468443 0.048670465337132006 0.07122507122507121
7 0.3369624202957537 0.2948491837380726 0.04926400759734098 0.06845520734409626
7 0.4689874169040837 0.3519112060778728 0.05045109211775877 0.07676479898702121
7 0.4841750327861439 0.22859856193189526 0.05074786324786326 0.07597340930674266
7 0.4201702147304 0.17102810312686856 0.04778015194681862 0.10129787907565688
7 0.5615672907339574 0.08406819517930632 0.055199430199430174 0.11870845204178537
7 0.6578426717315606 0.13736263736263737 0.05401234567901238 0.08190883190883191
7 0.6457492481798037 0.28234475572438544 0.057276828110161424 0.086261475150364
7 0.7291242707909376 0.025861484194817534 0.05757359924026599 0.05183602405824628
7 0.7855902777777779 0.24844689775245332 0.0436253561253562 0.060937005381449805
7 0.5964186573160932 0.47072466944261815 0.04837369420702752 0.04036087369420703
7 0.45157151727664546 0.5175688509021844 0.048670465337132006 0.03798670465337129
7 0.5540582103082105 0.5792972459639126 0.028490028490028466 0.05618866729977835
7 0.7784900284900286 0.41923868312757206 0.050451092117758854 0.045109211775878455
7 0.801133665716999 0.9127360979212832 0.01810303893637221 0.028490028490028546
7 0.7716032726793792 0.7557648246675427 0.027123048472162896 0.0480957989791912
7 0.7530113552709069 0.7196477064520352 0.019017471535139427 0.0480957989791912
7 0.8001375609136467 0.7468850319868818 0.024170592854338382 0.047605025520219876
7 0.7014014898290516 0.6774619142110309 0.027483313702394933 0.04825939013218161
7 0.46087402977862346 0.72817568179759 0.018281311346682354 0.0397526501766784
7 0.513630511097254 0.7533757515570029 0.02024440518256772 0.042697290930506476
7 0.5625602312881465 0.7794226124614818 0.019017471535139427 0.043024473236487296
7 0.4902549805590385 0.8023037856048228 0.021839418924224595 0.0397526501766784
7 0.15738514957264957 0.5027896486229821 0.03973023504273503 0.039173789173789136
7 0.17357944951030063 0.6603765619723067 0.04654255319148937 0.06845941686367223
7 0.3162891786776481 0.6423889143089555 0.02493351063829788 0.048512608353033844
7 0.05505785740948114 0.643378540914935 0.040263002364066186 0.028565799842395576
7 0.4530730070891204 0.8846480758101851 0.022243923611111112 0.029658564814814815
7 0.44483541391093484 0.9390041703409758 0.021158854166666668 0.031587577160493756
7 0.5191844532952069 0.8712753041031227 0.022786458333333332 0.034239969135802434
7 0.51245418595679 0.9351461456496181 0.0244140625 0.03472222222222233
7 0.6533135308159723 0.8588023244598765 0.020616319444444444 0.03641010802469132
7 0.6521760574494949 0.9240188341750841 0.01718026620370373 0.0356867283950618
7 0.7387755594135803 0.8501639660493829 0.021158854166666668 0.03833912037037037
7 0.7343094437210649 0.9182098765432098 0.020978009259259363 0.03641010802469132
7 0.711474006558642 0.9172051826131687 0.010489004629629603 0.02531828703703704
7 0.1516269841269841 0.7835846560846562 0.04811507936507936 0.06580687830687829
1 0.14236481284055907 0.7231599936823815 0.10267857142857141 0.25694444444444436
1 0.30984656990650145 0.34400594332101175 0.10267857142857137 0.2556216931216931
1 0.4568353174603175 0.28028218694885376 0.09846230158730154 0.2781084656084656
1 0.6330676020408165 0.18962112622826907 0.09846230158730163 0.3005952380952381
1 0.730668492887351 0.873029603998462 0.03390522875816989 0.1312636165577343
1 0.6461640211640212 0.8547048449009235 0.025326797385620933 0.07625272331154687
1 0.6340777051561365 0.9294662309368192 0.009803921568627456 0.0490196078431372
1 0.6504382055852644 0.9263468013468014 0.016544117647058855 0.03513071895424831
1 0.6375953159041394 0.9312817719680465 0.000612745098039211 0.012254901960784326
1 0.5093640020110608 0.8982057566616393 0.03860294117647061 0.1277233115468409
1 0.4437764970853207 0.9166740269681446 0.03799019607843132 0.10294117647058819
