6 0.3912934027777777 0.1387581699346405 0.030312499999999985 0.014583333333333334
6 0.4242204670329672 0.15988502238502242 0.02927083333333332 0.014259259259259265
6 0.45534941520467836 0.17993762183235854 0.028819444444444446 0.013425925925925926
6 0.501290436005626 0.21054031879981241 0.025868055555555554 0.0125
6 0.5239733483483482 0.2264476976976978 0.02475694444444451 0.01199074074074073
6 0.5471599264705883 0.2420533769063181 0.023229166666666697 0.011203703703703698
6 0.583151355421687 0.2629222445336905 0.02795138888888889 0.010555555555555587
6 0.6010080828779597 0.2717395264116576 0.027152777777777793 0.011851851851851862
6 0.6192086693548389 0.28496341099163686 0.024583333333333318 0.009814814814814783
6 0.6459499999999999 0.3036037037037037 0.020625000000000032 0.009398148148148128
6 0.6582525373931625 0.3100961538461538 0.015277777777777777 0.00935185185185182
6 0.6729531848659003 0.32094588122605366 0.019548611111111096 0.009444444444444486
9 0.38729305555555554 0.12204351851851851 0.010624999999999968 0.029027777777777774
9 0.4199285523504275 0.14475783475783477 0.012083333333333397 0.028379629629629637
9 0.4390763888888889 0.15873316498316498 0.012395833333333349 0.03560185185185184
9 0.4977403322440087 0.19578068264342774 0.010208333333333364 0.024953703703703693
9 0.5203095449172577 0.21259160756501183 0.009583333333333381 0.024212962962962967
9 0.5327062908496732 0.23383442265795207 0.005694444444444476 0.010185185185185212
9 0.5342337962962963 0.21691666666666665 0.009236111111111158 0.015046296296296295
9 0.08622500000000001 0.5385111111111109 0.006041666666666668 0.02560185185185183
9 0.8449959935897436 0.5603258547008547 0.008749999999999937 0.031064814814814774
9 0.8533059764309764 0.5569374298540966 0.007048611111111174 0.035000000000000066
9 0.8605092592592595 0.5612281378600823 0.007430555555555587 0.03282407407407401
9 0.8844052895981088 0.5644326241134753 0.007847222222222349 0.031712962962962964
9 0.8914226190476193 0.5646428571428572 0.006458333333333302 0.031111111111111027
9 0.8973849400871463 0.5663616557734203 0.006875000000000063 0.029583333333333375
7 0.08308905437078247 0.20746943628839778 0.015550146808839434 0.02002524081800856
7 0.11981661773038685 0.22167133135298797 0.017095503013444594 0.018737443980837588
7 0.032691513769847365 0.24757999631407637 0.016932211481083665 0.018846719974539558
7 0.27999505418639187 0.12493497439586626 0.023148148148148136 0.039276431820291474
7 0.057473318086525636 0.3056662890258279 0.02126214979988565 0.023981957944222115
7 0.021460813492063496 0.3855180776014109 0.022291666666666668 0.02175925925925926
7 0.09907921810699588 0.5710373799725651 0.007465277777777778 0.009351851851851873
7 0.09951708173690932 0.403200640090008 0.02067369093231161 0.023946360153256675
7 0.1299684537276449 0.32487273755656126 0.01882002801120447 0.022370059134765034
7 0.22436164529914532 0.3120601851851852 0.009131944444444469 0.015462962962962953
7 0.2527644799054373 0.2985017730496455 0.012291666666666659 0.014953703703703735
7 0.2813846544715448 0.2838177506775068 0.011944444444444436 0.016666666666666666
7 0.4572835467706014 0.22655412232945643 0.01716778025241273 0.029953394374329756
7 0.41716468253968275 0.24503439153439155 0.016493055555555556 0.027083333333333307
7 0.3791168842034807 0.2629852744310574 0.014687499999999984 0.024537037037037038
7 0.3678761574074074 0.3698996913580246 0.007326388888888936 0.01189814814814817
7 0.4235221734892788 0.348611111111111 0.01079861111111108 0.018611111111111134
7 0.5014254146660846 0.32074482273631116 0.012658227848101293 0.021624472573839697
7 0.5365854614695339 0.3092644862604541 0.012013888888888937 0.022824074074074052
7 0.574998468137255 0.2963174019607843 0.013368055555555555 0.023333333333333324
7 0.5141980013550135 0.38301264679313457 0.008194444444444492 0.01625000000000001
7 0.5879242424242425 0.361392255892256 0.00923611111111108 0.01865740740740744
7 0.6207143670309654 0.3527383120825745 0.010486111111111127 0.017824074074074076
7 0.7158522041062804 0.37743156199677935 0.009444444444444382 0.016296296296296316
7 0.6834611406619385 0.3843676122931442 0.009652777777777762 0.016666666666666666
7 0.7628556910569104 0.4028331074977416 0.009027777777777777 0.014722222222222255
7 0.7321281067251462 0.4087207602339182 0.008611111111111016 0.01421296296296293
7 0.7035243055555555 0.4150405092592593 0.008645833333333365 0.014027777777777809
7 0.27174359029249523 0.4224823211240268 0.011796323650090241 0.016138738443022077
7 0.3054268683884636 0.4202466388581603 0.0296446742163138 0.04267191859510912
7 0.3978211805555556 0.40253327546296297 0.009236111111111158 0.011851851851851862
7 0.4305629208754208 0.41330948372615034 0.010763888888888889 0.014768518518518561
7 0.5070642921146955 0.4353136200716846 0.008611111111111095 0.01263888888888892
7 0.5532708333333333 0.4436134259259259 0.008750000000000016 0.004861111111111111
7 0.5520577485380116 0.4505896686159845 0.00798611111111111 0.005138888888888899
7 0.585992476851852 0.4425990226337448 0.008958333333333318 0.010092592592592623
7 0.7543486667177993 0.5250347275485333 0.012703252032520299 0.018236224028907
7 0.6711449574429784 0.5049928428775919 0.0162658463832961 0.023117076808352028
7 0.2513680555555556 0.5012808641975308 0.005833333333333317 0.010509259259259175
7 0.25351707175925925 0.4778568672839506 0.0072569444444444365 0.01101851851851855
7 0.28534517973856205 0.49148965141612194 0.005208333333333333 0.009027777777777777
7 0.30452060931899644 0.4866487455197132 0.00635416666666669 0.011111111111111112
7 0.3036475694444445 0.5054791666666668 0.006805555555555564 0.010740740740740657
7 0.39606915509259255 0.5189139660493827 0.006319444444444381 0.008425925925925948
7 0.3960356280193237 0.5001871980676329 0.006076388888888889 0.009166666666666646
7 0.41664517195767203 0.5035956790123458 0.005555555555555556 0.00949074074074074
7 0.41667771464646464 0.5206460437710437 0.00618055555555554 0.00851851851851856
7 0.4358838383838384 0.5055345117845119 0.00625 0.008657407407407428
7 0.4360619212962963 0.5232947530864198 0.0060069444444444285 0.007962962962962878
7 0.41748431899641564 0.46830047789725215 0.011423611111111143 0.016296296296296316
7 0.448779296875 0.47355179398148145 0.010243055555555556 0.014814814814814815
7 0.49783564814814824 0.4837894375857339 0.009791666666666603 0.012916666666666708
7 0.5217241753472222 0.48741608796296304 0.008750000000000016 0.012685185185185122
7 0.5445967741935486 0.49183542413381126 0.00951388888888892 0.012361111111111132
7 0.5819861111111111 0.49971141975308636 0.008125000000000032 0.011111111111111112
7 0.6004847756410258 0.5038016381766383 0.008229166666666683 0.010648148148148148
7 0.6178432158119659 0.5074252136752138 0.008020833333333382 0.010648148148148148
8 0.02800674997490716 0.6065546689417513 0.005843495934959349 0.015695573622402828
8 0.06018275161199888 0.6061933464162228 0.005716463414634148 0.016147244805781443
8 0.06857419867302121 0.6062790081923809 0.005081300813008137 0.014735772357723649
12 0.039171256385696046 0.5008966581524054 0.02346743295019157 0.027011494252873493
12 0.07777378671775224 0.505701007520931 0.022988505747126433 0.023435504469987187
4 0.18420532383298346 0.5699567047084777 0.011536188397890532 0.05660120021822153
12 0.3136302083333334 0.5396469907407407 0.011215277777777762 0.01384259259259253
12 0.22576841409078263 0.3798059964726632 0.04842836257309943 0.1000243664717349
12 0.3630031306674389 0.40824638950375935 0.046917344173441775 0.08973200843119544
12 0.6449425197669579 0.48424340605988536 0.038623595505617996 0.05690803162713268
12 0.6926941131989615 0.5018466656851986 0.01616076447442383 0.04247080132408967
12 0.7335665076642188 0.5121276985273464 0.03817218660968662 0.037912511870845204
12 0.7650816469750293 0.5197021116138762 0.018688725490195977 0.031998910675381215
12 0.7973553240740742 0.5290930134680135 0.0341666666666667 0.031342592592592616
12 0.8242903645833334 0.5329412615740738 0.019513888888888983 0.031157407407407387
12 0.8633410235816064 0.543756629367369 0.01726371951219521 0.028117660343270002
10 0.268829928599172 0.5497577779880113 0.04878687199351796 0.08639125097250869
10 0.41031883853735573 0.5542558382725564 0.05418081837295811 0.07278020378457063
10 0.5135758674222184 0.5634982933499499 0.052797640029730135 0.06185572448811677
10 0.5897493224932248 0.5687251580849142 0.04319444444444447 0.05282407407407403
1 0.25672952713643726 0.49389412473441735 0.015510434292160171 0.047079651563577136
5 0.30859399479852107 0.49938767729940886 0.018330513254371104 0.04159616469261146
1 0.27573546881830785 0.3995903370440063 0.020524066576698155 0.07591093117408908
3 0.025365374323017168 0.3634348255188769 0.02947453120626924 0.09714059147308518
3 0.1014913068484497 0.38438359866931293 0.023460960960960946 0.08672133672133674
3 0.423007506021403 0.45681235817853155 0.019754348390446493 0.06344106957424721
3 0.45462282986111113 0.4576006944444445 0.019444444444444445 0.06138888888888895
3 0.5016005979518157 0.47056238767733677 0.01439222348055872 0.04708275659578039
3 0.5246092364757428 0.47963115488596814 0.012583364791745311 0.03869384673461685
3 0.5480776558451458 0.4869176446679876 0.013824588477366244 0.041771452522481274
2 0.060317126289348516 0.2956482817593929 0.022680508791619907 0.04458161865569273
2 0.06296429907541018 0.34765645876756984 0.04185372240927796 0.026967202893128848
2 0.13244272224157283 0.3171992380166071 0.02080995136550692 0.038969946377353785
2 0.12935356685356686 0.3712978712978712 0.027214714714714698 0.023677523677523658
2 0.40191507254133507 0.3960782790352375 0.01496380846325162 0.022941928565536573
2 0.40547849614975895 0.43353118282700354 0.028264971541697607 0.01670378619153673
2 0.44084249084249083 0.4417424139646362 0.026103988603988645 0.015574548907882239
2 0.43427083333333333 0.4069396961063627 0.015740740740740795 0.025023741690408326
2 0.47062097385373247 0.4484109441005993 0.02586996336996334 0.015516890516890564
2 0.4656135531135531 0.4133513091846425 0.015873015873015817 0.020960520960521003
