9 0.11918622141997588 0.023997192137986373 0.020933614119534698 0.04395641128493114
9 0.1681478974461827 0.06362955163346257 0.01767448856799037 0.0429536034229175
9 0.1982782560399889 0.08824709185720014 0.018301243481748882 0.05465302847974328
6 0.13299537090951438 0.04914028095872745 0.05101784997994384 0.02841288942371975
6 0.1800457948923653 0.08775806827016883 0.041867228239069396 0.02323171546998262
6 0.22587530800527184 0.11927444463545543 0.039986963497793855 0.03309265944645007
6 0.30321131972589066 0.16890087683559052 0.045210399186371736 0.030511060259344
6 0.3244921633794631 0.19559390626324263 0.02049961861174674 0.01790405966607338
6 0.34910777151909866 0.18881163331964246 0.020181795067378556 0.01769217730316128
6 0.36967452942853396 0.219160201044259 0.03837719298245613 0.029027883718959237
6 0.42315315627672584 0.2575292535246767 0.033609839816933613 0.027120942452750253
6 0.4471900562876457 0.27435843481767885 0.033450928044749556 0.01875158911772185
6 0.4632257589154141 0.29650014736221625 0.015421455938697351 0.015964240102171134
6 0.4795977011494251 0.2980018092805449 0.01475095785440609 0.012962962962962963
7 0.11292021187854523 0.2405878100322545 0.02796546546546546 0.051801801801801765
7 0.18115977819925186 0.21544131851149398 0.027496246246246258 0.05380380380380379
7 0.25099021435228336 0.1937519415967691 0.027496246246246237 0.05730730730730731
7 0.11457460862222761 0.3911876729337048 0.019185852519185847 0.04031809587365142
7 0.1689247117487858 0.3817088693631905 0.01626626626626627 0.037398509620731844
7 0.1611507340674007 0.36699508150125426 0.010531364698031353 0.020020020020020065
7 0.06604671952736316 0.4014411449695962 0.020924025704809297 0.03653606965174129
7 0.30353318609981744 0.3394753830023368 0.01971130519165452 0.04326378780527254
7 0.3645167660737743 0.32587385553622633 0.01774017467248912 0.0415453663270257
7 0.4240324701856534 0.3087004974023283 0.020014556040756935 0.043769205887109836
7 0.02663361301805238 0.43397745571658625 0.015176074243579963 0.01620900076277652
7 0.06116964176174702 0.5135106121948226 0.0115272154745839 0.023241865347128403
7 0.11065498048453776 0.5703653664056907 0.020367098547310548 0.02797408716136629
7 0.1666969791450149 0.5768320284533132 0.020489791912053412 0.02862845177332813
7 0.1374428599472769 0.46844326658814295 0.02147133882999608 0.019140164899882205
7 0.18885340219262478 0.4910125537334018 0.020367098547310527 0.019630938358853482
7 0.19468369650569295 0.47954701609736944 0.015336670592854339 0.007688784190550964
7 0.2184187279151944 0.587071391179165 0.019876325088339225 0.026665357937442815
7 0.23565305588273786 0.5108815381930811 0.016318217510797022 0.01341447454521661
7 0.24116062470008284 0.4947541770274396 0.014968590498625842 0.010797016097369452
7 0.3052610914801728 0.5262182087859355 0.006748135060855908 0.010142651485407715
7 0.31161388125463513 0.5167844522968198 0.014600510404397306 0.01226933647428344
7 0.2692608969723937 0.4569528647619754 0.012954928898529793 0.01717281272595804
7 0.3130936937320119 0.445252576808019 0.01619366112316219 0.017775367558447826
7 0.3122543934106699 0.4272812376650913 0.017022174017835606 0.013256206314774645
7 0.4267789472126004 0.4133483336787361 0.004163335997868403 0.012989608313349338
7 0.4354460875743849 0.4079958255617728 0.013739008792965674 0.031419308997246695
7 0.4830402344790837 0.39471755928590463 0.01657007727151607 0.0354161115552003
7 0.5353624507801165 0.38232130345106635 0.016237010391686683 0.037525535127453595
7 0.6199062489139123 0.43182362322702217 0.010824673594457816 0.02908784083844038
7 0.6129055089261924 0.44415856203925747 0.004579669597655251 0.009880984101607633
7 0.5720553765321075 0.4421358746336265 0.011241007194244585 0.02997601918465228
7 0.5243328820061492 0.4551151085804551 0.013898711299701381 0.029270784221279253
7 0.2980582840574045 0.603888047261453 0.017312751470133097 0.02269679149901991
7 0.33489857371298876 0.6049898552219816 0.016538997214484673 0.017925306922521356
7 0.3349941415749216 0.619353436205804 0.010445682451253506 0.002450221809553349
7 0.4147331047635686 0.5987096241944251 0.030027078965758215 0.036687631027253656
7 0.42571482646168174 0.5343194347387219 0.011464884696016813 0.017324714651758725
7 0.3833093116701608 0.5394392033542976 0.011246505939902186 0.016305613789890573
7 0.3792147099930118 0.5522556099076015 0.008625960866526899 0.005677847658979671
7 0.4829280733885998 0.5762938328727801 0.011105488079172292 0.010402609086819607
7 0.48545216205578046 0.5671764882291198 0.00913742690058478 0.00843454790823212
7 0.5866309472642258 0.6363882051081677 0.024282355852511726 0.024540130330776237
10 0.14787199341955978 0.7391886014673625 0.11246312684365779 0.12291052114060959
10 0.31454353657721656 0.7397184752412862 0.08465462143559487 0.10775155686660108
10 0.4251730338009147 0.743073870223853 0.04547213622291027 0.08843595917899323
12 0.36915193960601844 0.5615099147003434 0.033400615148019994 0.09675765731129049
12 0.46076791282961993 0.5838134091690415 0.02967608612072278 0.07192746379597598
12 0.5675805675805677 0.6059370156592377 0.047619047619047686 0.0881834215167549
12 0.6199182053773888 0.6171219810675594 0.04376102292768959 0.07260435038212808
12 0.6760715450930949 0.6378972039276624 0.06429132312524533 0.06576364350215937
12 0.7120658644510238 0.6529011343498976 0.032391048292108274 0.058074859311608405
3 0.011865620360338674 0.5076207482310768 0.021640258215962445 0.12340245174752225
2 0.03895246478873239 0.4950769431403235 0.043891823161189364 0.030972874282733397
2 0.031146077856025044 0.4339870239958268 0.027019757433489833 0.020865936358894104
3 0.11763126190999706 0.5501464318870323 0.03288991498094401 0.09027167008697355
2 0.14919561712107887 0.5236225121339457 0.042234681911462894 0.02797322388351412
2 0.12985823177116054 0.48173974954977594 0.018414687774846093 0.013559073585458782
2 0.14413157798299625 0.4604160558975862 0.02785107006742891 0.037012606273820046
3 0.17228980384002213 0.5633303297058756 0.028733017952450268 0.07288128740093804
2 0.1969235201358564 0.5397233341420022 0.017209485686559924 0.02516982047549742
2 0.2170707484230956 0.5278333737667799 0.02676188743328483 0.007480187611192032
2 0.1899234797024098 0.48971642676155036 0.023047064531780688 0.020014556040756883
2 0.2000223647501213 0.4702199242546768 0.021151746724890844 0.02506873685912986
2 0.23560695657447844 0.5109608334681114 0.01637554585152839 0.013747371825974457
2 0.24715505777490254 0.487267956942872 0.022895439107229503 0.02688824195374406
2 0.24739583333333334 0.5413122667240883 0.032602551679586575 0.009959086993970766
7 0.3109024433360089 0.4975338900992497 0.016850490196078424 0.020576131687242753
12 0.3444857496902107 0.5225888062783974 0.04866274266831887 0.0382073523337464
12 0.4445369509844417 0.5484418743402636 0.023492358529533262 0.02633209417596026
12 0.5321767864518795 0.5976524851989535 0.038594589012804666 0.03132314470604424
3 0.22397942367454565 0.5813566179419838 0.03150471900471901 0.07060632060632065
3 0.30241522068078 0.60231145616789 0.024699312714776607 0.035955199185439754
3 0.3054103824614993 0.5634572143735945 0.018733295150820933 0.028636884306987482
2 0.31156649372234574 0.521294237435333 0.022312905689194314 0.019250350006363756
9 0.7472098727139049 0.6925058588365038 0.016714915908464276 0.06467695983825016
9 0.760702825733711 0.7037594323112508 0.015422525503170763 0.03871427258524031
9 0.7754373202961912 0.7062400711594261 0.015164047422111871 0.0394035474680636
12 0.7593716767103863 0.6746729226567937 0.02662324234904866 0.029868578255675023
12 0.7774861123875462 0.6787017465034191 0.02334918665563824 0.02745611616579361
9 0.8143505799755799 0.7088617774101645 0.013440860215053698 0.05445271574303839
9 0.8259667080231595 0.7095007926661152 0.012062310449407221 0.05353368256594064
9 0.8374857358392305 0.7093308672609745 0.011976151089054414 0.05020218729896147
