11 0.16739103048626855 0.686557802133199 0.29486331569664903 0.4490005878894768
7 0.24063123191663488 0.25669732913741633 0.03306878306878308 0.06678597364871876
7 0.34067681126504634 0.2031676868278175 0.029988847390808156 0.058788947677836545
7 0.40971249610955496 0.15591851340643612 0.03225827367984233 0.06548915862641351
7 0.4883921754836787 0.10892137798455884 0.033879292457723885 0.06743438115987135
7 0.653860028860029 0.20971562025483595 0.02852993049071476 0.0527371442404122
7 0.7164486164836303 0.24071356937836857 0.02917833800186738 0.04668534080298785
7 0.7742999968609724 0.2665121567560592 0.027463221060782098 0.042263517873273954
7 0.9019423726823492 0.33348137711345244 0.026205450733752647 0.04585953878406709
7 0.9457643596794538 0.3603060403374869 0.023514712488769133 0.04008810022960961
7 0.9540499900169711 0.34577676283651126 0.011698861934710921 0.02027802735349905
7 0.9904040219951427 0.38507127572955596 0.021159002738475548 0.030004902209375055
7 0.9823488767178863 0.3645806920567304 0.00879545108778332 0.006233412782933552
7 0.9960985500122884 0.3656095708811364 0.0067352553374916855 0.014157242591747436
7 0.9439590616704319 0.07250503788404661 0.03671923314780453 0.06828488971346114
6 0.9269928773276987 0.04454801701825512 0.023513193156050296 0.02920360063217206
6 0.9917279727547584 0.0118639627568199 0.012883941455370071 0.022117432831718548
6 0.8102303919973093 0.10137627618830626 0.023835291692434573 0.02469422112279256
6 0.7583273208273208 0.1291674778777953 0.0344645433931148 0.028988868274582566
6 0.7029621612954947 0.1569693533979248 0.03011621315192747 0.02684154469868757
7 0.5292450604950605 0.2585873121587407 0.019003813646670715 0.038007627293341575
7 0.4540609063124593 0.30457450876705544 0.030277262420119553 0.04402013330584757
7 0.3815257163471449 0.3389764996907854 0.028022572665429818 0.03929602143887859
7 0.4144280818387961 0.322356215213358 0.0178764687693259 0.020184841613413034
7 0.2012069032158318 0.31742810760667906 0.023835291692434545 0.03843709200852058
7 0.15089511183261178 0.3441086030371745 0.019809059987631415 0.03178038892324606
7 0.19207321358295384 0.39723534041715863 0.01256184291898579 0.036719233147804606
7 0.22530792620078335 0.4140039854325568 0.023513193156050296 0.032209853638425066
7 0.17763114861329146 0.43784753606182164 0.02447948876520305 0.03156565656565658
7 0.12215586992372708 0.4951191335119907 0.020936404864976294 0.0350013742870886
7 0.17044045364357868 0.47281380986738125 0.021741651205936924 0.03564557135985708
7 0.07832080200501254 0.5176293005240373 0.021902700474129035 0.0350013742870886
7 0.10388625147028506 0.37609740866043384 0.02109745413316842 0.031995121280835544
7 0.6847671249845165 0.40841769907792436 0.020727896633693777 0.03961863865245505
7 0.7336176191852523 0.4243028397617769 0.021087339927919717 0.039299133502032
7 0.7779960922838496 0.4403243414494368 0.020248638908059193 0.038979628351609015
7 0.7641479162786963 0.6328712375986357 0.019050494593972955 0.02715793778595712
7 0.7066781284935365 0.6409189237183136 0.01917030902538149 0.026039669759476497
7 0.7572329119516835 0.5309947382066085 0.01797216471129514 0.028595710962860725
7 0.7569216797024768 0.5852375840298546 0.019050494593972844 0.029234721263706763
7 0.6954942470815488 0.5955804221849771 0.018451422436929613 0.029074968688495236
7 0.6958931098423853 0.544799850355406 0.018091979142703787 0.027956700662014687
7 0.6401171579743008 0.5583732866916674 0.015935319377348378 0.026359174909899554
7 0.639168056514071 0.6073393528103673 0.017732535848477848 0.026678680060322535
7 0.4202271309429997 0.6866365373309817 0.016490417088821374 0.01987644939772597
7 0.3865441714510863 0.6925330218769933 0.015171183721715607 0.020755938309129775
7 0.5055881914518796 0.5886946042988539 0.014624043508505616 0.024636902126941976
7 0.5041248460428882 0.6323095122658774 0.015414532346803239 0.024373405847509452
7 0.46181710085306216 0.640580257638341 0.013932365774995244 0.023582917009211887
7 0.4635574764434325 0.5984988616960728 0.014228799089356831 0.023319420729779286
7 0.41550069563017766 0.647054638588503 0.010177543793081686 0.018049495141128614
7 0.3953432302535888 0.6531677522713379 0.012845443622336033 0.021211450494318957
7 0.3974026617007325 0.6137660441497724 0.013932365774995244 0.020684457935453912
7 0.36129206431692146 0.6611236214562041 0.014129987984569636 0.020157465376588867
7 0.3627484540787849 0.6223094738597943 0.013537121355846404 0.020157465376588867
7 0.3281516789982925 0.6663235359561167 0.012845443622336033 0.020025717236872683
7 0.3259593076108265 0.6321193400999177 0.02035508758616326 0.03702122726027113
7 0.8794046447528734 0.559755273255005 0.018691051299746905 0.03051274186539884
7 0.8784159799185374 0.5043388799427447 0.020009010045242012 0.03242977276793703
7 0.957639308239399 0.48496888019834883 0.020727896633693666 0.03274927791836001
7 0.9577366574649184 0.5454651835237583 0.019290123456790136 0.030991999591033426
7 0.9519634936778336 0.6024269611226133 0.021326968790736898 0.030193236714975858
7 0.813914609053498 0.5690770135214581 0.014054232804232767 0.020723104056437416
7 0.5204764025950293 0.46200208275317917 0.017839738234475103 0.03596955351341313
10 0.9512036774325747 0.7627962914173724 0.08615288220551381 0.11760552174086002
10 0.718544651429569 0.7705534862980719 0.11524346580737556 0.10144408640649234
10 0.5020233684625643 0.7930237948217679 0.04027926960257793 0.08229900147193382
10 0.3815645495244202 0.7954375140509078 0.07888023630504834 0.07832080200501254
12 0.3492904338769 0.8241201850224404 0.017715419501133763 0.02759875880176622
1 0.9511028300071471 0.51034900738018 0.032189294157379186 0.12752589215355173
1 0.8726171713760367 0.5304998936795627 0.03073813745356294 0.11714792299898677
1 0.7508141868597321 0.5516520906037752 0.028627364066193893 0.11134329618372171
1 0.6894011252181131 0.5665374404292843 0.026912360688956347 0.10501097602161427
1 0.6339850785911288 0.5788979241716387 0.027176207362377535 0.10360379376336816
1 0.49906735697751314 0.6092113146270166 0.023768187830687813 0.08971438369586518
1 0.45711144886492105 0.6174870975218194 0.023768187830687813 0.08940819126004305
1 0.3909456354752476 0.6331077446119374 0.021471744562022353 0.08588697824808934
2 0.16745401864449486 0.3866213151927437 0.07302689594356261 0.05275258251448731
2 0.1842202773021529 0.2873352666841491 0.05157155454774503 0.1267636684303351
