7 0.00833028752436647 0.11219406541043969 0.015335648148148147 0.025848765432098755
7 0.01355873100664767 0.05148484488762265 0.021701388888888888 0.026748971193415634
7 0.10256834215167547 0.018610376249265138 0.025559413580246906 0.03189300411522634
7 0.08308899176954734 0.13723422496570645 0.01745756172839506 0.02546296296296296
7 0.08934810099451304 0.10495970507544586 0.022087191358024692 0.027649176954732513
7 0.12839120370370372 0.0907253086419753 0.013406635802469147 0.03009259259259258
7 0.09759194958847736 0.08384059213534521 0.017264660493827164 0.029835390946502064
7 0.19062036876647995 0.05362607540851088 0.016046923417441326 0.03393832079091043
7 0.2271023433149124 0.11029954257045893 0.0247620628596724 0.03744282130736312
7 0.2457283959400493 0.0478311621239908 0.022548694112439132 0.024162608823963407
3 0.21402371284094393 0.09083147467111606 0.041362328463922064 0.12210417588903645
3 0.2056127342481924 0.004764891053071664 0.022272023019034984 0.011251291131769217
7 0.2903544551950926 0.09435274773920192 0.024623727312970366 0.03947174265899365
7 0.31028663125276673 0.028643997398608574 0.02407038512616203 0.02656042496679947
7 0.3063802989101793 0.13238053078690526 0.01120517928286853 0.013280212483399736
7 0.3255636872798661 0.1269639637905704 0.012035192563081014 0.013280212483399736
7 0.3557148218719326 0.14673993237998087 0.011481850376272718 0.013833554670208059
7 0.37567122813095444 0.14333166528732091 0.011620185922974712 0.013833554670208059
7 0.3567296470682925 0.1318044321032369 0.01051350154935812 0.013464659879002501
7 0.3767598687376099 0.12920941034573458 0.010928508189464342 0.013649107274605268
3 0.2775815266581252 0.08089591630186808 0.04449107740866359 0.1272687029659141
7 0.44313130614002716 0.020956379968007872 0.02610895779500429 0.040374677002583986
6 0.21261020731887267 0.2036452953617628 0.015355245683930955 0.011435738527371973
6 0.25103949282236127 0.21235165159467945 0.01812195661797256 0.010697948944960884
6 0.29179907354708146 0.16614757899618457 0.01978198317839753 0.013464659879002501
6 0.3354334398517042 0.18232625055334223 0.028497122620628604 0.012357975505385855
6 0.335970931090453 0.15867745947427223 0.020750332005312087 0.01641581820864691
6 0.35814414300470077 0.16507163585516835 0.01853696325807878 0.011066843736166442
6 0.454723400127491 0.19286466561348076 0.01793707214323332 0.010312445146568353
7 0.5258085087422087 0.15105104151225743 0.017093100819515903 0.022356690595684316
7 0.5741122303622302 0.142471340388007 0.017361111111111112 0.024038461538461557
7 0.6222322866344605 0.13137928898798462 0.01446759259259254 0.024335232668565993
7 0.6326789529914529 0.13233024691358025 0.00244836182336188 0.0035612535612535553
7 0.6306201032763533 0.1410033831908832 0.002448361823361801 0.003116096866096864
7 0.6002360979212831 0.1971219795293869 0.01647079772079773 0.02329653371320038
7 0.5521173058179637 0.20294459439196277 0.01090633903133901 0.02418684710351376
7 0.5425532704178537 0.20954514878125988 0.0028935185185184923 0.008161206077872749
7 0.5019989655406322 0.2086866322977434 0.01569177350427356 0.021070750237416922
7 0.6366413279632704 0.36698419042543745 0.01632027711164407 0.02520206057376318
7 0.867452739197531 0.20436278292181065 0.013985339506172857 0.027263374485596695
7 0.880079732510288 0.2607081618655693 0.01620370370370365 0.027134773662551428
10 0.5513146750468457 0.2895122403874117 0.18344356261022926 0.20771604938271607
10 0.2765339176829268 0.31238472975007525 0.14720775462962965 0.1714409722222222
8 0.24069940476190482 0.4782848324514991 0.003472222222222222 0.0225051440329218
8 0.24222366898148145 0.45466820987654316 0.004340277777777778 0.017232510288065873
8 0.24528597608024685 0.4830889917695473 0.0027006172839505954 0.012860082304526668
8 0.2463927469135802 0.45587705761316866 0.003375771604938254 0.027777777777777776
8 0.2500170206971678 0.46360596707818924 0.003375771604938254 0.03420781893004116
8 0.24951774691358025 0.4869341563786008 0.0026041666666666665 0.006430041152263386
8 0.27374614197530867 0.48708847736625516 0.003182870370370357 0.007073045267489735
8 0.27463777434842246 0.46942158207590307 0.005594135802469127 0.027006172839506244
8 0.2778983410493827 0.4708183299039781 0.003954475308641984 0.028420781893004128
8 0.282276915395788 0.474158799322198 0.0051118827160494046 0.026877572016460953
8 0.30722152076318743 0.46546483352038914 0.004533179012345675 0.03215020576131688
8 0.312596450617284 0.4615009746588694 0.005787037037037024 0.02752057613168725
8 0.31666804453262787 0.45807613168724276 0.0030864197530864287 0.02237654320987656
8 0.312555114638448 0.4862948265726043 0.002797067901234603 0.010416666666666666
8 0.31756365740740744 0.4820601851851852 0.0035686728395061904 0.013760288065843599
