11 0.8250965316682229 0.5381716488678805 0.305399937752879 0.20366479925303457
9 0.9958749914107057 0.10746012420119563 0.0070861678004534075 0.015138631210059776
9 0.836287096207731 0.1078135378730617 0.012025012025012065 0.016427025355596783
9 0.7676920375333075 0.10938824182871801 0.012669209097780626 0.01513863121005979
9 0.7206417920703635 0.10908403765546625 0.012454476740190956 0.015621779014636154
7 0.10613319945117179 0.15001479575212295 0.0453085274513846 0.046865337043908474
7 0.21008493585024193 0.14932718217156993 0.045093795093795096 0.04944212533498249
7 0.3152010727768304 0.14882416465208673 0.045523259808974065 0.04799268192125335
6 0.244150690579262 0.13528138528138528 0.017608053322339022 0.01240079365079365
6 0.4320805457169093 0.13706756807406156 0.01395760324331752 0.0172322716965574
7 0.5017087327355184 0.13239256403318905 0.018466982752696988 0.011595547309833035
6 0.5744090565519137 0.13826079674293956 0.015031265031265045 0.018520665842094407
6 0.7057785784493857 0.1382853042402732 0.017822785679928656 0.022385848278705427
6 0.7754869624617523 0.14043496186353327 0.019325912183054992 0.022224799010513288
6 0.8466467395038824 0.13993570913213774 0.024694221122792542 0.020453257060399917
6 0.9757438328866901 0.13925077606800296 0.021043771043771153 0.020131158524015664
7 0.9472381124166838 0.21878543083900226 0.023620559334844943 0.02608998144712428
7 0.912171753337167 0.23487764324230492 0.02061430632859196 0.025767882910740055
7 0.8106130488257679 0.23621336326928433 0.026397011046133945 0.02229967279309385
7 0.7086582196231318 0.2353376931913116 0.026106934001670797 0.021320662768031202
7 0.5303022768561615 0.23433563240110858 0.02581685695720787 0.021864557226399326
7 0.08296721466364322 0.2504428854875283 0.03921012849584277 0.029939058956916117
7 0.1086545729402872 0.2652588813303099 0.03519463340891913 0.024978741496598657
7 0.10141809248952105 0.3276305787466501 0.0444066515495087 0.03667091836734695
7 0.05791761148904006 0.31189058956916105 0.0500755857898715 0.0412769274376417
7 0.042300485008818334 0.32996445105820105 0.03921012849584278 0.013818027210884369
7 0.34112932922456735 0.24986917844060702 0.06708238851095995 0.058106575963718834
7 0.36654383975812543 0.27451814058956914 0.0418083900226757 0.027281746031746032
7 0.39105523161645606 0.3031867508908325 0.04346182917611486 0.036848072562358246
7 0.43116774524477053 0.3335862897615885 0.018971732119142517 0.013043065831910424
7 0.4477533721668295 0.34905571716660694 0.04598010076097727 0.03092787579839373
7 0.48287801176247386 0.38201163599569965 0.040051434473745214 0.024208720672864125
7 0.48879657735899434 0.3934905220388287 0.0313560572524716 0.016402643394675256
7 0.5397576516676811 0.2981494650465889 0.008633000889638066 0.015144332069110833
7 0.5209650231774126 0.29744346116027526 0.005999204008053576 0.013168984407922467
7 0.5610572645970875 0.36314571920213506 0.005852881959076627 0.011522861356932179
7 0.5711215611658089 0.36320458057183713 0.007169780399868947 0.012730018260991731
7 0.560582280715024 0.38911816428409346 0.005999204008053576 0.012949501334457098
7 0.5706120943952802 0.3886935489535047 0.006730814252938174 0.01349820901812049
7 0.6044451287814118 0.3865603423125547 0.008486678840661116 0.017339162803764567
7 0.6188569126437856 0.3870492549281266 0.009657255232476486 0.018436578171091466
7 0.6039296249473239 0.4241803038816312 0.008486678840661116 0.016680713583368464
7 0.6194487665726601 0.4241932477551947 0.010096221379407185 0.018985285854754855
7 0.7010289366484057 0.28499877089478853 0.011413119820199505 0.017119679730299202
7 0.7166321878711258 0.28575698514857806 0.008486678840661116 0.01679045512010112
7 0.6997510574206739 0.32222310015451605 0.011413119820199505 0.0188755443180222
7 0.7152709494154922 0.3243136764292737 0.009071967036568764 0.017558645877229936
7 0.6918781808162338 0.39098377040854915 0.008340356791684317 0.012949501334457098
7 0.7037765395680834 0.39096032136223874 0.0074624244978227705 0.013168984407922467
7 0.7026092147773563 0.36369442688579856 0.0032190850774921373 0.01240079365079365
7 0.7690077219022647 0.3646071106662921 0.007901390644753469 0.012839759797724386
7 0.779633141358805 0.3646052816406799 0.00497494966521508 0.012291052114060938
7 0.7674253802572387 0.3918194944190519 0.006877136301915123 0.01305924287118981
7 0.779062485367795 0.39196384674813867 0.007169780399868871 0.012949501334457098
7 0.8454609924927033 0.3645705301540479 0.008047712693730419 0.012620276724259019
7 0.8566241454792338 0.36576854193004626 0.0051212717141920295 0.011632602893664835
7 0.8439743229566239 0.39239352707273056 0.008925644987591814 0.012510535187526362
7 0.855545020368029 0.393107902268577 0.005852881959076627 0.011413119820199467
7 0.9119180284372024 0.28745698131760083 0.009803577281453361 0.01744890434049728
7 0.9277403193332395 0.28725944655148195 0.0074624244978227705 0.015912522826239648
7 0.9110498509466062 0.32589578358383664 0.010388865477361009 0.019863218148616385
7 0.9261535380021121 0.32578604204710393 0.008194034742707367 0.017119679730299202
7 0.8053340464844889 0.3242187077917166 0.01024254342838421 0.016900196656833778
7 0.8205740506625461 0.3257238551762888 0.00775506859577667 0.017009938193566488
7 0.8062211878583561 0.2861360922754728 0.010681509575314907 0.018326836634358752
7 0.8212617642927377 0.28795081823289786 0.007755068595776519 0.017339162803764567
7 0.9824727468532776 0.3667362627539618 0.008047712693730419 0.013059242871189754
7 0.9802260383012593 0.3943562122489114 0.008779322938615015 0.013388467481387835
1 0.9188402634861771 0.3036469901039862 0.028427550357374938 0.08049637983848511
1 0.8126131300473407 0.3059754420774158 0.027267242179522793 0.08082271651350598
1 0.7078065040457723 0.3017526455026454 0.02770235774621744 0.08038760094681142
1 0.5650913077635371 0.3748971641502129 0.017984776756706528 0.05667380256196048
1 0.611348821615442 0.4024418227586509 0.02683212661282837 0.07560132971317184
1 0.77335820197706 0.3775597650099642 0.019762220957440086 0.057508062986150674
1 0.8502183213061919 0.37572373644750806 0.021079702354602846 0.05800211851008665
12 0.5634525444793302 0.4796194319073783 0.018169661026803924 0.027935853828710926
1 0.3639222124391616 0.23830446566145722 0.11321854542193523 0.08218153080441215
12 0.4317696584645737 0.27482228223753646 0.03194780737153622 0.04476896690879741
