7 0.778838734567901 0.508047642853003 0.013536077576570538 0.015835755272375022
7 0.782666365157174 0.44415104004564787 0.008935866013072 0.023261619462599904
7 0.8526063293282681 0.44978504268470265 0.010031068704538005 0.023681911437013474
7 0.8062294516915898 0.40970528275650764 0.010771290698907627 0.02452540036058965
7 0.8003104990729827 0.3444810886191693 0.018322805312601238 0.022540762336680654
7 0.7279266891394262 0.3390222394287434 0.018705574261129784 0.022602568898865198
7 0.7332240565931682 0.4049529072799476 0.009780146626551883 0.024058004184996526
7 0.8379286704641694 0.1532300782874506 0.032471154459106255 0.042896453539023834
7 0.7190750029291694 0.14220283317505542 0.03155842999593002 0.04313780355447022
7 0.6632769553958979 0.2976766625893579 0.03259807665381051 0.0425978256103891
7 0.5970595888628675 0.12845866944227602 0.03244535519125691 0.043802584786191354
7 0.5680752532431637 0.20995162475261975 0.03158809128958382 0.04557240253757665
7 0.5400559070233366 0.28431360957769414 0.032486586183769386 0.04296613011401744
7 0.6025335054497231 0.3304458309397247 0.018105197253904165 0.025229200875752623
7 0.5276530739493702 0.32443517374526815 0.013562523774942135 0.02514380237691784
7 0.21136457003357453 0.04232525102063335 0.03334175651392633 0.043207796745532594
7 0.23600786468433527 0.0966002497865243 0.034658628408628406 0.0472714014380681
7 0.9541655749390041 0.24309135952728425 0.01893795324306509 0.02514495325996922
9 0.9726969316625866 0.5672573713707898 0.01418365535777678 0.04553560863465017
9 0.3304525351823488 0.11260629076097345 0.08307918712447317 0.2349261463844797
7 0.023599232256684685 0.019324957684452054 0.01616461280998022 0.03296313200466555
9 0.08801903537847287 0.10026275919750681 0.08368477611552645 0.21473527660402858
12 0.8960110305292932 0.19196001333752408 0.08709672761260638 0.21023526300459766
12 0.9672788631121964 0.5106187536743093 0.03942816442816441 0.046776782887894
7 0.5345373585390948 0.388676850627082 0.019703483245149887 0.02590388007054671
7 0.5351872519841269 0.4358190035273368 0.02025462962962959 0.025444591416813607
1 0.5366229494723636 0.4153954884871474 0.021130952380952337 0.10503380364491477
7 0.610340087857678 0.39483474204474894 0.020089940109729 0.025739554103670233
7 0.6099674460080133 0.44227316036352965 0.01930466557775273 0.026263070458321155
1 0.6117642484791413 0.4035708370646139 0.020451662513190104 0.09441993166073115
3 0.5451586406282599 0.206041482104887 0.03317361538838052 0.1797410245328617
3 0.6715036346121936 0.2430591342282952 0.035317946623093704 0.16644620811287475
2 0.6067750232661154 0.19725871238156933 0.036090068614011366 0.05774354924706652
2 0.6010182348915167 0.10410348921592508 0.03273809523809524 0.07747143795238169
2 0.72324609070296 0.11553128341682196 0.03204947220689382 0.08106396920559054
2 0.7323397376373214 0.21227622504297083 0.04275010442773603 0.053578585612525646
10 0.17916061541628325 0.510803571678681 0.17683838510954503 0.21143064470149187
10 0.26821433071433065 0.44296919296919296 0.011653136653136649 0.02385627385627385
3 0.7945891339801225 0.27492788482398567 0.037812256049960975 0.1429579117621547
2 0.846885185614274 0.2322871768641712 0.0200423637923638 0.033962533962533965
2 0.8701331490965637 0.20350188033114863 0.031246906246906292 0.026262526262526283
2 0.8433347560404634 0.12852801754820894 0.03300799486461249 0.07883361678004534
8 0.6092890284963457 0.651806489204863 0.008146212414505132 0.03409042026928203
8 0.6238184007984492 0.6562633214073045 0.006387833246962703 0.029989827450528778
10 0.6764091796649999 0.545555100771352 0.1653636901282599 0.19777791349925136
8 0.6851609458887722 0.6553791583184198 0.0071578110410831595 0.03124513694366636
8 0.6992777626638185 0.6568344763964739 0.005843539454151001 0.033841974039815766
8 0.7075601893733425 0.6638717359451826 0.01228820538159053 0.05425682306356752
8 0.7289347819073427 0.6495577002255283 0.007299328945670425 0.014571772701853983
8 0.7302622381382543 0.6709288653733099 0.0045973674022454425 0.01790553619821908
8 0.9656809270853094 0.6587846146279082 0.010869221526592114 0.037152975399987395
8 0.9810415624658655 0.6791057670871747 0.00938705495478395 0.03188304981133664
3 0.8176251872242417 0.42386276319708643 0.0271790340043863 0.10692343870595782
4 0.7976873330664699 0.6132069106223098 0.03441999047725781 0.12701770564179907
4 0.8412178375652193 0.6175123060283355 0.02955207359517461 0.12474294863937602
11 0.5339107057571663 0.6609300952338397 0.11967545405672829 0.23927581257735936
