7 0.26561573014662254 0.014964191880667851 0.037439613526570076 0.025664251207729465
7 0.3961416558034914 0.09548251667816883 0.030193236714975813 0.02636876006441223
7 0.41690709429236 0.10966015834675255 0.027777777777777776 0.027677133655394513
7 0.5085491590624438 0.0860087895866881 0.03140096618357489 0.026771336553945247
7 0.528683574879227 0.10248590982286632 0.02455716586151366 0.022443639291465384
7 0.635809924255979 0.07814456969046339 0.020531400966183565 0.02435587761674718
7 0.6450546656496313 0.09305343673192644 0.022544283413848717 0.022443639291465374
7 0.6951675911015686 0.1700214707461084 0.025630703166935068 0.012278582930756836
7 0.597205448201825 0.17412271873322593 0.024154589371980673 0.01892109500805154
7 0.6100492426894443 0.18330795351116716 0.019860440150295252 0.016404991948470223
7 0.5682739905767281 0.20372047772410093 0.01596886741814282 0.008957326892109504
7 0.5032154506792185 0.1818755419298897 0.023081052066559263 0.019323671497584568
7 0.5171460986678378 0.19055592153418238 0.01865271068169618 0.015801127214170704
7 0.5292617852293896 0.20161977834612105 0.015700483091787388 0.012580515297906597
7 0.5842343378575262 0.26051012192316536 0.02079978529253889 0.015499194847020961
7 0.6644748613347647 0.2560769879610459 0.018518518518518517 0.014895330112721438
7 0.749713723385221 0.25097960279119697 0.01476113794954375 0.015398550724637675
7 0.7040466392318245 0.2954408212560386 0.017981749865807868 0.01318438003220612
7 0.634667935392573 0.2994071146245059 0.01596886741814282 0.012681159420289845
7 0.6741936270921778 0.3305701947006294 0.015834675254965156 0.011574074074074047
7 0.7369897502747743 0.32476899777624413 0.016639828234031134 0.01559983896940417
7 0.7073551430912224 0.3542514196118315 0.01355340848094468 0.014291465378421877
7 0.763298443370907 0.35015599838969397 0.013955984970477668 0.013486312399355861
7 0.8215879876825719 0.3479638104924146 0.014895330112721412 0.012580515297906597
7 0.056562838989617226 0.17643804238338756 0.04339067100573376 0.032397721989772185
7 0.06082442274910895 0.2346851196223581 0.03951650395165039 0.030509065550906555
7 0.12340836303528074 0.20537322756857274 0.034673795134046184 0.030944909344490925
7 0.12834254524166194 0.2586329355855158 0.03506121183945452 0.029637377963737815
7 0.16222653433859546 0.3448598225294604 0.018789710212304345 0.02440725244072526
7 0.20492960085010298 0.3576824732682473 0.028862544552921112 0.022809158530915852
7 0.22394069203692632 0.24766823570432359 0.03293041995970867 0.02586006508600652
7 0.2264312280002657 0.29563699608155675 0.030605919727258617 0.02513365876336585
7 0.27092624159879697 0.26864658126280627 0.02963737796373783 0.02397140864714089
7 0.2728963272896328 0.3127615062761507 0.028862544552921136 0.02397140864714085
7 0.3128389896172322 0.2852399518194497 0.02653804432047106 0.022228033472803332
7 0.3126229303007545 0.328927958373565 0.02634433596776691 0.020920502092050222
7 0.3739423523942353 0.3111227336122733 0.024407252440725287 0.020339377033937702
7 0.377853252291498 0.3508703961981508 0.02498837749883778 0.019612970711297036
7 0.4056661643385691 0.32411935605401965 0.017496957050947674 0.018502217005738134
7 0.40930683552618874 0.361182656639425 0.014780038254216652 0.01842070944183618
7 0.43423154668753255 0.33675529255781605 0.016953573291601427 0.018094679186228486
7 0.43905407755173015 0.3717451312815163 0.011628412450008709 0.014508346374543556
7 0.4632221152174203 0.31113945066409854 0.015975482524778258 0.012226134585289511
7 0.4746457137889063 0.35435073791514515 0.022496087636932737 0.017035080855503378
7 0.47685094621225294 0.3862609491827509 0.020757259607024833 0.016627543035993772
7 0.4420714556036291 0.4215427368130351 0.012497826464962608 0.015078899321857067
7 0.46931451534998736 0.43097124413145543 0.01325856372804729 0.01410080855503395
7 0.5468154367802256 0.38400094297981624 0.017714310554686107 0.014182316118935823
7 0.5477960354720919 0.4118120761606678 0.018040340810293917 0.014426838810641681
7 0.5314484948909142 0.4488094142195219 0.012715179968701043 0.012796687532603102
7 0.5714359459224483 0.3609511525169536 0.009563554164493154 0.011574074074074087
7 0.5790697727626316 0.3803872209867392 0.014671361502347382 0.01108502869066249
7 0.6011383653504496 0.4076370461091832 0.01684489653973226 0.012389149713093416
7 0.6025275377439084 0.43186959923793966 0.01662754303599372 0.012633672404799196
7 0.6291297165710311 0.4179707876890975 0.010106937923839293 0.008802816901408446
7 0.6309636367588245 0.4405891366718831 0.007063988871500568 0.007091158059467912
7 0.646463658494175 0.42570381781429323 0.005542514345331206 0.00839527908189876
7 0.6475938967136151 0.44790851591027653 0.00804207963832379 0.010677490871152884
6 0.35191534195425966 0.0701490558850177 0.04906755346896195 0.022373826291079812
14 0.4130625064360003 0.08787151812377715 0.07558009817045962 0.07090863453815262
14 0.521486989625167 0.07968070197456491 0.07502231146809461 0.0709086345381526
14 0.6388261378848727 0.06598790997322623 0.06526104417670682 0.08115796519410977
14 0.5203016928826416 0.1847036583835341 0.06135653726015162 0.052710843373493986
14 0.604658778483108 0.17062875156540142 0.04852744310575643 0.042879852744310575
14 0.6946038120736915 0.14691205297379992 0.029283801874163372 0.01589692101740293
14 0.707724058627673 0.1769658763258161 0.04267068273092373 0.030747991967871476
8 0.3750590050835148 0.5582244008714595 0.00794299201161945 0.028084150326797345
8 0.3879442401960785 0.5647467320261437 0.00782952069716774 0.01404207516339871
8 0.38766056190994913 0.5469920172930283 0.003971496005809698 0.011403867102396563
13 0.7296226744455628 0.4342336205415224 0.02194974265818951 0.026491068725401194
13 0.7823590506946546 0.43253502707975927 0.01892219194671514 0.025261126248864705
13 0.8376417708842775 0.429970423158434 0.02106670703400958 0.02658567968513476
10 0.04067792111270373 0.4454166003079047 0.10754543363239015 0.12141994478951
10 0.21937590273299468 0.45930842638789904 0.13227513227513224 0.10675465838509315
10 0.3724367513548505 0.49453713065947663 0.09288014722797332 0.08216873706004135
10 0.47447617252536667 0.49737300914145693 0.07103477523324855 0.06255301102629345
10 0.5444805492515415 0.5057753364051074 0.05760531523890296 0.04333651399491095
10 0.5976330576759965 0.5166297246077184 0.047886627085100344 0.039493214588634376
10 0.64398647792304 0.5237854991079525 0.03958156629912358 0.038830576759966026
1 0.013598758312330012 0.16295148233585374 0.024812394093439844 0.13571169208424114
1 0.074335058097313 0.20106265885984018 0.06899055918663763 0.1270878721859114
1 0.14033861195113756 0.232995561408643 0.06899055918663763 0.11460602759622367
1 0.23503935624428987 0.26762392531684115 0.055374001452432806 0.09486201888162671
1 0.2831459515676411 0.2868680908577421 0.05053255870249337 0.09440813362381992
1 0.32168609823477073 0.3053602156201714 0.0444526384791871 0.09356563421828909
1 0.3847387834051177 0.3272535903721246 0.04199442805637498 0.08250368731563419
1 0.4177513688067875 0.3387595306027048 0.03441494591937068 0.07774090462143554
1 0.4454884522638947 0.3532278278199186 0.03277613897082927 0.07405358898721728
1 0.4832550172705039 0.3662703984191816 0.03584890199934447 0.06314528023598819
1 0.5551979345477172 0.3962015440894622 0.030932481153720073 0.061455260570304815
1 0.6068167612175303 0.4198581291984143 0.027440519990188848 0.05104856512141277
1 0.6235416941818708 0.42345014716703455 0.0124172185430464 0.05162343635025748
1 0.6744389256806477 0.4420529801324504 0.013183713514839336 0.04104580573951434
1 0.6661376068814847 0.4398219450005989 0.00965783664459168 0.04598969830757914
1 0.6566798267957208 0.4377578076357049 0.011804022565611924 0.05047369389256807
1 0.6346499073862628 0.42903036271599293 0.016709590385086993 0.04932395143487859
