7 0.011970210537918875 0.49677809009406243 0.021012455908289242 0.03628380364491481
7 0.12129813345091123 0.533387223202038 0.029624118165784835 0.04087669018224573
7 0.03545355107855108 0.5947788065843621 0.020667989417989422 0.03720238095238095
7 0.012509572542467281 0.6971034840186886 0.017567791005291006 0.03536522633744853
7 0.08650161453470277 0.7114381246325692 0.02066798941798941 0.03536522633744853
7 0.02212240348814423 0.7692574629303026 0.014812059082892416 0.025260875955320332
7 0.015070408950617283 0.8118501065549677 0.01412312610229277 0.017912257495590778
7 0.025318287037037035 0.8222989234273957 0.016189925044091714 0.015615814226925321
7 0.06062610229276896 0.792330338771311 0.010678461199294529 0.02158656672545563
7 0.09324707892416227 0.7816633597883598 0.01791225749559083 0.025260875955320332
7 0.08969907407407407 0.8277300117577896 0.01687885802469137 0.0248015873015873
7 0.1954847332451499 0.7402814520870077 0.01274526014109348 0.015615814226925321
7 0.2094643316431511 0.7974016509896141 0.015500992063492064 0.022964432686654875
7 0.20517676767676768 0.8420848698626477 0.017912257495590844 0.02434229864785427
7 0.3246367112245742 0.8164394449763027 0.015383263009845334 0.023650458777041045
7 0.3098024953246472 0.7630774640268311 0.013185654008438857 0.01130198915009031
7 0.32241017011586626 0.8591186122831691 0.01349959815149686 0.022394682204808804
7 0.4027309496059496 0.6689433251933251 0.049793956043956034 0.09564509564509559
7 0.3823641636141636 0.6032424365757698 0.0280448717948718 0.03484940984940988
7 0.6239433643279796 0.7866261231645849 0.02098595848595852 0.031033781033781023
7 0.5854788907673523 0.6601624870855639 0.02365689865689862 0.026963776963776928
7 0.5380383505383505 0.597257680591014 0.020604395604395552 0.03993691493691492
7 0.6017691798941798 0.6253646045312711 0.022702991452991428 0.04426129426129425
7 0.6485933048433048 0.6727094921539366 0.02041361416361418 0.020095645095645077
7 0.6453500203500203 0.6914202053090941 0.018315018315018305 0.013736263736263852
7 0.6375738279808046 0.5563068499115011 0.019268925518925503 0.04553317053317051
7 0.7077514499389498 0.6973697598697599 0.02041361416361418 0.028998778998778976
7 0.6876997593909359 0.8024641480523831 0.020985958485958408 0.0315425315425315
7 0.8635204081632654 0.7821312285598 0.04006410256410254 0.07020757020757024
7 0.8530672886141635 0.7363686660561659 0.018696581196581276 0.026709401709401767
7 0.8066168656446431 0.6872654094876318 0.01774267399267408 0.03281440781440775
7 0.813205891330891 0.6201818334171275 0.01984126984126984 0.04019129019129023
7 0.9256181318681317 0.4493589743589744 0.0228937728937728 0.05494505494505488
7 0.8539176466808044 0.472368153289206 0.025946275946275868 0.048840048840048896
7 0.7850362778247393 0.4984776619392004 0.025564713064713012 0.047568172568172556
7 0.7004063644688643 0.32929454804454805 0.032242063492063495 0.0638481888481889
7 0.6233211233211233 0.3659188034188033 0.0284264346764346 0.05774318274318279
7 0.5620915863971421 0.40088597958968325 0.02041361416361418 0.0496031746031746
7 0.37854129981391993 0.1656561304476332 0.0387146728610143 0.07823590140663311
7 0.3074993547554523 0.2096895417807794 0.03387533875338752 0.05807200929152149
7 0.24181547619047608 0.26197549063402714 0.033875338753387545 0.05282939734159246
7 0.11193379790940765 0.36467608723706274 0.03115321331784748 0.0459736740224545
7 0.3606818864576347 0.5014025122959982 0.022356360384529397 0.042616811983009185
7 0.40840663639959424 0.47428445315769263 0.02340431477755422 0.049137417095163595
7 0.20992263045064768 0.6373659510632691 0.017959770114942524 0.031548379249528656
10 0.3444513337742506 0.934183935920047 0.10069444444444445 0.12477954144620816
10 0.6073169610007357 0.9571419811486035 0.10234788359788356 0.08928571428571429
10 0.7985041238717709 0.966256873119618 0.017361111111111112 0.047178130511463794
10 0.8451590177133652 0.9772879763821792 0.03191137566137574 0.06018518518518518
12 0.927294876283847 0.776020593422554 0.10185185185185193 0.14065255731922388
12 0.785863628605564 0.7415324951167246 0.12202380952380952 0.16137566137566137
12 0.5111640985178996 0.6679950583763937 0.0841948621553885 0.16389353012160027
12 0.27024302654785115 0.5994749781299487 0.08550020885547203 0.18884015594541909
6 0.3099631519274376 0.034986772486772476 0.050666099773242615 0.04109977324263038
6 0.38414276695526695 0.08313363224077508 0.036848072562358246 0.031179138321995464
6 0.4593829719387754 0.12723607961703196 0.0375566893424036 0.029998110355253214
6 0.5835569905045351 0.18844777494331064 0.042694160997732364 0.029525699168556328
6 0.6429319412950367 0.21366108171663725 0.041985544217687056 0.0333049886621315
6 0.7002683886054423 0.2518025439342404 0.040036848072562393 0.026455026455026454
6 0.7884218875722332 0.305177626606198 0.03436791383219963 0.023148148148148147
6 0.8343448266403332 0.32222252700363296 0.03507653061224493 0.027872260015117136
6 0.8786030437816151 0.3554985028199314 0.03365929705215421 0.021730914588057468
9 0.4224754594820383 0.08435026057206509 0.018601190476190476 0.06731859410430839
9 0.3798471673615682 0.05028131324214274 0.017538265306122465 0.047477324263038544
9 0.30378007684555297 0.015970122616948013 0.019486961451247134 0.02881708238851096
5 0.026641575190682335 0.7777230210265923 0.03968253968253967 0.0916477702191987
5 0.09885872588028921 0.7908475234957714 0.038088151927437634 0.08904950869236582
3 0.6316316316316318 0.7543078793078793 0.03389550264550261 0.10670194003527332
3 0.6945643187830686 0.7895227072310408 0.03158068783068776 0.09060846560846561
