11 0.8873594011247911 0.7729790495009374 0.17897263071895428 0.3081563180827887
4 0.5526059778108958 0.6608434067450462 0.1448656648451731 0.19846690953248333
13 0.7101832877959928 0.6611642380085004 0.021630236794171195 0.04326047358834244
13 0.7577609147313297 0.6538284570431087 0.016934198542805094 0.044968123861566504
7 0.7349744563979963 0.5131370484213723 0.022626366120218695 0.028081360048573152
7 0.6963032929189434 0.4929535708864602 0.021203324225865176 0.0275121432908318
7 0.7679564169702491 0.42105437917425625 0.02219945355191252 0.040604128718882804
7 0.7336701757205614 0.4025255366263082 0.021914845173041896 0.025994231936854923
7 0.6461782117218473 0.5016585413764778 0.018926457194899785 0.03339404978749232
7 0.6647898325237807 0.3778861397827701 0.01878415300546447 0.033583788706739566
7 0.5873427538706741 0.4732918753794779 0.019495673952641113 0.03794778384942322
7 0.6111215966829642 0.34452593231713163 0.021203324225865176 0.03111718275652701
7 0.5251419879579032 0.4467297443162654 0.02163023679417127 0.04174256223436551
7 0.5525452746251927 0.30727488206996406 0.020207194899817833 0.034911961141469355
7 0.5547202918349569 0.2633823684696814 0.026468579234972683 0.05198846387370974
7 0.4979330316484519 0.22758709016393444 0.034722222222222224 0.06792653309046755
7 0.4650907494145199 0.5550676554774917 0.012665072859745012 0.027322404371584716
7 0.5038662953621972 0.5468567558731493 0.009534380692167587 0.02675318761384336
7 0.3651008031130983 0.7742382844841863 0.01109972677595626 0.01650728597449908
7 0.3798755604595769 0.7798999346130494 0.011953551912568293 0.014799635701275014
7 0.33425307386968733 0.5807811878099418 0.01375576854810083 0.02159507750562063
7 0.33230165069222584 0.6227073719086498 0.015197905573304934 0.023222103893030414
7 0.2871132683433003 0.5677298089438666 0.014532303869364565 0.024701218790675668
7 0.2861347769494734 0.6125409221788348 0.0143104366347178 0.022778369423736913
7 0.23642331000557837 0.5529776695910882 0.014199503017394397 0.02529286474973381
7 0.2340606880842504 0.599670157377825 0.017083777067802647 0.025884510708791848
7 0.1347036660535063 0.52274609782597 0.016861909833155844 0.026771979647378957
7 0.13241036563720268 0.5745375300753363 0.016640042598509038 0.024257484321382167
7 0.07030417997870074 0.5039837494576579 0.014088569400070996 0.028103183055259672
7 0.06758417301548292 0.5587754749096603 0.014088569400070996 0.028546917524553277
7 0.10593272985445508 0.36904508342208026 0.024072594959176425 0.03623831499230861
7 0.2407955292570677 0.3246415265646035 0.02384768009768009 0.03052503052503055
7 0.11093304843304844 0.14970831637498305 0.025183150183150184 0.0345950345950346
7 0.15405601343101344 0.17564611314611317 0.026709401709401722 0.03383190883190884
6 0.24411046469870004 0.19764957264957267 0.024229242979242983 0.02365689865689865
6 0.2836566725455614 0.22272908846982917 0.036248473748473765 0.022385022385022383
10 0.2518853945506016 0.7688502594951642 0.10394550601556969 0.09347723519698042
12 0.18876061571125263 0.7707153809860817 0.037597310686482664 0.04482189195564988
9 0.0892604387827318 0.7774828969096484 0.01304847841472045 0.04187308327435715
3 0.557964214214214 0.3789563372896705 0.09837962962962961 0.21187854521187854
3 0.6425800800800799 0.3506006006006006 0.05098848848848847 0.0533867200533867
3 0.608223712843278 0.45384152268210237 0.048642392392392333 0.1399315982649316
3 0.6958460864710864 0.38376517543184224 0.05239614614614609 0.05276109442776107
3 0.6627274596024597 0.47975058391725073 0.04770395395395397 0.1286703370036703
2 0.6220022105438772 0.3296091230119007 0.04457582582582581 0.052969636302969636
2 0.6724201052904755 0.37301962456283444 0.04316816816816819 0.0487987987987988
2 0.6968452827827828 0.44194194194194186 0.054429429429429396 0.04441941941941942
2 0.6451329802024246 0.4150562599636674 0.05755755755755756 0.03837170503837171
2 0.5883926689847742 0.37848155172716585 0.0591216216216216 0.04504504504504504
2 0.5653940230553134 0.2670345076259055 0.04613988988988985 0.11928595261928597
1 0.07456974662526651 0.5267982806627436 0.027412280701754384 0.11208576998050684
1 0.1361996093723469 0.5458054293366661 0.026955409356725153 0.10873538011695912
1 0.24196706717366215 0.5760549979901712 0.028326023391812862 0.09990253411306037
1 0.29366618873107225 0.5842668382352566 0.025813230994152055 0.09533382066276803
1 0.3383885636930657 0.6009395020622355 0.024442616959064307 0.08619639376218326
