7 0.4467073311748381 0.2294702537244165 0.07572399527186759 0.07937823346010207
7 0.5959439880813103 0.31679157789904056 0.06900839307498201 0.137826350941105
7 0.7219582009118862 0.44030005327174165 0.0631675059304445 0.1273974476977039
7 0.16580486025596497 0.4136732166475465 0.08016748366013071 0.14067921407246026
7 0.08380486968449931 0.617948554353952 0.049795434969853565 0.06280505311513067
7 0.1653660349312523 0.9376316115446548 0.09118357487922706 0.0881642512077294
3 0.23338197378655343 0.33578054323141077 0.1772342995169082 0.5328181663459146
2 0.407401134196527 0.15119274649536618 0.22837624209575427 0.22884673291177357
2 0.3070544482326544 0.03994618799234589 0.17586946702800357 0.09861487503763926
7 0.5144436226166994 0.6186993206223975 0.061698717948717924 0.0633903133903135
7 0.6524884259259259 0.7158713200379866 0.054220085470085486 0.05448717948717945
7 0.6532407407407408 0.9200854700854701 0.06650641025641021 0.06232193732193728
7 0.5134368836291912 0.8362371246986631 0.07398504273504274 0.06837606837606834
7 0.4957532051282052 0.8602564102564101 0.02136752136752133 0.037037037037037035
