7 0.3004681531827774 0.2268950456274894 0.055028521825396824 0.10385664682539683
7 0.40718557564260693 0.2177912659683493 0.055028521825396824 0.10850694444444445
7 0.5243354726815741 0.203732729864003 0.05559787105995635 0.10955013917099228
7 0.3141567068197503 0.4944763368676412 0.0485248447204969 0.05636070853462153
7 0.3505035318823979 0.5299954317351224 0.05139297987236136 0.05147820869470358
7 0.3835297005400098 0.5612420225822288 0.045767877597774495 0.04670539464353896
7 0.4235157648027617 0.7190893206855961 0.05369415807560136 0.06409207440135266
7 0.4636990300650095 0.7765430445842817 0.04193258059237438 0.014659357442862635
7 0.4728853921745946 0.740773037978681 0.03681885125184098 0.050796378115965775
7 0.4449583742431681 0.7428544155348279 0.009716085747013568 0.014659357442862635
7 0.5186813055691923 0.7748436335206095 0.028381197839960706 0.03034146075383201
7 0.5010815537555229 0.7848722249495446 0.009971772214040272 0.010227458681066958
7 0.5368563519336715 0.7848438153420971 0.012528636884306974 0.012613865706649303
7 0.5188901161839308 0.8075430916925763 0.039120029455081036 0.02829596901761853
7 0.5508764932089675 0.8097590410734742 0.042188267059401034 0.05113729340533464
7 0.6175850924562264 0.846151748213604 0.019687857961053785 0.033750613647520945
7 0.611857715594829 0.8676294114438444 0.010994518082146977 0.011932035127911425
7 0.6544039437080674 0.8733908798341788 0.02096629029618725 0.01909125620465816
7 0.6453526427753232 0.8959821996763576 0.026335706103747414 0.00954562810232908
7 0.6599732598443938 0.9039523859111487 0.0248015873015873 0.023182239677085124
7 0.6707167403043692 0.8845388097965418 0.016875306823760435 0.027273223149511788
7 0.6864085840521776 0.9208608987695881 0.024290214367533893 0.010227458681066958
7 0.6853559527528599 0.9021858248662372 0.01917648502700049 0.025909561992036183
7 0.702012763868434 0.9105847379043256 0.014829815087547141 0.019773086783396038
7 0.7114475945017182 0.916806441935308 0.0056251022745868115 0.005454644629902417
7 0.7213612561550705 0.9271346255882338 0.01892079855997384 0.022841324387716112
7 0.7327690048909982 0.9322896779941452 0.015341188021600324 0.016023018600338237
7 0.7297575865015727 0.6972348992203898 0.05497259041073477 0.0763650248186331
7 0.719672175857743 0.6686864003587945 0.016363933889707142 0.02420498554519164
7 0.7545307641957127 0.7288768886707031 0.015596874488627085 0.022841324387716112
7 0.7608498725950863 0.759218349424535 0.01764236622484049 0.03306878306878307
7 0.770332187857961 0.7714572083128785 0.03170512191130746 0.03340969835815193
7 0.7937238469270871 0.8059724462522695 0.01764236622484049 0.021477663230240657
7 0.6370365745365746 0.8804357018642734 0.019078144078144132 0.018268768268768252
7 0.6787194287194287 0.8917008917008917 0.003642191142191109 0.007168757168757103
7 0.7278311965811967 0.9483957400624068 0.011967199467199359 0.018037518037518022
7 0.6976530414030414 0.9327092660425995 0.01665001665001661 0.009018759018759087
7 0.5411164128269391 0.7102546576230786 0.02844377844377841 0.03283753283753284
7 0.5399114774114775 0.6891256891256892 0.0053765678765678275 0.0037000037000036665
7 0.5472305472305472 0.724044474044474 0.007804695304695347 0.01919376919376932
7 0.5631521256521257 0.7276365609698943 0.018731268731268673 0.03676878676878673
7 0.5596072288145459 0.5666307495575789 0.03416722166722169 0.05411255411255407
7 0.6311204227870896 0.5602422269088935 0.03486097236097238 0.054575054575054606
7 0.5600880600880601 0.6029207418096308 0.02809690309690307 0.00925000925000924
7 0.6316333239410163 0.5993650224419456 0.027923465423465396 0.00925000925000924
7 0.7065974699903272 0.5949407735122022 0.02861721611721608 0.009943759943759928
7 0.7045953660536993 0.5600623656179213 0.03451409701409704 0.05365005365005361
7 0.8671768046768046 0.6688990022323356 0.02011877011877016 0.03838753838753842
7 0.8411245390412058 0.5418578335245002 0.015262515262515349 0.015956265956265963
7 0.8008578431372549 0.8360177404295053 0.023926237161531284 0.033846872082166246
7 0.8203003423591659 0.8149185600165992 0.014297385620915 0.03190164954870838
7 0.8360966935793926 0.874640705955585 0.033263305322128824 0.047463429816370986
7 0.8444115462069304 0.8454284240772122 0.014236290183943548 0.01623593681355407
7 0.8437352264913185 0.8939017343800737 0.02444344163658237 0.021608121788627192
7 0.8588780728898057 0.8791481226800119 0.00886410520887058 0.012415716386835546
7 0.8479993983152828 0.9113215415862829 0.01011761503638756 0.014803354153534645
7 0.8581438742765457 0.9078873225985139 0.014146753767692399 0.018742956468588184
7 0.8626654632972323 0.9238009283135635 0.014146753767692399 0.014803354153534645
7 0.8719593433041085 0.9332917884361928 0.012266489026416815 0.01647470059022395
7 0.9510125889436235 0.9318159200604342 0.008552271483305993 0.030477185649599524
7 0.937695480491047 0.9360701786810162 0.008085783947852825 0.02954421057869326
7 0.9438856960408685 0.9235934882486606 0.005753346270587656 0.00621983380604075
7 0.9495353784146887 0.8814985415970639 0.010107229934816143 0.027989252127183225
7 0.9347410594331776 0.8817354876468176 0.007697044334975315 0.028714899404554694
7 0.908995390214602 0.8840457116319186 0.007852540180126408 0.020940107147003756
7 0.8985882754355662 0.8838087655821646 0.005986590038314184 0.020629115456701718
7 0.9071541219529725 0.846473308159132 0.006764069264069202 0.0211474349405384
7 0.8976886209029067 0.8475560199698131 0.006375329651191693 0.01990346817933025
1 0.7254126807411073 0.7243143422633775 0.11450945626477546 0.15092029719689284
1 0.7446552659318615 0.7786941519211024 0.09999788922661265 0.125942812113025
1 0.7754893476303051 0.8292173252279637 0.09445710908476863 0.07950579759090402
1 0.8075467184509737 0.8529367223642805 0.08232016210739605 0.0985027580772262
1 0.8053655859506922 0.9260666441517504 0.005013086795001766 0.024977485083868017
1 0.8438635450511824 0.8962537896873924 0.06490628166160087 0.07458065968704262
1 0.8779265252200171 0.9322582460880333 0.02955082742316788 0.04256726331194415
1 0.8263677811550152 0.9326804007655071 0.04775624788922663 0.03482776089159068
1 0.8371561784682352 0.9441020300949378 0.041951621073961415 0.03236519193966005
1 0.8522511398176291 0.9586429134301474 0.049339327929753415 0.03693853427895988
1 0.7706025100500048 0.6510260628311417 0.041951621073961415 0.05488010807159744
1 0.786354068406526 0.7115125947664467 0.03034236744343133 0.0647303838793201
1 0.8080986735608892 0.7443023675598877 0.03614699425869643 0.06860013508949676
1 0.833428820700857 0.7883403558428885 0.029286980749746692 0.04784419678036699
1 0.8618551587301587 0.8390644028941902 0.023218507261060405 0.0355313520207137
1 0.8681275137392158 0.8611795513391256 0.02084388720027017 0.02779184960036023
1 0.8647904529719689 0.8786533969379713 0.005804626815265101 0.008091297984915051
1 0.8759181864235056 0.8771494708994709 0.019392730496453812 0.026032871777552615
7 0.8675608430428908 0.8925932961837216 0.007651553529213186 0.014247720364741622
7 0.8810170233873691 0.915591931216931 0.006991936845660274 0.011609253630530277
1 0.8687591466846786 0.8907463694697735 0.00963040357987158 0.01635849375211082
1 0.8882398260722728 0.8993350335976893 0.02163542722053362 0.04010469436001352
1 0.903294606849832 0.864216845130487 0.018601190476190476 0.08126477541371165
1 0.8439989470965691 0.8400360735310672 0.014775413711583996 0.029550827423167843
7 0.8467279494540132 0.7971980655934556 0.013851950354609897 0.003166160081053794
7 0.8469148408476866 0.7906165569064505 0.00659616683552855 0.005101035686141973
1 0.9434905663230738 0.9080052668086206 0.024952816492450725 0.11190960123886941
6 0.7884294068504595 0.55096317792532 0.012183235867446402 0.022480970945883236
6 0.6949424682858417 0.553470495739572 0.0058766813284886355 0.017132020144068383
6 0.6524242241568067 0.5561988002620096 0.012749410339771831 0.018460083721127948
7 0.6431479887805189 0.5529013256351178 0.010757314974182374 0.016202375640126644
6 0.8965923216676226 0.5453250391336066 0.013147829412889655 0.025498820679543586
6 0.9954843071580857 0.5432967171448876 0.008584934978007337 0.030147043199252058
12 0.795087691844021 0.7244220851815789 0.027156168374522806 0.03683611278547994
7 0.7870841286584959 0.683316868707164 0.008790436005625905 0.008581139910253865
7 0.7836494302362296 0.67336533769626 0.008633463934096931 0.008371843814881826
7 0.7030517463666197 0.6664685330297144 0.008947408077154991 0.008581139910253865
7 0.7094548987844082 0.6590472423146473 0.008633463934096818 0.008999732100997944
7 0.7044278681936909 0.6530038175607795 0.008947408077154991 0.003976625812068835
