11 0.22626243263624607 0.650292865352755 0.16140398401369355 0.1428025306417293
8 0.34404599852532475 0.6499046423912428 0.007302478588849226 0.02780968181044751
8 0.35700187170325 0.6534796664965118 0.007373376439226391 0.023289943848902556
8 0.4113675908977922 0.6555614873567894 0.006089982600049697 0.024888143176733813
8 0.4221429903057419 0.6542672601292565 0.012925677355207568 0.03201901565995529
8 0.43858391173827427 0.6525841794298172 0.006462838677603757 0.027078672632363916
8 0.5964840534979423 0.6711053240740741 0.007500000000000021 0.01381944444444443
8 0.6071677559912854 0.6790379901960784 0.008101851851851851 0.010243055555555556
8 0.6165856481481482 0.6750607638888888 0.009675925925925968 0.016770833333333398
8 0.6063675213675214 0.668528311965812 0.005555555555555556 0.006597222222222222
7 0.7760331384015594 0.645062134502924 0.009120370370370392 0.005312499999999984
7 0.7913888888888889 0.6455957602339183 0.008657407407407428 0.005590277777777746
7 0.8069685185185186 0.6463152777777781 0.00851851851851856 0.005138888888888952
7 0.7711111111111111 0.6813508597883597 0.007453703703703661 0.00767361111111108
7 0.7874436392914653 0.6810175120772947 0.008009259259259343 0.007534722222222159
7 0.8050906635802471 0.6808260995370369 0.006944444444444444 0.006701388888888873
7 0.8363470017636686 0.6796544312169313 0.006712962962962963 0.007465277777777778
4 0.5684116353445812 0.6387906671584956 0.028140885984023225 0.07065480513192936
12 0.6182426681885994 0.5967660178426603 0.01649094349824275 0.014750608272506108
12 0.5741432669082126 0.5931608125335481 0.014467592592592593 0.012960551697530872
12 0.5922920368811573 0.5840486754115225 0.014467592592592593 0.00940393518518516
10 0.9295690711864967 0.5833229726265133 0.16665758896151053 0.12599864057644913
1 0.7678018162393162 0.6799232104700853 0.012546296296296253 0.011666666666666634
1 0.8015653935185184 0.678931568287037 0.013194444444444444 0.010555555555555587
7 0.8887449186991871 0.5222370426829271 0.015074525745257427 0.013084349593495956
7 0.9386241948470209 0.5277996678743959 0.01148148148148146 0.013402777777777826
7 0.9822596532702913 0.5332646276595744 0.014907407407407534 0.00923611111111108
7 0.9098271604938273 0.5536053240740743 0.015416666666666646 0.011319444444444413
1 0.9195024142294612 0.5625298243939683 0.027800753607205256 0.049800110283981285
10 0.44620460160491004 0.5586347999387089 0.23263950987304852 0.16407678404443884
7 0.18331675665435254 0.4512894288150043 0.020543241451169817 0.015052216538789449
7 0.17575845374891091 0.48626715305518575 0.010849731222567455 0.01567354638260091
7 0.1875585638901218 0.4868138777925729 0.008014006016669128 0.013916629678946654
7 0.18507374782341496 0.5154896747356802 0.007705775016028029 0.013777925728658148
7 0.17227504827371667 0.5145720947568483 0.009493514819746505 0.01562731173250482
7 0.26514732063913915 0.45927071905725786 0.0141208746873235 0.01456215202130235
7 0.2615702080900038 0.49403012465751917 0.010806562530700446 0.014690170940170886
7 0.2720828421259456 0.49481469201296796 0.007490912663326475 0.01303234600648398
7 0.2705061541268438 0.5236424255820807 0.0057716868061695615 0.012203433539640448
7 0.259960674514427 0.5216419293181461 0.01559583456135177 0.015058576480990224
7 0.3416752206580639 0.5009665792064689 0.011687545388525783 0.014467592592592619
7 0.3346242046201197 0.4699434750752152 0.013616557734204778 0.009063521241830111
7 0.34389609431735657 0.46316508374183 0.01021241830065357 0.007744417211329038
7 0.45508088548318437 0.4795019157088121 0.006545338441890128 0.01065613026819921
7 0.46675393784589186 0.4801851851851851 0.005693912303107719 0.010217113665389455
7 0.5255057641538113 0.4827078897147919 0.018000690437441406 0.018540094688563376
7 0.5868127062693986 0.48878402002522514 0.018590615086721815 0.01776665430725504
7 0.5989846859610064 0.5248825343599933 0.011510827767658379 0.012807377049180325
1 0.18075878165747444 0.49750271104437765 0.025039336722343267 0.06354393609295575
1 0.26630600799990783 0.5069936153473733 0.023148148148148147 0.06053694625998547
1 0.4730194755357574 0.5224908840583797 0.024751661074929255 0.06007006118018552
1 0.5449311283155238 0.5344579961614274 0.01892269253380366 0.05814594356261027
1 0.6062998775063385 0.5347420613119435 0.027642465011984786 0.05770122941312926
7 0.24957409419560808 0.3281759326331039 0.02397816142836062 0.03638224878264719
7 0.27670100104513684 0.3305194248481285 0.014880952380952366 0.028831845238095254
7 0.3005431853811483 0.2875204383450911 0.046847442680775994 0.02397486772486776
7 0.34911341079641744 0.22445571592834665 0.04606935366739293 0.03616898148148151
7 0.43241942690362484 0.3567640245860281 0.031554362949711756 0.03577817531305906
7 0.45923606970118597 0.35718927266333345 0.0057973895183197725 0.019007155635062587
7 0.47866597765064933 0.3185410207141506 0.03711952487008163 0.019797079930710185
7 0.5111044290148767 0.25488542862610025 0.0415580826028587 0.03309346126510305
7 0.5960838500223345 0.3819965408018672 0.034578623288300775 0.032826716294458276
7 0.5438884293723003 0.3506203473945409 0.022975829427442324 0.0269678797904604
7 0.6582847424684158 0.2811442698772631 0.04185563114134549 0.031108276643990924
7 0.7571823274281453 0.38302558704146283 0.026861019435276877 0.02516501650165013
7 0.8422001117851095 0.3131729710180664 0.025583173053212987 0.019048675839621235
7 0.8365806191134073 0.415462537141127 0.03676734987414597 0.03060949298813382
7 0.8709979677798172 0.39918029977005676 0.020621057738961633 0.023577753517709885
7 0.8845297536281608 0.3315850894775809 0.032865630135254655 0.022279105043610137
7 0.8790590457731147 0.31408666203177005 0.017617873846542776 0.005451270383011004
7 0.9168161422678602 0.2810237295945235 0.021612252062489026 0.020364336492890996
7 0.8979384861428045 0.2815260956058745 0.0027426715815341528 0.004813388625592394
7 0.9611379109305648 0.29397521251786657 0.0280849569949096 0.013041403370194852
7 0.9600987355574974 0.4320875624565883 0.03693060876968917 0.027618135376756055
3 0.26992333039273636 0.2738131669471882 0.056194836261651386 0.14847809948032667
3 0.4521232409805291 0.31521046573765776 0.056849128540304994 0.13922930283224397
3 0.6138020611704821 0.3402481428797218 0.05736505736505735 0.13304169554169548
3 0.852497722142765 0.3802864906751075 0.06435102365334928 0.12329805207712188
3 0.9738479144118299 0.40498017861942215 0.060744919503826864 0.11191937186592772
2 0.3562381879213562 0.20881110546952142 0.045379537953795346 0.06965071507150712
2 0.36543317793317787 0.25810280405868646 0.09646807440925093 0.06111739567621919
2 0.5222152341020269 0.23598445143256466 0.044374563242487744 0.06616876310272536
2 0.5396466631726067 0.2914056358097485 0.10150244584206847 0.05516247379454925
2 0.66989220717657 0.2711515076567943 0.047610214555122723 0.05692357633092193
2 0.6727191222182874 0.23964077334277661 0.011670685710752469 0.008173344462993863
2 0.6953887044006452 0.31752526400976655 0.10421680764368459 0.050223972465810285
2 0.9204893261316872 0.36491126543209873 0.06954732510288053 0.041203703703703694
2 0.9038985509573745 0.29347362067950294 0.017660262758301914 0.022095959595959593
2 0.888229459820887 0.3281892684252466 0.03796131247111639 0.026861754802931237
2 0.8780568079876039 0.3134975766896182 0.018072885719944528 0.005322836205189161
