7 0.7735925099206349 0.05138578869047618 0.06316137566137561 0.06770833333333333
7 0.5944913807817035 0.12549603174603174 0.05720899470899475 0.05952380952380951
7 0.3543765262515262 0.21355597527472522 0.059523809523809514 0.06994047619047619
7 0.30019565696649037 0.2624937996031745 0.04563492063492068 0.03918650793650791
7 0.23689144916753951 0.26425989422484747 0.04596560846560849 0.059275793650793634
7 0.2393728956228956 0.41984577922077926 0.03505291005291003 0.03819444444444445
7 0.12945767195767197 0.4522321428571429 0.034391534391534404 0.034722222222222224
7 0.03364389233954451 0.4821752070393375 0.033730158730158735 0.03422619047619043
7 0.6659064088598402 0.2666575889615105 0.04459422657952067 0.034722222222222224
7 0.8591000502765207 0.20065438034188038 0.046296296296296294 0.04084967320261437
7 0.7520878721859113 0.37406173406862747 0.028935185185185185 0.027062908496731965
7 0.9241182105025918 0.4629042709037638 0.03063725490196071 0.029360702614379144
7 0.9774743230625583 0.47855209792250214 0.028594771241830165 0.028339460784313767
7 0.9520243282498183 0.5484579248366013 0.02485021786492367 0.024254493464052333
7 0.9556743221980148 0.5920649509803921 0.02485021786492378 0.024254493464052253
7 0.9394786560457515 0.6353400735294117 0.029275599128540206 0.0211907679738562
7 0.8490998738676757 0.6024520553835568 0.023828976034858295 0.021446078431372546
7 0.8470633623819898 0.5610447303921569 0.021446078431372518 0.0234885620915033
7 0.5904250183447264 0.4954488182134166 0.026189510678561748 0.027752433090024276
4 0.14228868477545006 0.6230204515632779 0.16719957367439378 0.14838129496402877
2 0.24241066579776252 0.3229879439556859 0.12836700336700338 0.06904987373737374
2 0.27868158076491406 0.24331860269360264 0.08417508417508415 0.07536300505050504
3 0.2102404250841751 0.3920964199284511 0.08575336700336701 0.12626262626262627
3 0.0988100704009795 0.4309967573461892 0.08575336700336701 0.11758207070707066
1 0.9436396521969997 0.5666862679211467 0.046545201115093575 0.0935259856630824
1 0.8368765666362125 0.5768881626724764 0.04505177220230981 0.08848566308243733
11 0.45254153330285035 0.5703589391860997 0.6995884773662551 0.5972222222222223
