8 0.10442374095686303 0.9345622663051014 0.009493786805345005 0.03738353804399724
7 0.9280902088658065 0.16750932335052976 0.08097365776629349 0.06397833432717157
7 0.9184099991979586 0.2601735062862774 0.06495190409533033 0.0658783783783784
7 0.6341799830514316 0.4871344347448333 0.08036239187032843 0.06090395730125024
7 0.6042651658786733 0.5898177814577481 0.0789360351783852 0.06400448796409629
7 0.6457436866868889 0.19862033316399777 0.06103188207597241 0.06891369047619046
7 0.5300508394173877 0.2873421316998586 0.06638541431898427 0.05181992337164749
7 0.5047314726011176 0.3672281054631998 0.0662105119825708 0.052913092320261396
7 0.3722980023852119 0.3378180282250049 0.0573113363811038 0.04615136155833832
7 0.3442521174301364 0.4105681929271452 0.06183249016301291 0.04666713509462244
7 0.2100963985386958 0.442304773238208 0.05877888679781499 0.04263372534142636
7 0.23807320071577406 0.37676815007048553 0.05522270636649722 0.04226806463326069
7 0.22254918981481484 0.6642111545138889 0.016111111111111118 0.011284722222222222
7 0.22681673052362708 0.6533512931034483 0.016481481481481465 0.011701388888888905
7 0.251712962962963 0.6500462962962963 0.016435185185185185 0.01097222222222227
7 0.24841696535244925 0.661802195340502 0.016898148148148148 0.011840277777777746
7 0.3180370370370371 0.6831904761904762 0.01611111111111109 0.011597222222222254
7 0.32190972222222225 0.6717415364583333 0.016064814814814782 0.01125000000000003
7 0.35944251543209876 0.6934273726851852 0.015833333333333355 0.010694444444444428
7 0.38649845679012335 0.6920671296296295 0.015185185185185216 0.010625000000000048
7 0.38297733077905494 0.7029693486590038 0.01638888888888888 0.011423611111111143
6 0.19428871354743452 0.6897773240433125 0.027839301095115062 0.012458471760797351
6 0.2585400677784388 0.7115836959767207 0.039220381287895824 0.01198490412076699
6 0.32377779073005514 0.729812661498708 0.03989301418921982 0.010284917720658232
6 0.2566621684872136 0.6877798065174973 0.026943487061655464 0.0148223371081569
6 0.2827644881635492 0.6908907146583202 0.0148576645055518 0.009711044042030024
6 0.32879985754985747 0.7077297008547009 0.027777777777777776 0.014131944444444381
6 0.3533693415637859 0.712150634430727 0.014043209876543228 0.010146604938271667
6 0.3955324688083308 0.7278097062579819 0.027618135376756083 0.014886653895274549
6 0.4210966794125058 0.733130057578587 0.019646747587924077 0.010102999533146494
1 0.8742812401051969 0.17260031304099596 0.16295189036523516 0.24303659108462985
1 0.49162485784605603 0.3104963735663966 0.13154845062453752 0.18260667228553357
1 0.3292803956442891 0.36475474591792933 0.1250462962962963 0.16391486916548803
1 0.21330144277571328 0.38092591604505216 0.10671296296296297 0.14660933310423244
11 0.7937057006426369 0.8538370526933042 0.10976600253934374 0.21378940014839445
11 0.4710914021877149 0.8339326853003641 0.27932098765432095 0.2571268832391714
