7 0.0450833433146702 0.8436573864979362 0.03073099731388262 0.039216944537947655
7 0.11020469737896929 0.910325646009119 0.029174143344736603 0.033162179618878934
7 0.40672409078595706 0.7131842100259354 0.03549107142857146 0.04590323482599911
9 0.3039932457874771 0.6087512107464008 0.022891865079365067 0.07737258233289976
9 0.3891583248878942 0.5911463684730055 0.02217261904761907 0.07913217215669653
9 0.4408736535418916 0.57727967300207 0.014414913252122593 0.07525679345781401
9 0.4546697798495536 0.5737371308821737 0.007680295700491547 0.029345003335211436
6 0.45813728770051665 0.6027011023862827 0.02147817460317458 0.03511904761904763
6 0.44307721770142655 0.5988379880784944 0.0019464536869600283 0.014106556828075795
9 0.6530334299724955 0.5434058128962556 0.01954365079365084 0.08332231040564375
9 0.7477944958847736 0.525667907766673 0.026140873015873037 0.08485449735449732
9 0.8118813665930292 0.5178702680957832 0.022519841269841204 0.08386243386243383
9 0.8221075148809522 0.5018032820767195 0.009945436507936598 0.020337301587301588
6 0.8355933451707538 0.5397868621588396 0.027098056976472194 0.03987201803733549
6 0.7227825845767337 0.5506530233417691 0.030225288983250796 0.041099662079329156
7 0.928004609295711 0.637484933541285 0.039358721475983155 0.05194337302761183
7 0.9426408956576511 0.731627926883155 0.034939880494153024 0.047126541253397616
7 0.9561053929005756 0.8145639598165123 0.0339172065007387 0.047304539025899296
6 0.3588980333075687 0.6040056808962538 0.03205896452540745 0.05397918495351864
6 0.2677037342401927 0.6173033748033745 0.033234126984126984 0.05247479622479624
6 0.6245864598761135 0.5553363689305989 0.029266686086799835 0.06156155932158443
