7 0.9066865659519167 0.219383908991228 0.034722222222222224 0.03243786549707603
7 0.9087475633528265 0.27245776478232614 0.03411306042884992 0.030001218323586758
7 0.7996263807667315 0.29838775178687466 0.02132066276803115 0.023148148148148136
7 0.7588244849596757 0.2701990884072927 0.029645873944119636 0.025280214424951295
7 0.756746168252876 0.314963521958491 0.03289473684210533 0.025584795321637405
7 0.6918859649122807 0.28955744395711497 0.029036712150747233 0.023757309941520473
7 0.7198620188816267 0.2710769980506823 0.022945094217024047 0.014010721247563356
7 0.690028021442495 0.3336112634015595 0.030864197530864234 0.023909600389863547
7 0.7282529239766082 0.31816520467836257 0.01624431448992846 0.02055921052631579
7 0.6324453108078839 0.308658896469569 0.02822449642625084 0.02269127680311891
7 0.6303510683025646 0.350760735580782 0.029036712150747233 0.022843567251461985
7 0.5467406260749913 0.3374845917899323 0.02517868745938914 0.01979775828460038
7 0.5456639283393667 0.3747106481481481 0.02456952566601684 0.019645467836257306
7 0.5803203253861147 0.3122364203778677 0.01908706952566606 0.021320662768031202
7 0.5045128736192331 0.35165768153021437 0.023148148148148147 0.019493177387914232
7 0.5042844379467186 0.3858564053362572 0.023148148148148147 0.019036306042885007
7 0.5611455108359132 0.4149377221648894 0.023351202079272246 0.017970272904483487
7 0.5988060428849903 0.40560022742040275 0.014416829109811569 0.020559210526315753
7 0.5039798570500325 0.42800142717905876 0.00893437296946068 0.013706140350877168
7 0.46664182242097607 0.3962776631120284 0.02192982456140345 0.018427144249512632
7 0.466240833565395 0.36360432330827064 0.020508447043534755 0.01827485380116956
7 0.40944374825953767 0.38180303188526865 0.0221328784925276 0.01705653021442496
7 0.40822723765432095 0.4108605933235866 0.020305393112410655 0.017513401559454186
7 0.3530701754385964 0.3980567738791423 0.016244314489928566 0.015076754385964916
7 0.3524339397877409 0.4254106765756985 0.020305393112410655 0.015990497076023364
7 0.32484277824190105 0.382923454469507 0.019290123456790105 0.012944688109161797
7 0.31203043778427547 0.4117267452485379 0.016447368421052613 0.013706140350877168
7 0.311809616634178 0.43757106887589337 0.015838206627680314 0.015381335282651065
7 0.29127409573316004 0.4429519980506822 0.018477907732293658 0.015229044834307991
7 0.29119287416071044 0.4180880441845353 0.016447368421052613 0.014924463937621842
7 0.27129851143009037 0.4255964247740564 0.014619883040935666 0.015381335282651065
7 0.2714154212692224 0.4484699886289798 0.016853476283300865 0.014772173489278768
7 0.2404429283084254 0.45748050682261204 0.01543209876543209 0.012640107212475648
7 0.24117392246047212 0.4346064814814815 0.016244314489928538 0.013249269005847945
7 0.22364047583345825 0.439732812265707 0.013604613385315144 0.012640107212475648
7 0.22457764782326184 0.4607371794871794 0.015025990903183892 0.015381335282651065
7 0.2079087660228011 0.46531654261917416 0.012589343729694596 0.012640107212475568
7 0.20750265816055288 0.44414817029948606 0.01096491228070175 0.012487816764132574
7 0.3936200454840806 0.45215034113060426 0.014416829109811569 0.011117202729044824
7 0.34083730416576424 0.4644520251245397 0.012589343729694622 0.014315302144249465
7 0.3110047846889952 0.46923456051745516 0.012589343729694622 0.013401559454191098
7 0.267683096630465 0.47688666109718736 0.005482456140350888 0.012640107212475648
7 0.5336367068823208 0.13240213898108635 0.028778778778778737 0.022053303303303313
7 0.5122179471137803 0.14277949824824823 0.028153153153153164 0.017517517517517532
7 0.4855271938605272 0.1613801301301301 0.02731898565231903 0.018455955955955953
7 0.4296194342490638 0.11983337504170832 0.030864197530864234 0.023617367367367376
6 0.4546351907463018 0.13364406072739404 0.017726059392726066 0.012981731731731729
7 0.4088156784235215 0.13330426014249544 0.029821488154821486 0.01923798798798799
7 0.3870406865198531 0.15211500563063063 0.03003003003002999 0.01767392392392391
7 0.2798516108701294 0.14044426370815258 0.030238571905238553 0.022991741741741734
7 0.30056842556842545 0.12296522713189383 0.031072739406072688 0.022053303303303313
7 0.31711920253586917 0.10831143643643644 0.0325325325325325 0.024242992992992977
7 0.2884804447304447 0.22634799978549974 0.024190857524190843 0.03362737737737736
7 0.3737787266433099 0.23487354542042038 0.02335669002335671 0.03128128128128126
7 0.19760702731717222 0.21437198067632848 0.025233566900233564 0.02737112112112112
7 0.2787878409223439 0.2928662468136153 0.020773979107312462 0.018251424501424494
7 0.20581784470673364 0.28771961063627727 0.021763216207660672 0.018993352326685673
7 0.20754194365305476 0.3382263473409307 0.017014878125989223 0.006232193732193755
7 0.14155982905982906 0.3343868708452042 0.01622348844571067 0.005045109211775846
7 0.1280897172100876 0.2810051638176639 0.02097182652738208 0.01810303893637225
7 0.07195051176532659 0.32956433998100665 0.016817030705919604 0.0053418803418803324
7 0.15288659385881612 0.3648677389996834 0.01602564102564101 0.010386989553656257
7 0.09479935227798476 0.36321362042515887 0.0164213358657803 0.006232193732193755
7 0.03427706552706553 0.35998338081671416 0.017608420386198167 0.006232193732193755
12 0.9884568873695615 0.49249631894891827 0.019360269360269435 0.01746632996632995
10 0.762940210594648 0.4834649549884962 0.16265158964274 0.10846853490658803
7 0.8375147010623323 0.5087501446006131 0.015363815142576225 0.016285644051130768
12 0.6780377521527963 0.5176767676767675 0.021919042936741982 0.008757374631268454
10 0.5526160687308174 0.5017018212394447 0.11557177615571781 0.08351074614760745
10 0.4163549561391245 0.5200096309813462 0.08938226547715603 0.06995133819951337
10 0.3176022184538 0.5289397933102313 0.06488240064882399 0.049295417680454215
10 0.24254624802070057 0.5383247885528907 0.056603135982698005 0.04359286293592856
13 0.13585840247060293 0.44519266741488966 0.01573468893730334 0.023148148148148095
13 0.02114639778038471 0.4419096698508463 0.017247639796659407 0.02269426289034134
13 0.07732187525215847 0.44471677559912853 0.015633825546679577 0.02337509077705159
1 0.20365562321580838 0.45133892573128676 0.01803887220553888 0.038397772772772815
1 0.22081456456456455 0.4485266516516517 0.02168835502168836 0.04371559059059062
1 0.2367411015666829 0.4442633040016761 0.024920754087420775 0.04426301301301297
1 0.26601120351120355 0.4354309237121737 0.02492075408742075 0.05028465965965962
1 0.28615900383141757 0.4293719905250078 0.02481648314981647 0.051614114114114075
1 0.30963006657451103 0.42540121967205285 0.020332832832832853 0.04715653153153154
1 0.34418833898000567 0.4060686287248787 0.02919586252919586 0.053178178178178194
7 0.3806134565938487 0.4182077297886121 0.02054137470804141 0.01517142142142139
7 0.38055416527638747 0.3893085794127461 0.021167000333666988 0.01595345345345349
1 0.3723803932137267 0.4019355894355894 0.03242826159492827 0.061858733733733746
7 0.4228493199081434 0.344618515574398 0.01647480814147481 0.018690565565565562
1 0.401435918677298 0.39010724086155124 0.03357524190857525 0.058652402402402416
1 0.45593967254926143 0.37793465554595684 0.035973473473473475 0.06999186686686687
1 0.49709307521807533 0.3620947956885457 0.03670337003670338 0.06733295795795798
1 0.5357202440535774 0.3501436704561703 0.04108274941608282 0.07132132132132128
7 0.5152208367788077 0.3096608837097967 0.014285118451785142 0.021427677677677674
1 0.6200327743202142 0.3244718903686294 0.04838171504838179 0.08680555555555555
1 0.6781769219018214 0.3109896417501838 0.04786036036036044 0.09196696696696693
1 0.7434849622349619 0.2868075817294566 0.0498415081748415 0.09963088088088089
1 0.8908565912403632 0.2420677256203572 0.05609776443109777 0.11370745745745746
7 0.7477127799294696 0.1778472536592727 0.028565799842395576 0.03583037825059103
7 0.8302140793275544 0.19941336135189563 0.01986472287890727 0.013667257683215124
7 0.8371092723929605 0.17988271816772164 0.028237457315471465 0.027088258471237206
1 0.9843782679374143 0.20393314078831948 0.029120698712897256 0.12300531914893617
7 0.5780517178502064 0.2570732514057451 0.017608918742420054 0.01451861181080325
6 0.5565529384229116 0.07419198689305928 0.030905570449806418 0.01750074471254096
7 0.7029511843999477 0.03628892211047688 0.03353618636304153 0.01607283078131135
7 0.5833881218496604 0.01850139710716634 0.037749287749287805 0.017094017094017092
14 0.5354340128241937 0.11348574026222605 0.060831180017226594 0.06029285099052541
14 0.5020097616996841 0.1335930770887166 0.031402526557565334 0.034722222222222224
14 0.4825521581012537 0.14210764786103933 0.023507034165948865 0.02032192075796727
14 0.3109460235429228 0.09390611541774331 0.07985213896066609 0.08088393626184323
14 0.4153406132449623 0.10706588782317988 0.07590439276485789 0.0683677863910422
