11 0.06669959619679458 0.8229022074816164 0.1114239425881729 0.2247992401658199
11 0.4780581186936492 0.6395667891893502 0.28349665982060285 0.5176879733583876
13 0.27591046265872177 0.6337411963891998 0.016082565473259668 0.03414339640336685
6 0.9450895570272917 0.04346906530247224 0.03936759750032709 0.03011845557487489
6 0.9629253472222224 0.07008432539682541 0.011755952380952403 0.010449735449735448
12 0.6094828160363345 0.7453286724655475 0.020356724517116148 0.029333604258303083
10 0.6437962286273646 0.7212837753447027 0.07936862244897966 0.09661604260939564
4 0.1860924558404269 0.6771984224694608 0.06932586453653025 0.12531503087995005
7 0.9229811691375178 0.7150403039664783 0.014781080217321886 0.023880544014772083
7 0.9374380784577403 0.30395736544571106 0.02310197397066308 0.044263273835258264
7 0.9894112531844013 0.3140207557645828 0.02239583333333338 0.04355158730158728
7 0.8895163216205116 0.1411839889061486 0.010838488938882543 0.005468066491688536
7 0.8936452217108737 0.10261161743541987 0.03212849640102234 0.05622181582299751
7 0.961630474224894 0.12453477096508286 0.031225198412698434 0.05085978835978836
7 0.7657470789241623 0.3734656084656085 0.018898809523809477 0.03845899470899469
7 0.7208374943544668 0.030586521889457537 0.03578905520541546 0.053913347746506
7 0.6526693397600503 0.2469010146975221 0.01793297728448107 0.02200441580140831
7 0.6428687551256405 0.07471289439882088 0.03251488095238093 0.06762566137566138
7 0.5772244342556844 0.127597686972687 0.030307539682539752 0.06259920634920635
7 0.48144108091678545 0.19877336042901614 0.03338939711543994 0.06469666941059268
7 0.2215568644764192 0.40318766700149844 0.020326112901300864 0.04450610653618176
7 0.19867424737117562 0.4279940891067252 0.027526983181035643 0.06545742916422287
7 0.1758847508740141 0.43845129963013996 0.010168650793650794 0.03542647570178649
7 0.06357006017870141 0.5325569028263921 0.015245241289003859 0.02465187953115517
7 0.06167621886606847 0.6995076074023442 0.007645602100489315 0.01951804113458253
7 0.07130456349206349 0.7026498128928684 0.0042395875729209056 0.01702901008456566
7 0.06798037297491444 0.6619664097830037 0.012599350754372582 0.019542832497708763
7 0.08390423779574724 0.5529662074473395 0.00917190775681343 0.01834381551362685
7 0.0920622441848857 0.5528310205983161 0.00248015873015873 0.011168513527004143
7 0.08191324587532814 0.5885024913516772 0.010073652425837512 0.016661906122060352
7 0.09724905777396115 0.58069578196242 0.009305121075194078 0.018103348395319244
7 0.09847316359633877 0.5438366546943189 0.009124087591240865 0.018827482331131906
7 0.10784214605870658 0.5438094676417394 0.0021852778620294502 0.012637751491254715
7 0.11674224892647136 0.5748530468500579 0.013456702813138453 0.02246605099477991
7 0.1390628983348763 0.5781502278755027 0.014117826617826613 0.024201988487702778
7 0.15893534129395312 0.5687240771859451 0.014313512465826106 0.025970471021884906
7 0.17866424116424115 0.5563778063778062 0.01500470250470248 0.02653752653752654
7 0.17154564016177853 0.4711941553788488 0.014634476979197494 0.021806226516371444
7 0.18781839367006287 0.5064246328367049 0.01211852975889394 0.025491565704008793
7 0.33091192246467116 0.6377835888695909 0.007862572170136134 0.014934289127837466
7 0.3302033471702987 0.6647017060634532 0.007614280417395018 0.014492881567408838
7 0.3412445631273952 0.4663425907508335 0.018305933484504867 0.03327598095768521
7 0.38016610392241235 0.44267193110928243 0.018906835995332744 0.03298000781222258
7 0.4252368296454121 0.419109780169105 0.01914241960183765 0.03615790369236004
7 0.42993968433035784 0.3828684948907369 0.023511904761904807 0.03148148148148142
7 0.4406020389757636 0.34174654710369 0.01311401183850161 0.034602585622993745
7 0.4749319250741723 0.3562046154231461 0.02290438660396938 0.03348271776644516
7 0.3584414451544506 0.3283474848272642 0.018464417016806706 0.030880407718642974
7 0.4010146791416371 0.29541239010223963 0.018772128734534745 0.031618397846468
7 0.4463001378923694 0.26512545072926863 0.022254558468957224 0.0373844685553546
7 0.6216922786517566 0.2672367332497949 0.030385866299006636 0.04044402493757578
7 0.6908602304446342 0.2236620776638762 0.03239640430512729 0.04364246697879792
7 0.7677150020706319 0.1706226127392297 0.019632922251150358 0.041369537632037226
7 0.5780751117496807 0.5630093352794502 0.019020251778872507 0.03835978835978836
7 0.6344020562770563 0.6161586099086099 0.0031249999999999776 0.01541005291005288
7 0.6422839997920056 0.6183879279856166 0.013091089891001537 0.01982568973146117
7 0.6737637362637364 0.6109737484737485 0.016269841269841247 0.020535714285714254
7 0.9702813951130946 0.5455891860667323 0.020677405358498838 0.02756987381133171
7 0.6125394472714131 0.5514820276288057 0.014401979927773556 0.02057000783852643
7 0.6129497354497354 0.5897156084656086 0.015153769841269819 0.021263227513227574
7 0.6470155423280424 0.5405496766607879 0.01505456349206356 0.021494708994708994
7 0.6477038530465948 0.580112860556409 0.01483134920634925 0.02099867724867725
7 0.7132840998718328 0.5194947665056361 0.015196286848072485 0.022486772486772486
7 0.7142724277210885 0.5631861772486771 0.015153769841269819 0.02311507936507932
7 0.7555752825135542 0.5071887397391512 0.015838620256058478 0.024422861279857197
7 0.7565132783882784 0.5514168701668702 0.015997023809523808 0.024173280423280468
7 0.8960651827202399 0.4654267867897872 0.017379800720630237 0.027331548415885712
7 0.8963582504621659 0.5145001301502304 0.01876553834385156 0.027849493210939026
7 0.9565677725548967 0.4992127831898935 0.019869655062788098 0.02862176503092101
7 0.9543761969101738 0.448452989657687 0.01873424620205731 0.028858308543573213
1 0.05603354440563741 0.6469728950349105 0.005679075446517309 0.011298993857133425
1 0.06044725689487588 0.6828732925928209 0.0231221569643577 0.05985969559125542
1 0.09038348929365873 0.5633484218474459 0.06034226190476189 0.09279100529100526
1 0.3266884586231496 0.6504599904880803 0.01448412698412695 0.05747354497354496
1 0.6062058854606934 0.5455050606698958 0.023313492063492064 0.03343217628931912
1 0.6086204716796025 0.5935929257387035 0.0214340414528385 0.03899464269138456
1 0.6410013470128963 0.5553585682290335 0.023987419580235172 0.08490730486854513
1 0.7068748842623541 0.5400919394279087 0.025661341178807306 0.08993053831427143
1 0.7482042793323428 0.5237799071410337 0.0270740798126916 0.09260457195652429
1 0.8872744998537053 0.48653254760685627 0.031473214285714306 0.105026455026455
1 0.9463084115318352 0.467737402852073 0.033352994045612844 0.11001649761129031
2 0.18308475874387192 0.4319438212626373 0.034643659968804454 0.0924261083743842
2 0.17688952728319096 0.504797859145491 0.052478789317362946 0.02757611906384915
2 0.33626622501900333 0.2547879909468109 0.018837980736849193 0.0539297126991611
2 0.3272655073266864 0.3352518716812376 0.006786641241591199 0.006142921882632661
2 0.3392106750004414 0.3370367427653301 0.0019035701043487545 0.007540712490656875
2 0.3561151413690477 0.32470858134920644 0.020262896825396837 0.038855820105820144
2 0.31908561293063636 0.3882101683279894 0.05494226230455047 0.039827952963546166
2 0.3840002676013166 0.2556770564563586 0.046701977650605284 0.11650132275132277
2 0.3647828011692228 0.36208481474103354 0.0528035648026447 0.04074244049986058
2 0.4063249598107407 0.3282297987402128 0.05785539672677428 0.050755924435501885
2 0.4279291222599241 0.22831064596186457 0.0508216974484498 0.12757936507936507
3 0.32584912590639825 0.45711328448372485 0.042753532487761474 0.11252117606442343
3 0.3637874846158504 0.43391517450765543 0.04493105894010971 0.11583158756469267
3 0.4059594808348408 0.405524483142746 0.04687926604031158 0.12904074877093427
