6 0.9114313655761024 0.06697927779753438 0.07987573099415216 0.08453399122807018
6 0.25525223499361427 0.2871863026819924 0.033194444444444436 0.022777777777777748
7 0.1914492357053562 0.26823331643246895 0.031038571528213713 0.02334431889516636
7 0.08063067476647723 0.33343080459207003 0.021066039584558112 0.034079218106995886
7 0.10491208687249558 0.32490871242068553 0.038763962375073485 0.052083333333333336
7 0.3530338326649367 0.47233464555319654 0.00230990013367934 0.004275772587874529
7 0.37525914980798203 0.4600171429391176 0.03612290634583631 0.04592769521113469
7 0.10499507486209617 0.5218676122931442 0.03078703703703705 0.03395833333333332
7 0.04954498382653408 0.5417911163889788 0.0434457812377133 0.03759731068648264
7 0.015505401234567902 0.5849508101851852 0.03574074074074074 0.029062500000000015
7 0.16019323691354373 0.5618690468361229 0.04564814814814813 0.0328125
7 0.1327767118371783 0.6170169832074751 0.044939742936163346 0.03358091024020232
7 0.2602103395889671 0.5465731302194259 0.04708208916129711 0.03619558384409874
7 0.23509749787293152 0.6044613090587072 0.04869901547116737 0.036304500703234925
7 0.3721741221741221 0.5292177220143321 0.05050505050505052 0.037076271186440676
7 0.3460775335775335 0.588743577024827 0.05254262198706643 0.038855820105820116
7 0.6178196290825538 0.4847580033983065 0.05648558455057711 0.045954373871655935
7 0.5990344867372476 0.5576928241486735 0.05841121495327107 0.0449982692973347
7 0.8069804801830945 0.4573856759314277 0.06672113289760344 0.04975717138707331
7 0.7913803444656439 0.5364469418462158 0.062134502923976556 0.050466711650922175
7 0.9696861383442266 0.658706086601307 0.05625340413943349 0.04914726307189541
7 0.7771686499201361 0.667761321398759 0.058249967962907205 0.04410262454816913
7 0.3855505984236997 0.6846558188761876 0.046179844140691116 0.03498664119790781
7 0.28092190615323837 0.6931363616003748 0.04246669331201708 0.03246527777777778
1 0.1313316210427103 0.5748754871693049 0.1014292499196685 0.11799082704542091
1 0.2280675600140902 0.5616416307683602 0.1081699346405229 0.12615552717003659
1 0.3405689022405393 0.5361130546865946 0.10971136021318505 0.1349423589387093
1 0.5900353015238337 0.4983735264433681 0.10819107517220725 0.15830899970050918
1 0.7761930095649909 0.4746032385698239 0.10886904761904762 0.17652534501061565
12 0.32236348073708615 0.9383612856691386 0.056519284006543345 0.05564206618849868
10 0.2235461719617431 0.8610585304859272 0.2570573682147756 0.18599809950549906
10 0.8097764843065594 0.8758690687966998 0.38815020957878105 0.2037472943722943
