7 0.06712728168862091 0.07329392450653843 0.03893769968051118 0.052568933554758536
7 0.5088076003843389 0.2594658280109919 0.028477218225419657 0.038857802646771446
7 0.4383972326975278 0.30746160572771497 0.02422983731394939 0.028845044421368385
7 0.3779517364586808 0.3546022874726579 0.024242992992993036 0.027944611277944606
7 0.25234563636617396 0.45319892810785917 0.020551577830814103 0.023424379032970913
7 0.20987966711650927 0.48716173023652254 0.01834514170040487 0.020336632178737407
7 0.18535204601718366 0.5627052893872464 0.029943934760448522 0.032704723071695536
7 0.2831500632426558 0.5870061579938122 0.026421623643845867 0.03538471131063714
7 0.4001591595757802 0.5510441073704113 0.01873689727463312 0.02437106918238993
7 0.18509902004620318 0.741933079961249 0.017326179298010284 0.019701542588866465
7 0.24308312908496735 0.7477954793028322 0.014965277777777746 0.018009259259259197
7 0.2384390782828283 0.7140209970071082 0.022762345679012343 0.03845164609053492
7 0.4394329615048119 0.5268883056284631 0.01920658355205597 0.024697433654126532
7 0.4842594088917617 0.4967836493571787 0.020581950729009514 0.02503351768057653
7 0.5191999614708015 0.5059090778509494 0.01964482162501966 0.02331185499502329
7 0.5446307100622678 0.5094409463620913 0.01886275501601757 0.02451806890350141
7 0.12831174136321194 0.7960580065359476 0.0105953839869281 0.022041802832244016
7 0.12623170045045046 0.836054804804805 0.010909346846846841 0.025807057057057103
7 0.1922854160932196 0.8006774321803224 0.009553628773281947 0.02146221365874552
7 0.19038723351588846 0.8419002753798076 0.008934372969460706 0.024817702692946274
7 0.25372267486753475 0.8044882889119652 0.009843371408791966 0.021633783316026247
7 0.5975554152637486 0.7039570083551563 0.050388140665918416 0.06063723656316248
7 0.5301593323216995 0.8237526695891642 0.012013151239251367 0.019108638228516803
7 0.5317259596470522 0.8578233012982635 0.011170123082110925 0.0207244421963693
7 0.5121054022211826 0.6287395106005741 0.020547455688965103 0.030731846769582575
7 0.4007031405287219 0.7324829115042293 0.020932717153647376 0.03486715696018021
7 0.5715755641879393 0.8275424425535414 0.012513102725366881 0.01895527603074767
7 0.5731178870919438 0.8601627233702704 0.012316561844863669 0.019654088050314433
7 0.6500301428306435 0.44732578989674143 0.021737618252643327 0.025428182773758738
7 0.7142148526077097 0.40801665493783723 0.022463151927437586 0.029383975812547244
7 0.7862336513814215 0.37151102945973635 0.026026777206022523 0.0319582567758381
7 0.7427031498375837 0.5652698105528294 0.017361111111111112 0.022212239193371234
7 0.7152855045588006 0.5569901612321639 0.017771596352959385 0.0195745119249987
7 0.8551454741379314 0.5126596424010217 0.019875478927203163 0.024010217113665376
7 0.9179243306135848 0.4830093862590168 0.02164368947973069 0.026396411182231027
7 0.8766604925235674 0.6160382044047107 0.015514184397163117 0.018867066739407107
7 0.7380351067300522 0.7462675553069847 0.019528337061894125 0.02429778772060655
7 0.988399004384707 0.4507743411709647 0.02206857073993736 0.02590985779705956
7 0.252484306508481 0.8470862318150054 0.010720411663807876 0.02588780890667682
7 0.792597684848904 0.7567285039527442 0.020385839299920386 0.02751259612834792
1 0.7426201017786498 0.743948106214198 0.027888251736753487 0.049267181620122724
1 0.7427034506282871 0.6803015631991668 0.023395721925133568 0.03540305010893247
1 0.7321994454347395 0.7093813956559054 0.01565904139433548 0.008830131379151061
1 0.8003431604649436 0.7608135583778962 0.031020220588235267 0.052083333333333336
1 0.7874625544662308 0.7038767474582424 0.028594771241830113 0.02238221677559914
1 0.7981207989824717 0.6836865901663696 0.009957107843137357 0.020424836601307245
5 0.7568750336147839 0.8538346139440868 0.026588473315835554 0.07199620880723237
12 0.6558211094250548 0.913443489012533 0.020759568369583547 0.027819929185634844
4 0.5692610685009333 0.9644919694469243 0.028465965965965977 0.07110860860860871
4 0.5435701213948928 0.9621926161623077 0.027392665474060843 0.07170625455509173
9 0.09904221504478572 0.9314097071166478 0.013835332762067982 0.045582214605350814
9 0.25297058876251427 0.9391347667745183 0.009856215213358036 0.04603861746718889
4 0.21688862315573243 0.9669461485038127 0.034499873713747596 0.07200562333174461
1 0.1349477110926351 0.8087239421420611 0.02645278706891355 0.0982663218403302
1 0.1999996680009125 0.8114038171302157 0.025903252341179458 0.09691639247447904
1 0.2624062057618747 0.8191802706745779 0.025458099906629332 0.09546179582944289
9 0.15218904702970296 0.021572469746974698 0.01933787128712871 0.0424000733406674
9 0.22940021758667986 0.031822051936994465 0.03168901660280968 0.07471264367816091
9 0.40727440880770316 0.1016304333574583 0.014602803738317821 0.046350380754586355
6 0.41853875428193227 0.12229630822160807 0.046860885275519355 0.06571815718157183
6 0.49190080237416556 0.1531832970187526 0.05812683677267011 0.07988544099655209
9 0.47489241214723704 0.13851557686460952 0.015899392745773847 0.050467749876907914
9 0.5197844267167409 0.17263768901323484 0.02082322497169658 0.06839991374198069
6 0.5517681071595399 0.190767068767438 0.052929591334318044 0.06434980031730402
6 0.8409742269488457 0.32513157634645623 0.050547267946959254 0.027434842249657056
6 0.8925717160044765 0.34360104001155567 0.028999550612290648 0.02340560985657047
6 0.8635403565233832 0.3507901362823032 0.020438877448683317 0.01853724300640378
6 0.9207181769147786 0.3614216109313197 0.05003472222222219 0.03180555555555558
6 0.986158322506805 0.389870468324672 0.026773230635981173 0.021910830652478754
6 0.9646218663584025 0.3979290387899118 0.015299877600979212 0.01308989528083773
9 0.8224600168350166 0.3042557519640852 0.015416666666666698 0.042175925925925936
9 0.8675601419726401 0.3199129532136476 0.016836114007646882 0.04137218553276949
9 0.8916318423360677 0.32667156786875107 0.01669740666219531 0.02831805648707057
9 0.8900094213760257 0.35647306558376207 0.011790008291874049 0.019117376082550243
9 0.970716122202057 0.3673153189487129 0.01594827586206912 0.0385057471264368
9 0.9978084588225284 0.3995492669162271 0.003981091543304495 0.015277777777777777
9 0.9969478475412625 0.3860860605373112 0.004785604900459361 0.004395666723384979
9 0.9973914465288412 0.37727263059384036 0.005044559298962131 0.007393936815835723
9 0.08408022166483643 0.4938127550513463 0.0906762295081967 0.31370492002675904
2 0.19007136859781693 0.5440073034531472 0.0323607612650434 0.06250583076779553
2 0.2886861271724844 0.5691219922541487 0.03126850207223208 0.06282481415696334
2 0.2964058733289502 0.6487328793896496 0.033597615834457965 0.04142300194931771
2 0.19659548006626393 0.6302843330787264 0.04349190052475471 0.047437067457601366
9 0.3518500772703489 0.9337695761690942 0.008308844108592181 0.0433809123985447
10 0.12332169706376253 0.9327726948332717 0.16634321114867473 0.14527416590391076
3 0.24931642098648304 0.685129113876951 0.03569920662974743 0.13914090831729575
10 0.43678767145598657 0.9314752666946842 0.05297421065316941 0.12759259259259256
10 0.49059083984818525 0.9141581759879821 0.013946500529651394 0.078677520324897
12 0.466144604416094 0.6351005420850426 0.08837219572513691 0.1771071340201208
2 0.5176838235294117 0.6120513344226577 0.025486111111111064 0.054351851851851894
2 0.5218745610338532 0.6779557053893336 0.0348539120663015 0.017148944140094543
2 0.5437517558645877 0.6838565809804746 0.009657255232476479 0.004916420845624345
12 0.68197033532478 0.6671668809352592 0.09129155376170878 0.15088997530302733
14 0.49472846895994754 0.481927604447929 0.14203557630764224 0.07459210819978994
14 0.4271261724386725 0.4963023088023087 0.03545138888888886 0.02675925925925924
14 0.4703580338251271 0.5130932740511999 0.024444444444444477 0.056856641123882536
14 0.5047713945851762 0.5171606525842136 0.026835000335075736 0.043686558995666286
14 0.4055561677407257 0.5367695110274566 0.0673890104614771 0.06494954910770563
3 0.4105774127767106 0.7017042547028527 0.038288219741664006 0.13409619478791313
14 0.7239303304383082 0.5476271944505265 0.1025698978067929 0.07061785287591744
14 0.6737286519658239 0.5770878160001262 0.047949337126643676 0.060783785127316775
7 0.8745221634115652 0.7916900313656837 0.021489824388642692 0.02694348706165552
7 0.8610568451696928 0.8503286813589042 0.012774442018437545 0.01854884360342876
7 0.8633930737506066 0.8786581037612091 0.011296094129063603 0.017083131166100638
12 0.9264294841114759 0.7166034529288797 0.09680737509348315 0.1312239391709591
3 0.8786854863041632 0.788036453853003 0.0264651084010841 0.045731707317073156
3 0.8769105219597723 0.7370472010773882 0.018686633560935206 0.03258845437616394
10 0.9057914592630332 0.9309426377656954 0.08617424001735133 0.10675881728984361
6 0.2780321983786764 0.058009994650542754 0.047603082918751524 0.06898040604677677
6 0.1876666418992115 0.02362330639064953 0.05187839610267941 0.04918493535694211
3 0.5374573074843972 0.8300076853353429 0.023931356168198272 0.07733454005383833
