7 0.16392934974217127 0.14081897799663762 0.08983028374436489 0.0744166003712543
7 0.5046615551478252 0.04558076698821583 0.06449765936798733 0.07936927201801343
7 0.6186058237212506 0.5716870582262952 0.022459767702210975 0.029698957458718193
7 0.6259815271443178 0.6023935384400502 0.025987525987526038 0.03169034419034418
7 0.6350676968252353 0.6258959696174135 0.0318842296454236 0.02628227908078647
11 0.7432854413266987 0.8007217619507725 0.2433731696813092 0.2878093984507383
4 0.19769952440412125 0.354710951585055 0.3725957313245449 0.46707068246381966
4 0.3086557153084353 0.30848426646696214 0.07761855063155644 0.09673851958895309
4 0.31564689251313494 0.4866900863671963 0.2551233592632822 0.27975973121686304
4 0.38792134014799523 0.5438327125009438 0.2023714891361951 0.23664879133364675
