6 0.06230208470774509 0.06374979841960975 0.015544596912521432 0.053443237405501554
6 0.0795746920318104 0.09160718101541429 0.010005717552887362 0.02525252525252526
9 0.08955323371596956 0.07062491142679822 0.01745044787497618 0.051696207356584714
9 0.12924051839146178 0.09725398640492978 0.00440728035067658 0.00825868750397051
9 0.13217139117089463 0.06224943911140535 0.013043167524299607 0.038752302903246306
6 0.13107519046888583 0.08367731618997151 0.02245330665141986 0.032717108188806306
9 0.18216642002713032 0.08779760236474995 0.015246807699637897 0.04351693030938314
6 0.19673675962984138 0.0906232132647227 0.019296740994854192 0.037322914681405236
9 0.18785703257681025 0.06043178426226133 0.009897200349956255 0.025882181393992423
6 0.30832282410778356 0.09611535740732287 0.012388031255955747 0.05496550932356335
9 0.32063560129597857 0.08500672823142803 0.01417476653325708 0.05376087923257734
6 0.36818959752718317 0.09040654695703743 0.01567933432687525 0.06946017832288325
9 0.3810452186573437 0.08817554866116573 0.012522768670309622 0.05464480874316939
6 0.29821836618109115 0.06374369227839666 0.002588546129677225 0.008033419023136243
6 0.43117511898900374 0.09515837846709338 0.014668472017068742 0.05518627933694405
9 0.4218057607090103 0.10014451921148129 0.010821844739865425 0.03993653919798675
9 0.4268153516330215 0.08377099403687292 0.0038979156408994226 0.010052519284424754
9 0.42525461823221544 0.07195567469652484 0.004000492368291475 0.010531210678921156
9 0.42095351906559425 0.072384977296351 0.002051534547841764 0.0069068329777340065
6 0.9031837100716301 0.1242222602580053 0.03361450672497186 0.04132710528059365
9 0.8765652951699462 0.11521865090036543 0.013541045517789662 0.05375008281985027
9 0.8379437377347914 0.10532018035697599 0.01212284482758624 0.03272669220945085
6 0.8419926863825032 0.12505155119199657 0.03554537835249047 0.037915070242656466
9 0.7793879372543165 0.1355301786336269 0.009306426332288393 0.01117496807151981
9 0.7766469774372071 0.10279519331243465 0.010993556252176972 0.028009984906536625
6 0.7789043451758967 0.12037659020417643 0.028898902821316595 0.040999071171484956
7 0.16846012679346012 0.15376487598709818 0.023630401234567895 0.02957818930041151
7 0.7866280731846769 0.187198240264278 0.022453306651419938 0.028270122609745263
7 0.992636972484467 0.2979168347723177 0.009985475671750205 0.02007181473412408
7 0.47761742862654327 0.17124003343621402 0.022472993827160476 0.03009259259259259
7 0.4772342096560846 0.22910236625514405 0.019097222222222224 0.02739197530864201
7 0.47846662186379924 0.277018618080446 0.017071759259259287 0.021862139917695502
7 0.44875883894575497 0.34763223392506887 0.014386465905157545 0.019470404984423654
7 0.5031241663331999 0.35053465830776753 0.00633586768040549 0.021897647948068134
7 0.5118575207860923 0.35189260889541 0.004543484060290837 0.014728113467609258
7 0.05003284665858134 0.33537928496646663 0.016705149734116992 0.01877507230152065
7 0.08049192730198712 0.3652757370090493 0.015043380912398539 0.01784214945424012
7 0.03132086167800454 0.41773173916031064 0.019261492475778193 0.010307153164296042
7 0.04105375916600407 0.42805361682912707 0.015203050917336628 0.005153576582148021
7 0.03815628815628816 0.40996040996041 0.013914656771799623 0.014000549714835395
7 0.17661277108951529 0.46766354905889773 0.03999191499191497 0.0444675444675445
7 0.3609513115817421 0.433935072052775 0.017224409448818888 0.01941163604549432
7 0.4285423656042815 0.4374517400218335 0.017523364485981338 0.02249913464866735
7 0.668089234093907 0.3569574247144341 0.014981394946348243 0.019181954540210006
7 0.6570798101171933 0.38468781420494824 0.01276393215645552 0.019037729318103158
7 0.6466897962666192 0.4109476396802784 0.012436565170940146 0.016749020655270667
7 0.5384778246820929 0.46558178722812876 0.005165989159891637 0.019760614272809424
7 0.5283282520325204 0.46503782746160804 0.006605691056910562 0.021228545618789476
7 0.5381162705857828 0.5078868737405323 0.005081300813008166 0.01642953929539296
7 0.5270479634943408 0.5073496200648281 0.005970528455284571 0.019196025293586286
7 0.6059535256410256 0.5115740740740741 0.004444444444444429 0.014953703703703683
7 0.5950267094017094 0.5105733618233619 0.007048611111111095 0.02189814814814813
7 0.6071579235276665 0.4721882262770113 0.0038535176531671786 0.011790411907234323
7 0.5956983214461385 0.4674747454045288 0.007828725337487047 0.0219582900657667
7 0.40137623841482895 0.5213948368310785 0.007690156599552564 0.01721352224707931
7 0.3898281993919578 0.521754718063443 0.005126771066368324 0.015038528461347293
7 0.6755479969765685 0.5148403030462833 0.0037683031869078496 0.012868627209712397
7 0.6646804034562434 0.5148647170610995 0.009036237233911651 0.022456010828103903
7 0.6643986472995907 0.4709993011879805 0.008235998802036527 0.02277378456623735
7 0.8043860479797982 0.46207281144781137 0.01732638888888892 0.014305555555555545
7 0.7988095238095237 0.45007936507936513 0.010312500000000094 0.009999999999999959
7 0.8689723138980564 0.4689218921892189 0.015077400597202641 0.006155377442506133
7 0.8677047551693944 0.45408069718536476 0.01100110011001097 0.012179789407512152
7 0.8784181989627535 0.460634687807405 0.0019153701084393207 0.005369584577505346
7 0.9355948832087873 0.4596702721211755 0.013912807756091342 0.015892758430071874
7 0.9453243688318315 0.4669977617738811 0.012118892715907572 0.010311689416167058
7 0.25687792056074765 0.5367190204222914 0.010505906022845263 0.009302526825891277
7 0.24703758891667996 0.5958969719546593 0.006495056735198269 0.013902932254802847
7 0.2487381032628758 0.5692734720372064 0.0074780923491742455 0.014043365913942209
7 0.31869166666666665 0.6716444444444443 0.010381944444444437 0.012916666666666604
7 0.31978670634920636 0.644931216931217 0.01090277777777777 0.014583333333333334
7 0.3004023692810457 0.5385348583877995 0.0064930555555555314 0.008796296296296297
7 0.3714512315438525 0.5411393481662924 0.00782472613458525 0.01136448319546909
7 0.3643457970042477 0.5435390118488711 0.0019212497205454643 0.004284969073701408
7 0.3642121828191371 0.5386485580147553 0.0023753632908562533 0.0027479692972651425
7 0.41132118055555555 0.5432060185185186 0.006076388888888889 0.012175925925925904
7 0.4054427083333333 0.5421961805555556 0.003333333333333302 0.011527777777777819
7 0.4517032911355757 0.5445416754126284 0.003883659406915206 0.008972150445018727
7 0.4457065269403771 0.5447177674783188 0.003499138673557272 0.011381813707395147
7 0.42613739615784013 0.6344042056074763 0.007747598650051894 0.009032104534440926
7 0.5180393518518519 0.7048641975308643 0.007534722222222238 0.004444444444444508
7 0.5183009259259259 0.6991820987654322 0.007152777777777826 0.0033796296296296087
7 0.6699262152777778 0.7135995370370373 0.007534722222222238 0.00425925925925928
7 0.6689732142857143 0.7077943121693122 0.006493055555555492 0.002592592592592656
7 0.8007441892845809 0.7052568976273587 0.005907452740378163 0.007593272587152666
7 0.6656677271522174 0.5571757418138511 0.008821598555719607 0.011762131407626249
7 0.6687387165599868 0.5925925925925926 0.0045133760052518965 0.014565895289676742
7 0.668729620401132 0.6183990607440221 0.0029223575735203315 0.010151347360649588
7 0.7531860537433787 0.6238651554468965 0.004128332153809803 0.01199182197059056
7 0.75305991557982 0.5980394634853234 0.005270995517810838 0.013269639065817344
7 0.7479797060856015 0.562580866893094 0.010651686074721075 0.011574074074074073
7 0.7754286818672924 0.5394913047617865 0.012987360754070367 0.024635818337617892
7 0.8282982425100259 0.6256487379098844 0.009030726586459063 0.01548124557678692
7 0.8275603382423977 0.6018050453648474 0.01021025005897624 0.01435086891562481
7 0.8181605261583479 0.566247509441009 0.010853987523183327 0.01208340358567981
7 0.8441912237646515 0.5433394530932888 0.014068032372281259 0.023394031360647487
7 0.8606790591805766 0.5681976325628324 0.0068496037767660466 0.011872646546394586
7 0.8549622744899679 0.5721175462260439 0.002687152250885087 0.004144888439273902
7 0.8542099889469641 0.5667647077190157 0.0035301804080256085 0.006603720564266866
7 0.915257218850214 0.5470567185543029 0.016326713186616677 0.02348362855609236
7 0.8980341569557715 0.5705138934581561 0.011126766863481742 0.011928192282459593
7 0.8683234260087457 0.6025299393758696 0.009441462929834978 0.01366527529318228
7 0.8699934259586325 0.6285012493949265 0.008063012677106624 0.014541387024608545
7 0.9125590355456126 0.6308517689949458 0.008296047725577991 0.013422818791946367
7 0.9102073588231304 0.6058854766908458 0.010626398210290707 0.013733532189908084
2 0.014769299625068852 0.44926028099105053 0.02844190344190344 0.0322437822437822
2 0.03163728714053984 0.400366388623062 0.022445050190377295 0.03187377408561208
2 0.02921052424557097 0.4163061036113996 0.01903772931810315 0.010600553824852876
2 0.04116908965039806 0.42825516326295143 0.015414070612668744 0.005769008884273687
12 0.0814790182168231 0.4164116206799134 0.07842664092664094 0.1067138567138567
10 0.09838988262033752 0.6389027432243072 0.07676214049976425 0.11151710409136155
10 0.04590649587411246 0.6129061920296807 0.0072562847821915155 0.036461331798119334
10 0.03648531951640759 0.6753822043113926 0.006356745346382651 0.0300646069212563
1 0.24515635838739958 0.580364935415278 0.013389031705227102 0.05766209654384469
11 0.2340828103169962 0.7214446250780439 0.03996526583160246 0.1368589239876368
11 0.28297820152941017 0.7319233522265752 0.014692889454339822 0.1286224201300537
11 0.9011046675083777 0.7747543977591831 0.077042202999324 0.09110927330256918
10 0.3450872742548791 0.6547804284556588 0.08560908880251954 0.11191850477564763
10 0.2880419844705559 0.6909228337799767 0.0034786641929499024 0.037792894935752115
10 0.8563525985406727 0.6848482270234352 0.10855179232044902 0.11087723774290939
12 0.9158608082381449 0.6744884812122612 0.01097914503288343 0.019686742817583956
12 0.9251837669705012 0.6775420496647564 0.007030979577708586 0.017379139263874462
12 0.9045450239959588 0.6724929758418854 0.009518864659051473 0.020335756317064652
5 0.9167212555430291 0.6163656130288215 0.02191751500760167 0.06339155255316442
5 0.873326973065649 0.609501253075756 0.020873186673043165 0.05094585259578084
5 0.8319526026406734 0.6096813725490197 0.01908445669934638 0.05965754357298476
1 0.758465208001209 0.6077661016288104 0.015846746278989264 0.06107938156224767
2 0.9410962301587302 0.44891642057339726 0.022508882428940544 0.03566429801894918
2 0.9460543846899224 0.4667985572782085 0.012919896640826935 0.01090116279069767
2 0.9566402556829862 0.5004005445644363 0.03299079065588507 0.03057302585604473
2 0.8857183216681248 0.49578715854962574 0.030211067366579254 0.03189705453484982
2 0.8691921381602717 0.46926560204253676 0.015332574607991962 0.006392963524981749
2 0.876874420418142 0.45974891811386503 0.00911524194908111 0.005339178328556215
2 0.8735392915969545 0.44428484552409675 0.01875737649637491 0.03070027538919799
2 0.8139501189324302 0.49283381712627006 0.025550314465408834 0.03004891684136971
2 0.8035272536687632 0.46135569531795956 0.017754192872117377 0.01668413696715584
2 0.803786687631027 0.4412584133289198 0.017164570230607978 0.02838923829489867
3 0.9206228682546841 0.5241430422222568 0.02613260212469805 0.09017189202635452
3 0.8512201861814428 0.513090711392342 0.022769517505450507 0.09484910584336309
3 0.7806944400913796 0.5213767409357579 0.021151542377957355 0.08947289607666972
1 0.5322067569848173 0.4749268201842444 0.018304046858359947 0.0880073364098923
1 0.6003962683275783 0.47807234575072705 0.018414980475683348 0.0894864513075376
1 0.6699181806621844 0.48569938733736334 0.018858714944976877 0.09007809726659564
1 0.6734059270611328 0.6047798919478441 0.014281633818908861 0.06033990288489006
4 0.6860506431444643 0.7079465121989912 0.01897773279352227 0.07431773879142294
9 0.6504222330835233 0.6743934642120127 0.006058569566634099 0.023826979472140776
10 0.5956307838324043 0.6657128229088028 0.09148488541846397 0.11071972974086432
8 0.6491864408296201 0.7432330159923168 0.0064198922710760244 0.026410288529792457
8 0.6145886049257759 0.7416564358724445 0.004920152946468745 0.020992652571599938
8 0.6067975640344062 0.7398149284114196 0.0053887389413705 0.021992302694057057
8 0.6006377881377881 0.7471419094226113 0.0034675363622732724 0.00987154495926419
8 0.5979772314065077 0.7417169615634528 0.0018743439796071787 0.01868096166341786
8 0.6008678212625581 0.7328997350927176 0.0013120407857250094 0.004373469285750031
8 0.5783678837406908 0.7377157578180972 0.003514394961763401 0.020367871245064263
8 0.5723382558292098 0.738311903333833 0.006044759334233005 0.022429649622632112
8 0.5649755983843154 0.737441114359974 0.006232193732193755 0.02224221522467139
9 0.6127610323089046 0.6733496999454445 0.0071035642844153 0.026519973328483895
9 0.576448558828878 0.6732625628902225 0.005341880341880293 0.02864157119476271
9 0.5169347490888704 0.6662441983615238 0.008341802168021672 0.026874435411020862
8 0.5041098590242999 0.7227458572930192 0.005680764236690786 0.04297285599455891
8 0.4879738201323417 0.7198206605579205 0.0045687134502924685 0.041655063584888206
8 0.43543468533092855 0.7178302795540251 0.00478647455867084 0.040563343717549306
4 0.4245200760616139 0.6921856353544233 0.01997095134350041 0.0643508432179457
4 0.4001454505360406 0.690601963768765 0.020046598886468165 0.06445170660856937
12 0.4308891698272228 0.635639441986234 0.009262185700238805 0.019021866366999148
12 0.423281886500913 0.6394741770847966 0.002941073184436031 0.0031020274383105626
1 0.44518625812140594 0.5893057110862263 0.012395118230358548 0.0598567675226714
1 0.40363607004372054 0.6063847548585539 0.011275566238745288 0.027120942452750197
1 0.40272108492932285 0.5709456596184285 0.010885456394609763 0.040469531316213225
1 0.36013185149776916 0.5853825862191065 0.01400839175695769 0.06054811982154233
2 0.4271782477160758 0.47282060633599576 0.012118399339934013 0.02979464613127976
2 0.42757995071306765 0.4265267861047082 0.01784425891568754 0.04105682677111249
3 0.3960262345679011 0.4936888171841875 0.018004115226337488 0.08894890260631004
12 0.2931262772016784 0.43219236650072096 0.05382589838909541 0.11290100509431364
2 0.3599235524895869 0.4212534332462625 0.017614822546972813 0.03943400603108329
2 0.35708374410422933 0.4700105028480116 0.014280329389932728 0.030348720327843533
