7 0.2872222379172121 0.15847035059468315 0.06070429697431989 0.07349669463513855
7 0.23817064369510468 0.17885111479638843 0.021679795467108912 0.0369247512437811
7 0.22315259022348574 0.1587671760246387 0.009241984521835257 0.024616500829187395
7 0.25654152193290275 0.2648794452884163 0.07646828886934427 0.07897244209909116
7 0.6513788412786742 0.14119790700550297 0.04011315154887785 0.07755982192543129
7 0.6207464543238806 0.1792862722124585 0.02562975981253662 0.057239796914665124
7 0.5919697857307699 0.156552342404715 0.02896569680400963 0.072068443663347
7 0.6457392131827159 0.25667975111831043 0.05312045142553611 0.07863331936425158
7 0.5891549947214092 0.25185008214472226 0.04188012427949759 0.07514069957047063
7 0.7071013321013322 0.4731125356125356 0.08383383383383382 0.05089223839223836
7 0.3809153015388714 0.4697829265191966 0.07956182727349773 0.0564136791253496
7 0.07139286823511141 0.4704205974842766 0.08176100628930819 0.058634696016771515
7 0.4936857837413062 0.970630356710071 0.04177958446251124 0.031616982836495014
12 0.6218833212297266 0.9558152157467918 0.0649055918663762 0.0874012799564271
10 0.24911672451849728 0.7680659464501229 0.46311033512966604 0.36067060230736575
6 0.10556172839506173 0.7018449074074073 0.019074074074074084 0.013645833333333317
6 0.1569615539452496 0.6799554649758454 0.027129629629629615 0.012916666666666682
6 0.14161970899470894 0.6583968253968256 0.046898148148148154 0.013333333333333286
6 0.13973063973063973 0.5959706439393939 0.017361111111111112 0.012013888888888937
6 0.20759868421052632 0.5952887426900584 0.02194444444444446 0.011875000000000016
6 0.28688657407407403 0.5932502480158732 0.01675925925925928 0.013541666666666667
6 0.17147067159494425 0.5526085673328274 0.04481481481481479 0.013055555555555603
1 0.25546336703154604 0.15821723972448049 0.11471949891067536 0.25071486928104575
1 0.6290179067956845 0.15495408343667044 0.10352018685352012 0.25644394394394393
