7 0.010665427332093998 0.524989274989275 0.01701701701701702 0.016610360360360312
7 0.06196327906854223 0.5283680061640587 0.02302302302302302 0.015108858858858869
7 0.04648398398398399 0.5123260279510279 0.025775775775775785 0.01914414414414417
1 0.04590792090792091 0.5199034261534261 0.025775775775775778 0.057620120120120154
7 0.1502292973533421 0.5345394425112203 0.023632243904657933 0.01499610986020138
7 0.18326459647420346 0.5206748158440299 0.02476548601002751 0.01895317806889862
1 0.1838489428592317 0.5281279701966728 0.02537198770823226 0.05716278505579816
7 0.20581928597142007 0.5363211367798282 0.024057900695455273 0.014252789907811723
7 0.30809724693155066 0.5422862249986522 0.023047064531780688 0.014783478893740841
7 0.36816490964962584 0.5320777369767544 0.023350315380883065 0.017588549247937853
1 0.3698961692877054 0.5328162014441876 0.023956817079087814 0.04139374090247456
8 0.4028613604424495 0.498842946756426 0.024488304093567278 0.06716008771929825
8 0.41359484854458245 0.49642819009133315 0.023269980506822628 0.07675438596491226
8 0.42521866535024433 0.49567099567099565 0.0303362573099415 0.07319078947368417
8 0.453694406656446 0.4966197735599173 0.023728463839884424 0.07263618074899417
8 0.46645222620152993 0.48697974237667835 0.02488909522335708 0.08172779325286296
8 0.48142060081718047 0.48623482182058975 0.034561023418962174 0.07698854843701647
8 0.5190287900573489 0.48125061976300265 0.028075264019039044 0.08436523873270861
8 0.5364386613910855 0.4764523418460454 0.030864197530864234 0.08600591485525252
8 0.5589526114217472 0.47346378364896885 0.03948392837281724 0.08779612946279616
7 0.2465160631279052 0.4383680555555557 0.01827485380116956 0.015744489428699954
7 0.2564685130474604 0.4347572521914628 0.017806267806267803 0.015463337831758869
7 0.26906448127770655 0.4297834700162635 0.02258584495426603 0.01560391363022941
7 0.4454371059253519 0.3637213324148224 0.02977027660571965 0.02663502109704636
7 0.5075111470209775 0.33877218182362273 0.031645569620253076 0.030502812939521777
7 0.5858054511838731 0.3047906602254428 0.035158346752549655 0.0352254428341385
12 0.5130455976810145 0.25282362440565564 0.08967300633967301 0.04363738738738741
12 0.6015365724147085 0.21728857313534722 0.14197530864197525 0.04993386243386241
12 0.7057916304991143 0.16786994990216778 0.20409208600697962 0.054868307426597575
12 0.6088421443914827 0.45702172829637533 0.032640554223288036 0.018818278710365
12 0.6286732674240314 0.455824072068209 0.03430588862243532 0.024642051065030302
12 0.6524232161904902 0.4525323948512637 0.04070881226053639 0.030731162196679505
8 0.6760376610672602 0.4615952615867234 0.028677983539094707 0.10136959876543214
8 0.7549280707110845 0.3589737493456197 0.03575436908770234 0.21768278018278014
8 0.7927832722071404 0.34808555641888966 0.03803466766429732 0.22855873550317993
8 0.8342148128283826 0.34295553039407517 0.03974934530490078 0.24188645716423496
9 0.8481032338308456 0.3033443891652846 0.015432098765432169 0.04681453841901602
7 0.9590475995188105 0.40787290504702517 0.021598862642169765 0.013465113735783045
7 0.8529230866427333 0.21613067763730018 0.04767598724552371 0.04644959529065488
8 0.9309746698116779 0.32029903353292055 0.04776343244653108 0.26738556338028174
8 0.9814440627736238 0.3006064637075951 0.038737717309145915 0.2810374149659864
