7 0.28257483165122294 0.18084919051935514 0.0374098931145911 0.02751486644104095
7 0.3553490131418653 0.1529775898884886 0.039773694061596046 0.030787391526288923
7 0.4415848495044905 0.11973552377003871 0.041891238253178587 0.03271403399668325
7 0.5470755408874218 0.12495959025727138 0.05088008800880091 0.04443413091309131
7 0.5400009798157945 0.19639970185605107 0.05384087791495199 0.041152263374485604
7 0.33079508636970045 0.26951954146958434 0.03692586239756052 0.024537831141604727
7 0.40703433952034695 0.24790037193838507 0.03964552238805968 0.025652985074626856
7 0.4265451772209234 0.3442917090103492 0.04565662493479394 0.03874228395061729
7 0.41714456668398253 0.4108466802450279 0.04666275774455194 0.03829522134271473
7 0.6283275132275132 0.040543375220458554 0.04309413580246921 0.03782242063492063
7 0.6860274772065947 0.08168996355761461 0.05471380471380474 0.0459050534683098
7 0.67616899561344 0.15891670058336732 0.05583536833536837 0.050175518925518935
7 0.5914003517300809 0.3046646679874107 0.02205923677850834 0.014963749789242994
7 0.8553115389757989 0.0227753093276559 0.062174087444845504 0.04236863217007621
7 0.8447043534762834 0.10282811377859853 0.06375893437296945 0.05193104288499024
7 0.7523589569737547 0.3404728861202926 0.02097635392829897 0.013030765319094842
7 0.8103806417905416 0.3536319114391975 0.01951757096362209 0.012977382276603599
7 0.782892992587982 0.3812182280319536 0.021591970121381917 0.016728913787737318
7 0.6794589267415354 0.431715903862643 0.018020090483858553 0.015563894639981552
7 0.6768416586492754 0.4633431386739092 0.019063180827886637 0.017381952781112472
7 0.7441075642400476 0.4264579895611983 0.02325449492371387 0.01643057682491068
7 0.7405124842468436 0.4586645646318635 0.021552946514661695 0.018132125233962883
7 0.7584383346015547 0.4894227075033944 0.0220198041468352 0.016925160019694768
7 0.8235846749803739 0.48642078383931997 0.020880789673500367 0.015700139205264443
7 0.8089351550639776 0.4540609412274994 0.025542784163473838 0.019683908045976986
7 0.8132316108374016 0.4180516186362512 0.021395281695949897 0.016394456817619366
11 0.4534274233885707 0.6395322335687829 0.6866503763622065 0.5502810580306556
7 0.9480092909256727 0.44214724407204753 0.020509940087146 0.01921211192810459
7 0.951382506127451 0.40474685968137264 0.019148284313725495 0.020169526143790823
11 0.8915087189260119 0.5310442863823275 0.22961014724580606 0.290058684031346
1 0.4126670149394573 0.37109469780569937 0.07208830096689614 0.10635923895230354
1 0.5304155336933111 0.143343004850333 0.07964837890850342 0.14739399507373965
1 0.6616889236056381 0.09391413782423741 0.08671164498170111 0.17222993494040043
1 0.8305227234735619 0.05963703319609568 0.09502627627627634 0.1296921921921922
13 0.5545751136805451 0.41971100207921264 0.032392616258430894 0.03915956691515798
1 0.8040356139213145 0.4290339250972763 0.04143248306672431 0.07363272805879811
1 0.737709398651301 0.4355628605930499 0.036568669837152325 0.06620190229139651
1 0.6718949069587998 0.4456333945682599 0.03297265288544361 0.06893976098191214
