7 0.707465 0.0625 0.01860100000000014 0.027116
13 0.347323762717497 0.03684763188028113 0.0415827607991787 0.06728921529916554
6 0.4352801351563728 0.01389169529197818 0.0048620933521923634 0.003339619676253339
6 0.44666828502578126 0.011202225664743345 0.017778563570642756 0.012179789407512182
7 0.4691370729973671 0.05183098013980367 0.01623045051353876 0.02018168378462496
7 0.402337767160958 0.10696228418267889 0.007636278195488692 0.02280005569479253
7 0.41203529657477017 0.10672166527429681 0.00574352548036758 0.022016847674742407
7 0.4029580160336739 0.15007805303857932 0.007636278195488692 0.023061125034809234
7 0.4124859312633436 0.1493026547851109 0.005482456140350892 0.02123363965469229
1 0.40702669294837224 0.12593448691324416 0.017900276052449964 0.0939345142243693
7 0.46982484901011673 0.1510125952090238 0.007631257631257674 0.022416819291819295
7 0.47908871456234736 0.15141289555352055 0.004590678418803441 0.021621896621896612
7 0.47933135593981185 0.10864722491560726 0.005008012820512804 0.021383419820919822
7 0.4695219390362054 0.10769474084691476 0.007333161630036613 0.02233732702482702
1 0.47352759720717474 0.12408518955614024 0.016991472069597034 0.09300595238095238
1 0.5407035018480237 0.12236723762987625 0.017670140473654783 0.09191642578224049
7 0.5457933972310969 0.15603488269444965 0.004041153202495124 0.016375914938215264
7 0.5352673817130689 0.15524367361428065 0.00760687661646127 0.023454536234088944
7 0.5354717476192684 0.10967499160303718 0.007765353212637559 0.02208107240056121
7 0.5462133602109641 0.1100091705123654 0.003882676606318723 0.018488936220565626
12 0.3988298598805846 0.30493744261860206 0.022525113104823247 0.04233443243105081
10 0.46564821092303654 0.3036683045373284 0.09105205601483908 0.0920526940935104
9 0.5699058433433434 0.35627145002145 0.006703131703131718 0.025769817436484148
9 0.608085764335764 0.35398837482170814 0.010389854139854078 0.030387530387530382
9 0.6422346181390531 0.3549734360002785 0.01016641641641645 0.029791696458363142
12 0.6501570887830567 0.30600038246799954 0.02496583622411445 0.04358071411051544
12 0.7666041212367091 0.30523437632063827 0.02020576601247528 0.0439508426728874
7 0.8001268579137081 0.31863762947039276 0.009877376338132134 0.012593054017472616
7 0.7072868618007506 0.06186559282624095 0.015262515262515236 0.017382309048975707
7 0.9603195651197773 0.029378363006368667 0.011934229137199371 0.015388443606265392
7 0.9512882091780608 0.030334878725967834 0.0012769134056263116 0.0024883440725024884
1 0.6553776329488133 0.12854471749651228 0.017828617069831184 0.0913881704616529
7 0.6500551498554693 0.15753841472691316 0.009508595770576616 0.023137583041736406
7 0.6600629469040014 0.16073752894839155 0.003248770221613683 0.012889429822337168
7 0.6601738805213246 0.11988754500735331 0.0030110553273492505 0.006656017039403635
7 0.6502206698559202 0.1151557468857197 0.008874689385871463 0.02229237452879624
7 0.7771648255207895 0.16047222738738534 0.009587834068664761 0.022609327721148816
7 0.7866778234190376 0.15928116966455624 0.0029318170292611063 0.01764372770762546
7 0.7870060963682598 0.12317404775186608 0.0015847659617627694 0.0057051574623459625
7 0.7770077034254351 0.11910532078263707 0.009033165982047751 0.0219754213364437
1 0.7811414332409311 0.12839211264587808 0.016956995790861597 0.08969775343577263
1 0.8914501276721724 0.13433961117667192 0.01814557026218376 0.08853559173047991
1 0.9529436528429922 0.13104639592669712 0.020126527714387138 0.08790168534577479
7 0.9475350136813534 0.16548172107972084 0.01156879152086825 0.02144716601585611
7 0.9475348701337122 0.12435570459399004 0.011648029818956282 0.022398025592913765
7 0.8858759755600673 0.1225661637967466 0.01117260003042753 0.022081072400561227
7 0.8862304733355496 0.16436957775260932 0.010855646838074953 0.02176411920820869
