7 0.14079715916633478 0.3129010133191734 0.0336021505376344 0.12246117084826762
7 0.1946020841630161 0.2971370414620116 0.04293608124253285 0.11897650338510554
7 0.12666143966547194 0.5090725806451613 0.03322879330943847 0.12395459976105143
7 0.19078554360812422 0.5160475724991854 0.03546893667861409 0.1199721226602947
7 0.22994412818890997 0.7857193056434042 0.08400537634408604 0.09856630824372764
7 0.5341912252754547 0.8161312447453428 0.07467144563918755 0.06123058542413381
7 0.4904047192353644 0.5307646356033452 0.03733572281959378 0.12445240939864594
7 0.5517541001411969 0.5370913435429565 0.028748506571087202 0.09657506969334932
7 0.4969918074756784 0.3358081583888035 0.048909796893667826 0.11897650338510554
7 0.5439475399152818 0.31610911987256074 0.02464157706093183 0.10553564317005174
7 0.8379453932110479 0.35362054021130546 0.0672043010752688 0.11698526483472722
7 0.8870594384707285 0.35563520509757063 0.016801075268817082 0.07317801672640385
7 0.8455951707225052 0.5566821773669538 0.056003584229390745 0.12345679012345671
7 0.9029437143236427 0.558487101199168 0.01568100358422934 0.0657108721624851
7 0.8485261005422295 0.8271298593879237 0.07280465949820783 0.059239346873755386
7 0.9293045343137254 0.08350354030501089 0.04008374183006522 0.06842320261437909
1 0.864892302259887 0.39813744792558353 0.10456123737373749 0.4492845117845117
1 0.5207417365620489 0.3800655363155363 0.09509154040404044 0.45454545454545453
1 0.16339989332985025 0.36167167363288055 0.10022095959595959 0.46296296296296297
