10 0.02067919158027559 0.8890932163289886 0.028027810040005163 0.07312771540413827
10 0.20222655457847094 0.8819648003736272 0.05625725900116142 0.07070804835032482
10 0.38462624209575436 0.8760538994278833 0.03085075493612076 0.06694412182217062
10 0.42070840681951793 0.8773682864694607 0.030044199251516295 0.0639867509786209
10 0.5414677162644642 0.8725140161454523 0.013308168795973638 0.06237363960941193
10 0.5654963543683056 0.8994440142814126 0.028229448961156207 0.008603260635781106
10 0.733747230825483 0.8672714041955233 0.026213059749645072 0.05726545360691712
8 0.7573557878435927 0.8872112530649118 0.006049167634533513 0.035219598227728306
8 0.7585152116402116 0.921086591818299 0.003427861659569017 0.021239299694584178
8 0.9118112014453479 0.6973749300985074 0.026817976513098436 0.14356691185959475
8 0.9316054222050159 0.6938619320055635 0.018147502903600427 0.14276035617499042
8 0.9555265195509098 0.6885297027573452 0.015324558007484772 0.14195380049038586
13 0.9790007967367459 0.7330539143900756 0.01875241966705379 0.03629500580720085
13 0.9481245380635622 0.7377784816809206 0.015727835849787087 0.032799931173915005
9 0.7533790202320013 0.5545667780310959 0.028431087882307363 0.08280638361939177
9 0.8538512137766879 0.5548206937095826 0.02419667053813394 0.04866219297113609
12 0.8277392935493982 0.43599327716633174 0.10202929410246486 0.091947348044909
12 0.8912314290553619 0.4437400524798899 0.02641469867079623 0.04328515507377292
12 0.9469035751156833 0.4495971830466604 0.06008839850303259 0.08872112530649115
12 0.9812902125619896 0.4533611095748145 0.03165731062072533 0.041403191809695886
7 0.9064072783584979 0.5889111139788648 0.017744225061298222 0.03441304254312382
7 0.7740001642440668 0.6599580786572656 0.018147502903600427 0.03441304254312382
7 0.6562674753731664 0.5413108859924578 0.01794586398244938 0.037639265281541684
7 0.6440138167068068 0.5932721604860025 0.01609572400388722 0.01768167584494119
7 0.5253519156580381 0.525628000117796 0.01569080012957568 0.03860274268437536
7 0.38309410135582006 0.5097587356701939 0.013563368055555556 0.04116374559082895
6 0.49643446788437595 0.47489771371511563 0.018988715277777776 0.014295359347442705
6 0.5729037491732805 0.4837342923280424 0.017438616071428572 0.015500992063492064
6 0.42404255539021163 0.4655981316137567 0.012659143518518537 0.016189925044091686
6 0.382505432728647 0.4619295634920635 0.01575934193121695 0.013950892857142858
6 0.33774401145006616 0.45611669146825395 0.015371817129629591 0.01877342372134044
6 0.00674580210170488 0.4041548782578875 0.011109044312169311 0.02531828703703704
6 0.057271468404280906 0.4131484111952863 0.01976376488095238 0.02290702160493832
9 0.05639203501616696 0.37045457329022147 0.009558945105820104 0.02135692239858904
12 0.35106288797233687 0.36794278920263196 0.06893669541307337 0.07941715618880972
12 0.48680334506059086 0.38962882299287066 0.0812398450193726 0.07056409615464738
12 0.6070495373346189 0.40722681242225683 0.08377859017622798 0.0700433279173436
7 0.16176956893868658 0.516510616592316 0.01677754435107376 0.024315281668222836
7 0.11223123508662726 0.5458510564719715 0.01765289449112979 0.021591970121381872
7 0.031169759570494872 0.5300780034235917 0.020278944911297857 0.04415655150949268
8 0.6560918449505405 0.7461403777828898 0.02393892339544507 0.12221072003680689
8 0.6827540798928264 0.7465510358732864 0.024370255348516244 0.12134805613066485
8 0.7080187147322697 0.7429819753988551 0.025664251207729534 0.11962272831838046
8 0.5792383756038647 0.7351424114331722 0.02609558316080059 0.12479871175523347
8 0.5510592467114205 0.7425967752054706 0.027173913043478295 0.12336093857832986
8 0.5219812328858613 0.7417518199425632 0.025448585231193945 0.12566137566137567
8 0.37110908831298633 0.7199277345454257 0.02868357487922706 0.13371290545203582
8 0.403551479468599 0.730433704278813 0.02717391304347824 0.1331377961812744
8 0.4360691677970537 0.7314497513148188 0.025664251207729475 0.13745111571198537
4 0.05301302855650683 0.8073912421738508 0.03601621808143547 0.11645962732919261
4 0.10260308833678398 0.8126006441223831 0.03407522429261559 0.11329652634000463
4 0.15347171477286567 0.8151751038579683 0.034290890269151136 0.11070853462157805
11 0.8737372576658291 0.8912824389014864 0.07999070499070503 0.1570022403355737
11 0.875764157014157 0.8059547642880975 0.07172350922350922 0.017577100910434258
7 0.8516619788941218 0.74591909413338 0.009811616954474104 0.01344554915983486
7 0.8543056645735218 0.7737550148264433 0.008721437292865833 0.012537066108494652
1 0.8568685375163781 0.7612749930025678 0.015398787720216313 0.06486568986568987
7 0.7563740822669394 0.7418507418507417 0.00994788941217518 0.014354032211175066
7 0.7581790729112157 0.7696850107564392 0.009675344496773028 0.015262515262515274
7 0.7219578536542822 0.7687401883830455 0.0065410779696494035 0.011991976277690648
7 0.7205133656026513 0.7391236409093551 0.006949895342752519 0.015080818652247172
1 0.7608602335164835 0.7540579666695737 0.014581152974010081 0.05614425257282401
1 0.7245450836012063 0.7512843354680091 0.014172335600906964 0.06359381359381347
4 0.6028879354772212 0.7897608344036915 0.027118219082504696 0.04596924239781392
4 0.6374570060395952 0.7862807248967963 0.027390763997906846 0.03924646781789642
4 0.6343937147508576 0.8480184571454411 0.027118219082504808 0.025255828827257406
4 0.6031418977847549 0.8501584394441537 0.023575135182278068 0.023983952555381147
4 0.5647130647130648 0.8529293127507415 0.025074132216989342 0.02343886272457699
4 0.5671516244824515 0.7819361437782492 0.021122230943659597 0.03633932205360785
1 0.36263463718820865 0.7239883132740276 0.007903802546659714 0.016170998313855482
7 0.45443545485661385 0.7277846097045765 0.008613915285074316 0.016775926479430568
7 0.45579420579420565 0.7597726347726348 0.008857709750566854 0.016170998313855482
1 0.45804828781580803 0.7406627550062282 0.015359051326032477 0.0681362288505145
7 0.21901794571995464 0.7541601710128495 0.006754003684807236 0.017863047996976633
7 0.21921825074726864 0.7181857907304334 0.009743480725623567 0.017567791005291006
1 0.22259554863612108 0.7343171643657465 0.015058106575963735 0.0744047619047619
7 0.06320906105388864 0.7142788033592632 0.008979885057471269 0.020145350605120738
7 0.060899299854041224 0.7460193927507146 0.007697044334975378 0.010452776257374029
1 0.06652693784737522 0.7274436968507615 0.016249315818281335 0.072029130937177
3 0.018031039043970083 0.6498831972124738 0.019385148695493522 0.11745119503740195
3 0.10492514084468108 0.6543956256599935 0.026512041598248503 0.11327008453445243
3 0.18091003246324294 0.6604712832417946 0.017674694398832336 0.11288998357963871
2 0.21196963246771683 0.6390552886402183 0.035349388797664645 0.028887672565833487
2 0.21474120192989923 0.5660547885962955 0.01710454296661193 0.02147570394696836
2 0.21444820744389714 0.5946679438058747 0.01895753512132824 0.017484643921425496
2 0.13774858602444812 0.5879021468101928 0.01881499726327312 0.017294593444018704
2 0.1396443395365809 0.5567908836586998 0.020097837985769022 0.017484643921425572
2 0.13537533068783067 0.6335213882807272 0.03264116949461778 0.03154837924952873
2 0.05730912755427841 0.6275941890166029 0.03877029739098704 0.03439913641063069
2 0.05557392710170488 0.5791260380979412 0.022806057288815913 0.027557319223985865
2 0.05833870904683713 0.5467752234993614 0.018814997263273125 0.01292343246366233
