7 0.22584475709475704 0.34185105018438355 0.05411255411255414 0.06192881192881193
7 0.3310786435786435 0.4313071188071188 0.03246753246753246 0.05170755170755172
7 0.35628607503607507 0.4296536796536797 0.02931096681096679 0.04148629148629152
7 0.33597695707070707 0.3350468975468975 0.03066378066378065 0.03216690716690714
7 0.38797573953823944 0.2646254208754209 0.048024891774891804 0.07786195286195284
7 0.4258545274170274 0.7755832130832131 0.04622113997113999 0.06403318903318907
7 0.4264016212545625 0.6656374671080552 0.043740981240981275 0.060425685425685445
7 0.7290539321789323 0.6192505411255412 0.03201659451659459 0.046296296296296294
7 0.7212137609864883 0.5245364904455814 0.0333694083694084 0.031866281866281924
7 0.6799613784907902 0.5651578813343521 0.03652597402597403 0.047799422799422724
7 0.6737764550264551 0.4644159852493185 0.0344967532467533 0.02555315055315056
7 0.6771858192312737 0.49726157680703137 0.030663780663780688 0.02014189514189508
7 0.623172514619883 0.5070283030809345 0.038780663780663756 0.05501443001443007
7 0.6591040008378717 0.4229216124377415 0.0324675324675325 0.06132756132756133
7 0.6184306539420175 0.4125672307490489 0.038555194805194835 0.05381192881192881
7 0.6091074841074842 0.3613353613353613 0.035849567099567124 0.06523569023569022
7 0.48934659090909083 0.37149771524771524 0.04238816738816738 0.06433381433381434
7 0.5586301324937689 0.28551204687568327 0.028409090909090887 0.07154882154882153
7 0.4864944083694084 0.26408429533429534 0.04509379509379509 0.06493506493506494
7 0.3888417453758362 0.14061065197428835 0.05456349206349205 0.07515632515632516
7 0.25291177076891364 0.12173893126274077 0.05659271284271286 0.0880832130832131
7 0.22268819143819146 0.23445433167655388 0.03900613275613275 0.041786916786916796
7 0.24527803545660692 0.18707482993197277 0.024125180375180397 0.027958152958152974
7 0.07594076930014429 0.21947525853775854 0.06358225108225109 0.07485569985569984
7 0.0826970097803431 0.10354871465982576 0.03900613275613276 0.03246753246753246
7 0.10352246959389816 0.043547722119150686 0.023674242424242434 0.03186628186628186
7 0.27495404727547584 0.021401658306420213 0.07846320346320346 0.038780663780663784
7 0.33031204906204903 0.017202447758003312 0.01082251082251082 0.03367003367003367
5 0.5215322871572872 0.30048886298886285 0.11724386724386725 0.26815776815776815
5 0.567881192881193 0.24365680615680615 0.0299873737373737 0.01202501202501204
5 0.4235768732296511 0.16878718846311438 0.13167388167388164 0.24741462241462245
5 0.2923075899510326 0.12750948201767875 0.1179202741702742 0.22787397787397787
12 0.04956124013431369 0.6988486883540814 0.04648074369189907 0.07470119521912348
12 0.13765952959649871 0.7356249356174186 0.10181496237273129 0.08816585509812601
7 0.06225099601593625 0.8597584968766908 0.027805444887118193 0.025822635384388355
1 0.410809906291834 0.7158262680351033 0.06289595516569194 0.22742040285899928
11 0.552646046539961 0.8504435947418401 0.30657285575048737 0.23788174139051346
4 0.6403757636808822 0.8170543510990667 0.14345760233918128 0.1774691358024691
11 0.21363338902812593 0.9259985612178596 0.28324805068226117 0.11787686809616642
