13 0.010954413486380852 0.23729474960115296 0.02641198682413433 0.05288986818305194
13 0.10847015771799136 0.25196207717193053 0.032020447956225245 0.04677083333333335
13 0.20564223385999694 0.2619326261114857 0.036332619339045295 0.050594362745098015
10 0.3774162741225242 0.4542417911524165 0.10630952272734162 0.09665618448637324
10 0.5495001345530579 0.43673316571036086 0.1386343528816987 0.11750066773504275
10 0.7854141600291308 0.40587697424854696 0.22102805367715464 0.15969596171802053
7 0.043376731254979733 0.09316973644803835 0.02801487471298792 0.03392669961066187
7 0.13989711934156376 0.1206905864197531 0.009675925925925916 0.00625
7 0.15030041152263374 0.10601543209876542 0.02560185185185183 0.03284722222222223
7 0.24974404278198117 0.12162459801568731 0.026731152817444134 0.03274168041804179
7 0.10334142074338151 0.019728535353535356 0.02715746792544179 0.006921750181554103
7 0.10488582758004603 0.007474940200478396 0.033489732082143335 0.013387392900856793
7 0.23302839654380267 0.021658837145969494 0.03267973856209149 0.04123263888888889
7 0.34295657114449063 0.055429050814956866 0.017772806363410398 0.007550335570469802
7 0.35563280743567627 0.03255910865464754 0.033992045737012214 0.04530201342281879
7 0.4190581481824989 0.2018967247367011 0.027407407407407377 0.02958333333333331
7 0.5696708374163291 0.1256252468079505 0.035857995846313565 0.037318276220145365
7 0.5799191130118397 0.3022338102187802 0.03303839827576425 0.024406584992343067
7 0.8116789232599251 0.23888650657518581 0.04240518391461781 0.032339908519153776
7 0.892247661315458 0.21559508053152118 0.041017519831079124 0.034989727786337986
7 0.39199073920740785 0.24685148026169632 0.029066327227137694 0.023328389568656505
7 0.38882936507936505 0.289827628968254 0.02824074074074074 0.02302083333333336
7 0.4544692407433345 0.21974758074856962 0.02873579249605761 0.025784320704363692
7 0.44915138088995016 0.26778215280704215 0.032834667790419984 0.025635622980755734
7 0.49661201945616495 0.20224732990506328 0.03029770276605714 0.026810829817158953
7 0.4913359788359788 0.25032407407407403 0.03111111111111108 0.027569444444444438
7 0.5445778218694886 0.18020089285714289 0.03180555555555547 0.029027777777777784
7 0.5365505894166265 0.23155673461598753 0.03388946819603752 0.029037770826091998
7 0.6506887400964851 0.13754309419172744 0.04107609887792128 0.03337762591748926
7 0.64246632996633 0.19683291245791248 0.040787037037037 0.03378472222222221
7 0.7242668510347566 0.10821643298969211 0.04512383112926578 0.0364450930803435
7 0.7150514962691484 0.17139132904060708 0.043850516706535496 0.03599503095470838
7 0.809763935236683 0.07175874428377212 0.04897828863346103 0.040277777777777767
7 0.7982043463579747 0.14085718778847958 0.048391095499304405 0.03895500747179853
1 0.3752593487953491 0.2650823910609445 0.051916110099170173 0.08900842440801454
1 0.4875792224801929 0.2165925919971955 0.14587962962962958 0.14274305555555555
1 0.6253581449365438 0.16216337182097265 0.07275295732995357 0.12543412716947067
1 0.6948058771759652 0.13251238559281087 0.07995977898396486 0.13800166686451404
1 0.7774004884867269 0.0976596181257179 0.08830061178067623 0.14984599430411094
