9 0.9337319242614999 0.6230545364440885 0.02320460704607041 0.03751693766937668
7 0.1264434049668949 0.11283133346891736 0.01224210787969179 0.007690156599552584
7 0.13052694971394155 0.1380352303523035 0.029735019572417955 0.039295392953929524
7 0.11301189400782898 0.14397018970189704 0.023261065943992777 0.017728093947606143
7 0.39749189814814817 0.2030260416666667 0.029490740740740762 0.034722222222222224
7 0.6492929666722657 0.08431344219786678 0.040329952968841835 0.05020833333333334
7 0.3482057679364436 0.40191216464268814 0.03347222222222225 0.024549266247379443
7 0.6147533108100068 0.3415157750687304 0.04302699228791777 0.031643816052556416
7 0.7168479938271607 0.3166116898148148 0.047824074074074054 0.035069444444444445
7 0.17649616973020407 0.3017831774403036 0.031441098419291554 0.029205607476635524
7 0.3503142167893125 0.2283334853737153 0.037547892720306474 0.03826628352490423
7 0.14890067546126295 0.3430640554875562 0.030429756561947498 0.022737318101455194
7 0.14333441341659797 0.3834835630965006 0.03003613369467028 0.022654132791327917
7 0.22375090913738255 0.31580252141846343 0.029857756307031656 0.0255564182194617
7 0.21589379992808377 0.36071078542168983 0.03093037875216093 0.025538268112525485
7 0.27461177362679456 0.2969142696888326 0.0314027222424169 0.026922028353326036
7 0.2645299932632865 0.34339094898335176 0.032739125418253176 0.027312651436483214
7 0.4633562152746061 0.22813245603629437 0.04323211193100057 0.03499889331562637
7 0.453943493796098 0.28758602646029185 0.041344371146466635 0.034645784827318594
7 0.5541171474962583 0.19396581152168468 0.0462187693112671 0.036760161980995576
7 0.5444056283206858 0.2593722993387615 0.046492712768676156 0.03737724734430109
7 0.6651467615273684 0.15138152254325715 0.051332496593369324 0.04239224007142182
7 0.6533752488171153 0.22187550556764818 0.050107352391451816 0.04169111893583725
7 0.9232726433009385 0.05504648011607959 0.06187578875023995 0.050550853150611315
7 0.9143769535683726 0.13766272460579387 0.06013934726806027 0.05094884488448845
7 0.33085346349761013 0.27522106202216867 0.03280685211378279 0.02892699984284144
7 0.3248376715900272 0.3251587346700783 0.034938666839132514 0.028729223257017208
1 0.10066259914836295 0.36517219865209255 0.12013888888888889 0.10770833333333335
1 0.23384065675505156 0.32247103421218176 0.11216582980160923 0.11957477274123214
1 0.31337516707115487 0.29547157285872566 0.063849451303155 0.11079861111111113
1 0.43631392435616567 0.2510940110442478 0.07835700726785143 0.12709643605870022
1 0.5254964078858873 0.21627732186375753 0.0847226723812936 0.14086887652603922
1 0.6342702093927154 0.17218764922327837 0.09366944307675475 0.1536086492696537
1 0.8971777995482578 0.08834381997535735 0.09786294570200188 0.18134278002699056
12 0.7171429899412051 0.5660287951830945 0.05456774254974764 0.047218651813767484
10 0.12925549295793407 0.54196512474826 0.12149877186342824 0.0959844816423854
10 0.3112440542167185 0.5257433888307309 0.15833591102783684 0.12040130638203148
10 0.6031236493060167 0.5036758782667243 0.24044947265145947 0.16337840323767475
