11 0.8715626773585252 0.4173660885922997 0.23965141612200444 0.2649393090569561
10 0.17432321575061527 0.40875213224474893 0.12221072003680697 0.07656142167011731
10 0.3653669197147456 0.4178690044858522 0.08051529790660227 0.06513112491373363
13 0.6684157921039479 0.29988725875157646 0.02933057280883359 0.0355848861283644
7 0.05394518918678582 0.23775135054021612 0.024072128851540617 0.020607201213818867
7 0.05273100401776873 0.2732982397504456 0.0230995175848117 0.020424836601307166
7 0.16287399462709057 0.25835306710403466 0.02480158730158732 0.0191482843137255
7 0.18062900447535332 0.2167183324479217 0.020911142234671613 0.02334267040149393
7 0.159828185660229 0.2910827159811293 0.01775015561780268 0.016412815126050438
7 0.21827444428063622 0.3000377782692024 0.017020697167755963 0.016412815126050438
7 0.21698189509722018 0.2676920548921322 0.0162912387177093 0.014771533613445366
7 0.18439825425119546 0.16701835405879523 0.02237005913476501 0.02735469187675069
7 0.4244840297230003 0.1135333690767974 0.03379824151882977 0.03939075630252101
7 0.512286511826953 0.1407763626283847 0.029907796451914118 0.03173144257703081
7 0.5424283428649236 0.02138225081699346 0.03015094926859635 0.028266514939309057
7 0.611301378190165 0.058789791958450036 0.0325824774354186 0.027901785714285716
7 0.5893568364845937 0.16666985804738563 0.028205726735138485 0.031549077964519154
7 0.5109126984126983 0.1927837107065048 0.01604808590102707 0.026442868814192347
7 0.6904613697330785 0.08024911353430259 0.029664643635231885 0.02662523342670402
7 0.7346915215361507 0.10041154142816547 0.031123560535325206 0.03355508870214753
7 0.683553757760414 0.17914923644896555 0.031123560535325206 0.020789565826330545
4 0.4792182381179143 0.2949204405515084 0.2144655057276417 0.15531091077207582
7 0.1678045387195714 0.10056551110472679 0.02148057703613259 0.011976834893501554
1 0.06274056326467228 0.25265142206966107 0.03971080359969249 0.0789623185456519
1 0.1715483886958246 0.2727685419993113 0.036460453127119784 0.07239095780762446
3 0.4485042452332172 0.08193482200491546 0.08251743064827174 0.09735202492211838
3 0.5323529550276322 0.11463697628584144 0.07788161993769468 0.0873850318943777
3 0.6023617910300154 0.1453674343569203 0.06242891756910451 0.07904057261533898
2 0.663813754416039 0.10677817336695841 0.07911783612718197 0.01668891855807742
2 0.604239294367799 0.08127155651980418 0.07324580922711763 0.011589526776442661
2 0.5312123984242364 0.043576620679424416 0.09055283587993865 0.01576175641596202
2 0.624505513524205 0.047679313158285115 0.05964743114275822 0.058874796024328734
2 0.5473788684736616 0.01930484031618878 0.043885674726796185 0.026655911585818124
