10 0.9345512720258575 0.8429198670049468 0.1328936850519584 0.16320277111644016
10 0.5978833954113305 0.8217964635383891 0.1371402877697841 0.1452171596056487
11 0.6960005144032922 0.924554183813443 0.06354166666666666 0.1125
10 0.3575339147286822 0.8315568475452196 0.12048611111111111 0.11990740740740741
10 0.19591049382716047 0.8237911522633745 0.05347222222222222 0.10324074074074074
10 0.14635416666666667 0.794675925925926 0.015625 0.031018518518518518
10 0.13420138888888888 0.8554398148148148 0.027777777777777776 0.03796296296296296
10 0.05807291666666667 0.8147762345679013 0.034375 0.08518518518518518
10 0.024348958333333334 0.7888888888888889 0.025 0.03425925925925926
10 0.01310763888888889 0.8454861111111112 0.025 0.031018518518518518
4 0.8513818742985412 0.9005892255892255 0.03194444444444444 0.11296296296296286
7 0.930474333983106 0.4130116959064327 0.021862139917695346 0.02674897119341561
7 0.8995466820987652 0.3752143347050753 0.02173353909465021 0.027949245541838166
7 0.860825331504344 0.33929660112787685 0.02456275720164614 0.029149519890260617
7 0.8208968772694262 0.3502279512628097 0.02366255144032926 0.025034293552812097
7 0.5917793385241301 0.14311956369248036 0.032913773148148175 0.06799768518518519
7 0.6549479166666666 0.1935088734567901 0.03200954861111111 0.05521797839506172
7 0.7099342039049917 0.24628455448201822 0.03363715277777786 0.0506365740740741
7 0.3125896314355371 0.2544404077101625 0.027721011201937647 0.05436976486022808
7 0.3770431352133684 0.29666920193270957 0.02658567968513476 0.04932384700777072
7 0.4343859478396263 0.3367140982944798 0.025923402966999732 0.04680088808154202
7 0.5534396159396159 0.42132635882635877 0.024229242979242983 0.04502442002442006
7 0.5928467495314197 0.4503076372219116 0.021980122324158993 0.039075773020727164
7 0.6305109582059122 0.47730962358893037 0.02251104315324497 0.03808472080643331
7 0.3612365123952202 0.4640442007015041 0.018804619225967576 0.029442363712026593
7 0.40705953495630454 0.48997021951727 0.019194756554307132 0.03672492717436534
7 0.44745094023096127 0.5139669163545568 0.015137328339575538 0.03235538909696219
7 0.10228865682052933 0.33579486766737754 0.024900398406374494 0.047956322856721294
7 0.17071207921935447 0.36745930930063964 0.020750332005312087 0.04279179577984354
7 0.2305402572715673 0.39937201086720653 0.023932049579459956 0.04113176921941865
7 0.01673383095968616 0.4222382500648746 0.019228640991589194 0.037996163494171474
7 0.07571381142098274 0.4487900250848457 0.019643647631695446 0.036705031724952056
7 0.20538955289951302 0.505179282868526 0.017845285524568412 0.03227829423048547
7 0.2516093035266342 0.5218836587805158 0.013418548030101797 0.023240371845949532
7 0.24583955843293487 0.5343210491367861 0.008300132802124811 0.011435738527372
7 0.057222274593598126 0.5239756158873805 0.011351495726495731 0.012761158594491917
7 0.004101800976800977 0.5018399810066476 0.008124109686609685 0.012761158594491917
7 0.1004991753100517 0.624491176874848 0.039945919370698135 0.061045558833169436
7 0.2738856112749918 0.6717059980334317 0.017207472959685353 0.02785971812520487
7 0.32635536783766866 0.6651507702392657 0.02043387413962634 0.026835463782366432
7 0.3816790694556181 0.6609047704180446 0.019051130776794482 0.0280645689937726
7 0.3084593166175024 0.5710217961324157 0.015824729596853496 0.018026876433956073
7 0.35933170197550723 0.5642896516790321 0.015978367748279293 0.022738446411012796
7 0.41526855948869207 0.5555760406424123 0.017975663716814142 0.023967551622418856
7 0.5299259184768034 0.5404152140877803 0.019972959685349106 0.030522779416584718
7 0.49324248197312354 0.6503673658909648 0.017207472959685315 0.0288839724680432
7 0.5625251407884149 0.6468259289055748 0.01920476892822028 0.0311373320222878
7 0.5983437807276303 0.5287932527976775 0.02104842674532945 0.02908882333661093
7 0.6388693349423438 0.6410901045856798 0.01812930186823986 0.033390691576532294
7 0.633213731941608 0.673691475682626 0.010601032448377623 0.018026876433956073
7 0.6782491757765052 0.5175135442574276 0.02335299901671585 0.03134218289085543
7 0.6828106222003715 0.6718994682981899 0.015210176991150428 0.019255981645362238
7 0.7299655850540805 0.6682849885283512 0.008603736479842736 0.016797771222550013
7 0.8233328863859836 0.5936764399153778 0.018436578171091532 0.03339069157653219
7 0.823430656118709 0.5272116444682815 0.017668387413962705 0.035439200262209064
7 0.8305102323008848 0.6613482259914781 0.015978367748279255 0.02232874467387744
7 0.8914187971156999 0.6578853927673985 0.017822025565388346 0.024377253359554315
7 0.9558341527368076 0.6554954659674421 0.019819321533923233 0.01946083251392986
7 0.9492725233529989 0.7160306047197639 0.011061946902654857 0.023148148148148147
7 0.9500105351875263 0.7584457086669475 0.007989183874139705 0.019870534251065216
7 0.8831779393173199 0.7171536264456618 0.009986479842674593 0.019870534251065216
7 0.8209270526057029 0.7575129056047198 0.00891101278269433 0.022533595542445065
7 0.8197653026931813 0.7190353682844296 0.010051627033792303 0.018993649469244065
7 0.7196691176470588 0.7202478213507624 0.010416666666666666 0.018518518518518517
7 0.7193215943215941 0.7587587587587586 0.010979729729729746 0.020395395395395453
7 0.6657188438438439 0.758133133133133 0.009290540540540506 0.02039539539539535
7 0.6675487987987988 0.7222472472472472 0.012293543543543548 0.01951951951951948
7 0.6189731398064732 0.7217634300967635 0.010979729729729746 0.018893893893893905
7 0.6171921921921921 0.7587087087087087 0.010228978978979026 0.019894894894894866
7 0.9304691818684355 0.5132209323751612 0.01589275843007193 0.03892574166206015
7 0.929553620784964 0.5821816841717339 0.01727473742399105 0.038465081997420235
1 0.9206626222333029 0.5379650405828417 0.029813845258871492 0.14785728136513476
1 0.815720673187494 0.5570549850958957 0.03072280395578828 0.14228233469071158
1 0.9418934023527813 0.7278952185049186 0.024325742894056805 0.09030469422911289
1 0.8759689922480619 0.7292589516426725 0.02472948966408271 0.08532515073212756
1 0.8123784553994401 0.738450038580247 0.027353843669250623 0.09205426356589148
1 0.7151996887398345 0.7369047879996784 0.018881792376317937 0.08296161124628272
1 0.6623525062805374 0.7378765849702293 0.019261962692619584 0.0797512841308462
1 0.6140084091006103 0.7387754158307369 0.01862834549878348 0.07873749662070827
12 0.18260173245722378 0.5830917993731097 0.08650449582530509 0.1311282380646542
12 0.0456849489513432 0.6100831247831447 0.049173089274245345 0.09526867908370797
3 0.2689865876906318 0.6592002541757443 0.028339460784313687 0.06689133986928106
2 0.29498570261437906 0.6232298474945533 0.01851000816993466 0.02025462962962963
2 0.2720880018674136 0.6077847805788982 0.0234885620915033 0.009191176470588192
2 0.2995110804738561 0.558661832788671 0.021956699346405234 0.023828976034858295
2 0.30761718749999994 0.5732145288671023 0.020424836601307207 0.013446350762527214
3 0.32059643617548017 0.6476478428071565 0.030381944444444444 0.08578431372549028
3 0.3400735294117647 0.6131706154684095 0.027573529411764695 0.02842456427015255
2 0.3515688827614379 0.552015250544662 0.024637459150326772 0.03370098039215685
2 0.3634025224673202 0.5711294934640523 0.022722630718954227 0.010893246187363823
3 0.375811887254902 0.6446078431372548 0.02744587418300652 0.0900394880174292
2 0.3945549573996265 0.6047575280112046 0.03523284313725491 0.03863698257080612
2 0.40417063816267246 0.5355846042120552 0.0077869689542483895 0.02297794117647053
2 0.4157220179738562 0.5554874727668846 0.021956699346405234 0.017020697167755984
3 0.485935790625263 0.6169001935538162 0.027867191225560282 0.11365442695914807
2 0.5081664282308058 0.5902281036401207 0.028612303290414885 0.03775234461929739
2 0.522939516769989 0.5233534679171301 0.023247496423462147 0.03377841360673983
3 0.5546216817676044 0.6190655963545807 0.028761325703385805 0.11345573040852017
2 0.5760993596294026 0.5807332470422598 0.03338102050548402 0.044309330790017566
2 0.5935811079319663 0.5120851657570781 0.027420123986647522 0.040534096328087695
2 0.5974308536003814 0.5375072855401897 0.019223891273247536 0.013511365442695827
3 0.6299218791395115 0.6065377788374927 0.031741773962803976 0.12855666825623904
2 0.6558973136226355 0.5743323795898904 0.03576537911301859 0.0433158480368781
2 0.6707796852646638 0.5077968526466381 0.03054959465903677 0.05603242727706256
9 0.6819006506506505 0.01764264264264264 0.014545795795795789 0.030655655655655645
6 0.6747685185185184 0.04451326326326326 0.036286286286286266 0.02898732065398732
9 0.6312718968968968 0.04543084751418084 0.021896896896896893 0.0706956956956957
6 0.6002076771893844 0.057125214645539844 0.03644269269269269 0.08508508508508508
9 0.5640508929982614 0.07587631491140263 0.021740490490490476 0.061728395061728385
6 0.531188357475122 0.09451853814598911 0.036129879879879846 0.05818318318318317
6 0.4270147163292324 0.14270318705802573 0.03831956956956956 0.04796463129796462
9 0.43179208620385084 0.1271124065241712 0.01673548548548543 0.03003003003003002
9 0.42938250750750745 0.16443526860193527 0.012668918918918907 0.013346680013346676
9 0.3876570022403355 0.1515503598836932 0.017673923923923873 0.04275108441775109
6 0.37832624290957617 0.16761205650094538 0.026901901901901858 0.04462796129462795
9 0.35447947947947944 0.1717550884217551 0.01720470470470473 0.05130130130130131
6 0.325573735500206 0.18553479950538776 0.0322197197197197 0.050675675675675685
6 0.24637267475809144 0.22476469525080633 0.0322197197197197 0.02794461127794463
6 0.20772810854332596 0.24010423466945205 0.03972722722722723 0.03169836503169834
6 0.1668856356356356 0.2600318572540795 0.0314376876876877 0.025859192525859217
