7 0.33785923789805766 0.32856540361716347 0.0071118423214696375 0.008729337145486212
7 0.3199841269841269 0.3325701058201059 0.00704365079365076 0.008697089947089932
7 0.30319272741147746 0.3367928367928368 0.007242063492063504 0.008201058201058186
7 0.9109592013888889 0.28940421075837747 0.007242063492063447 0.008101851851851851
7 0.9108392475579974 0.29910841473341476 0.007192460317460317 0.007506613756613734
7 0.8705299908424909 0.2965748371998371 0.006845238095238073 0.007969576719576727
7 0.8703769841269842 0.3061283068783069 0.006498015873015941 0.007109788359788359
7 0.9544675562532706 0.281738763881621 0.007794784580498899 0.009666259666259646
7 0.9547963816937032 0.29201219305385967 0.00795831152974001 0.008067329495900938
7 0.797425508672021 0.24103540912447308 0.008462580009847334 0.010355364860534715
7 0.7977714473283157 0.22996920744335808 0.00886556001031628 0.010404210921197634
7 0.8054423388819061 0.23731115263451014 0.008572483646338875 0.010013442435894427
7 0.8050060937339373 0.2483164641584139 0.009561616374762634 0.010355364860534715
7 0.8457201447376438 0.230492991990814 0.00882939502909743 0.010920955981765918
7 0.8456390292070733 0.21875390256323837 0.009276929601357085 0.011611939092855125
7 0.8531121399176957 0.2376090045071527 0.008060515873015874 0.010482804232804248
7 0.8532338069636457 0.22618940945553845 0.009002976190476122 0.010582010582010581
7 0.8987779461917392 0.2179066144583386 0.010057471264367847 0.011220580186097423
7 0.8986138478379859 0.20634008392629086 0.010125889436234197 0.011174968071519818
7 0.9053104297604891 0.2257390735393113 0.009168035030103936 0.011038131727786891
7 0.9056028781244294 0.21225977619655778 0.009339080459770095 0.015553731070972453
7 0.221656162464986 0.39738562091503277 0.007638888888888877 0.009259259259259259
7 0.2218601190476191 0.41544312169312175 0.006919642857142852 0.009259259259259259
7 0.17274013772175537 0.3894802365390601 0.0065972222222222 0.009424603174603174
7 0.17745122354497353 0.3891699735449735 0.0007192460317460262 0.0037037037037037186
7 0.17267594537815126 0.4077225334578275 0.007465277777777783 0.00770502645502644
7 0.17156498015873015 0.41326884920634926 0.004042658730158747 0.0015873015873015723
7 0.2193180627586568 0.24103759582307435 0.012769134056262777 0.03300330033003301
7 0.17484264356327325 0.28607294525997523 0.01137516410072802 0.01740462266778057
7 0.10342261904761903 0.2087007642563198 0.014398699294532625 0.03380364491475601
9 0.060958060638903945 0.4733357298363946 0.007866742164232686 0.03036345361994612
12 0.17758484463440818 0.11517162818942235 0.08635956287957451 0.09024701396495549
12 0.0704354301927865 0.0668535612314315 0.08737676596146135 0.10043475868141542
13 0.3460758007893136 0.3971794413038973 0.012945218737901677 0.022905679437153898
13 0.3292276729040164 0.3990700981171375 0.012973547815116025 0.022616858278258642
13 0.3125764534839187 0.40150336961202343 0.016167223814071978 0.0232956600049393
6 0.8578046236881933 0.40284500981900506 0.011022927689594331 0.009381215054973937
6 0.905049194968927 0.3935061486495402 0.0058756877647151585 0.0034223304173428793
6 0.9105151308237344 0.39937771312459597 0.008906305664410414 0.008246579318898543
6 0.8105569284337667 0.40670425933906323 0.011276211873638295 0.008915603278348389
6 0.8116610738255033 0.2796786126829553 0.010586449344838598 0.011407620468023136
6 0.8589193014732097 0.27055196641899243 0.010896654259187897 0.012122249319014795
6 0.910537027003525 0.26213943460045436 0.011099572572391815 0.01362885370470705
6 0.9580086291450766 0.31670564582307564 0.007913061827389739 0.009622673950591257
6 0.9155862615848901 0.32437273284498436 0.008535849100841658 0.010501903042523438
6 0.8755061136920894 0.33031815933238706 0.007561459543166863 0.010323912762937162
1 0.17465429820438216 0.3931878703338959 0.010338702679249391 0.0362325390799195
1 0.22365400629472726 0.4049277398381997 0.009280385339707379 0.039632618673454856
8 0.947455081569665 0.49290858318636094 0.005098104056437415 0.03931510875955321
8 0.9575341710758378 0.494238683127572 0.0065448633156967116 0.03573265726043507
8 0.968198347230605 0.4968811420424323 0.007321882321882243 0.03052503052503055
8 0.01305010185202488 0.28225646898645346 0.020580145331883168 0.18997145641882485
8 0.04848678784107133 0.3430310821627936 0.02359685176960968 0.11937054052182451
8 0.08956015407358213 0.3054477772887447 0.018281165843944708 0.17496544311597403
8 0.12150389290541545 0.308051041649593 0.016780439027462842 0.1711244197662892
8 0.15031693621741027 0.3200545122442267 0.01599250811435682 0.1657329598506069
8 0.21056658199707695 0.328996159849302 0.015337823725981626 0.15588015176830966
8 0.2355778971996731 0.33516316756739445 0.014848318713450288 0.14946219715956555
8 0.2585774895734632 0.33776460052489937 0.015409182846046655 0.14596223405678624
11 0.7350064810826874 0.4712336582988935 0.17244218680963838 0.1922962524636307
11 0.10462090283571501 0.5325052693159724 0.005732442348008382 0.02777829772719715
11 0.12760805135375416 0.4784417276462175 0.029952686202686204 0.13438600704450854
11 0.17278521057878146 0.5236350405879754 0.07062138966208735 0.12494152513532351
