7 0.4223685984658632 0.4522203982715824 0.05397509578544057 0.11570881226053645
7 0.43515383612214603 0.5540387604505032 0.046102268534422404 0.09194053208137708
7 0.4806722372779282 0.5622302519321488 0.012251580849141814 0.04945799457994576
7 0.4552621928859552 0.7108168081765442 0.061743674367436795 0.09470113678034472
7 0.4887938087559905 0.6875085702784828 0.01623499491502511 0.04488794866471469
7 0.6362433098578271 0.4749508356107344 0.056458333333333305 0.1177913533834587
7 0.701708408344341 0.5774964538557545 0.06486960654763334 0.08851494963914669
7 0.7326404921985918 0.7249930816080187 0.06948976233445806 0.09224990983923373
7 0.7607867360563872 0.7065429544990222 0.008906291042815755 0.021232816741090968
7 0.843578152343453 0.49164639288341083 0.0625158671282558 0.11310185185185183
7 0.947098726722431 0.6002877081067718 0.06844667943805878 0.08626011068539804
7 0.9703785724701081 0.7326524071643823 0.05333552055993004 0.08903834937299501
7 0.8467040689918047 0.7539934636370696 0.04657423289498755 0.05280795375134999
5 0.4734704137319151 0.601979532788526 0.10732060705508602 0.3562057766721945
5 0.7410797712466686 0.6297008741956857 0.14128472222222224 0.34613635074584537
5 0.9578729549387475 0.5719010092549154 0.09125000000000007 0.29783311910882604
