7 0.023666797693920338 0.06575930293501046 0.043675751222921035 0.0379979035639413
7 0.20932596404294523 0.07718696397941681 0.050227113906359186 0.04029088050314466
7 0.40379257337752783 0.09112894509295288 0.0489984147571696 0.03728923476005189
6 0.27328005801709837 0.11760752688172042 0.02594033722438393 0.03634349329874621
6 0.36741356947985154 0.12405984912861341 0.02197723014843636 0.03566796368352788
6 0.4634133160397752 0.12978725320651396 0.022517653840611097 0.0368839169909209
6 0.10502431388222754 0.1093146316280309 0.028421707078781413 0.037136957100985864
6 0.6398315690881639 0.13531851286647448 0.02386979305444533 0.030475619504396492
7 0.748037933289732 0.12810584865440983 0.024980015987210155 0.01706967759126032
6 0.7354031304870633 0.13848856811986307 0.019428901323385723 0.02214894750865975
6 0.8359197415729966 0.14478849019549792 0.02586819433342216 0.030475619504396492
7 0.7292112437995732 0.39068492680602995 0.02631228350652811 0.028560484945377045
11 0.17024410774410778 0.5486481191222571 0.31454342273307795 0.4955699233716476
7 0.9901954237891737 0.6229967948717949 0.017806267806267855 0.019364316239316223
12 0.5987638110799877 0.6123074229691876 0.021105664488017498 0.036509395424836555
12 0.6917211328976035 0.6192980664488016 0.023488562091503275 0.0357434640522876
9 0.5820768964151317 0.6168532754010694 0.01565904139433548 0.029871323529411756
9 0.637340005446623 0.6213192742374727 0.018722766884531616 0.029360702614379067
10 0.7107987994252077 0.6176937752051173 0.14059095860566442 0.08348651960784308
12 0.4165738265002971 0.5989815433749256 0.024850217864923727 0.043402777777777776
10 0.3445298573975044 0.6021497140522876 0.08067810457516339 0.07404003267973856
9 0.9560276230015656 0.6459460013110454 0.023352999016715878 0.048856932153392305
8 0.981105300795566 0.6593311432913204 0.008603736479842736 0.031649459193706916
8 0.9797334207363705 0.6954004151644269 0.009013438216977985 0.025350294985250738
7 0.3212833841488812 0.41754136052381663 0.008996851102114236 0.01785312640575801
7 0.33794421952316683 0.41971247563352826 0.012370670265407094 0.017150247413405297
7 0.31705867232183027 0.4554254225306857 0.011058629479682086 0.01616621682411158
7 0.3324818456397404 0.4572127433969539 0.012558104663367818 0.019399460188933897
7 0.4295728637833901 0.42377578561789087 0.010121457489878522 0.017712550607287467
7 0.4451801244564402 0.4247673470535312 0.010121457489878522 0.01785312640575793
7 0.42474977507872236 0.46187935784975254 0.008247113510271397 0.017571974808816844
7 0.4407385986333354 0.4629161043634728 0.010871195081721415 0.016869095816464213
7 0.6199496842771695 0.4352070525316139 0.011058629479682138 0.01897773279352227
7 0.6338495812180023 0.43538333012017216 0.00787224471434995 0.014901034637876778
7 0.6159897607266028 0.47291706831180513 0.01143349827560348 0.016166216824111502
7 0.6294850373797741 0.47313797313797307 0.008621982306192842 0.015182186234817784
7 0.7275078722447142 0.4406348403058929 0.013307842255210605 0.020383490778227615
7 0.7424276503223871 0.4407676063377818 0.00843454790823212 0.01729082321187584
7 0.7252461638426552 0.47830134452941464 0.014432448642974945 0.019961763382815988
7 0.7396161343529764 0.4794839663260715 0.008059679112310779 0.01616621682411158
7 0.8386391685986827 0.4466417523097685 0.01536962063277856 0.020102339181286528
7 0.8535494719705246 0.44781424715635243 0.0076848103163893325 0.015463337831758869
7 0.8360006689966205 0.48457559085089447 0.01593192382666073 0.019258884390463353
7 0.8507022542110262 0.4846350652271705 0.006935072724546335 0.015182186234817863
1 0.8445225989085635 0.46214506740822536 0.030551806867596395 0.08364260008996852
1 0.7335851569597699 0.45638346431690086 0.029239766081871333 0.08083108412055783
1 0.6258103781323595 0.4506033182503769 0.029239766081871333 0.07956590193432302
1 0.43571113746552337 0.4403472988999303 0.030926675663517738 0.08209626630679262
1 0.32756366154198957 0.43138991426530116 0.03373819163292848 0.0804093567251462
