7 0.11410062715264438 0.22274075480582176 0.0848616936145642 0.09625775743561628
7 0.04666453982096109 0.17165962692456713 0.07601016901458665 0.09161837336482363
7 0.43617469080415333 0.29207326650704896 0.07388888888888888 0.09767843529635982
7 0.5974876364027307 0.277134960311061 0.05417976939203355 0.08604122990915442
7 0.7124841366311547 0.3401607978913781 0.07488136010281354 0.09611228980040862
7 0.9826176068864749 0.6456702242551301 0.03207606727653898 0.08057620227431549
3 0.330585028904172 0.382432549056917 0.1322205584893384 0.6372926910575882
2 0.1252801409361879 0.165051207308393 0.10378000494926996 0.42401960784313725
2 0.45973603552156095 0.2384962864138482 0.14330213365539454 0.48589477327795083
3 0.665681956899907 0.46492293502947923 0.1469584771829828 0.6054868212644686
2 0.8018380404825963 0.3787504546098076 0.1286153247426425 0.21152760444523686
2 0.6753389633861691 0.0799644603608064 0.08932191590086329 0.14229202525860615
2 0.740616309862798 0.2566194981183539 0.09415596669741653 0.23129781934813382
