10 0.7957658771246864 0.48158114410010666 0.2595508894721493 0.16868985126859143
10 0.5106690036449887 0.5281472906747589 0.152426795026073 0.11971018852787804
10 0.3396154873122766 0.5545382517860304 0.11098847191562423 0.09542862398822664
13 0.054266414301625585 0.3804376559658252 0.03015779864371414 0.039368153364632265
13 0.14985316563302997 0.3907925433257983 0.025593375065206043 0.036678403755868616
7 0.2705763447789131 0.39229350777869837 0.022822117892540444 0.018583724569640008
7 0.26821741998833964 0.42693661971830976 0.023800208659363612 0.01980633802816906
7 0.2998934967831682 0.4156967266562337 0.026245435576421457 0.01992859937402187
7 0.30026299773952353 0.3780972874282734 0.022496087636932685 0.021028951486697957
7 0.3351228771807801 0.40108513736741447 0.025756390193009897 0.022129303599374043
7 0.3364632237871675 0.3621831500700108 0.02885367762128326 0.021151212832550885
7 0.3560914526942175 0.32396539732220486 0.02738654147104853 0.027019757433489864
7 0.40389142849298526 0.33081346264722844 0.02787558685446009 0.024574530516431953
7 0.4017878313652961 0.374269766325224 0.03146191966614501 0.024207746478873245
7 0.44704753864316515 0.3563918231611894 0.030972874282733397 0.026041666666666706
7 0.4517459696450307 0.3103691594008495 0.031135889410537302 0.026041666666666668
7 0.5072215701617111 0.2822014155640916 0.030157798643714134 0.02812010954616591
7 0.5026126879119839 0.3332621994593825 0.031624934793948914 0.0282423708920188
7 0.5157415021360598 0.23939307102572402 0.0334737069430947 0.034823453190800144
7 0.5583860528338321 0.2055137531202957 0.02942446819997839 0.03431729834791059
7 0.6239933142569198 0.28582563977972136 0.04062736205593351 0.03381114350502104
7 0.6266534391534393 0.22674049778641614 0.04373177842565591 0.033811143505021075
7 0.7106899902818269 0.2494290573372205 0.049535687290789256 0.03735422740524782
7 0.7141998213426785 0.18722667638483964 0.04643127092106685 0.036949303530936166
7 0.8181297915991793 0.20566488500161967 0.05398984990821724 0.041099773242630394
7 0.8245491847532661 0.13479105928085522 0.053180002159593995 0.04160592808551991
7 0.8013122104472932 0.06884669967760347 0.035093402440341176 0.048894557823129244
7 0.7839326206673144 0.06050574991901522 0.013362487852283726 0.007997246517654686
7 0.7918470418470417 0.32415441359406877 0.04538405400474369 0.031643404488232066
7 0.7722986225141396 0.27829091406677614 0.042419266557197625 0.01984126984126983
7 0.8964871069756128 0.2935638455573801 0.04880496259806596 0.03540640394088668
7 0.8692072614486407 0.24505678708264916 0.04515599343185554 0.022749042145593833
7 0.5771798444212236 0.3868736627357317 0.013455573800401318 0.023433223864258362
7 0.5284020935960589 0.4048110803229337 0.028963692756796205 0.02428845101258893
7 0.5192179042753756 0.36860290093048714 0.029875935048348807 0.016591406677613524
7 0.5697808337894544 0.3135476532567049 0.025770844736361986 0.016591406677613562
7 0.4569193577814268 0.42805829228243014 0.015051997810618532 0.022235905856595493
7 0.3726998462220137 0.45099792790679477 0.02417442072614488 0.018301860974274733
7 0.4781746031746031 0.01755952380952381 0.024250440917107596 0.020337301587301588
7 0.4566247795414462 0.021908068783068786 0.029100529100529116 0.021494708994708994
7 0.3702050264550265 0.055782903439153424 0.023148148148148147 0.008763227513227514
7 0.294315992292871 0.1640976236351959 0.027831299507600073 0.03492292870905587
7 0.28062111967458786 0.1729839033397559 0.022746735174480805 0.015855812459858697
7 0.1737468269260177 0.14320694559133862 0.03211303789338471 0.042750481695568415
7 0.04805247805609077 0.13630479287090558 0.03371868978805395 0.025489723827874105
7 0.0843596912111023 0.24913578148022214 0.025155213016484688 0.018464996788696238
7 0.18541456402728074 0.25462485090375275 0.025690430314707757 0.03211303789338472
1 0.26218892375991165 0.40633713052077286 0.03481314054531779 0.07452836548754181
1 0.2922831175755153 0.392204525291148 0.03501899335232668 0.07912660256410259
1 0.3239541460146484 0.37884359267064743 0.045109211775878455 0.0830217236467236
1 0.3923546751106992 0.34949895736793335 0.044664055080721764 0.09459579772079776
1 0.4376585283758281 0.3275832048577302 0.04792853751187083 0.10105056980056978
1 0.4931435269976934 0.3030589684235518 0.05074786324786326 0.10772792022792023
1 0.6102449116971568 0.25010023164647177 0.06527018822100787 0.12511384335154824
1 0.6942189110102246 0.21030714794866234 0.07214369846878675 0.13803003533568906
1 0.8024992766203703 0.16107912416811343 0.0802951388888889 0.1504177517361111
12 0.9176314620467546 0.5525709367538453 0.03804810557684119 0.0259418901660281
9 0.9470284237726099 0.5920004306632212 0.008613264427217958 0.03660637381567611
9 0.9023471145564168 0.5921080964685616 0.011125466551823138 0.0271856158484066
