7 0.9199952434472878 0.6358901415879332 0.05514633420307114 0.05258425741764976
7 0.5669612237483135 0.6777485727436393 0.03894885434419593 0.039307499411822155
7 0.4205791565776977 0.7150274699336542 0.03898091282166948 0.04007104744151102
7 0.4374498699778302 0.6396795469234863 0.02453286029820358 0.04149213865112613
7 0.28455216928400323 0.7515600508680095 0.03778660785581204 0.03865799713550577
7 0.31055395378567996 0.6744957844280615 0.032229073822250355 0.041737912835081326
7 0.20709746964763698 0.6078217204656686 0.04481594196856628 0.055006647119041366
7 0.23427455774755307 0.5397332386951763 0.041509816596321775 0.0524946026676131
7 0.355225204102984 0.5656989022938799 0.04325259515570934 0.059918506891859104
7 0.37484457087719925 0.4972240800379657 0.03770939252745057 0.05319392569089643
7 0.4968535857249474 0.5225365809530271 0.0061062487278649 0.016452947961191382
7 0.5221701564193029 0.5151144010195816 0.03667067850157969 0.062406320868785156
7 0.49996158650718575 0.45371157486673347 0.002469438823768825 0.01466696998359699
7 0.5077208982514235 0.4568996334540329 0.008605620143436963 0.026540231398889703
7 0.5281191959788191 0.4542851783497849 0.025592365991786457 0.0568719244261922
7 0.8610600351090034 0.4066280641360259 0.05866334402704208 0.06642952233731793
7 0.8488553841127463 0.34257622934724674 0.021069397211042926 0.028092529614723902
7 0.8197599597738288 0.35043530088254576 0.04594100787733188 0.061274509803921566
7 0.018012881107035174 0.6126698185294067 0.041545255873247124 0.05337016127400389
7 0.22380172035674248 0.25415730607928555 0.03259174423704861 0.04203421219357668
7 0.14953713126927046 0.09774709576256492 0.03692490067922594 0.0485924217181426
7 0.686187969160045 0.044566690348642406 0.03677515336910557 0.03914325036635853
7 0.6069405458716289 0.08130566416951689 0.03513297440445713 0.03705878189033099
7 0.5422211055702559 0.10710671235045346 0.029179600040708388 0.036679896872243704
6 0.7077617580024272 0.20454707507941775 0.02393910995770855 0.10417152174517179
6 0.799119856254513 0.1686345804484766 0.030465383781337525 0.11471800501987837
6 0.9002777047219085 0.12791891936932306 0.02481479016946147 0.10914810871558275
6 0.20385587596562152 0.4008695660184767 0.02556463291950871 0.06798810484539619
6 0.1467493649438317 0.4246429830832303 0.03528970372357813 0.07302955259906206
1 0.5153248377246867 0.45627388186067436 0.04571748002662519 0.1762870559792599
1 0.35746753181381 0.5148154210400624 0.06953273052785952 0.17341650827688157
1 0.21172699738858247 0.5594247066256598 0.09224197319763713 0.17059356894747027
1 0.841648867951819 0.3426085064622792 0.08737228243128552 0.18445464704535974
