11 0.12553478422619047 0.648499503968254 0.20848834325396826 0.4970651455026455
11 0.48054547475843745 0.8370359064803509 0.04715363511659805 0.14207329022143836
7 0.40667308590102713 0.5701372429313606 0.025348681139122326 0.03939075630252097
7 0.40916275930662116 0.4970783603296389 0.02626050420168064 0.04060652038593221
7 0.4171644147855221 0.4300229078559529 0.020789565826330517 0.032825630252100835
7 0.4152812161221948 0.39797572528841646 0.021767753992524685 0.03306878306878307
7 0.4148543743714198 0.3664667963910388 0.00892481361231356 0.029937269520602845
7 0.4246131059747131 0.37060120765477905 0.012025012025012029 0.027056277056277035
7 0.41541000870045 0.3353593120749983 0.013997865560365573 0.0346971701138368
7 0.40205627705627706 0.32473043931377266 0.01982248075998072 0.03858024691358027
7 0.4019205535749653 0.27757367677710815 0.028277567340067335 0.04534431617764951
7 0.40679215040010497 0.2489724080633171 0.018976972101972155 0.03394560686227352
7 0.3985220508658008 0.2045905483405483 0.04189965127465129 0.07177429052429055
7 0.39631809163059156 0.12274459447078494 0.03551136363636365 0.05173260381593713
7 0.42051134179161864 0.4595016111019571 0.017507002801120483 0.03355508870214753
7 0.4335684891240447 0.5281692992130702 0.008100181711292799 0.01792617533358276
7 0.4347527706113565 0.5441216720677999 0.005761984928651618 0.018594231557194484
7 0.9764051377571785 0.026908402758742896 0.032977934763649054 0.05305541019826733
7 0.8613720109255826 0.027527036455607883 0.03011621315192747 0.047059422059422054
7 0.7828637527885647 0.18180180304240456 0.024665314843886336 0.03470405256119542
7 0.8773817018794696 0.18305933484504916 0.02398395255538118 0.033613872899587165
7 0.8553982490432069 0.21731448989852348 0.03120639281353574 0.047786208500494226
7 0.9672543340698103 0.18970135537595856 0.0248015873015873 0.0308884237455666
7 0.9508210335416218 0.21331182045467764 0.025755494505494497 0.02634600848886564
7 0.9390705400750042 0.22812009419152274 0.01962323390894821 0.03143351357637072
7 0.8671016483516484 0.32883452526309664 0.03038875806732951 0.037066108494679915
7 0.852615886098029 0.35608901680330246 0.01798796441653586 0.011810279667422546
7 0.797670831152974 0.3187261371785181 0.020032051282051214 0.02471073899645325
7 0.7842975476904049 0.3385173028030171 0.011991976277690535 0.013627245770102924
7 0.7801969855541283 0.3553820518106232 0.014036063143206002 0.009993313564742132
7 0.7158051521890808 0.332277676027676 0.03393184196755625 0.057779522065236316
7 0.8046196873811251 0.4352039169577297 0.01671810699588477 0.020453654712913934
7 0.7710955454011009 0.4254627402775551 0.010931069958847808 0.013717421124828546
7 0.7431003361992945 0.4344487923770331 0.016534391534391495 0.017636684303350945
7 0.6803749020184205 0.43227567661724037 0.016534391534391495 0.01947383891828337
7 0.6322951543898809 0.5389178240740742 0.011625744047619048 0.009645061728395011
7 0.6171074115410052 0.5738811728395061 0.010850694444444444 0.008611662257495616
7 0.6588998084766314 0.5754886831275721 0.011109044312169275 0.011022927689594331
7 0.6794953816438192 0.5415952681577682 0.011238219246031746 0.009128361992945276
7 0.7264982816043084 0.5439125881834216 0.011884093915343877 0.008956128747795389
7 0.7008679616101492 0.5778738526134359 0.011884093915343877 0.013261959876543234
7 0.6541849233906527 0.49654844576719576 0.010592344576719615 0.006200396825396825
7 0.7072696700207861 0.49868905895691606 0.011238219246031746 0.004478064373897733
13 0.6079009471279206 0.6815887572466522 0.015664160401002502 0.033503898635477564
13 0.6484472901002505 0.68512571939107 0.016208054859370623 0.032198551935394
13 0.6888967209690893 0.6858080597115682 0.017187064884433244 0.03335886011324607
10 0.9174584688948043 0.7803000427224027 0.062327467218771575 0.09086726478030821
10 0.845333604456275 0.7956020572480199 0.05175983436853001 0.07533931446974933
10 0.7966037585602801 0.8010166162340074 0.03795721187025533 0.04945939728548429
10 0.7606682769726247 0.8081818878920329 0.03148723257418911 0.0477340694731999
7 0.9084628169449598 0.6636088778945921 0.015589569160997683 0.020786092214663654
7 0.9886798469387754 0.6265589569160998 0.01718395691609976 0.025037792894935774
7 0.9918999651142507 0.4875283446712018 0.013640873015873016 0.03023431594860163
7 0.9921326598368433 0.5405955542907734 0.013438310251059321 0.030302072134741433
7 0.9677632796269362 0.5594123603567308 0.0194657876430785 0.027798857480132395
7 0.9668073736798836 0.5085583591559687 0.01887292101435532 0.028852842597862485
7 0.9406645330341848 0.5255719702281281 0.016995510023398486 0.025559139104955803
7 0.9415077784101686 0.5763981112586689 0.016303832289888003 0.02687662050211849
7 0.9041751314846431 0.5570530927436638 0.01610621008031361 0.024636902126941976
7 0.9038555789053795 0.601029946149468 0.015414532346803239 0.02345116886949555
7 0.8818945997315851 0.6140122051476632 0.008497755011699299 0.02410990956807693
7 0.8821608407639282 0.5708317523556568 0.0072132106494656395 0.02239718375176546
7 0.8632632169733765 0.5855451963875412 0.008300132802124795 0.020289213516305204
7 0.8650603439416934 0.6254413562680495 0.011066843736166506 0.0220019393326166
7 0.8389691594372869 0.6047179727458611 0.014722854613292867 0.021474946773751554
7 0.8389815642945977 0.6428054473966064 0.014525232403718476 0.020816206075170176
7 0.8119802535888193 0.6254889319851693 0.011264465945740898 0.024768650266658237
7 0.811064350655984 0.6635849763339803 0.00839894390691199 0.02055270979573765
7 0.7918337672238733 0.6419867268140839 0.012054954784038466 0.01765425072197983
7 0.7909697190075676 0.6750423350688953 0.012746632517548836 0.016073273045384546
1 0.41001881852397326 0.16880907574942927 0.05810657596371881 0.20171957671957672
1 0.9823457034376054 0.5102875901456756 0.024891123717838564 0.11496475846656352
1 0.9605278819495291 0.5313761542312595 0.03509827517047727 0.1019521326380532
1 0.935078795767295 0.5531334985950765 0.028114434702882277 0.10314595152140282
1 0.8970401328952458 0.5787919790436699 0.030531917941665203 0.09502798311462571
1 0.8765641878282644 0.59146063847287 0.02390622313907514 0.08953641625121772
1 0.8596216144334572 0.6073501663872092 0.023995759555326287 0.0863131052661739
1 0.8346339219861696 0.6240380130417396 0.025696951464099463 0.08141844784444062
1 0.8177851214693659 0.6299128489475748 0.01925032949401181 0.07628502664603745
1 0.8065957697425811 0.6411788988002385 0.021488739900292216 0.07318109754932857
1 0.7877511223973711 0.6581523503906175 0.01799681966649483 0.06828644012759535
