6 0.9180920333731858 0.3781158805455924 0.06996268656716419 0.10802469135802471
6 0.7963382976186605 0.4831281139690076 0.07203565505804303 0.11931085314169894
9 0.8600693115618488 0.3302398265084832 0.04076838032061924 0.06541367237884654
7 0.02047246280257606 0.8967632689318232 0.0360407876230661 0.06153305203938112
7 0.14934584505391466 0.9850904438193469 0.04109528832630098 0.023148148148148147
7 0.6181141584622597 0.5590066156170234 0.024832981715893175 0.03955696202531651
7 0.6497074040586699 0.526421539079767 0.02043776371308018 0.024906235349273283
7 0.5230034722222222 0.36546237693389594 0.03296413502109709 0.040436005625879075
7 0.4886226642555756 0.39552776103409015 0.015603023909985976 0.028129395218002857
7 0.26683682439220413 0.2825497287522604 0.04878691983122362 0.05391467416783876
7 0.3768655258634161 0.17698077824660102 0.046369549929676485 0.05684481950304735
14 0.6472170078364768 0.47864336581150735 0.0878810226155359 0.10652245165519503
14 0.579760148897317 0.5617361989043405 0.11061946902654864 0.12045231071779736
14 0.4588044903310389 0.6816890636949634 0.047320550639134734 0.05776794493608651
14 0.5024308969736698 0.6456899377253358 0.0636061946902655 0.061864962307440145
14 0.5367522282488026 0.3116508601093243 0.0903392330383481 0.13192395935758766
14 0.448937662018414 0.41252309227972933 0.09679203539823007 0.1147164863979023
14 0.3775716662884805 0.5016955348813756 0.048856932153392305 0.07415601442150112
14 0.3348017906122237 0.5491943970052959 0.046705998033431624 0.061455260570304794
14 0.38659748560191026 0.11834527321252984 0.09679203539823011 0.15281874795149133
14 0.2512458657370162 0.28518965465868124 0.17391838741396262 0.22287774500163876
14 0.18637226970560294 0.9318827374382929 0.15452952952952953 0.1184517851184517
14 0.049948045871958925 0.8362347855101476 0.10541791791791791 0.164748081414748
