7 0.5828678737758541 0.06039987376082096 0.05622155172607757 0.04203869047619047
7 0.5762114653550102 0.1346710481972894 0.05613185833607033 0.041103754235776696
7 0.5815437654428287 0.18365351418072445 0.04693723347836442 0.03703740644948274
1 0.5901084201677095 0.13044785221820615 0.09621068063176905 0.16077117593008688
7 0.6065316357479711 0.24825711040778514 0.021237791032452227 0.01918981101816925
7 0.5881729287050537 0.22032357440931266 0.03876046467611398 0.033903407758846156
7 0.6004318338020286 0.2751814999183545 0.0376618982558147 0.029741106785131928
7 0.585906890853902 0.40734928463993125 0.04276308380142776 0.030333539859562164
7 0.5920516684408474 0.34988647690877545 0.042382729721231 0.03178704729092325
7 0.9690872850670392 0.2948434805132203 0.022739271654672915 0.015494267121165176
7 0.9925762702741914 0.40656832908602025 0.013075844372836955 0.008764470700560889
7 0.9649840874425992 0.378769356086575 0.016926899345297033 0.007690699919928406
7 0.9339691396129106 0.40263609443948706 0.015476190476190536 0.008388674806222053
7 0.8762105586745109 0.4024653312696295 0.01539844097096007 0.006594824104366088
7 0.9002419754916189 0.37639247194792835 0.017784495316592316 0.006686875891583426
13 0.8581032295803699 0.4789039735317791 0.021766351317473537 0.02791897983216563
13 0.9143796040073281 0.48206392443983226 0.023562348668280813 0.02543465832660748
13 0.9717661533333156 0.4853135137786055 0.02166005291005291 0.026244019804183366
11 0.6821661679041575 0.5783631711794179 0.075018805889413 0.10582361822862674
11 0.18416971190247708 0.459527411434859 0.32265691983749717 0.376464843798331
7 0.014193597289102905 0.45300656545389684 0.017824074074074072 0.010838293650793663
7 0.026803644816067177 0.5218417174938915 0.018535616361703318 0.013027390744781993
1 0.025161613180525438 0.5185359583257334 0.020278027353499053 0.04162296745907893
