7 0.4855813119457486 0.05400458305387883 0.03423317683881059 0.04401408450704226
7 0.6915722690551458 0.2205921298387052 0.026840073929115013 0.03805175038051753
7 0.783857813958917 0.14008844278452123 0.027403322440087172 0.02791394335511981
7 0.8850012244612371 0.0610831234256927 0.026238455079764834 0.029270454333426628
7 0.8259994454527122 0.3216811185050749 0.02179118773946366 0.029118773946360144
7 0.905187692360895 0.26590471579578334 0.023828976034858507 0.031267651093359126
7 0.987802428235235 0.20796632939429405 0.02318318892286789 0.03227998640842679
7 0.19899985617901098 0.3247488474052607 0.05114461180343179 0.06591927240449101
7 0.23275392208418236 0.273934208315987 0.030278380332610252 0.03996947055515387
7 0.22358242323520094 0.4336749498786536 0.05054012345679012 0.06721536351165977
7 0.9146207272130462 0.38851090919037734 0.01928442474971269 0.024344876634389185
7 0.9811793869594625 0.3433633687393086 0.01966722361459195 0.02459853337046314
7 0.3189814484819811 0.37332686760062117 0.04477949637746382 0.06267611403242115
7 0.34597424874687793 0.46850912209078854 0.046135972686813215 0.059308692318416296
7 0.41696794408291166 0.40662999352548923 0.04052181248493609 0.051719289788704104
7 0.4389616538586086 0.4912536024869734 0.04079867862729335 0.055986218776916515
7 0.4880181391807825 0.38355430502758947 0.02366945023793742 0.03279498759563753
7 0.5493885314707687 0.4525500045569023 0.03329150739548281 0.043900327706671655
7 0.5713510986948488 0.5276971683221683 0.032434778528528496 0.044888638638638595
7 0.6089500468152389 0.4735129536882458 0.031360137265813395 0.041658937735732385
7 0.6296698484198484 0.5433608211385988 0.03341324955908291 0.0433568489124045
7 0.5468279901914211 0.65297590232441 0.02991096271563723 0.04019044085822048
7 0.5994767993939784 0.6563458023031674 0.027682086614173172 0.03763852435112285
7 0.661885867120421 0.4921484002338313 0.02923976608187131 0.03888041359437237
7 0.6807625822809844 0.5552200751476113 0.02963704551233156 0.04015170777184507
7 0.7396006242002972 0.518430623278118 0.02950254175744378 0.03555434519486809
7 0.7569328794409615 0.5755448703993963 0.029606408916753757 0.035774410774410764
1 0.22918217127642887 0.3588865424691752 0.10428800366300366 0.2426147440775602
1 0.3469214390054376 0.39685844454928104 0.09795700648126977 0.209419833950775
1 0.44442105573863705 0.43359160418023923 0.0902767211063772 0.18981498986792597
1 0.571832550563541 0.46725535971110316 0.07928488909426987 0.1602497946190183
1 0.6255283104860474 0.48323253027779256 0.062027977362348156 0.14886127924010228
1 0.6817800242708734 0.5047176056958046 0.0705902279611032 0.13942332217439826
13 0.9899803109710771 0.5329368668053958 0.018961720867208796 0.06746619468778665
1 0.7575045795460575 0.5412366161518335 0.06534819866766621 0.1261458596455824
1 0.7913133839632777 0.5471869803820831 0.05955779063028075 0.1236717666154654
1 0.8264229953529311 0.557782808993909 0.0551134796465945 0.11593258961645565
1 0.8715027937660851 0.5753182858827953 0.05493094898916221 0.10601939038850534
1 0.9197941209066143 0.5853737686137276 0.0498558181176929 0.09722052185741671
7 0.7529619206448472 0.6748314919046626 0.02252710027100275 0.02943390545016558
7 0.8610051638176639 0.6789779202279201 0.016250000000000063 0.02527777777777784
7 0.8744173645174188 0.6068443174099052 0.024337748797917412 0.029885682315049976
7 0.856893344192137 0.5598285480076224 0.02165772412251291 0.028457783739473805
6 0.39972410448499746 0.0393683896370678 0.06989432011516815 0.07612441652488768
6 0.5902561055630242 0.16031103962614426 0.03895997375328082 0.04401793525809273
10 0.4321881737580546 0.9869799038291693 0.08225272585669785 0.029977221630576246
10 0.6559786965880726 0.9475925220859696 0.10685318708560432 0.06763388402434768
10 0.8348758748783768 0.8908189523967328 0.06260546660387721 0.037957984866587025
10 0.9136976650563606 0.8430622651637144 0.008655394524959724 0.00979602791196991
10 0.9201053408480945 0.8644659151905528 0.00905797101449287 0.013285024154589353
10 0.944092190016103 0.8518853998926463 0.017914653784218932 0.017310789049919555
10 0.3329372035895373 0.8533809257524025 0.2274141809915589 0.23082430027160683
10 0.6348550672913722 0.8193517907180509 0.1518746893309643 0.18180374001452423
10 0.8097241413187966 0.806581293808403 0.11476608187134506 0.1269821714085464
10 0.9260931462546258 0.7849949793953264 0.08812444459548929 0.09465975678422162
