4 0.30124933657288 0.9091130171117064 0.09375 0.16123113854595342
4 0.408643085680522 0.9231447004380121 0.09408353108631558 0.1507484015439464
4 0.5232058182937946 0.9224633210459214 0.09245719931203793 0.14211097544430873
7 0.707968541547551 0.6244103773584906 0.024418715456451343 0.028667174893589976
7 0.7516127453113443 0.6297815264461625 0.024579483534707295 0.03672115612414125
6 0.8397738647738646 0.6216868383535051 0.025087587587587577 0.027861194527861243
6 0.8814699007518153 0.6343834969721495 0.04066566566566555 0.025859192525859217
7 0.7366884499475893 0.8408783193570927 0.018343815513626776 0.023410202655485764
7 0.8921097048241131 0.8891516653094698 0.015306365542214609 0.020567308303157426
7 0.9372476582687338 0.8684211706861902 0.016351744186046506 0.016082579672696006
7 0.7926193266345859 0.9846022999587212 0.019357073993733327 0.02771752229452886
7 0.9006893775060805 0.9880666754311006 0.0168715353097132 0.02068771591548158
7 0.21914064771207625 0.35690059499583293 0.042800453514739205 0.055366591080876784
7 0.2886447589788603 0.4228659205617731 0.04691043083900226 0.062358276643990906
3 0.22332999985906782 0.5484617519111471 0.08960573476702509 0.2781511350059737
7 0.2848340480188717 0.599536204070209 0.024489224741113938 0.03416829928164947
2 0.3021109788261362 0.37373089102198437 0.05760209713024283 0.12616507235712535
2 0.3218089584060521 0.4704808704791802 0.09903169014084506 0.11606677099634839
7 0.38629231012043513 0.39938986553569894 0.04228988603988605 0.05430911680911679
3 0.40640442125415627 0.6120303322701647 0.0676484550912469 0.25828606384161934
7 0.45581356923155136 0.4631959802401349 0.04371059889676911 0.058444969792487485
2 0.47285294014945195 0.43252312389909287 0.0585432816537468 0.11412575366063743
2 0.504916478788855 0.5096380014432389 0.09602709856052691 0.10550810991458051
7 0.49663111772486773 0.6114073522927692 0.028211805555555556 0.05222111992945326
7 0.5308487021857924 0.436035215543412 0.03950364298724954 0.04978749241044322
7 0.6086099057109181 0.49422747240972886 0.0424635701275046 0.051760777170613205
2 0.6224414588385176 0.48163707936992245 0.06159652299358187 0.09227364619521473
2 0.6595972768198182 0.546264118470745 0.09549966389105727 0.09686415082589943
7 0.6183138200183654 0.6581853892459952 0.023779461279461286 0.03100448933782258
3 0.5758988635693852 0.6256227631543582 0.05305938850242645 0.24548018482617648
7 0.546422697368421 0.6926474171539959 0.024488304093567278 0.05872319688109163
