11 0.7969885632792902 0.5612708267783457 0.31386336210897614 0.37463450292397665
7 0.6752085676790401 0.5784433195850519 0.009894596508769818 0.011326709161354849
7 0.6293112170502496 0.5749141848340387 0.017966504186976602 0.012498437695288066
7 0.5322251385243512 0.5789640878223556 0.014581510644502763 0.01152199725034368
7 0.5073702908348577 0.5684836270466191 0.016143815356413797 0.011912573428321457
7 0.5936966212556765 0.4998359580052492 0.014321126525850911 0.019528808898887653
7 0.6064222130963787 0.503899066188155 0.014841894763154614 0.01659948756405444
7 0.6175392291649818 0.5064624274906813 0.014060742407199137 0.013279590051243564
7 0.48557632219049546 0.51045302029554 0.020309961254843113 0.014646606674165726
7 0.42716014664833557 0.5626835708036495 0.015362663000458316 0.008592675915510524
7 0.3595904678581845 0.49526919254140844 0.015883431237761945 0.014646606674165726
7 0.346489891888514 0.4933709458192726 0.011717285339332625 0.01425603049618795
7 0.33978500083322916 0.47636867657167853 0.023434570678665178 0.017380639920009995
7 0.29563361871432736 0.4459647622172228 0.0200495771361913 0.016208911386076722
7 0.1640853921037648 0.4217083541640628 0.02499687539057619 0.016599487564054497
7 0.09055787669398467 0.40499959826450266 0.026298795983835353 0.016990063742032276
7 0.04612910228326722 0.4100124819923825 0.028381868933050038 0.024215723034620693
7 0.2035079421890446 0.27484579342354937 0.035933008373953246 0.03905761779777525
7 0.27612783158202797 0.3036872677500679 0.030464941882264708 0.03769060117485314
7 0.3414544112218531 0.3291875942832728 0.03202724659417574 0.03534714410698665
9 0.1103429153257332 0.3280563907980145 0.04090983472426772 0.059574946817214876
9 0.26526618665793933 0.37722702912780237 0.032727867779414166 0.05190435280641466
9 0.32946771281008935 0.39732331257697523 0.030682376043200798 0.047557682866961194
9 0.4347948371788578 0.4321900312960236 0.020114002072764977 0.04448944526264114
9 0.5200236595210822 0.45811024689085256 0.0156821033109693 0.04653493699885455
9 0.4743936520770965 0.444247716268638 0.032386952490045265 0.042955326460481086
12 0.11402669442474715 0.2663968890343461 0.13704794632629685 0.06698985436098837
12 0.16373403758856223 0.2920223549519082 0.06375115911198385 0.020710603829160488
12 0.23829978726885942 0.3181835448956215 0.047387225222276765 0.024290214367534008
12 0.23714067528500515 0.3458926525936835 0.05420553100965475 0.009971772214040272
12 0.23631111474754085 0.282675594101711 0.03784159711994765 0.021221976763213895
12 0.3031785892610635 0.3085938975114233 0.03102329133256966 0.014574128620520382
12 0.39986741017668853 0.36936204784142934 0.12545682648775433 0.03835297005400098
12 0.4386793046586861 0.3849654783933134 0.10329733267877601 0.022756095565373894
12 0.40807560137457044 0.3996379479626903 0.02795505372824959 0.014829815087547028
12 0.4821835318635889 0.4006606938307969 0.11045655375552282 0.03323924071346752
12 0.4886452480954199 0.3827058219240351 0.016363933889707027 0.013040009818360326
8 0.042317484951339294 0.4595840525546212 0.020114002072764963 0.07287064310260191
8 0.06094428989617994 0.46355956471935844 0.019432171494027164 0.06929103256422844
8 0.07940027062075618 0.46806294571924767 0.017045764468444878 0.0698024054982818
8 0.11904761904761903 0.47391486663393867 0.02011400207276496 0.0700580919653085
8 0.13544564446626306 0.4784746086292478 0.019091256204658274 0.0672455408280151
8 0.15115173811241012 0.47996137808566214 0.01806851033655157 0.06750122729504168
8 0.2045978758055341 0.4828364980012623 0.02250040909834721 0.07747299950908196
8 0.2766789815758888 0.5310017874450864 0.02420498554519175 0.030938062510227522
8 0.3287250157025197 0.540596568084598 0.021533161068044742 0.036048818752307164
8 0.36063430540174723 0.5429625015380829 0.014739961445387759 0.032107481235388244
8 0.3700798435940555 0.5451471489639017 0.010253886222878471 0.029704226651901082
8 0.3795814729854043 0.5451680026015573 0.01089475411180838 0.02941583610188258
