7 0.7405696953110746 0.06583694083694082 0.06373256373256374 0.07192460317460317
7 0.6835217251883919 0.1226300705467372 0.04870129870129871 0.042613636363636354
7 0.6154824762779312 0.12205558015217104 0.047799422799422724 0.06470959595959597
7 0.5211840628507295 0.18386994949494948 0.041786916786916796 0.022997835497835517
7 0.4126583293249961 0.3490710678210677 0.032768157768157745 0.031565656565656595
7 0.5040484207150874 0.31982022607022603 0.03517316017316022 0.036751443001442986
7 0.6141962782587783 0.28717701569264065 0.03697691197691197 0.039457070707070704
7 0.17800337201378869 0.3102082018097644 0.03375771604938273 0.03844246031746034
7 0.1290010603006635 0.34690728143109095 0.025214947089947107 0.022734788359788403
7 0.13935501801193292 0.32759202971968937 0.034722222222222224 0.0377190806878307
7 0.09216472895200965 0.3635662506961849 0.023974867724867722 0.02232142857142859
7 0.11521542934303353 0.39316328745039686 0.020254629629629615 0.022838128306878345
7 0.09609084117185968 0.4385632532333921 0.02521494708994708 0.022734788359788323
7 0.05969987017440722 0.44784662514697243 0.023561507936507936 0.021804728835978834
7 0.026877572016460904 0.45568783068783075 0.02287257495590829 0.01787781084656083
7 0.34676293356848914 0.4766565190891171 0.013238320019365748 0.008850762527233118
7 0.3644849915274752 0.5274033224400871 0.010590656015492599 0.009758533042846788
7 0.3201404018397483 0.532968089196463 0.015583393851367675 0.01174428104575169
7 0.3174489418899464 0.5549702824599626 0.016188574195110175 0.012311637618010234
7 0.2906025578955862 0.5569966412490923 0.014221738077947224 0.010552832244008669
7 0.29389070442992016 0.5363647194989106 0.01286008230452672 0.010666303558460457
7 0.2687252884692972 0.5391731345315903 0.011876664245945297 0.011914488017429174
7 0.2659565883966756 0.5588310941660615 0.012254901960784326 0.01185775236020332
7 0.36137776870007265 0.5512025122549019 0.008680555555555556 0.012042143246187385
7 0.45384663428508276 0.5416063115262103 0.017409905689838256 0.010422522016113964
11 0.6880482933914308 0.559594932623255 0.46455761316872435 0.7313100137174211
11 0.6498628257887517 0.5131887288523092 0.0800182898948331 0.018432784636488404
4 0.6341131941269115 0.5387898186252096 0.0337219935985368 0.02829218106995886
4 0.6457802599777908 0.5130560454634528 0.038866026520347596 0.019718792866940997
4 0.6013702531115467 0.5315279662294587 0.018426386585590575 0.018829463792150374
4 0.5460408395731777 0.5034863560982964 0.08015478164731894 0.12230514096185732
4 0.5902585836250844 0.48518979178183147 0.047678275290215524 0.09915699281370922
4 0.6047145226249703 0.4661711284845612 0.01635341809471158 0.012092316196793797
4 0.5015858051195066 0.5054517178188208 0.08153676064123822 0.12316887783305693
7 0.7869036610233794 0.2046766076255513 0.028853677621283207 0.02530809859154929
7 0.25764393677166264 0.43194552613361026 0.016225337487019712 0.007517739702319106
7 0.26190190909817074 0.420673076923077 0.016153224875966314 0.010654638283142977
7 0.3061616497369195 0.38696871129471994 0.022900005671828042 0.022811383358856574
7 0.2217151228307415 0.4584351373778351 0.010884709160571233 0.008707767328456998
4 0.09373292452507309 0.5447626014792157 0.11406122210538615 0.09726603575184016
10 0.43598710317460315 0.6361689814814816 0.025490520282186967 0.058180390211640225
10 0.30225622270513125 0.6311524175642476 0.07082231040564374 0.050636574074074125
7 0.3260747354497354 0.5061962632275134 0.014743165784832441 0.014674272486772506
1 0.31557183058408544 0.5434364139174188 0.025077160493827143 0.041129298941798946
1 0.3590678169415915 0.5383464149548709 0.023423721340387997 0.047433035714285726
1 0.2653336797682036 0.5478021069538926 0.01942791005291003 0.039475859788359775
1 0.29041717748526685 0.5429884097948123 0.02135692239858908 0.040405919312169344
7 0.6595494748479822 0.21323935876174685 0.02925188870462505 0.03195826423438363
7 0.6555954793931575 0.2516161476567778 0.01750506725631106 0.029021558872305144
3 0.5798734239558708 0.2696677906534954 0.08594365642237983 0.14165927895981087
2 0.6138527712109273 0.18112194641449963 0.11894208037825062 0.0773862293144208
2 0.6610448600625335 0.10752092389232057 0.11130811662726564 0.1597591607565012
7 0.5437162817481965 0.25412290871067456 0.026595744680851133 0.0317671394799054
2 0.5465363967691096 0.18360760195035458 0.08348108747044918 0.05559249408983453
7 0.560542257683215 0.18225703679078012 0.03669227738376677 0.020870271867612287
2 0.522692572892041 0.2421690307328605 0.11303191489361702 0.06094858156028368
3 0.47141910699306033 0.3111684254175246 0.08003349093774624 0.12503693853427897
7 0.4433773312319411 0.2868154058313633 0.032998423955870784 0.03047429078014186
2 0.42892354395013965 0.2773916021921341 0.10564420803782505 0.05374556737588654
3 0.38565588765056835 0.3331855791962175 0.07067572892040977 0.11543291962174942
7 0.01760986452795049 0.38453523474813 0.01959989186266558 0.008110300081102965
7 0.1715583508036338 0.3984211215932914 0.013539482879105507 0.011137316561844872
7 0.05028950783667764 0.42104204103024856 0.008080013976240391 0.013757861635220081
3 0.08254110373476199 0.4262753319357092 0.05219252271139063 0.0627292976939203
3 0.04785614455425777 0.435802105171209 0.04826170510132774 0.05404874213836474
3 0.016699908766208558 0.45148442959468904 0.038653039832285116 0.0619103773584906
2 0.025746855345911947 0.40928000524109015 0.03734276729559748 0.012611373165618446
2 0.053066037735849066 0.39934335187872916 0.06507686932215234 0.028989779874213816
2 0.10679761072842832 0.3912801362683438 0.07970824598183088 0.03030005241090142
2 0.12170741191587209 0.3426574017718266 0.05503144654088051 0.0412735849056604
