10 0.04703254306326462 0.56522955122413 0.09005009107468123 0.10261080752884029
12 0.1329560239396305 0.5861523115621475 0.0258424408014572 0.033849423193685384
9 0.11501340821696013 0.627133508736423 0.009790528233151167 0.029447480267152448
9 0.08401639344262296 0.6294561540463179 0.005578324225865207 0.014420157862780848
10 0.26814629540340734 0.5806792206864531 0.08800091074681235 0.08940497874924105
7 0.25249696417729206 0.5975612224246105 0.009790528233151167 0.013205828779599242
12 0.2782078526614046 0.5990268501652836 0.013433515482695786 0.015786278081360038
12 0.2279614973933798 0.592603060946758 0.016165755919854283 0.027777777777777776
12 0.3831397996357013 0.5973149834716318 0.0112704918032787 0.02823315118397084
10 0.41889048048525984 0.5924997494709415 0.06819216757741345 0.0725561627200972
12 0.5031344869459622 0.6061627200971463 0.008538251366120244 0.02140255009107469
12 0.5281193078324224 0.6163858530661809 0.0038706739526411125 0.007285974499089215
10 0.5229904276715245 0.6002912492410445 0.04018670309653921 0.06147540983606558
7 0.5166780510018214 0.6175116373203805 0.0031876138433515186 0.0039465695203399825
10 0.6014147980654481 0.6030452442267025 0.021061020036429866 0.0475106253794779
4 0.6569959450082399 0.5280025732211522 0.09813296903460834 0.188221007893139
11 0.8532357654600301 0.654385579017932 0.17387820512820504 0.26673789173789175
11 0.990491452991453 0.6481006647673314 0.01888354700854712 0.08148148148148149
10 0.7582408318751823 0.6251853066977741 0.02768208661417333 0.03700058326042579
10 0.7878976695453392 0.6230391395967977 0.023034230096237864 0.028980752405949193
4 0.8352733968382348 0.53117955861098 0.03325020781379872 0.04167821187771315
4 0.9334061487109101 0.5827941988267918 0.02614990302022717 0.05553246513346269
6 0.10844333415576941 0.04267415083477258 0.02239853195164076 0.03826041066973709
6 0.042683146229130685 0.007908450873152947 0.017091249280368457 0.01655152561888313
6 0.205864597326169 0.09878941981705366 0.025187104202648233 0.025906735751295335
6 0.25313511326860844 0.12756802109552917 0.0240695792880259 0.019327580007191668
7 0.2554008402884233 0.1666193531293174 0.022384034519956863 0.03451995685005392
7 0.29795711974110034 0.14195253505933114 0.02393473570658039 0.04557713052858685
6 0.3069569656341501 0.1517375558637694 0.006607335490830637 0.011956130888169717
6 0.3712743217867275 0.19720790549629097 0.01254045307443366 0.018967997123336928
6 0.3988631000539375 0.21940923528706704 0.022788565264293462 0.021664868752247386
6 0.4283363078599177 0.24157874491702386 0.013188262446422684 0.015111550719859337
7 0.48059882954170785 0.2707028244862072 0.013136745796241358 0.014562039784591719
7 0.4793057616221561 0.25011906070264134 0.01705201121002315 0.02225519287833827
7 0.43340957797560165 0.26769959458304327 0.007315364325750077 0.017927794263105812
7 0.44281872615515044 0.2708696403058421 0.007624464226838117 0.013188262446422684
7 0.4349962908011869 0.27780525332454115 0.0024727992087042435 0.004876909550500051
7 0.43393118405868775 0.28781493845477524 0.0055637982195845676 0.0110589075722607
7 0.4419510385756676 0.2852854709308715 0.005718348170128548 0.011127596439169135
7 0.3987222052520316 0.2855436602600156 0.016021678206396297 0.018545994065281894
7 0.3997402272914606 0.30276335311572705 0.013085229146059953 0.012570062644246604
6 0.5000030690770321 0.28180411455081583 0.021430926475436804 0.017034838993295935
6 0.5224102454303475 0.29540903717642514 0.017618694362017826 0.016073194856577624
7 0.6017032367299228 0.152119812675712 0.022947607260726085 0.046296296296296294
7 0.6448704000301991 0.19523582260186803 0.021314631463146345 0.04228547854785479
7 0.6809751459638974 0.23027069532975042 0.020436898512685927 0.03827646544181978
7 0.7343259338676416 0.27925057544890225 0.01872812773403325 0.03517789442986294
7 0.7601584524156701 0.302086371148051 0.017702865266841648 0.03435768445610963
7 0.7757783360961459 0.32202594741446794 0.007723643919510121 0.02077865266841646
7 0.7860687335958005 0.32625057897174625 0.008817257217847738 0.02943642461358996
7 0.7680036089238844 0.3426764362787985 0.017019356955380576 0.023877223680373278
7 0.7928696412948382 0.3645124509899226 0.014285323709536297 0.02223680373286672
7 0.8159273669892826 0.35486327555409736 0.012713254593175804 0.031350247885680985
7 0.8311309176630698 0.3678145555879589 0.016062445319335143 0.03043890347039956
7 0.8140090344609702 0.38066349923852105 0.014080271216097943 0.02114319043452905
7 0.7706043580489939 0.3862809249538252 0.017634514435695477 0.023786089238845103
7 0.6543429133687989 0.31482022115537095 0.0165569179533757 0.019048339893026508
7 0.7961007669795136 0.40406028189861076 0.01163714804722973 0.0215712988192552
7 0.7508851380899519 0.4483648422870342 0.017881471389645753 0.02586032899384397
7 0.817139090725603 0.420240858478824 0.010312594610959675 0.021571298819255253
7 0.8451242241901301 0.4248110934503986 0.012110202845897788 0.01841760016146936
7 0.846238268240993 0.39101658425000835 0.012299424765364917 0.019805227570895128
7 0.8625365829044301 0.4069532748006862 0.011826369966697017 0.015137753557372052
7 0.21837155515306486 0.1938219649438486 0.021578385065227145 0.032988454041085614
7 0.2589607622793464 0.35534309594044106 0.013695743784239371 0.02581120943952805
7 0.2741164010522418 0.36826599326599335 0.014793159151566234 0.017851289975183808
7 0.28755248611443307 0.342656183364148 0.012378845343447114 0.026630612913798757
7 0.3153784625126347 0.3281889726617346 0.014850752579063098 0.0286092789897965
7 0.38573151977940384 0.40227401279739794 0.010362534026231095 0.020312628887239146
7 0.4090339643652561 0.3982821908768456 0.003557287800049538 0.011032747669718672
7 0.41396417744900477 0.3891658123283959 0.00761723583271466 0.023457477522065482
7 0.44041736265775805 0.38503957942989125 0.010130536995793133 0.017580219417635906
7 0.5186974656138563 0.3599755193298239 0.010692604856512133 0.017629384351238654
7 0.5300044456708364 0.4206831003188619 0.008967991169977867 0.019162374294824633
7 0.5052625354777673 0.4339237534601773 0.005518763796909494 0.007358351729212658
7 0.6166499843825425 0.28609525702548955 0.01626522702104099 0.01922603666789713
7 0.5923541897379105 0.33753229974160204 0.01153562200073834 0.012766088347483688
7 0.613041405192568 0.34958574299659567 0.02053340716131413 0.020148886427956193
7 0.5892659338786639 0.3872699386503068 0.00525448761645085 0.014295993334848142
7 0.6033311557979247 0.3921930621828372 0.008946830265848702 0.011645080663485621
7 0.624398810876316 0.37795702996793656 0.010153942285844172 0.01031962432780431
7 0.6352416563080583 0.3836583485927887 0.010224948875255614 0.0126865106415209
7 0.6118282776641673 0.39412444141483 0.009017836855260144 0.008142088919185003
7 0.653076005453306 0.373557777272842 0.019597818677573285 0.01940846777247595
7 0.6465251403901712 0.38524794148516034 0.0053254942058622926 0.006816632583503742
7 0.7371904112701658 0.37339270212480846 0.011645080663485569 0.015810800575626793
7 0.8454618845303933 0.45827279867495235 0.012178148921363964 0.017880615479780433
7 0.8440133766334185 0.5060375267403798 0.006306541405706412 0.0062823784118147905
7 0.8222570169334261 0.5097618495322045 0.003624449083739181 0.006475682362947547
7 0.8268999362096962 0.4747867213072502 0.009930990489445592 0.011018325214567373
7 0.9282427306343553 0.49157763314093916 0.00884365576432376 0.013144668677027746
7 0.9281172074344699 0.4669317347096574 0.009278589654372461 0.013724580530426068
7 0.9207369229877059 0.46067351929173433 0.009641034562746616 0.01063171731230186
7 0.9130763909600026 0.4531804022931371 0.010438413361169158 0.011598237067965643
7 0.9095192530735329 0.4579048429083224 0.0019572025052192366 0.0025129513647258847
7 0.9290133438742755 0.5171010812451088 0.009477864021848524 0.012517368597575547
7 0.0190854119425548 0.3844797178130511 0.00935374149659864 0.01795162509448226
7 0.05553193499622071 0.3918335852859661 0.020549886621315197 0.024565381708238843
7 0.12994850718065004 0.4109977324263039 0.01870748299319727 0.02305366591080874
7 0.0928051776266062 0.4025258251448728 0.009212018140589577 0.015306122448979585
7 0.03854875283446711 0.442848744436046 0.016014739229024945 0.008503401360544232
7 0.11066822562358276 0.45731764928193497 0.01502267573696145 0.008314436885865462
7 0.1306689342403628 0.36704168847025986 0.01686507936507936 0.02286470143613002
7 0.05713475866537091 0.3478026131087356 0.0209750566893424 0.024754346182917615
7 0.23787084278155707 0.399848828420257 0.01204648526077096 0.020975056689342426
7 0.23592214663643235 0.43790942302847063 0.013038548752834464 0.020219198790627398
7 0.20009313249109167 0.42857142857142855 0.008928571428571412 0.015117157974300814
7 0.25259826152683296 0.4414210128495842 0.009070294784580489 0.013227513227513272
7 0.2884714491857349 0.4169930598502027 0.012188208616780037 0.018518518518518517
7 0.2886775922490208 0.4510410224695938 0.01147959183673469 0.019274376417233598
7 0.30031179138321995 0.4521649929813195 0.005952380952380941 0.014172335600907018
7 0.3363567649281935 0.4283352229780801 0.012896825396825386 0.01776266061980349
7 0.335201504844362 0.4623617123617123 0.01091269841269838 0.018518518518518517
7 0.40630753126333036 0.4807649132260165 0.011393996542511392 0.016894546597516876
7 0.4049878202105925 0.44867899488361523 0.011541332704699099 0.016501650165016483
7 0.43944545124155276 0.45962334328670956 0.011246660380323764 0.015977788255015977
7 0.43967873349834985 0.488890034836817 0.011197548326261221 0.016174236471266146
7 0.5173637111610321 0.4820299957166585 0.00962596259625962 0.0134894441825135
7 0.5178342238985804 0.5085520456807585 0.00962596259625962 0.013816857876263784
7 0.5389346332592442 0.5151059323619437 0.004469196919692012 0.012376237623762323
7 0.5388165304625699 0.49067307524403236 0.004125412541254134 0.01329299596626333
7 0.5310164357802533 0.5120461614141991 0.0037489288774636186 0.008926021136818042
7 0.5129967558799675 0.5344958096782914 0.007197891321978902 0.012570965125709677
7 0.5356034375194958 0.5389970262233036 0.006336171938361761 0.012300621789672964
7 0.6005966863631096 0.5287384621326225 0.008819951338199496 0.013652338469856739
7 0.5994457961611247 0.5057357844462466 0.009580291970802948 0.011895106785617685
7 0.6176753852392538 0.5329336114007646 0.006995133819951368 0.011692349283590201
7 0.7538332401674119 0.49745227038183687 0.018127042483660066 0.026779230210602824
7 0.7484271328480888 0.5283069667260843 0.006552968409585939 0.011460602759622365
7 0.7581466717286763 0.47792752889563817 0.005259744368514261 0.007751202227284234
7 0.7615644070418177 0.48024058606822456 0.005378385218932004 0.005905677887454675
7 0.7484422862712335 0.5824244252606823 0.005612990810359343 0.007774064791608579
7 0.7453384618954796 0.564596290107986 0.0027847396268449467 0.004177109440267394
7 0.7540335213032582 0.5666074909495963 0.007266429963798279 0.00870231133389028
7 0.7635843079922028 0.5692596239275436 0.0063091757170703824 0.008354218880534682
7 0.7526970949198393 0.5518757210486535 0.006570245057087239 0.009514527058386677
7 0.7724140460277678 0.572089947089947 0.0063091757170703824 0.008470249698319882
7 0.7723803365250734 0.5560152161029354 0.006570245057087081 0.008470249698319882
7 0.7625500717605982 0.5535384044155974 0.006265664160400933 0.008238188062749377
7 0.0868997012867647 0.29220494621459686 0.01870149101307189 0.026382080610021792
7 0.11219653515341323 0.27454384531590403 0.01889297385620916 0.027828839869281
7 0.13826337826797383 0.25377616324307495 0.020297181372549013 0.028424564270152497
7 0.04544640794640795 0.29117579117579107 0.021656271656271656 0.022907522907522883
1 0.06066900839793281 0.35758774763135215 0.025839793281653752 0.09837962962962964
1 0.1361659846526914 0.37779209165133354 0.023440075832509066 0.08902077151335314
1 0.24316959856859408 0.4094815877739984 0.02090419501133785 0.08049886621315189
1 0.2948260073260073 0.4276774812489099 0.018920068027210885 0.0753968253968254
1 0.3407093898165327 0.43854016354016334 0.017644557823129226 0.07161753590325022
1 0.41075334703773975 0.45917082484128646 0.01742919389978215 0.06490559186637615
1 0.44394901122842295 0.4697768281101615 0.016476034858387816 0.0618191721132898
1 0.47497678488517436 0.4796019500696452 0.018041938997821284 0.05900508351488746
1 0.5211283587509076 0.49168179617526026 0.01504629629629627 0.0493827160493827
1 0.6032457573672746 0.514740919109684 0.014365468409586097 0.04738562091503274
7 0.5990360760097603 0.4534719666298613 0.006091617933723133 0.007872244714350003
1 0.7607057280462739 0.4694114467974356 0.0313162276718136 0.09826925017660718
1 0.775789351775859 0.36492473071213116 0.03235694822888288 0.08313149661923508
1 0.8008381075479168 0.380164626304499 0.02781562216167133 0.0877989706327581
1 0.8213986185579093 0.40381381865296767 0.025071904329397418 0.07518417600161474
3 0.8502068341135101 0.44531195416754005 0.02516651528913106 0.06370471288727421
2 0.8570274655616106 0.4062436926026845 0.04607553739025118 0.04440407710162475
2 0.8702079548894948 0.41470743137551724 0.04418331819557974 0.040745786658593186
7 0.8632225123624988 0.46672637669458744 0.00851498637602172 0.015894641235240668
3 0.8685210414774447 0.46025330507619333 0.020341356342718737 0.04301644969219904
3 0.8824463804834519 0.46530665901811746 0.020814411141386636 0.05865879503481687
7 0.876372719015771 0.47572684153065625 0.00785270965788685 0.011605611060651902
2 0.9022810702391765 0.4449395751337169 0.02734256736300327 0.007695024724997445
7 0.9403901888079104 0.5208466521757661 0.006153305203938133 0.0109392092514455
7 0.9484392092514458 0.5251905679706897 0.007178856071261129 0.009181122050320364
2 0.93561168411731 0.4910127739866762 0.03567451945616493 0.013380997030786072
2 0.9308025249480946 0.4680093243735999 0.017361111111111112 0.013869354586654113
2 0.9244755039849977 0.47700812626972966 0.005420768870135835 0.019827316768245007
3 0.93190275646763 0.5121716461378909 0.015969292076886965 0.03135255508673233
3 0.9439402152680105 0.5133166966192634 0.015603023909985976 0.033794342866072795
2 0.9577703268367825 0.4953201393074811 0.019485466479137396 0.006446319737458937
2 0.9616370721987811 0.5015757670469344 0.022415611814345957 0.008790436005625889
7 0.44127883850437544 0.5199770175903827 0.010524396711747543 0.015247944842216957
7 0.4101124611267809 0.5139401171620741 0.01027578891540707 0.013369574825422025
7 0.37601929196499595 0.5076129231857156 0.009032749933704625 0.013259082471493065
7 0.3075688608776843 0.49721184770204374 0.012050653594771216 0.007080610021786474
7 0.2644761029411764 0.4879720406681191 0.012527233115468385 0.005900508351488746
7 0.21274169389978215 0.478395061728395 0.012867647058823511 0.007352941176470638
