11 0.5076142100229534 0.4030291202160894 0.8819466595782384 0.8624337740146564
7 0.7880389455373372 0.09866293956704554 0.03674837907451821 0.025229816147082345
7 0.3165928456930735 0.005579283725639079 0.040601535476250734 0.01344596304732979
7 0.20304897670108255 0.021270034757754724 0.0403463438959155 0.027794777641778866
7 0.3317965606503797 0.17106520104643017 0.02961109051209163 0.0190025954764553
7 0.25791187739463595 0.18401340996168583 0.019583333333333314 0.019722222222222228
7 0.24363271604938272 0.18221759259259263 0.015787037037037047 0.0184722222222222
7 0.17274655469422914 0.19596656976744184 0.028611111111111115 0.019826388888888897
7 0.011368312757201647 0.23675282921810697 0.01898148148148148 0.030451388888888906
7 0.008741794042719969 0.2935744369121105 0.01524838330393886 0.029279651675485022
7 0.210978419466279 0.32991334872763733 0.031131999678637435 0.027792841648590007
7 0.21196451903438998 0.2775101958620339 0.03263838675986182 0.02741624487828393
1 0.2250106482066548 0.28744599838053647 0.053972366148531924 0.09930915371329879
1 0.018038446609875178 0.29948443341300485 0.028533635676492818 0.04634353741496599
1 0.022472511016985407 0.22729484875711295 0.0400604686318972 0.06845238095238095
