7 0.3586122196345838 0.7784675166863666 0.026518417093497015 0.01743242557939035
7 0.38656510192362903 0.5056255383290267 0.03742668471350648 0.02874292481850622
7 0.10996476408453475 0.548942501188201 0.03199434607376844 0.030710990774167727
7 0.11830745133994229 0.497370528636645 0.0419030428055699 0.030352845109162738
7 0.28095273274794547 0.264138004123044 0.03095800968141391 0.028891210739615026
7 0.27313735647068976 0.11526089651089651 0.09179092512425843 0.06884319384319385
7 0.277990060758603 0.019644633215605084 0.09060846560846561 0.037056489262371616
7 0.32191879236607673 0.14789828338151023 0.04722602566053043 0.026465591561438215
7 0.6703385665134298 0.5179631557136111 0.037947783849423176 0.027891621129326055
7 0.670205237084218 0.5699562733798402 0.03717605230344085 0.02804001112122136
12 0.2847265733778892 0.7591918163464217 0.024366471734892765 0.05182226399331659
7 0.7172627961037666 0.15110472910338144 0.04008810022960969 0.05943021862833183
7 0.7634762293147388 0.2120458690722666 0.0350013742870886 0.062326066790352505
7 0.9045985461079802 0.013671715470064525 0.08797544174902673 0.03170391584306679
7 0.9794641490393291 0.17376558155022442 0.04311810931269065 0.05464901477832509
10 0.9535588926928797 0.7753939843481251 0.07609386347131442 0.06078820417055709
10 0.9498388414820116 0.830314874487807 0.07374338624338639 0.015011487050960753
1 0.11870660693606708 0.5022402000853485 0.04514948759801069 0.11646826479450488
1 0.2838641519936553 0.08869122410414916 0.0948811404335077 0.1581473710979719
6 0.3607688992387113 0.1055641345643855 0.029284344679440053 0.02601801392673328
4 0.9271513085438318 0.5251507010971335 0.15387744932488376 0.252633189800743
3 0.8158191932072778 0.13746202124617513 0.11899823668509003 0.26516837264500814
2 0.9505386743452418 0.05483613970208365 0.09794330540858306 0.12370652832892418
