7 0.10237743782429774 0.3914044594398863 0.09091519055287173 0.06664877437824296
7 0.1250383735307493 0.10515962497717278 0.07399958745874588 0.15722405573890721
7 0.16168903138977955 0.20278668408344222 0.03177819340537545 0.0899371940519073
7 0.5001032247409058 0.2684772286221561 0.07427536231884055 0.09634997316156739
7 0.6644375857338821 0.22610041959170502 0.055374001452432806 0.1416122004357298
7 0.7846746650223901 0.3166981528127624 0.07644136579904834 0.09620766862580465
3 0.037811119369090374 0.33192601309348496 0.0684380032206119 0.6393723247587982
3 0.40205911272361344 0.4038877950800714 0.12900182439225313 0.6002231318214296
3 0.7353337103684771 0.490426598328467 0.14620294636742004 0.5797189733593242
2 0.19243476165085213 0.1442452612764671 0.1575741525423729 0.37115505335844323
2 0.526205248605078 0.2256608494175985 0.16841116478797633 0.3634371086061908
2 0.8706735301048664 0.35704607046070463 0.18055555555555555 0.2111562782294489
2 0.8154593821135708 0.24182523337649178 0.09470487843334341 0.19837779732238836
