10 0.20239679312624206 0.3327092882902502 0.16631345335049041 0.1198325851103629
1 0.2700173503744932 0.33077479729265447 0.024479488765203058 0.04567357245928676
4 0.27530406101834665 0.40943591241210303 0.021816807531093236 0.048314780457637596
11 0.4143575790140117 0.4476089618633478 0.05041985305143199 0.05032613585245163
10 0.41913223323585624 0.3766727088687184 0.10377856089920764 0.08389044361525705
10 0.5445733497707711 0.406684538936755 0.0677685604156193 0.06370977878330816
10 0.6247239078375298 0.4157832572242123 0.04306866779633662 0.05159162430404262
7 0.3730360623781676 0.3272295321637427 0.010138888888888878 0.007604166666666658
7 0.3954953703703704 0.3329079861111111 0.009120370370370392 0.006874999999999984
7 0.3675110229276895 0.3454315476190476 0.009814814814814835 0.009131944444444429
5 0.372345056057912 0.3526326413747165 0.019672980868909656 0.03746112524738475
7 0.4473859856442578 0.3456766821311858 0.007100062247121057 0.00612745098039215
13 0.6844560185185184 0.3852031250000001 0.011342592592592593 0.01381944444444443
7 0.459347886929751 0.022542055179931356 0.029387069689336652 0.03096137699412258
7 0.5588205171908546 0.01295845892315697 0.030261167028485008 0.027691434774028027
7 0.6664855411904316 0.00932171632002998 0.029354818562238396 0.01856145774779839
7 0.5923319070009302 0.13993254674488606 0.02106540988289059 0.024457297914881455
7 0.667801955641204 0.13272244638045785 0.022278280368050744 0.02624101136627234
7 0.7521191376955314 0.13394280840170203 0.022460092789179847 0.0126430172210427
7 0.674016577060932 0.2087533602150538 0.016481481481481545 0.01899305555555553
7 0.7361276455026454 0.21041666666666667 0.015601851851851874 0.009861111111111103
7 0.8039933862433861 0.20048710317460325 0.017685185185185207 0.02045138888888892
7 0.7280108024691359 0.2558269675925925 0.013935185185185248 0.016180555555555563
7 0.8391064814814815 0.2501122685185186 0.014583333333333334 0.01694444444444443
7 0.768093093093093 0.29095157657657666 0.011342592592592593 0.008298611111111104
7 0.8155423280423281 0.2880966553287982 0.011620370370370434 0.012743055555555532
7 0.8646159824304659 0.28608848510164303 0.012067205049661278 0.013053467000835421
7 0.7974973544973547 0.3154027777777778 0.009583333333333355 0.007083333333333365
7 0.8398572530864198 0.31436342592592587 0.010185185185185186 0.0068750000000000235
7 0.8836877893518518 0.3132682291666667 0.008518518518518455 0.006701388888888873
7 0.8201402505446624 0.33357741013071895 0.008703703703703682 0.00618055555555554
7 0.1543626327176111 0.1650471942679735 0.03581735724592866 0.029955163883735342
7 0.15990045007902148 0.12328724103277679 0.014859479145193432 0.021129663986806827
7 0.19317768259567197 0.07638014053357968 0.031835848193872876 0.018647119341563784
7 0.19705320399764842 0.0922802763080541 0.02486282578875171 0.0077160493827160516
7 0.2420290631248215 0.19785727429525635 0.029812910596972313 0.02552842045129964
7 0.2763882129546437 0.11837980901217927 0.027827692922032556 0.015489293201557352
7 0.3426399125450022 0.15178599020380412 0.025063479555205326 0.014980627790911487
7 0.315348380977019 0.2262512530720476 0.02915750441943685 0.02251487517785537
7 0.38229740177722044 0.23923976202467473 0.02282623964039898 0.017163576344992274
7 0.40832626899411767 0.26464967344843227 0.023148148148148147 0.019495337536117673
7 0.4334594451081907 0.20130799482277978 0.022530864197530847 0.019135802469135793
7 0.4133807269235523 0.1497137726628828 0.018208344821248036 0.01059760132340776
7 0.4326016136287783 0.15483063790576526 0.017863707379836447 0.011416115246760405
7 0.45477686063627776 0.2814142483064592 0.020951977058847306 0.01779655882709316
7 0.4758879285441015 0.22257259191592688 0.0212629184591801 0.017616080700192823
7 0.49307261891958226 0.29527806733789447 0.019516581683070543 0.016527333096169786
7 0.4973770753512133 0.26907686781609197 0.014629629629629588 0.015520833333333348
7 0.509845445132606 0.241210416568487 0.019408054342552133 0.017057860262008735
7 0.5527472509863117 0.30581475285317333 0.017391991778331176 0.014637436262302867
7 0.5551328771877635 0.2776485571917299 0.01645470771976797 0.013554216867469885
7 0.5799377394636015 0.2900790229885057 0.01615740740740745 0.01402777777777777
7 0.5779095788056361 0.3159716295917013 0.015873015873015844 0.014329805996472681
7 0.602199074074074 0.3003564814814815 0.015416666666666646 0.011944444444444476
7 0.6019043209876543 0.32521875 0.015092592592592656 0.010659722222222239
7 0.6342555404514746 0.34737776850936447 0.012887099284158042 0.009811216153127944
7 0.6448549471872084 0.3072969096492764 0.013422035480858999 0.01101482259570498
7 0.6611561666708725 0.3151398509854393 0.013130252100840305 0.011270133053221285
7 0.6917555348792822 0.3694690969240067 0.012525050100200441 0.009706913827655306
7 0.700464318951293 0.3354197711662641 0.012153937504638916 0.008593576040970854
3 0.17244245440183312 0.1295762608486623 0.06881881881881882 0.1136553219886553
2 0.20435959683896152 0.07577620486371552 0.05343585923087835 0.045645373411178004
2 0.22937977393849085 0.1295350318150699 0.08713066999583853 0.032771535580524334
3 0.25839309401603816 0.17382990470895304 0.06314233081248788 0.10053083187899942
2 0.28989522877188084 0.11233261660023781 0.04721406428454889 0.032580763582966216
2 0.3103406448158745 0.16765066338737475 0.07652029759016658 0.027899078117418714
3 0.32472548670465334 0.21312989672364677 0.042735042735042715 0.08004473824786326
2 0.35398250580815005 0.14555790932747503 0.04337315130830488 0.029448710656048524
2 0.3745301041474088 0.19715765968755777 0.06285819929746715 0.029464780920687755
3 0.42237147009151255 0.241494344291269 0.05209274314965371 0.07988934056007224
3 0.4610153190464846 0.2696713102766445 0.03265745287021878 0.061943080560101844
3 0.49979440123474206 0.28402901215410026 0.03290625218791566 0.056842049989498024
1 0.5595559170711819 0.2846644414344685 0.030485959816025202 0.050664941902687013
1 0.5843404825906408 0.30024309411756117 0.029252951880803096 0.0499964614295825
1 0.6069678842141407 0.3081512624461875 0.025420595304122752 0.04685477907191719
