6 0.6279826008833475 0.0778028526004281 0.01982617222760481 0.02406189133843924
13 0.3620646058791496 0.4567699440872615 0.01656892286588423 0.03293392646522009
13 0.40225037197355534 0.45813320323124274 0.015430655569063898 0.033718839947213655
13 0.4420062017694515 0.4623249516354756 0.0152991793416478 0.031379333740416626
7 0.9896820837259511 0.06501991039691686 0.01643340134272605 0.05449508430531063
7 0.8767362270822483 0.08517662496901252 0.035478817918264315 0.043096729947941025
7 0.8834733809091555 0.15292598106102093 0.03048412752259679 0.04284425547740562
7 0.5961148225134022 0.07850198344981126 0.014209691731731505 0.018858744068903116
7 0.577666971339035 0.15314567625725162 0.01765714862274243 0.018695804424080198
7 0.5130255114958466 0.1384769594112155 0.0178988381579318 0.019129603060736484
7 0.4435805158545669 0.12387549760064939 0.018612525633620678 0.023712755077708952
7 0.5267135578575927 0.207551595714393 0.011011720803415188 0.014586017064195817
7 0.49984141030522633 0.28843106470585705 0.012684336864193482 0.016515028676095223
7 0.4504210188732457 0.28163604013516097 0.013057387216817942 0.016470113421213517
7 0.3987423641416148 0.27227990919692796 0.013798373914704825 0.016628809589516062
7 0.4541227011681859 0.3664323090788614 0.011302800809558077 0.013166198776958031
7 0.41414889423449375 0.36138141741551755 0.01065175850849558 0.013287799755547523
7 0.37206770753842333 0.35635316745293943 0.011254501800720285 0.013593672763222927
7 0.7504130517214428 0.20859651049962466 0.025616864392816 0.03398418190805732
7 0.7513862453438608 0.26493639153827947 0.025154798761609896 0.03361561342803375
7 0.6976980457154744 0.26004621987445387 0.021966509314500903 0.02995679359373311
7 0.6988336683804267 0.30925313683463374 0.022939635487441053 0.03023595720736494
7 0.7881843946801831 0.33853447051557434 0.023504751042300844 0.029156166593455147
7 0.7372182207939105 0.3727682130698628 0.020838693417204405 0.025859669941349715
7 0.6568798682820358 0.30007670429604605 0.019497724981609125 0.027018681488343323
7 0.6569136889355095 0.34601792314887975 0.01911458191428487 0.026621347937044244
7 0.6156835254393429 0.306820102820667 0.012732933930512357 0.01505199062576025
7 0.5990908474116289 0.35589697239910956 0.014841576769115926 0.022121016803491877
7 0.5995323693305076 0.3948612361031571 0.014978993315398575 0.022658985872022006
7 0.5745569011918493 0.3816551326412918 0.014013840830449866 0.020242214532871984
1 0.5681959048503471 0.39964410147470947 0.020653114186851212 0.07776816608996541
7 0.5738465974625145 0.41786812764321396 0.013927335640138427 0.0201268742791234
7 0.5527118034353304 0.402558138146967 0.013145396566931313 0.017633206685211594
7 0.5535490824521373 0.43604915739963473 0.013786394899152185 0.01877632037767233
7 0.5290935708323251 0.4072700151131524 0.012014609765474839 0.013769124207417166
7 0.5219624320316361 0.43237765694513086 0.01193771626297574 0.01678200692041524
7 0.5217257785467128 0.4628712514417531 0.01262975778546705 0.018166089965397925
7 0.5068350482607904 0.44660125660171185 0.01083477508650517 0.01510957324106109
7 0.5081700739691926 0.4749037617068924 0.010419047694114465 0.015698360276711513
7 0.492785003369349 0.4598598460279122 0.009606429777471585 0.016689002798957145
7 0.49329044919412907 0.48623357342122697 0.010086214416562487 0.015144466090934628
7 0.6352152529635747 0.43730936736105075 0.010677645671271609 0.02092168136604483
7 0.6111920075581135 0.4544526143790849 0.014582154977375595 0.01913095554964066
7 0.5399209763396614 0.5016872408740921 0.011267301038062264 0.0140138408304498
7 0.0621627673410249 0.05463891581960447 0.03339430676103095 0.04700321796555207
7 0.04553733218641232 0.027557277377415108 0.02479529959916407 0.03477337353112474
7 0.05612181635713372 0.12477057880658358 0.03306547077035148 0.04666727372063377
7 0.08719413000311212 0.20421525418292852 0.02859900813192368 0.041690998521204295
7 0.010115002545798392 0.2481460699453779 0.019989712896287287 0.03475794133233579
7 0.11161594395745272 0.26030929924022844 0.01732992126439105 0.03422659449717232
7 0.13909319245219032 0.28819696512061266 0.01987102380813598 0.02596480444263103
7 0.13642879302343727 0.3355958446450076 0.019852782354211774 0.027388016189988124
7 0.02448808142436028 0.3831265103341988 0.02522354311555723 0.031404524535498524
7 0.019760900192923442 0.43985435373683146 0.026271206757393896 0.0320315600768225
7 0.1494610765175977 0.3666596666178589 0.017724894228620315 0.023890074829879534
7 0.1588093769082027 0.39379049630232715 0.01836645125178098 0.021202252527308493
12 0.7913130038761402 0.5719430530850322 0.021891325734445983 0.019011353099486577
12 0.7602245545157807 0.5734135461757934 0.016985836963982984 0.022822894339922167
12 0.9310440489875407 0.528613759916521 0.0350205601979573 0.046947761338352205
9 0.8295016887594137 0.5928822570417573 0.010296343883574243 0.03572579550851485
9 0.9413781233704015 0.5718633145209698 0.007706475751574009 0.033908493306925865
9 0.976026358073689 0.5715539851470524 0.012667519516649945 0.04476177999039254
1 0.9796163280075376 0.05930063005648866 0.035812992642374385 0.10169448402198249
1 0.8667426118403054 0.10995842978032042 0.05570089164824492 0.15208492312912972
1 0.7389389883070984 0.2339907830963596 0.04020994144264042 0.12082778812882619
1 0.6877299850479308 0.2811641388914492 0.03607693499497465 0.1081563171631859
1 0.647385590146048 0.31962549729466383 0.03139386649612687 0.09684628405325696
1 0.5921367117935529 0.37341502449991687 0.02309285824355939 0.0836158469103288
1 0.5475869759339997 0.41602635171788127 0.020025261880177555 0.07238323441395852
1 0.5162018186172391 0.4454054661421998 0.019009515570934277 0.06337946943483275
1 0.5034411760667361 0.46002667935686375 0.016219723183391002 0.06103219834646662
1 0.48979346885813146 0.4731878964821223 0.015160034602076105 0.05729527104959632
5 0.08663686886799632 0.050081141747278096 0.08693531575336645 0.11096994854283088
5 0.10742432935339849 0.13276346586466004 0.11612502939992708 0.09838260775143823
5 0.12393200445305609 0.22058542722239166 0.09302485700162418 0.10686977385193559
1 0.013558744567861252 0.39488416975595164 0.036443599853916105 0.10878917493546932
10 0.7492001609029424 0.48857397572473193 0.1258443099739065 0.11219864916665323
10 0.7661623269518308 0.5648530854312616 0.09829387068549895 0.028458370911659998
10 0.609531046105486 0.5422431182798463 0.07268993337543697 0.07701704604418516
10 0.6123048611053384 0.5990637251134578 0.05338898219845899 0.01572092471120827
10 0.532037137798748 0.5756778844278904 0.049680884396370834 0.06050822366927312
10 0.5289214616327814 0.6164230398041568 0.03398418190805738 0.012411381664965419
11 0.15445627804058018 0.5268307451680804 0.12925338202507894 0.27631980110339877
