11 0.8789103403141361 0.28910703897614887 0.12361838278068642 0.20578824898196627
7 0.8189735772357725 0.2331504065040651 0.005928184281842953 0.007791327913279126
7 0.8185098480449091 0.2254061007871984 0.005970528455284492 0.007226738934056014
7 0.8189863401632517 0.19846326836581707 0.005906768837803295 0.007290336313324828
7 0.8200705419859514 0.18515026340996169 0.005268199233716409 0.00931247339293314
7 0.821662552804794 0.1741371123555031 0.0068646232439336236 0.010749255002128554
7 0.8221320242656451 0.159416773094934 0.013888888888888888 0.023307790549169843
7 0.8241396414887793 0.14622863832633948 0.0107758620689656 0.012079608343976152
7 0.82404991765813 0.13330560596894536 0.010097381864623224 0.013090676883780308
7 0.8221608212987526 0.11814601958280117 0.01508620689655184 0.022083865474670058
7 0.8245412628652994 0.09400746249968694 0.013689335887611757 0.00995104299702
7 0.8240916347381864 0.08151340996168582 0.013729246487867247 0.008780332056194122
7 0.8273579681513408 0.0637621727330779 0.012092911877394544 0.021232439335887605
7 0.8266844278965709 0.04945294949663034 0.012867358164387749 0.018335166850018337
7 0.8282340646956685 0.02253404782987009 0.01370226308345129 0.023442820472523437
7 0.7610682641623236 0.026331140192526328 0.013849599245638918 0.024359578815024357
11 0.7226787967548726 0.2549713510832872 0.052989761949626374 0.12642945376127962
13 0.6782599206349207 0.26873148148148157 0.00625 0.017546296296296286
7 0.7151932367149756 0.2147000805152979 0.004861111111111111 0.005972222222222212
7 0.6940893308080807 0.2159364478114478 0.0055208333333333645 0.006203703703703719
7 0.6736935763888888 0.21734760802469136 0.004861111111111111 0.006527777777777762
7 0.6833622685185184 0.19849794238683127 0.0048958333333333805 0.00625
7 0.6804761904761906 0.1972685185185185 0.0012152777777777778 0.0017129629629629578
7 0.6600679976851853 0.1997222222222222 0.005486111111111095 0.006527777777777762
7 0.6798244403218563 0.14744387268073747 0.006894752534287423 0.009193003379049871
7 0.6682985135020018 0.17554258833328595 0.006770522758894831 0.007039687272245409
7 0.6434033989266548 0.1778771615980918 0.005963029218843177 0.007205326972768838
7 0.6512350698397211 0.1502954409931154 0.007267441860465121 0.008530444576956203
7 0.6252040917738593 0.15287361217593776 0.006149373881932026 0.0057973895183197465
7 0.6228818823295567 0.14911714039621016 0.005341880341880372 0.004306632213608952
7 0.6582664432668329 0.09692204673501431 0.007793017456359052 0.007619839290662229
7 0.6250692712662786 0.09979103168005912 0.008658908284843392 0.008543456174378874
7 0.5985855192266248 0.10862760793489526 0.005974646716541956 0.007042578738339337
7 0.5935465156553061 0.10347972660940244 0.007793017456359052 0.007504387180197659
7 0.635939087466519 0.05133220740037033 0.008658908284843472 0.012122471598780821
7 0.6321676518580094 0.042563344724608224 0.007966195622056046 0.013046088482497458
7 0.5985352275875967 0.05513887839324249 0.009438210030479392 0.013046088482497465
7 0.5923086853573136 0.04715693930157771 0.010390689941812071 0.012468827930174566
7 0.5625606123579939 0.0602486838459407 0.009265031864782476 0.012122471598780828
7 0.5566279280431401 0.05223763951943503 0.010477279024660568 0.013161540592962036
7 0.5111016825220899 0.00872946235234958 0.007706428373510634 0.012007019488316248
7 0.5168848711554447 0.010244450601890337 0.00536852313660295 0.00969797727902466
7 0.5557460515378221 0.004364089775561097 0.01116999168744807 0.008543456174378867
7 0.6057427583985003 0.20408038739028989 0.004637358560563914 0.005719408891362129
7 0.6074817678587118 0.22916687005958597 0.005622797254683734 0.009042849193099617
7 0.622311781209423 0.22892127310950347 0.00475329252457802 0.007419773696902241
7 0.628593952884437 0.26272182031781366 0.00515906139862731 0.007419773696902241
7 0.6287788951603641 0.24684365182417498 0.005390929326655522 0.009661163667841461
7 0.6071949838424665 0.2471468041277373 0.00533296234464847 0.00842453471835772
1 0.6301397390712916 0.25233332357047317 0.008810981265071405 0.02936993755023807
1 0.6096387497681321 0.23792225726004235 0.010086254869226489 0.04158164842638967
7 0.569009298450088 0.25010138496980605 0.006888214125056259 0.010027740290898214
7 0.5811275712591502 0.20737912185280605 0.0065367746288798245 0.01059004348478033
7 0.5804296621182586 0.22695181686409757 0.006396198830409361 0.010308891887839271
1 0.5831124867166055 0.216043949834949 0.011808367071524925 0.04114185035237667
7 0.5450475146198831 0.17811805640753006 0.007942532613585247 0.012183235867446398
7 0.5451865624205441 0.20220504345218293 0.0075208052181737 0.013214125056230323
7 0.5661909933085919 0.19454519043334828 0.005763607737291921 0.012183235867446398
7 0.5653705578047683 0.21661043634727842 0.006396198830409361 0.013401559454191019
7 0.5555287792129897 0.18736299438053824 0.0059041835357624625 0.012558104663367818
7 0.5547924297924297 0.20829763154324563 0.006677350427350445 0.011527215474583893
1 0.5683602257067173 0.20371738938990397 0.011456927575348648 0.04067326435747489
1 0.5584435096153847 0.19548470535312637 0.013776428250112518 0.04676488229119808
1 0.5480482672410807 0.18734909127959057 0.014198155645524067 0.044890538311590955
10 0.5761349551593111 0.29987709089052866 0.02410874943769675 0.045827710301394486
10 0.5393629807692306 0.2889926025890937 0.03043466036887092 0.054918278602489136
7 0.4965957227470385 0.138732693557255 0.008926563202878966 0.014713600239916028
7 0.4962091393012444 0.16609421077622827 0.008293972109761603 0.016119358224621398
7 0.5108141127877969 0.15111046361046362 0.007591093117408971 0.01443244864297497
7 0.510351650359874 0.17661396636177337 0.00745051731893835 0.013776428250112466
7 0.5238335168217441 0.1615832484946058 0.006817926225820988 0.015275903433798171
7 0.5237151372019793 0.18647379667116507 0.0071693657219973434 0.013307842255210684
1 0.5272855587500894 0.1732477871875278 0.014619883040935693 0.051731893837157004
1 0.5153218452346029 0.16403565817181373 0.015182186234817784 0.05444969260758733
1 0.4997329059829058 0.14957955505046916 0.01560391363022941 0.051919328235117704
7 0.49085690180110786 0.203148117579448 0.008419766332856444 0.012517882689556517
7 0.47722254510411705 0.1952607561066073 0.006780519790176479 0.013809410268637747
10 0.49097420918772855 0.269780903936841 0.0407576299475441 0.06556986170720078
12 0.49323464610615897 0.3135874203685362 0.008159722222222223 0.010232872357335896
12 0.4856436007066372 0.3094589944509472 0.008242429661421052 0.010232872357335896
7 0.4160823985042735 0.025544575023741693 0.010795049857549878 0.013799857549857549
7 0.42881400008198567 0.16620037303490545 0.010241806554756197 0.01498800959232614
7 0.40826808250369395 0.1528171402272122 0.010158539834798811 0.016986410871302943
7 0.467699173994138 0.11497468691713296 0.009908739674926734 0.016209254818367515
7 0.4673432970795081 0.14317165795982742 0.010241806554756197 0.01587618793853804
1 0.47119756118182377 0.1260135054349683 0.018068878230748767 0.05673239186428634
7 0.44793011744450595 0.09992006394884091 0.010658140154543045 0.01798561151079137
7 0.44782185004684427 0.1306517510006332 0.010241806554756197 0.01776356692423841
1 0.45168402315184886 0.11139606833052074 0.01806887823074869 0.06150635047517542
7 0.42660422943696324 0.0814562025593201 0.012073674393818203 0.018873789857003283
7 0.42667948974154013 0.11482943275009623 0.011157740474287199 0.018873789857003297
1 0.4315163688258433 0.09503414217778317 0.02015054622968293 0.07061017852384757
12 0.44738375965893956 0.2972066791011635 0.004662936317612557 0.01676436628475002
12 0.42326395294021196 0.29222775625653324 0.006078470556887794 0.010991207034372508
12 0.4046346256328271 0.2900841719786564 0.006245003996802565 0.020761168842703574
10 0.4238718170006768 0.24516964599411914 0.05828670397015724 0.08004707345234924
12 0.3079447595043058 0.26018110107587106 0.008252818035426737 0.024154589371980673
7 0.293533615136876 0.2610775630703167 0.00845410628019323 0.01019860440150295
10 0.3223004917301156 0.19664499720394027 0.07419808201058199 0.10416666666666667
7 0.30526053013798105 0.09416606148632291 0.014842047930283226 0.021241830065359475
7 0.33639347551886245 0.1127164316018805 0.013480392156862761 0.019789397240377635
7 0.38268977181515873 0.08125023888697779 0.011574074074074047 0.020152505446623094
7 0.38168572984749455 0.044744008714596946 0.011437908496732044 0.021060275962236745
7 0.35200980392156855 0.05997095134350035 0.012663398692810466 0.022331154684095866
7 0.3515733313527432 0.021811249752426216 0.0122549019607843 0.02251270878721859
7 0.3169707697893972 0.03556190994916485 0.01402505446623097 0.02360203340595497
1 0.38692344627909625 0.059564079042923226 0.02056100217864917 0.07952069716775599
1 0.35615021298735083 0.03935388417390172 0.02056100217864921 0.08169934640522876
1 0.32324346405228754 0.038180827886710254 0.02287581699346405 0.05864197530864197
10 0.1530294887334086 0.12872244269380237 0.11489595200975396 0.149365726582852
12 0.1742128213840752 0.2196973987239023 0.02336051647978255 0.03511156416355195
12 0.08870018445706519 0.19530403054867887 0.027607883112470262 0.037376826367652057
9 0.06419422735681656 0.2357288481141692 0.008494733265375467 0.034403669724770644
