9 0.8669387589343728 0.17381416504223518 0.011574074074074127 0.013807667316439244
6 0.8449107180693277 0.25073629121111957 0.030001218323586758 0.06233755685510069
6 0.9363362282156471 0.22124695722168886 0.02436647173489285 0.08325211176088369
7 0.29503554894179895 0.1870416782697484 0.03274244639376218 0.04264132553606238
7 0.35232395224171537 0.26956603791614103 0.028782894736842125 0.04162605588044186
7 0.3164796517565359 0.3523880038126361 0.012446384803921578 0.016850490196078424
6 0.33817834024635496 0.3703900096363331 0.007467830882352939 0.007318899782135051
6 0.31346116878123803 0.3843623846597461 0.018318525326797383 0.029701116557734244
7 0.15696426139900405 0.4200505433654944 0.014297385620915036 0.01710580065359474
7 0.11525563010727703 0.3726698552857493 0.014659216335540827 0.016862889379445665
7 0.15504277041942605 0.27415335155401377 0.018970750551876372 0.024067942114299704
7 0.25213021852576645 0.395393926215844 0.015968145248967187 0.021925056171631523
7 0.2053503479017178 0.3382121113285496 0.016511741682974524 0.021653257954627782
6 0.46505178259363955 0.34412338699502576 0.018686127419004113 0.02600202942668696
6 0.42519595357168743 0.3534584813123625 0.014541204609697742 0.019931869246937753
7 0.40298510292935247 0.3484937743459566 0.02520928462709288 0.040135536710879195
7 0.4395502233687166 0.31619604393577 0.014405305501195897 0.01975067043560196
6 0.5859857700030892 0.3135673034016407 0.016315261044176705 0.04211289602855867
9 0.5995021753681391 0.2610720660419456 0.010772255689424368 0.014084114234716628
9 0.6381123452141899 0.24722152498884423 0.01056308567603747 0.012689647478804139
7 0.8530760468775687 0.7830738157307593 0.037511155734047306 0.04480886508998954
6 0.7817887712466025 0.8084357632550403 0.009621820615796474 0.013015023055183721
6 0.7428498717090585 0.7855263647181319 0.004322846943328784 0.007251227130745237
6 0.7494624964504483 0.7849242086189877 0.0072512271307451845 0.007809013833110296
6 0.7195555727182232 0.7940451263744436 0.00920348058902268 0.009668302840993579
6 0.7477653670236502 0.8021902424512866 0.00613565372601512 0.010040160642570321
7 0.73431844662601 0.7564930503908637 0.03165439535921451 0.04090435817343445
7 0.499410837795627 0.7050036566017154 0.023008701472556858 0.03235162873717088
7 0.44016675166273556 0.6931783571676476 0.020777554663096807 0.029190837423769055
7 0.5039045069165552 0.6585229808121373 0.020359214636323092 0.014502454261490369
7 0.4451292825623481 0.6499454608557685 0.020080321285140614 0.013015023055183721
7 0.5074673694779116 0.6132864792503346 0.026355421686746972 0.03514056224899596
7 0.5286157858949022 0.5610714462789429 0.02523984828201699 0.03569834895136102
7 0.5032806012388058 0.5052504678330993 0.021753681392235553 0.036442064554514396
7 0.9425363600628929 0.6547541055206149 0.04831629979035641 0.05437631027253676
7 0.9544645812644817 0.5723247453014088 0.04454926624737949 0.04957197763801539
7 0.8039678135405105 0.5743361285814116 0.033739517819706556 0.04433088749126486
7 0.7931516422082459 0.6446540880503145 0.029972484276729636 0.0471698113207547
7 0.8169783243486074 0.6463075272037536 0.012775157232704417 0.019654088050314537
7 0.7301961665169211 0.6950371867824697 0.01998165618448632 0.017470300489168478
7 0.6678349930118798 0.6309835779175401 0.03079140461215933 0.04280223619846258
7 0.6842381110007723 0.5668652763985434 0.0316103249475891 0.04083682739343115
7 0.7427249164701257 0.49088814640111805 0.02440382599580712 0.038871418588399716
7 0.4400397456781704 0.6070870848118263 0.02386634844868733 0.033921152656236166
7 0.4611369314296081 0.5601729728723824 0.02303765579421903 0.03149032086979581
7 0.4036644789180588 0.558969769291965 0.02171174754706971 0.03071687439229204
7 0.3824929600585924 0.6020307442344037 0.022126093874303938 0.029722443206930148
7 0.29845957874000834 0.5948803104729914 0.022457570936091208 0.024750287280120156
7 0.3191336846990188 0.5557599664103244 0.01955714664545213 0.025744718465482156
7 0.35589885828549317 0.5150377107417681 0.021214531954388723 0.030053920268717445
7 0.33152836180879136 0.5313208992604378 0.017568284274728226 0.023755856094758263
7 0.2785591165662764 0.5563658328177022 0.01814836913285597 0.022761424909396265
7 0.2586839456618693 0.5912897872921739 0.01889419252187747 0.023203394325112734
7 0.22524260963998435 0.5892346773412802 0.018977061787324306 0.02408733315654556
7 0.24395330593122955 0.5561816788944871 0.01731967647838771 0.022429947847608968
7 0.21392286528772209 0.5340592680986475 0.014502121453195432 0.018673207814019207
7 0.19261870368044215 0.5541773088249662 0.01748541500928139 0.020662070184743205
7 0.17365472651397787 0.585086090989872 0.018396976929196503 0.0213250243083178
7 0.16655413892727042 0.5540842626321836 0.01665672235481305 0.019557146645452144
7 0.14935803942367187 0.5825279668424723 0.017568284274728185 0.020662070184743205
7 0.14294027519962285 0.5535728316489387 0.01458499071864227 0.01812074604437368
7 0.12526779857360182 0.5809280892499079 0.015165075576770094 0.018562715460090144
7 0.0751889297385621 0.3158726196239812 0.022240377632534496 0.031267651093359126
13 0.03634107964173324 0.46012264988299845 0.02851912369886226 0.034495279593318856
13 0.08035223823622516 0.5053139489414 0.028443476155894456 0.033587509077705135
7 0.16758104889666564 0.6406467710054761 0.0164041994750656 0.017935258092738434
7 0.2244641294838145 0.6524945599748747 0.010881452318460166 0.018737241178186117
7 0.2737637198759245 0.6625208780720591 0.018318022747156625 0.021507728200641642
7 0.30927384076990383 0.6688434778985959 0.01881014873140856 0.02340332458442689
1 0.9470568905955378 0.5796040528327163 0.05816714150047472 0.18439379550490667
1 0.793446875459786 0.5809719825760514 0.05920584045584039 0.15689300411522636
1 0.669088608621129 0.581958535041191 0.06098646723646724 0.14027382082937634
1 0.5120095033434219 0.5722601630894744 0.06056201550387594 0.11785264692241432
1 0.4488452842377261 0.5617794673027232 0.04702096998608628 0.11006758099781354
1 0.38558827105407284 0.5718139523170971 0.058887012012012005 0.10030864197530857
1 0.3049899143649143 0.5655117113450446 0.054898648648648615 0.08675342008675344
1 0.23429561189977868 0.5623552845775068 0.04504504504504503 0.07695195195195197
1 0.1805119513452846 0.5635307024195914 0.04465402902902904 0.07027861194527858
1 0.13332364126421506 0.5605144078504735 0.03824136636636635 0.06172839506172847
10 0.1030833195546737 0.715599279835391 0.09958526234567901 0.09741512345679015
10 0.21834709436907834 0.7632608383577375 0.11646412037037039 0.132860725308642
10 0.39607917093234185 0.8408281995557715 0.14402827918170877 0.18802647412755719
12 0.45910756904193656 0.949591584180742 0.02693251127022012 0.05690356227349056
9 0.3983206862085144 0.9695789051397644 0.019142800318217943 0.04198709449306121
9 0.3529353268753801 0.9519501250513462 0.015247944842216891 0.028838504375497214
6 0.7096092704149931 0.8435185185185182 0.014851070950468583 0.009761267291387791
6 0.7583023064480141 0.8950501078387624 0.008785140562248885 0.010179607318161532
6 0.7274634251290876 0.8862832281506979 0.005647590361445825 0.010179607318161532
10 0.8312178638797616 0.9744375228185468 0.0788570950468541 0.08199464524765732
10 0.7159086482542192 0.944522488862554 0.16346636546184737 0.1285531012940652
6 0.6952100372089596 0.8722077930052069 0.008830220306513405 0.010376756066411178
