6 0.5831596516759119 0.6303238142844861 0.05039164624183006 0.08333333333333333
6 0.7867941106610661 0.6253631410760125 0.020493821703598928 0.03980728429985858
6 0.7768142361111111 0.6479166666666666 0.004756944444444539 0.010925925925925884
7 0.19745514800109235 0.5269409606240765 0.04804652213188799 0.06361035832580553
7 0.27529744597046935 0.5421267349177107 0.03545834879980205 0.0566666666666666
7 0.27257500890313385 0.32349144251717776 0.04953022875816997 0.0654445806100218
7 0.3524384589445287 0.09901617893524821 0.05195161018378016 0.07130613162479627
7 0.5022482827187275 0.14667188880854826 0.04639672210171118 0.038864786695589286
7 0.672299954411933 0.5861860665451625 0.03988245757038855 0.06672198809959182
7 0.7397691538021725 0.4427260021599645 0.05175576519916139 0.06376659678546467
7 0.8166814249123328 0.2935801760796284 0.05733130451579992 0.06420438489736321
7 0.900681741192412 0.6155865033958982 0.05194444444444441 0.05822154471544705
7 0.9594462993878684 0.5002736041550734 0.04973567056204789 0.053561491374513166
7 0.649737409571508 0.59147576207259 0.010549990725282912 0.010975081926667836
7 0.648650528658876 0.5657577443887961 0.005274995362641416 0.004560069251221177
7 0.5249688833991161 0.9839259290809678 0.04389845458159414 0.032201185980255786
7 0.6383503983832932 0.9699260372505986 0.043086482231219095 0.05468023691707913
7 0.7330343525216922 0.9548514499474434 0.041562326099053984 0.057348667532306975
7 0.7684692960396409 0.879306223066701 0.03235682662096543 0.05682900123774164
7 0.8677359655747507 0.9256942914782997 0.03591208030460362 0.05019037729318109
7 0.9317490860252974 0.9137175553674709 0.034534872102318086 0.04529709565680788
7 0.9136176883138631 0.9825644228577276 0.03803699284009541 0.03538075665163976
7 0.9766373323754791 0.9716657763532764 0.03705929487179497 0.04651887464387456
7 0.9841804259091974 0.9011736316528016 0.030931007226739065 0.04337371805090592
1 0.643461529784162 0.9375043202056593 0.08725694444444443 0.11083333333333338
1 0.7419610963264638 0.9311067258827836 0.09699698007125358 0.12450827581088104
1 0.8949302550295233 0.926612331691001 0.11594187846203963 0.14146844792006089
1 0.9497830730557778 0.914425163595085 0.0868033297720798 0.1470500949667616
