10 0.06311274509803926 0.8395220588235294 0.11519607843137253 0.13786764705882354
10 0.09420518207282916 0.9746586134453781 0.1948529411764706 0.05422794117647047
10 0.4922487745098039 0.8562155330882353 0.10784313725490194 0.1452205882352942
10 0.42096968291821235 0.9805225722045575 0.23374072602013787 0.046875
7 0.7177754951538137 0.696622813948588 0.0852691740412979 0.05219856194690262
7 0.38901179941002945 0.694969956757844 0.08342551622418876 0.044247787610619496
7 0.0653346238938053 0.6881395188053098 0.07743362831858407 0.04597621681415935
6 0.1703681338343174 0.18127124709250314 0.04227053140096621 0.10416666666666666
6 0.5393476583467526 0.19218309681964574 0.03321256038647344 0.08378623188405795
7 0.3222670546040111 0.46346618357487934 0.08856682769726246 0.05321557971014492
7 0.3063452248234857 0.39468947417316985 0.029186795491143277 0.04566727053140096
7 0.3546626984126985 0.39596273291925466 0.037238325281803535 0.04453502415458934
7 0.6684178743961353 0.46749698067632844 0.09158615136875999 0.054725241545893775
7 0.6352441338854382 0.3979576432022085 0.04327697262479878 0.04679951690821262
7 0.6943725557855992 0.39073283298826783 0.017109500805153034 0.020380434782608692
1 0.6631717183522936 0.40286665303101155 0.10466988727858298 0.1921044685990339
1 0.3295810166195728 0.4035283360678153 0.0880636070853462 0.19097222222222224
7 0.02777777777777778 0.3849565972222223 0.04378019323671498 0.06076388888888888
7 0.008995068438003222 0.4459163647342995 0.017612721417069245 0.042647946859903384
