7 0.2862289512599711 0.18067230277686008 0.06650773114761911 0.05286961120552822
7 0.5363559505638411 0.10996656638223969 0.06273573836027406 0.05165333583589194
7 0.5413948299215076 0.1699742072322179 0.06690447803289619 0.05101967232029536
1 0.5403657923267733 0.12591029693208453 0.07098765432098765 0.14891082353372168
7 0.7835363595469367 0.10338812582955241 0.06966551923458522 0.058565869627360594
7 0.7986614142200777 0.15907822169100735 0.0728737997256515 0.05937003287826332
1 0.7824089361436708 0.0944576658117093 0.09147164563831237 0.16194762791297446
1 0.2894386252013117 0.11624835744659436 0.07601065117404986 0.1502914951989026
7 0.29766291996806094 0.12690414431707964 0.06348835121637779 0.04943232555172852
7 0.38359810853263904 0.35341017734395946 0.05958071801693201 0.044945338155214704
7 0.6026139308032312 0.3417924096936443 0.058108520042676345 0.03900891632373113
7 0.8288016852831668 0.3277418220374569 0.05983875031494075 0.03558830939783319
12 0.2121931990915521 0.7889741245031274 0.05295994294237991 0.06192042943447578
10 0.6950317776651274 0.4560796816023998 0.07650641393053642 0.10143549387735433
10 0.6936257244899219 0.5302466818670523 0.06858710562414262 0.021896896896896858
10 0.42462033464564347 0.46478607115841203 0.07895492391616422 0.10108622834721026
10 0.4385822841543414 0.5392639958440288 0.06722894511673386 0.023969410829971838
