10 0.5367314802948533 0.47348687114642507 0.44783345436940203 0.18155410312273063
1 0.7730642383912674 0.11242691338567355 0.08263286927589518 0.16704426057262936
1 0.5215969784527703 0.12036738543830743 0.07223535592329922 0.1514479905437352
1 0.2776981795894324 0.13461297370871836 0.07606601873741355 0.14816456527449437
12 0.20677947903418992 0.7934636071819308 0.04924202455066653 0.06199219162182119
7 0.7653902573493215 0.10007328400968751 0.06497725795971407 0.05685510071474983
7 0.7824344812648906 0.15402237893207965 0.07039202945635696 0.051778752436647174
7 0.5216043800477393 0.11312406637058477 0.06204658266513942 0.04772814051164567
7 0.5253542488651309 0.16993206694667176 0.06681939671630391 0.045739467990327104
7 0.27266444716857696 0.1866212160795268 0.06841033473335882 0.04573946799032708
7 0.28118624195371045 0.12638917815034656 0.06469814602689748 0.04931907852870052
7 0.818771181312031 0.3300029502541758 0.06475429678044063 0.038580246913580245
7 0.5889917695473251 0.3430237835875091 0.06354393609295568 0.04084967320261438
7 0.3712641751857439 0.3454183192745284 0.06757847171790526 0.04387557492132652
