7 0.3100586605387703 0.2741652304409506 0.05825507368717247 0.03297457001160704
7 0.4580507619662414 0.3328675129071076 0.05106891889884268 0.03161630342737441
7 0.5875914871262876 0.3809284019294754 0.05386512588158686 0.03000685871056239
7 0.8482700807803689 0.47815500685871054 0.04134278311233047 0.030435528120713227
7 0.9171620179850632 0.5047378176236201 0.04015203475080012 0.030757030178326455
12 0.2913734112921106 0.6740944240944241 0.06557228779450999 0.04896723646723646
12 0.4132964382006527 0.6940287090251174 0.06784802043422732 0.04872419114516814
12 0.5589910842936144 0.7163910835527997 0.05296825978894189 0.04870278694536118
7 0.41397108017499046 0.07533563609720084 0.04916786487513843 0.04493281769051514
7 0.4147551231311108 0.1313214003435674 0.05639843323912933 0.04958104021022359
7 0.4982238438683631 0.11288206965896291 0.04727438706311947 0.04645931142410016
7 0.5773981346830461 0.2091867296687876 0.04783750460360923 0.041282365374453595
7 0.5713136216849566 0.15710064086076816 0.046014981995884774 0.03978587962962963
7 0.7071820021460307 0.2720171210379045 0.043298694377831064 0.034416910915711856
7 0.6980884599553386 0.22226960000428572 0.05082648280738974 0.04005347829930167
7 0.8863912167549878 0.3667178685738448 0.04399351095713374 0.032049960130880704
7 0.872954965547558 0.3184196100862769 0.04180106031957887 0.02947391836280726
7 0.965317282605772 0.40754798575808926 0.04529606767261082 0.030006858710562433
7 0.9501140266800385 0.361044728532269 0.04424682671531105 0.031352812795205055
1 0.4346808020526928 0.08599552061523782 0.07914701060590854 0.14050176442310233
1 0.5892412882722253 0.1605404533290027 0.067161418597124 0.12579761409349424
1 0.7143008272327186 0.23131802383575756 0.0710731125146458 0.11430494284809312
10 0.5077990144569449 0.4583865505425041 0.3067900336928827 0.14875971199063012
10 0.5298755237765105 0.5557770910001969 0.2664412321388852 0.09985149568713193
10 0.9082563269420844 0.581419519851349 0.14781709652446723 0.09900604257956652
10 0.9576270494480371 0.6853862515513749 0.04667733577198593 0.038988503494676356
10 0.9748402710918366 0.6536975976052735 0.059542861497594114 0.04664331439022801
