7 0.034438339065252385 0.7760308751345695 0.037013499689320606 0.0407617138951031
7 0.07744300464405753 0.747373651882846 0.03695119393987052 0.038548137663495054
7 0.39351283894902267 0.5789754675018156 0.04311909949164848 0.03555434519486802
7 0.3901230960535197 0.625770539099603 0.036869924493271686 0.03133380041762831
7 0.5023324775526142 0.5149727334837693 0.04484266446959067 0.03431590262490508
7 0.5013954704798327 0.5646404176772344 0.04370996434488502 0.03756098398955541
7 0.5533101605572829 0.4596944104861613 0.044469443482943016 0.05261028563381044
7 0.6300056135514263 0.43787722046817185 0.0461250253953405 0.03884601210471852
7 0.6330144143427352 0.4907081416062201 0.04628340398320901 0.04046574770258983
7 0.6734115226337449 0.38305864197530876 0.05560699588477373 0.053472222222222275
7 0.9189715542871713 0.2391518551117614 0.07759096672292667 0.07882718412644392
7 0.9281284617909871 0.32390846795167594 0.052182466923941066 0.03253228413902377
7 0.9517010988504285 0.3048682050398663 0.04053972638165559 0.02114588216908892
5 0.8992368224305284 0.2710450971212989 0.16339541508336455 0.14045041016305837
1 0.600506554855437 0.4492887733290632 0.09320206919826124 0.1318803435982478
1 0.4756732040582492 0.528420484041237 0.08416130898381521 0.12848923187211317
1 0.3660075563034905 0.5925790504107421 0.08662551440329216 0.12151841079825398
12 0.7345651131408433 0.967555650350742 0.017648633276456195 0.025594700391448413
12 0.7480792277351668 0.9657684596975481 0.026531214636937268 0.024088501411818168
12 0.7999381369369308 0.9322057245647644 0.0648545372824933 0.051021218474048696
12 0.7839977965298668 0.9084081390179675 0.020831962809464397 0.0087028265684276
12 0.8367506375297731 0.9407990871631955 0.028569287547537413 0.03430656250585438
4 0.5679908123759333 0.780390368216946 0.3421802375910611 0.26636926747256784
