7 0.909745165092061 0.5329498378619127 0.04745551498290147 0.047002695183446415
7 0.9752988985423825 0.5565280251110751 0.04473859618617047 0.04143301165014776
7 0.5829713458314281 0.6956875857338819 0.053536046334400275 0.02672039323273886
7 0.3822551730645009 0.68656509242929 0.0482014936747447 0.03143575674439874
7 0.15412180792839228 0.6729849939726482 0.04686785550983084 0.027434842249657056
7 0.6078161889755145 0.5829551267400225 0.05082056621547915 0.04198894342803318
7 0.5983279670621632 0.5313998230107108 0.03470672814715652 0.04214388417869002
7 0.40897492112147626 0.5141770150730726 0.029790359008466032 0.04130814315999496
7 0.3767960815285918 0.5122079852018124 0.021303570686286757 0.03390385334829783
7 0.3740038539421255 0.5616717494611012 0.04133597883597885 0.035709692827748316
7 0.40717147807791093 0.5631845818249327 0.013013178522437776 0.01802707965902415
7 0.13847680626102643 0.5456883983340418 0.02941795185316661 0.028596221354474878
7 0.1686415091633409 0.5442190362983761 0.0220223773649404 0.02206346388987499
7 0.18361868626377664 0.5005721649335767 0.046345600126217815 0.039196544787599145
7 0.21898652659665652 0.4799285968911425 0.04568821572726438 0.04696189800023665
5 0.6197558263301818 0.5384524278584562 0.08728438840731985 0.14652285263987397
5 0.39309746219266967 0.5186234660162771 0.07387706855791965 0.1461124244812188
5 0.16295315655289264 0.5016002471932235 0.08649838798458756 0.1454745616104427
11 0.3483667484306054 0.7455680228668734 0.6187536743092298 0.30698853615520266
