7 0.0219899674071745 0.5708771131112247 0.046236249219388 0.04368424845078541
7 0.1234474518197635 0.742829962586499 0.06067785312699243 0.044171605309264644
7 0.15043049258987462 0.6907417752780189 0.05575289762312392 0.041291652536806465
7 0.33192370207958855 0.8577257239647368 0.04330416654421216 0.03599457206092139
7 0.3211035376952046 0.9162208326371836 0.04134826741016577 0.039930251852046905
7 0.41847285392860467 0.9390337125311601 0.0412083291284018 0.03574191812157306
7 0.275586856851473 0.9710551188231891 0.03903103687717912 0.03472150112124107
7 0.36373492335548685 0.5063297545025137 0.04117079467321007 0.046581090067378636
7 0.73491631218329 0.7841113258796099 0.038039715018590124 0.027892303930784738
7 0.8651627864590825 0.7514874528763418 0.03943758573388207 0.028759820426487077
1 0.04198977654410524 0.5799202293826067 0.09268870217587136 0.11296255372215674
1 0.149021851690733 0.7081663556236022 0.12033694344163659 0.11782992378660245
1 0.3416616188627821 0.8766876800495929 0.08505296311152713 0.11685497169853369
1 0.43116520938530734 0.9512933443877958 0.07413798037652092 0.10042705659454833
6 0.16009713192654224 0.45824643589597847 0.09358576901573683 0.03694767521790535
6 0.09204546553130931 0.3786906739916636 0.09753086419753088 0.039564162040205825
6 0.029326672653377878 0.29503461342759973 0.07453826446354765 0.041593021076029045
14 0.3741863563965521 0.5128832625507548 0.1136868079477998 0.11126766863481838
14 0.4330089332290037 0.5895034559207094 0.029704978844258965 0.02703334202747348
14 0.47977315163229606 0.6407457922696133 0.05357599425771187 0.0644300864673449
14 0.503799327529538 0.45490289361623343 0.10803549918194603 0.11278496349997204
14 0.570339887212315 0.54329561042524 0.027244322511812268 0.02200502972107907
14 0.6050539011634113 0.5876705535987476 0.04610358036550802 0.04491763617604154
14 0.6467666648881 0.37799058078780684 0.03773893311795703 0.0512153173869017
14 0.7246730982070362 0.5042437751796538 0.08129307011994859 0.13080757414092456
14 0.622182236454673 0.8098012004546503 0.09393789523125208 0.09308438097749759
14 0.6820659644124557 0.8757188890138451 0.022492127755285724 0.012339431199080413
14 0.7412147327193602 0.780675136362469 0.08869981092203306 0.09275576829677037
14 0.7984749766324505 0.8472587009757273 0.023037125854871575 0.012143063327116186
14 0.8820982540414664 0.7645348302405731 0.10018163323367253 0.13284041061818835
