10 0.6582244008714596 0.8637152777777779 0.21078431372549022 0.09237132352941177
10 0.5660615808823529 0.7417279411764708 0.14276960784313725 0.13465073529411759
10 0.9375885076252725 0.8202818627450981 0.1466299019607843 0.09283088235294112
10 0.969090413943355 0.6781556372549019 0.04718137254901968 0.11580882352941177
7 0.8327205882352942 0.5440340909090909 0.08394607843137246 0.050091911764705885
7 0.5190422322775264 0.5903209841628959 0.07843137254901957 0.05882352941176468
7 0.36147584033613445 0.3739495798319328 0.06311274509803919 0.07674632352941173
7 0.3697406045751634 0.31261488970588236 0.04963235294117651 0.06387867647058823
7 0.6919253812636164 0.24678308823529407 0.0379901960784314 0.057904411764705885
7 0.7096813725490195 0.31286764705882353 0.04473039215686268 0.0625
7 0.658973311546841 0.32337622549019607 0.0392156862745099 0.05698529411764706
7 0.6381740196078431 0.25421262254901966 0.028186274509803867 0.0413602941176471
7 0.9825027233115468 0.18504901960784312 0.03370098039215688 0.06112132352941178
1 0.3435585171568628 0.3295180376838235 0.08762254901960785 0.19669117647058826
1 0.6726884719405004 0.25941303245436115 0.10906862745098043 0.20082720588235298
6 0.4444799658994033 0.08639705882352944 0.06495098039215683 0.09375000000000001
6 0.6233149509803922 0.054917279411764705 0.053308823529411714 0.09604779411764706
6 0.80984477124183 0.03244995915032679 0.052696078431372584 0.06433823529411764
