14 0.04257856341189674 0.12720959595959597 0.10236625514403293 0.12037037037037036
14 0.32027412717376874 0.5366263440860215 0.0668724279835391 0.09104938271604938
1 0.12891898440856597 0.7258867411724225 0.09390850799119534 0.1090116279069767
1 0.04626171337619357 0.632121134935214 0.09271222126519284 0.11349770312948605
1 0.26394993018593355 0.8447092724184133 0.07436915813315459 0.10841348454397541
1 0.31743629934844403 0.9085151042515383 0.06619453217213772 0.10213297923246273
1 0.3713667244956759 0.9512480388533567 0.061210004147127316 0.09581957603598436
7 0.037341658909566935 0.14400178016945583 0.04460332343595353 0.03711517424597594
7 0.025132011333866094 0.6155515116521355 0.03874303276553628 0.0356501015783716
7 0.11962867260024884 0.7051309164923507 0.042069416531087485 0.03319695664656905
7 0.10217036319265003 0.7545064494808115 0.05044342361310493 0.029009953105560322
7 0.24079871463592398 0.8773440318175459 0.04067374868408459 0.025570628768303162
6 0.2470621047341516 0.589652327869944 0.07795801831116214 0.024972485405301878
7 0.24791934723507125 0.829043316213141 0.03469231505407211 0.029309024787060965
7 0.16571871256447573 0.985824517937701 0.037084888506077156 0.030771485309599115
7 0.014663660468494034 0.6637144773212185 0.0271158324560564 0.028262273901808764
7 0.29961285882905175 0.9374188234007356 0.0364867451430759 0.025570628768303162
7 0.30643401400571146 0.8853075608865639 0.03329664720706929 0.029309024787060965
7 0.3523601203403098 0.9806100326126165 0.0364867451430759 0.026467843812805
7 0.43775658816571816 0.5155018054727355 0.038281175232079634 0.025720164609053527
7 0.35720940382869754 0.9325598795883032 0.03329664720706929 0.02437434204230077
7 0.5773498415756201 0.4914423050206997 0.03887931859508092 0.027365058857306925
6 0.4072027094565136 0.7855842736872024 0.06001371742112481 0.01824337257153783
9 0.24961408676357477 0.5355459985538222 0.015950489680033205 0.020785481864293246
7 0.48658297976414544 0.805230564328325 0.026916451335056008 0.013009618145277084
7 0.5940736424725885 0.7931468955655763 0.02891026254506011 0.013009618145277084
7 0.5876699899981047 0.9445739248900824 0.023925734520049823 0.016299406641783882
7 0.6760792278545174 0.9352054555991536 0.022530066673046887 0.014056369030529375
6 0.5001010197679736 0.8981820429387182 0.013757297349028644 0.010766580534022402
6 0.39379366446549907 0.7482534213800364 0.020536255463042725 0.0124114747822758
6 0.3325114741278967 0.7142368549560626 0.038281175232079634 0.015402191597282044
9 0.25518291224040573 0.5088891580534022 0.011165342776023228 0.006729112833763958
14 0.1137474279835391 0.2309027777777778 0.053497942386831275 0.03819444444444445
14 0.1645133505598622 0.3086958082113121 0.08436213991769548 0.09182098765432099
14 0.20342935528120712 0.08654835390946503 0.09619341563786009 0.12962962962962962
14 0.26717315606204495 0.19067545109211775 0.042695473251028807 0.037037037037037035
14 0.30711346266901823 0.26154100529100527 0.06635802469135803 0.07484567901234568
14 0.4268765953013492 0.1302547273011408 0.19135802469135801 0.2619598765432099
14 0.3662551440329218 0.6051526063100138 0.0257201646090535 0.013503086419753086
14 0.39134659350708734 0.6439257544581619 0.03755144032921811 0.045910493827160496
14 0.44185923815553446 0.5100605413105413 0.07716049382716049 0.09297839506172839
14 0.4931657848324515 0.5841049382716049 0.028292181069958847 0.017361111111111112
14 0.5913263691041468 0.5053478157644824 0.10802469135802469 0.1558641975308642
