10 0.8876023393932877 0.6020980173533133 0.17726559493146216 0.1582067679189981
1 0.9505792058792822 0.2219505180506224 0.09177842910856494 0.10741406874500398
1 0.8358748478657659 0.3648194886487777 0.07686485975119438 0.09356818504328089
1 0.7889078822412156 0.4229772079772078 0.06090534979423873 0.09074074074074072
1 0.7452101463941174 0.4691990487755516 0.060356652949245505 0.07998971193415635
7 0.9527958329926689 0.20678118101545254 0.054506309105279024 0.038580246913580224
7 0.9700547944048066 0.2586859484164489 0.051777062906569915 0.04292371842040717
13 0.48984332803891595 0.4751209281844172 0.03011618681529107 0.046143640643041064
13 0.6017121760338652 0.47852539245114684 0.04296605532957491 0.04493595232997922
13 0.37880444246089623 0.4712696817564592 0.02894507755618864 0.04437143723615306
7 0.8491434532239606 0.39429812572216755 0.03739954456800335 0.03216616119841923
7 0.8408759203124403 0.34442260314138634 0.03987141983572149 0.030988150131389725
7 0.7988059133861932 0.4504004348258232 0.0361032389762967 0.027586403465910878
7 0.792219941744151 0.406057098765432 0.036150760332120585 0.02662717293279848
6 0.8468242875999689 0.09164038252088567 0.05435204596630167 0.02402166317260657
7 0.7545851088024648 0.4959231259413741 0.03398065543239914 0.026752725961971688
7 0.750046494872203 0.4554142645186354 0.030064787009231507 0.024592421446996582
6 0.8383444300560556 0.16182107321187478 0.05558481071909191 0.017187408577613965
