6 0.10307585611405055 0.04565042162698412 0.062095825984714866 0.07688492063492063
6 0.38667001437063175 0.22074943660591803 0.07899764844209288 0.04326499118165784
6 0.47377316748661785 0.2777632739255546 0.07422104644326863 0.04326499118165784
6 0.9273956496178719 0.5571446942974719 0.04703115814226932 0.025903880070546812
7 0.03591985766089004 0.2727819533921895 0.06237646220148407 0.04951637989695734
7 0.045343381784879226 0.21509327050492955 0.04374453193350832 0.041618061631185005
7 0.06905965458021451 0.2258615242539127 0.019442014192670363 0.023998736269077503
7 0.08262856031884903 0.23163337221736172 0.010936132983377077 0.017619325362107544
7 0.36660561192034236 0.38909609982962656 0.041719322121771804 0.03584621366773594
7 0.3660060432260782 0.4409261486990052 0.050225203331065144 0.041010498687664015
7 0.4444905946801543 0.4198259939729755 0.042124364084119126 0.03949159132886164
7 0.5052695959301383 0.46258323612326246 0.04252940604646639 0.03250461747837074
7 0.5140835222107958 0.5125273083554615 0.044554615858202896 0.03827646544181976
7 0.2509009933429103 0.5662317866130931 0.05265545510514888 0.036453776611256886
7 0.40031647278658067 0.6253172828705054 0.04901007744402323 0.03128949159132885
7 0.5237952026829978 0.6727620418975407 0.04293444800881372 0.029163021289005577
7 0.639120995543834 0.5729318557402547 0.04090923819707727 0.036453776611256886
7 0.6304883185898059 0.5252381646738603 0.03888402838534065 0.03280839895013123
7 0.8012489468908979 0.616600442305823 0.046579825669939456 0.033415961893652125
7 0.8170801040442334 0.6634311178274435 0.046174783707592135 0.03128949159132885
7 0.7947193329228908 0.7761819124461294 0.03118823110074208 0.026732769514921807
7 0.8988094324466753 0.7054924969174176 0.04333948997116098 0.030681928647807867
7 0.881371310067723 0.6577375166067205 0.041719322121771804 0.028251676873724187
7 0.9697109620556689 0.7396926946631672 0.04009915427238262 0.02612520657140082
7 0.9531601759656584 0.6969614909247457 0.03847898642299333 0.025517643627879835
7 0.8723046470772265 0.8077372572377444 0.031134936105696377 0.021320662768031292
10 0.43311701900260996 0.774922401668364 0.3321448843479494 0.2521019582801192
10 0.890801250900289 0.9009943512695083 0.1995530012771392 0.15930981268624947
1 0.061647916896604295 0.2300094701449001 0.10997587625940117 0.1333679225202214
1 0.3808505983633698 0.404390461662173 0.07494323825741453 0.12039697743720733
1 0.5261756642060987 0.4773458396587869 0.07050872711792253 0.11075191570881227
1 0.6484426666238277 0.5404434946223604 0.06962182489002416 0.1077586206896552
1 0.8225100678694286 0.6334431562954156 0.08647296722009366 0.10476532567049804
1 0.9003312663491222 0.6757065431295531 0.07627359159926213 0.10077426564495531
1 0.9689495530012774 0.7079209237973606 0.06430041152263374 0.09312473392933157
12 0.20839022767152268 0.9760125622698723 0.06150474145643226 0.0405372159599213
