7 0.19822090240082219 0.13141989322285924 0.03721063925459194 0.03914054095589365
7 0.18085000182374478 0.18367920182739225 0.03403579689062252 0.041010802469135806
7 0.14123405901709027 0.19097888729488416 0.014985889690381442 0.014396556949748458
7 0.4013140086649699 0.2033623553677248 0.022613256280708347 0.020208700764256307
7 0.4337425674144223 0.19229162104164543 0.017740635629601518 0.03304774217904461
7 0.6660210018447568 0.21146232439335888 0.02178231871718454 0.019369944657301
7 0.6309034707396062 0.19698044300566225 0.0216590859865714 0.0402300601039636
7 0.9696083690168416 0.1349038286423785 0.05363646806814116 0.0594171185850702
7 0.9757597212179643 0.33764536635333814 0.040977076136150696 0.035316408237594084
7 0.6697178489563879 0.35669802234152026 0.05425250484752278 0.03202888423014209
7 0.45373629033759755 0.3498791966929221 0.05888870267955239 0.03535067873303168
7 0.23939930049310457 0.339907162661576 0.0563279617450611 0.03779902696050154
1 0.17160905195431195 0.1282034482227699 0.10180543654194038 0.15195698834068516
1 0.41057275747537164 0.13331553718613076 0.07515016311077459 0.1519640227369696
1 0.6590218270534601 0.14062747393628472 0.0790396535081035 0.15090694479758174
12 0.18872952936828824 0.6798105263303638 0.051443289812594356 0.0585292440015858
12 0.4258374890670314 0.6877087363972718 0.04441113688693676 0.06423848212243302
9 0.16051360189504404 0.7244729859779787 0.025993368178497178 0.061880608478989844
9 0.2945047286813962 0.7244155373516722 0.02405542903565198 0.05306344640217345
9 0.42614052809730385 0.737292996123787 0.02007427481682223 0.056461250376392616
4 0.21241066428562633 0.44721848688828236 0.139185946514263 0.21073836285467548
4 0.382992336037044 0.45483120271265703 0.12732341511037523 0.21184807477814005
4 0.5583568280357254 0.46414930590708264 0.12208067799020521 0.21264005675345457
