7 0.6600807178932179 0.7440898944805194 0.07643398268398277 0.04920860389610393
7 0.34825712481962484 0.729885349025974 0.07913961038961036 0.044135551948051965
7 0.04014249639249639 0.7097876082251081 0.07237554112554112 0.05123782467532463
7 0.05392146915584415 0.4131683745941558 0.0588474025974026 0.04870129870129865
7 0.01882133018496655 0.42526010920897284 0.032467532467532464 0.04920860389610393
7 0.6201646567717994 0.5304962894248609 0.07575757575757577 0.05123782467532463
7 0.5964420995670995 0.4568790584415584 0.029761904761904746 0.04210633116883118
7 0.30851821789321787 0.5211292613636364 0.06425865800865799 0.044135551948051965
1 0.31418720657277 0.40618919106745743 0.11810446009389673 0.2805897887323944
1 0.6254162572333224 0.4088575786112022 0.09683098591549294 0.2805897887323944
1 0.039867494440326175 0.3350595348406227 0.08934859154929577 0.2569102112676056
4 0.24015917531542533 0.8757447630494506 0.20566239316239318 0.2633747329059829
4 0.5005490265906933 0.8810763888888891 0.18340455840455833 0.24973290598290596
4 0.05034198508463216 0.8584323152337859 0.08368945868945869 0.26976495726495725
