14 0.2636609147025814 0.4617244493546576 0.11281799476243917 0.09776585297418634
14 0.6105473125792056 0.8110320320968469 0.0949307893752338 0.10710739877406543
1 0.24665112958763755 0.8624128663811202 0.11537330981775429 0.13062169312169308
1 0.375033091909562 0.941083534239488 0.0953761393792546 0.10145162686050538
1 0.028437622476974327 0.614182833627278 0.05974579903978053 0.07276395318930036
7 0.22543557265779485 0.9049322590989256 0.07054673721340386 0.04905202821869478
7 0.23804624730550653 0.8462301587301586 0.056584362139917695 0.043540564373897805
7 0.3620632364593717 0.9457671957671956 0.05695179306290415 0.041335978835978913
7 0.8714189616967394 0.7261804071699905 0.04392212725546052 0.03116096866096864
6 0.5404786630810207 0.8912690939527096 0.057543419125339994 0.03400292948315554
6 0.0824158986002112 0.47561963351484865 0.09071632229475937 0.04120612759356214
7 0.7300371953149728 0.7753294159544161 0.04273504273504274 0.02997388414055078
7 0.3634075543797766 0.9899002425044091 0.0787037037037037 0.015542328042328192
7 0.2558962610509002 0.47492559305274085 0.04719782783929406 0.03380743286241563
7 0.6029223144466919 0.8258061891144126 0.039670084397014825 0.030079514542791407
6 0.022689753998165207 0.3909426610945303 0.04903657551632629 0.035508249682704544
7 0.02834831634985956 0.615370247893396 0.06081747256515775 0.06922743055555555
14 0.6890572240687982 0.8869883171098448 0.03841537406352227 0.023200701369104085
14 0.6858710562414266 0.9104536394032923 0.009377143347050794 0.0058272247942388
14 0.7283132384562788 0.9345111915665019 0.050147331812488816 0.04672762824936734
14 0.7257248285543664 0.7595301332361375 0.10959026659509748 0.09944597806916645
14 0.8150931393014055 0.8417096933602569 0.03386754594484071 0.019409937888198846
14 0.8567211103442985 0.7076150458170388 0.1178974005060961 0.11310482324975071
14 0.9499994101443375 0.7923144019158513 0.038021112900339896 0.05008243232880918
14 0.8326652771097216 0.865700657367324 0.02672224894447114 0.020542728876062323
14 0.34287057821008443 0.5450434125202646 0.05845491956603073 0.037265011223344524
14 0.4090471457467691 0.6116648476288307 0.09761971567527122 0.08390757861096843
14 0.38855870328745606 0.3888083112272105 0.11813838320429658 0.10462439840970918
14 0.4790053707191185 0.480225988700565 0.03792634442351956 0.035310734463276774
14 0.5405593917834973 0.5470679012345679 0.07236520890004881 0.07062146892655363
14 0.5450696422918645 0.32251031850390827 0.058364988920544474 0.04228988603988605
14 0.6152395272765645 0.39213358657803105 0.051440329218107 0.06009615384615387
14 0.6776471984805318 0.4739286562203228 0.059848844571066775 0.08124109686609687
