4 0.18473042285441643 0.718084630524244 0.13923182441700963 0.21707818930041156
4 0.3598251028806585 0.7353073559670781 0.13100137174211246 0.2232510288065844
4 0.534790369666913 0.732747704969927 0.12414266117969817 0.22788065843621402
7 0.2224773793401244 0.591964513533141 0.05366477588699811 0.03169836503169833
7 0.4374559744930115 0.6049660771882994 0.05310866421977532 0.03169836503169833
7 0.651570373792596 0.6166262416262416 0.050884217550884236 0.03044711378044704
12 0.1373419514522574 0.9597115986759706 0.05322955806047593 0.0727992485238862
12 0.2671213412901392 0.9543430898929619 0.030864197530864196 0.07816693505099305
12 0.39909220178734545 0.9630229962991214 0.038468420110932225 0.07179280730005363
7 0.9622696367865451 0.5960089014134907 0.05725532295580607 0.031199677938808356
7 0.9233210192289475 0.41873875153926304 0.050993022007514786 0.03321256038647347
7 0.9839538704273003 0.43133630995949834 0.031758811952048736 0.042606011808910396
7 0.6218688495258543 0.47187416129897997 0.05009840758633037 0.036231884057970974
7 0.4007465963987702 0.46683623676377295 0.04383610663803897 0.02113526570048312
7 0.22844545537146604 0.38700122700885475 0.038142006741040554 0.03931014347681014
7 0.19708122899402106 0.40216493364222466 0.033464898190218306 0.031122355316903015
7 0.17976493405609012 0.44780017694963314 0.03403858215919347 0.03642893202992333
7 0.14623477552019473 0.457574431397232 0.013385959276087324 0.01792762403047407
1 0.6270004572473707 0.3958523853071179 0.07270233196159118 0.1959876543209876
7 0.6045724737082763 0.41730109739369 0.02091906721536355 0.02854938271604938
7 0.5901063100137175 0.403849451303155 0.02709190672153639 0.027777777777777776
1 0.40744880069498796 0.37770065003180486 0.0786734446865166 0.2009703058178004
1 0.1828378190033963 0.372981684256194 0.13347588692541484 0.20172678124747845
