7 0.16160311237823707 0.44539602637205994 0.07650273224043717 0.05686475409836067
7 0.370318352059925 0.535858497191011 0.06624531835205989 0.04529494382022463
7 0.5331932393347795 0.60906148318872 0.052874186550976116 0.04982375271149673
7 0.3560045055335888 0.33228084241314004 0.07507944209950596 0.06076388888888888
7 0.3641833543955154 0.2550321400797123 0.06288276465441817 0.06479658792650919
7 0.5635504636529227 0.36359367237953294 0.06289845173041897 0.04866803278688523
7 0.5676295715358215 0.438271698037323 0.06827139639639637 0.055954391891891844
7 0.7329368664057012 0.45902024992472146 0.0625 0.051575203252032506
7 0.7437625433315087 0.528883158866995 0.06665070242656448 0.050137691570881236
7 0.9436971502512711 0.8079452356233638 0.06521583762149798 0.05065394511149233
7 0.9782675631981187 0.6546172288359788 0.04106591710758387 0.04484953703703702
7 0.9747834318912749 0.5883690281668223 0.05594135802469135 0.04526289682539684
7 0.8714676326893182 0.16663890739506992 0.050764767932489484 0.034216772151898736
1 0.3870877788139625 0.2735823953249581 0.11660477879784927 0.1799966476878884
1 0.5917253216823509 0.38950019955108495 0.1036255281352025 0.17573998943729596
1 0.7572177680596044 0.48192078170553937 0.11926020408163265 0.1611926020408163
10 0.43210646068263686 0.7758689786273024 0.4501144596527886 0.21616533038779046
10 0.4537101671361839 0.9138951050865437 0.3828382838283828 0.14033613445378154
