7 0.23820416398541394 0.1597188706563706 0.08680555555555554 0.048740146396396386
7 0.45050809457256 0.24410923305380852 0.05915880503144653 0.036998820754716985
7 0.6219669637804188 0.3188136672325976 0.052083333333333336 0.04019657258064515
7 0.983314732142857 0.4550997402722663 0.029859273956496204 0.03678902116402112
7 0.7844393544454819 0.16985136068316212 0.07880582788671026 0.0522109885620915
7 0.774577536369989 0.09332118353344765 0.07093339050886224 0.05185999142367066
7 0.605770753301114 0.07642431533727129 0.07937388987566614 0.060085479573712255
7 0.5960744470335848 0.014993030126498006 0.060891034176653376 0.02902380159786951
1 0.6209396913108466 0.059644064214474504 0.11311915723314729 0.1093553026887261
1 0.7954161282269022 0.11267745552159622 0.11338126761608068 0.17232649638802888
10 0.4896967281895383 0.46248904934498036 0.46751674948008115 0.32682657526062864
12 0.1944232146760106 0.7212447403788997 0.08195465686274511 0.08861374080882359
12 0.3678115924811236 0.7389321967896932 0.0713276836158192 0.07012645863033953
