4 0.2532044999034096 0.5240300510721532 0.033563218390804624 0.0905414870689655
7 0.7196493051756209 0.14245267534741218 0.05457380457380457 0.03345893970893969
7 0.803586632609621 0.0833832215836526 0.05603448275862064 0.038074712643678156
7 0.5596714826899475 0.11753302792198597 0.03839108901428266 0.03597711412526523
7 0.6383175106833469 0.04899099912563665 0.0450147523902275 0.044335915001623157
7 0.4754130241886572 0.11717067318477062 0.037472035794183435 0.05354642591278658
7 0.5268680586075026 0.07510183102620296 0.03576589595375719 0.032514450867052014
5 0.5274675786374267 0.07436959942085625 0.11228640367069248 0.14237414728111503
5 0.6132233451343901 0.057203537346092424 0.09875119038668766 0.09838966116259602
11 0.7949295197773291 0.5346189309966966 0.2001041666666667 0.3659171907756814
11 0.4678135128239435 0.4020527086271586 0.2639874325236168 0.30770185623710944
