12 0.7402732469302309 0.669684883555617 0.06559322402943792 0.05205271408975114
9 0.7685203329922121 0.7177831123304375 0.023814967230605093 0.04286694101508915
7 0.038066 0.4959489999999999 0.041151999999999994 0.03587999999999994
9 0.6803410352793069 0.7310019655698667 0.019868486946676252 0.040315337383238635
7 0.6952439469157575 0.6672188336925992 0.029530559365950303 0.0287820889672741
6 0.14755441762003318 0.7848753338654448 0.02228649024059043 0.008163074913704611
6 0.19798695981175687 0.7907654891107172 0.019565465269355556 0.0066082035015703955
7 0.039892500209960526 0.4952883392805873 0.033173763332493486 0.0351158982111363
7 0.5010950249045486 0.43453955656336596 0.03716301335348957 0.03165154950869236
7 0.3545905244813974 0.3694796784454524 0.039262618627697955 0.03228143109095488
7 0.3610411242686373 0.3199326026706979 0.03842277651801459 0.03464348702443942
7 0.4759521426188091 0.302513397751493 0.043671789703535746 0.036533131771226995
7 0.47778017732666256 0.25229456862109917 0.0432518686486941 0.03779289493575208
7 0.5348919403152207 0.19361510036113214 0.052490131855211154 0.05621693121693122
7 0.620443124134523 0.16776456491295916 0.048080960779373426 0.04204459561602419
7 0.6640970728272315 0.11208258232067754 0.05815906609557402 0.05763416477702191
7 0.6235307828764222 0.22111835909132171 0.048828125 0.03948447145061729
4 0.6267715262720573 0.4832805870220414 0.138833576706934 0.19580512412053624
7 0.6308234108088662 0.3777040442343542 0.04535598920306212 0.02924631620868178
4 0.5298653305679272 0.5239598671046174 0.13191955396256475 0.18273762113367842
4 0.44150821853928185 0.5534861353633757 0.12445240939864594 0.17402595247577324
6 0.09676914996907533 0.7778163256315369 0.020602046210778366 0.007968715987187845
7 0.7894246650860407 0.30758207841541174 0.051157690046578955 0.03921618504951838
8 0.7146902253935892 0.8295962406086005 0.011798240646354829 0.05061445237286213
8 0.7343072742928057 0.8258578158244396 0.01337133939920217 0.05085041718578913
8 0.7531701872616757 0.8257072455355459 0.013528649274486835 0.05285611809566973
8 0.7958476655384572 0.8234119695638554 0.015730987528473066 0.06359251708385252
3 0.5901129701915894 0.15351285779154272 0.09131655341818999 0.2102473920949373
3 0.4518403447128686 0.23494216808170296 0.08653140651418002 0.2060603885539286
3 0.3330190561026048 0.30213798786150203 0.084138833062175 0.1979854531534118
