14 0.2092979581854116 0.20249289063888543 0.2045365471291397 0.29057662159514014
14 0.42014997030136886 0.5198119699163259 0.0698372521271782 0.09604996122431107
1 0.15443839149801555 0.6044114428514848 0.10978158644053704 0.11194552328254768
1 0.05396887330295364 0.5017023081590172 0.10622884554508485 0.11133551512053572
1 0.2331307452835231 0.7112972065229011 0.0946134626690182 0.10540674603174596
1 0.36732943888294844 0.8401026362613273 0.07012384501902322 0.1077335196832053
1 0.4149362022123778 0.9010555317723778 0.05945507409152931 0.10518858895949244
1 0.47204386674670906 0.9417087542087544 0.06021309854212524 0.09929179825820658
7 0.11584100375403934 0.6451235972784174 0.0529100529100529 0.04415677665098952
7 0.03733593758760274 0.4874628839703203 0.05511463844797178 0.04050925925925926
7 0.13727219282774833 0.5970936213991769 0.04739858906525574 0.036926807760141116
7 0.01549333725259651 0.5401923500881834 0.030864197530864192 0.04216269841269839
7 0.21340847295708398 0.7415674603174602 0.048868312757201646 0.03610008818342147
7 0.23109363772944017 0.6908926121889084 0.04592886537330981 0.03554894179894179
7 0.07181233261480176 0.7172557809131882 0.046296296296296294 0.03334435626102298
7 0.34709562584186593 0.8716239910268485 0.03809496078888113 0.033484742604239476
7 0.04441015089163236 0.7682796884185772 0.04519400352733686 0.036926807760141116
7 0.6850519914756026 0.47272858796296285 0.040049970605526175 0.026455026455026405
7 0.35599781297719796 0.8197999165307868 0.03930817610062894 0.030391043559282523
7 0.26953153201934876 0.9796506118691789 0.036775323081365975 0.031811782542776765
7 0.40618950225042344 0.9295970190603837 0.03494060097833682 0.030936990449569178
7 0.5389457935754233 0.5002218717496495 0.03796786204193614 0.024020796590240968
7 0.4583123042679296 0.9782610014364466 0.039793462225328056 0.031300955043093555
7 0.41038326632164934 0.8786184410415335 0.035668530165385515 0.028753202888423084
7 0.4620254784038851 0.9295490280160092 0.035668530165385515 0.02857122059166081
6 0.4971995497404626 0.7826962252026849 0.047053944556097876 0.016448942482534246
6 0.33935194257553647 0.579979505519629 0.07134283754654129 0.024342298647854282
7 0.40760045444789716 0.5253387363175723 0.03704928473446992 0.02617945326278661
14 0.5461371215495484 0.49060440721325704 0.0697727869713686 0.0974766876805884
14 0.4827045573942737 0.6252770390070922 0.02681463969880047 0.028935185185185185
14 0.460774012783469 0.5906354366017487 0.030918921285351567 0.016827554504859482
14 0.594634396676687 0.5689674357178297 0.023804833201996344 0.01641712634620439
14 0.6045880395762192 0.5888002364066194 0.021068645477628944 0.009234633569739881
14 0.6863391336382996 0.4605933211412939 0.07086726206111546 0.11471467034410297
14 0.7318896801538425 0.5415903574312428 0.028729971105857684 0.05232959022852641
14 0.3100116102903837 0.05799877364990866 0.09757332288196487 0.1230893592004703
14 0.3797806845646352 0.1545889060356653 0.03674309229864786 0.04286694101508915
14 0.416465454494555 0.24530388287002036 0.06327977006989352 0.08297815010777973
7 0.14200524745792237 0.1207163678228493 0.0510320726370109 0.03980501665686852
7 0.30760277673857916 0.0602085671530116 0.04858253315043439 0.034905937683715464
7 0.23694191325364167 0.250388864393494 0.031027500163302624 0.028475896531452105
14 0.5578236476727562 0.13503086419753085 0.13349990201842055 0.23331863609641385
6 0.418742625254191 0.7099043989838215 0.03974090416128125 0.015181396799928708
9 0.49776410987802877 0.7442877092897149 0.02321314495401941 0.028970004902616187
9 0.5127600594421583 0.7615579989711933 0.022100289590001508 0.030006858710562346
