14 0.3306396975260076 0.5213250721216891 0.1515921409214092 0.16260162601626016
14 0.6735833555377921 0.9308763405941913 0.12290167865707424 0.13984375
1 0.06632626923017856 0.790475939270885 0.12274416135881103 0.19579518312101918
7 0.05084325396825397 0.7788766571969696 0.09974747474747474 0.0625
6 0.04369234456443759 0.4382230390406261 0.09618993993993993 0.039695945945945964
7 0.31938976377952755 0.5300196850393701 0.061515748031496106 0.04490649606299213
7 0.8463541666666665 0.9116586538461536 0.051282051282051336 0.037860576923077004
7 0.03089320818948983 0.8631447335299194 0.06376262626262626 0.06344696969696972
7 0.5202024025842924 0.4594279981829194 0.06397637795275593 0.040600393700787406
7 0.673076923076923 0.9554887820512821 0.05128205128205122 0.04086538461538467
9 0.07431710556710554 0.3973925848925849 0.04176051051051051 0.04539695945945947
6 0.5574060998168499 0.9766826744505493 0.053685897435897446 0.033533403846153574
14 0.4227158343012002 0.6399716898954704 0.046578590785907835 0.04255589430894311
14 0.48801659891598903 0.7069756732723577 0.08214769647696478 0.09019308943089425
14 0.5241150067750677 0.44395880970528473 0.14905149051490513 0.16133130081300817
14 0.6238143631436315 0.5767276422764228 0.04234417344173439 0.029852642276422793
14 0.667190194629219 0.6353935698447893 0.057588075880758774 0.059705284552845586
14 0.8041543483616654 0.4468657612712491 0.04911924119241202 0.06161077235772359
14 0.8652839369302785 0.5627540650406504 0.05250677506775065 0.08574695121951219
14 0.8466820293764988 0.8966810926258992 0.15737410071942445 0.15625
14 0.9771155083655082 0.8102578024453024 0.04504504504504503 0.0520833333333333
