4 0.7269115414124833 0.7477425274035446 0.10854781335007321 0.21055660179953975
4 0.6282464335388892 0.7902267349187009 0.10200878844946644 0.20336367440887224
4 0.5353149617116977 0.8262602880658434 0.0937260235753644 0.19061257585268887
5 0.9331486171540719 0.2417076144915615 0.1424373997349515 0.14287769407825907
1 0.6502181362457164 0.43449183760943355 0.09764943851572848 0.12685708307177232
1 0.5205951836610273 0.5143609096122698 0.07977610378740319 0.11770244821092272
1 0.4025539978145127 0.5937870544744368 0.09329008858199063 0.12326061937643863
12 0.8603589465171386 0.9364148753273047 0.0823917137476459 0.06113988282067376
7 0.9620600931544644 0.23449669851898347 0.05231219920485466 0.038253295668549916
7 0.6829562752073 0.4769834016469111 0.04446536932412639 0.03923414940364099
7 0.5446016980856907 0.5579720224847344 0.04141382437050986 0.0346568319732162
7 0.8592791584095453 0.5549901222259148 0.043157564344005014 0.03890719815861053
7 0.9778801740639991 0.2980305910116017 0.04478796121922292 0.038580246913580245
7 0.6720511521532437 0.4274973568573035 0.04533723931087394 0.03923414940364091
7 0.5413624299291857 0.5080994427374148 0.043157564344005014 0.03596463695333752
9 0.787879844690893 0.9676355633276537 0.041413824370509916 0.03629158819836781
7 0.43323634817671225 0.5759479717813052 0.038798214410267165 0.032695124503034134
7 0.430543165824165 0.6272129436900477 0.041413824370509916 0.031387319522912724
7 0.5785113794419211 0.6861552687616164 0.038798214410267165 0.03334902699309479
7 0.5948461200759861 0.46473234617136244 0.04097788937713609 0.030079514542791407
9 0.8936890175381493 0.9792872753481667 0.030498012136430146 0.03935839087675236
7 0.04483247247644115 0.9407936035946741 0.028771709562670018 0.022886587152123883
7 0.11361757586560545 0.7607550006587463 0.03618260445002441 0.03792634442351959
7 0.06756992397293717 0.7888516164469553 0.03487479946990306 0.035637685708307144
7 0.8074646279117227 0.9330704160951075 0.023540489642184574 0.03367597823812517
