7 0.044381467864923745 0.7156192555147058 0.04953022875816993 0.04289215686274508
7 0.15242456236993512 0.5998716565675114 0.042577120822622126 0.03524662596401029
7 0.14420310382747595 0.6591244470041325 0.05101164965135728 0.043929912874420204
7 0.2544264059209712 0.5119761666976339 0.05979938271604939 0.06399127492877499
7 0.368104643104643 0.464741424116424 0.06735100485100484 0.05246231808731805
7 0.3668084592659924 0.5365068600159072 0.055699162973904495 0.04777511078286558
7 0.5237050257423372 0.3693959904813219 0.06892061781609199 0.05118534482758621
7 0.5312665418935271 0.44031271268148825 0.05298132183908043 0.05691002155172411
7 0.6053691275167786 0.3015280441035474 0.06417785234899338 0.06564597315436242
7 0.7119638500064212 0.2667657233209195 0.08034223706176971 0.057387312186978304
7 0.7319183460421207 0.3297263639251997 0.05242374727668846 0.04850898692810457
7 0.7761306886122246 0.18806710276429628 0.07154726735598231 0.06381554652880357
7 0.5379781066112842 0.6019803024402908 0.06100726895119421 0.04271320093457946
7 0.7035787669238349 0.525435889722483 0.0688449504755944 0.04747864041604757
7 0.9017765602973217 0.42954232346533383 0.07534495279593317 0.052423747276688415
1 0.044632856521135474 0.6810549252712803 0.08421038963491795 0.1678410103827143
1 0.13322947903214058 0.6256675852658867 0.10529697564097212 0.15880623721881387
5 0.3338453872705168 0.48038116905483125 0.1504125656167979 0.16547736220472437
5 0.4860384253826742 0.3872419563842914 0.15915893562339362 0.1725639361849391
5 0.67670909482066 0.2713790344208825 0.1805208333333334 0.182265625
4 0.05187165538504422 0.9108162966545272 0.11404405458409128 0.14870753627968333
11 0.33790739749168597 0.7795449970718438 0.4804850810261588 0.3312576443248533
