10 0.5023742744891609 0.49060914123094906 0.31124654893993847 0.2300164088138772
10 0.9189324146190948 0.613589329988571 0.1570570167591102 0.1554392556808016
1 0.4566098624740601 0.11617930252189511 0.07887517146776402 0.13914609053497942
1 0.6032392203369215 0.1975527200024327 0.07183908045977007 0.1267161558109834
1 0.725416913156377 0.26523703786634817 0.07760394494110967 0.1177362707535121
12 0.2904989459362981 0.6616259774504455 0.04487347867962529 0.05007223535592335
12 0.4096073023377988 0.6833628841607566 0.043779003589878254 0.04432624113475171
7 0.43379273177252975 0.157877335907639 0.05431810987366546 0.04613442113442113
7 0.4349845399228115 0.09736491217972698 0.04748338081671419 0.043706293706293704
7 0.5873702809089282 0.23476639380926823 0.04920379316514583 0.04025764895330112
7 0.5832002359780137 0.18132716049382722 0.04568476790699007 0.03965941465941465
7 0.3057375847398661 0.2456811556927298 0.048955289159261235 0.038393868909166795
12 0.5604975315377205 0.709409286536946 0.042684528500131345 0.05089309167323354
7 0.7131589887699579 0.3002549651100375 0.0475263911254249 0.036483494363929156
7 0.706712502499658 0.24889686148211299 0.04584898908570409 0.036483494363929156
7 0.4499820627560778 0.3089538540798464 0.048079905701346244 0.028692846950803395
7 0.8217972426247157 0.026330611553888633 0.04688232536333801 0.031743241131426785
7 0.8855038257922601 0.39147603485838783 0.04361245303274292 0.03145128824476649
7 0.5717844585447819 0.36109590707291855 0.03572948975247824 0.025466763972511092
7 0.8774786081904582 0.3413759827602538 0.038580246913580245 0.031870638754696756
7 0.9611863146358919 0.4303584608158883 0.04193505099302199 0.028515834675254922
7 0.9484403888590685 0.3857745124351404 0.036343710860619084 0.028935185185185185
7 0.8464706529194251 0.4918894116791914 0.038580246913580245 0.03074363425925926
7 0.9174577410522516 0.5224288033052973 0.03586477136720608 0.025668929221386035
1 0.8970213045397895 0.3599367626265165 0.07688687505472383 0.10835303388494877
1 0.9667782477093613 0.398712772607422 0.06594212415725423 0.09809232991857107
