4 0.7188748499657064 0.8487115805041153 0.21141975308641972 0.28972800925925934
1 0.650871963862559 0.42772820398894174 0.13428120063191157 0.18624111374407581
4 0.5789622422244759 0.8890368515701299 0.19216954022988506 0.2318875718390805
1 0.47057345236430936 0.54467457346931 0.12429549114331694 0.1758756038647343
1 0.31121114794494215 0.6355202127660861 0.12704102367946063 0.17186398056395608
4 0.4455529110719789 0.9151469293418446 0.18330627705627703 0.1758624188311689
7 0.6972234957645622 0.4779585970781749 0.06904418828049946 0.06371577809798268
7 0.9305555555555557 0.5950210813492063 0.07564484126984136 0.0618489583333333
7 0.6806004110393423 0.41138340428655323 0.07116730279898213 0.05576097328244276
7 0.7312289255199697 0.6904451513091904 0.0817169540229885 0.04981128703864161
7 0.5020306859205776 0.5925531706168577 0.05904031287605296 0.05161326714801442
7 0.4982305021367521 0.5222105368589743 0.06570512820512822 0.051382211538461585
7 0.3449665063860783 0.6808722925762135 0.05315973662828893 0.0507435691318328
7 0.7554436495983936 0.3575630647590362 0.06693440428380187 0.037336847389558205
7 0.3489145044413277 0.6125361588359046 0.06006384408602153 0.0444178427419355
