6 0.011786937373851517 0.0929810435912648 0.026838432635534083 0.0135310431204151
6 0.49974845334098233 0.7837736883798919 0.04870508015162103 0.019190860385828817
7 0.15385228516987676 0.13367133216837365 0.04942845534153061 0.036672804374511765
7 0.3241882857311169 0.07997258018559995 0.051545524165383265 0.03597667196849202
7 0.41720636743019157 0.5337974604121343 0.03713835332052386 0.02592877668308714
7 0.5482954154451739 0.5102935439987308 0.038632312024124954 0.024522667066526713
7 0.6906272550059452 0.4805188844238764 0.0392367676318294 0.029160294553813044
7 0.7232796428961621 0.5175215776248224 0.012160988070526018 0.01829025612211454
7 0.7005058539849939 0.7875601828938863 0.027774912595533028 0.02460848257002684
7 0.06011674418802108 0.5059788699475654 0.052069568719245916 0.03976186276709897
7 0.028500342297054348 0.5581227834631989 0.05403178157166402 0.042273066517398976
7 0.15951293017613236 0.613487635573753 0.042504147304939184 0.03694767521790535
7 0.14125861192028485 0.6660771258149534 0.04716326813705092 0.039273824386183896
7 0.24722822968518157 0.7013334683299345 0.041298452587183614 0.034742780080257864
7 0.23189000685137254 0.7552057139025289 0.04493355726450395 0.03904063172161819
7 0.37002252407096387 0.8277473309958063 0.035112014693027695 0.03130616694658063
7 0.36157749968551756 0.8799407776362607 0.036390101892285344 0.03268370262547859
7 0.42146478928088116 0.8849394266060931 0.033259755481977696 0.028714612047945433
7 0.4219423314073518 0.9348162696928128 0.03637194995219685 0.030786257638109445
7 0.471517085125075 0.9335032598141213 0.03190456373976973 0.02670273269524212
7 0.09223921028759659 0.7278389091489363 0.04429712340433789 0.03502863573561522
7 0.06236624544288643 0.7808498277076387 0.044819296744489256 0.03609735973597366
7 0.14085289706052026 0.8541791803256434 0.024037537017807 0.010366187838929224
7 0.2903461822782316 0.9219870871282007 0.030419040835707487 0.02944282001299561
7 0.28723057490934284 0.9840759075907589 0.03636474758586966 0.030176628773988565
7 0.34668103999475264 0.9678594381944531 0.027905538072567827 0.026392587213211773
1 0.07258115937041515 0.5194633018164211 0.12479423868312757 0.11310000921319323
1 0.17252840830816846 0.6365610088565292 0.10550411522633744 0.1151190892150012
1 0.2497926478266672 0.7227190877151045 0.08345219582009071 0.10607836536499779
1 0.38432677865420295 0.8408512093506224 0.06682098765432097 0.10083182776272194
1 0.4835783332593375 0.9439629605323735 0.05043911173765079 0.09031959758740911
14 0.15921290084580758 0.12396462705601875 0.10217697867844978 0.12247107313846864
14 0.2303095436364113 0.22032762960573749 0.049321576293874236 0.041732547885648674
14 0.27664762998240416 0.2982385360509011 0.06989622658099577 0.07549769557834941
14 0.3280074007489427 0.07467098916086093 0.10409957452323554 0.13202136804779083
14 0.3915504862418806 0.17920642319008528 0.03377941632283697 0.03909294122472418
14 0.4305125181138032 0.2565833722726897 0.05743251867282876 0.07810341664508329
14 0.5070054986581052 0.018222069397802854 0.0529696363029696 0.04504504504504504
14 0.5528861182161838 0.09804337679046227 0.027488955795686738 0.050020250934203696
14 0.5944785509103685 0.20956972010077857 0.038856216867734945 0.09299026590693256
14 0.4286859286443841 0.5249358789893473 0.06989806152780062 0.09459182594443125
14 0.47931319563477903 0.6003691418475812 0.03475126963605177 0.0167154663219003
14 0.6040540155809199 0.577403864818697 0.026692678002950672 0.015657756813417224
14 0.738562896700144 0.5458551742679897 0.01658075099545353 0.02245561361691729
14 0.5515123519531633 0.4985519129740646 0.08225308641975307 0.09765468187192389
14 0.6886095365103955 0.4760427319868384 0.08701075956512135 0.0984260259577256
10 0.0365877446712846 0.9349417901438045 0.09958399888535586 0.11745936706787836
