7 0.19059301466708875 0.13027016065210512 0.04929698216735256 0.047421553497942394
7 0.3638778149291267 0.05793734996570645 0.03643689986282575 0.04701967592592593
14 0.4546056439655241 0.49492435595518447 0.10079925783201311 0.11351066866481127
7 0.44604939670865845 0.49564007791084763 0.04192535502747447 0.026983872118746817
14 0.5155926639548991 0.5776444194676372 0.030626323176098383 0.02363876400485265
14 0.547656144691041 0.6148215793667784 0.04460144151858991 0.041702347819881566
14 0.42672676958697076 0.6619299935773925 0.05292704393539331 0.058873902804538636
14 0.3805989676253003 0.6179529722400628 0.03241038083684195 0.028098908156711597
14 0.3212812050645864 0.5357247204200654 0.10258331549275675 0.11172661100406767
7 0.3482877011029441 0.5866762113751517 0.032410380836842015 0.014718475701134659
7 0.3080472894217275 0.5391971191585836 0.03865458264944459 0.026314850495968
7 0.4909131996479459 0.5440101538367434 0.025868836080782123 0.011373367587240491
14 0.6602918197982823 0.5302588723417541 0.08652679654606434 0.1317972596874331
14 0.5736286002824217 0.39734478157728 0.08147196650729081 0.09700813530293301
6 0.013725067401932672 0.30890003716090675 0.03329953678853303 0.022365360529611737
6 0.0535802248243353 0.39808616020445803 0.09095246615375441 0.03373441879883104
6 0.12291481472014659 0.4751219089651725 0.09045545814198525 0.029820480706148983
7 0.35290251549309515 0.96254284999756 0.03974934530490085 0.033538510101010034
7 0.25429107822047636 0.9416174183969321 0.040041619902731 0.039237864758697935
7 0.2700236056214318 0.8858970136144049 0.040041619902731 0.03463453984287308
1 0.27669493603606066 0.9123645628028251 0.087682379349046 0.12122088945005613
1 0.3709964533246698 0.9555821833097053 0.06897680508791616 0.07540684624017958
1 0.08748171320725218 0.740831040504548 0.12187850729517397 0.11815200617283941
7 0.08652789468761692 0.7201134609988777 0.04501028806584361 0.03989548260381597
7 0.053376648428731764 0.775185302095024 0.0420875420875421 0.04252595398428724
6 0.5046334924828876 0.8928985305706206 0.0684046931091849 0.016827554504859395
6 0.48079027836711047 0.8515200364712775 0.045147097452061954 0.02606218807459945
9 0.4917157356331903 0.8289793746169337 0.01915331407057173 0.02339440504334122
9 0.4682164433937484 0.8015046296296294 0.011218369669906322 0.017648410822169756
9 0.4684809415404372 0.7777955629979861 0.007934944400665408 0.009850275807722565
7 0.552870872541294 0.8376235147329221 0.028456352333420896 0.021547478329393174
7 0.583537635350086 0.8686198942737062 0.025993783381490283 0.016417126346204215
14 0.5665868291459307 0.8265607140828768 0.06922554942649503 0.10158096926713958
14 0.6766323988662096 0.7974377694340147 0.07114088083355224 0.09993925663251894
7 0.6751543209876543 0.8111542516708985 0.034749584099465936 0.02524133175728909
14 0.7317113212503283 0.8731859075387445 0.018332457753261547 0.011081560283687928
7 0.8006017221703496 0.7785364145658263 0.036743092298647924 0.027719421101774045
14 0.8014981871191023 0.7728238196988197 0.0758636788048553 0.10261048863990045
14 0.8511087995952118 0.8355157365090287 0.02507175709790096 0.03971496005809733
