4 0.3995118021585527 0.8094090842136994 0.13151253979346222 0.22238236664337283
4 0.2216800687657274 0.8017627369153187 0.14267412066154206 0.22565804798509195
4 0.5770052022672569 0.8137404335335244 0.12957139529466571 0.21874272070812947
1 0.21178327651073983 0.42927969421680107 0.12083624505008152 0.18307419054274393
1 0.6477124231595887 0.4532598217781545 0.08880736081993944 0.18234626135569526
1 0.43325940808033775 0.438736569706499 0.06696948520847895 0.184166084323317
7 0.6803338171262698 0.6912247576555753 0.053381473716903445 0.040764034474726256
7 0.4605062019566736 0.6760187368972745 0.05629319046509818 0.036032494758909864
7 0.4299403976203417 0.477989501181325 0.057263762714496465 0.03457663638481252
7 0.2290146103475943 0.47245637277738955 0.02426430623495613 0.028753202888422997
7 0.6334850412418546 0.48989634288376416 0.04658746797111575 0.03057302585604471
