7 0.27308189923930665 0.143397224560419 0.03858024691358028 0.04910213243546578
7 0.22890946502057613 0.14099326599326598 0.010521885521885514 0.0219205948372615
7 0.26043385929006846 0.19545433914306465 0.05728582117471004 0.05085578002244669
7 0.21795334295334295 0.1949054032387366 0.014613729891507653 0.024989478114478127
7 0.4731128626330647 0.1240705667789001 0.0263047138047138 0.044718013468013455
7 0.512649644594089 0.12075812133682505 0.02630471380471386 0.04559483726150393
7 0.478940640977678 0.17817790170220726 0.039164796109240604 0.042087542087542076
7 0.5155723905723906 0.17536475869809207 0.029227459783015365 0.0420875420875421
7 0.7204203493265993 0.10919196303310885 0.042087542087542174 0.05173260381593714
7 0.7619598765432098 0.09915415731387954 0.010521885521885543 0.02323583052749719
7 0.7422104644326868 0.1591748336540003 0.051440329218107 0.04559483726150393
7 0.783953540029929 0.1548690025252525 0.016367377478488557 0.03945707070707072
7 0.7892313447869004 0.33423848528015193 0.06546950991395446 0.041210718294051644
7 0.5686411068355512 0.3504789963123297 0.05728582117471001 0.043402777777777776
7 0.3373944888701833 0.362320031916386 0.06079311634867188 0.04427960157126823
1 0.2501221058319823 0.1487120989435805 0.07897909132477034 0.14301970320488838
1 0.49070585336017436 0.12750827276290239 0.06962630419420542 0.14185060481356776
1 0.7421155493408075 0.10879003555081271 0.08781227917030385 0.15237249033545328
1 0.5045309057654737 0.2008900735752588 0.020783971401255357 0.024940765681506407
10 0.5399010983285556 0.4852219934143114 0.4700095834037995 0.23042448841535604
12 0.1738335339182649 0.8164939048062737 0.05241090146750525 0.0658775914279059
12 0.03067008308098455 0.8194784144731732 0.0494991847193105 0.0640577684602841
12 0.9710575355229442 0.7791390053575588 0.05483733209100084 0.06587759142790582
