7 0.13761171530465988 0.5358410596955325 0.05702300060611861 0.05742176284811945
7 0.06906168674251807 0.5679134331157535 0.05492125375166311 0.03611459203564467
7 0.035389046662377084 0.6151850014697238 0.05898491083676269 0.03999485596707822
7 0.4271849971470916 0.5290681049148437 0.032246176524783496 0.04112536133370271
7 0.4055963707455477 0.5760297948400764 0.05947788065843621 0.036570859053497974
7 0.6061364217929315 0.5069233106573857 0.02346043080569555 0.03503857563235823
7 0.6464945847041735 0.501451736365669 0.022683028106732183 0.033483010999512675
7 0.6291865589236926 0.5528374498367149 0.061948376614703864 0.03748933779347563
7 0.8354904588719605 0.48162043631076723 0.03956948401392857 0.039101919087225545
7 0.8781441055081579 0.5294782431079448 0.07048938260040143 0.04549265948601948
7 0.44417425890791673 0.6921236252914527 0.054731124689972405 0.03589451385497228
7 0.638826389221334 0.6705748905590928 0.02632964718272778 0.03016938739687552
7 0.6754035680351843 0.6718876976167313 0.023403032662291837 0.03414373824654807
7 0.8738894109711788 0.6540079733517736 0.059640961412297966 0.03999369740110477
11 0.6796860338554201 0.7369507140909916 0.6662751059517229 0.3335561998082225
5 0.4031309577631755 0.5246541898136708 0.07619552372638795 0.14112095475373646
1 0.04387057470246317 0.571801664037712 0.09384384384384384 0.13360196616369446
5 0.6286869786771578 0.5032480148362484 0.09326658525726154 0.14595109644978205
5 0.8668807022908225 0.48438628884453827 0.1201391402260024 0.1488334606774708
