6 0.12654129892862703 0.32755949079448615 0.058457138871451486 0.06710739694496756
6 0.44479664255132284 0.26649725192043017 0.02831942852619372 0.07901356889636367
6 0.5657777792887105 0.24475998869018592 0.025581136692247722 0.06527360694027359
6 0.5765304934922201 0.22396660927262851 0.01451881826186328 0.022714925345173193
6 0.7003846955442135 0.2194777304595327 0.032861157177077556 0.08407499539340337
7 0.04706700242034428 0.4879472911082106 0.05591544943396795 0.043738411793967376
7 0.022758846336888666 0.5401300180566053 0.049445704207608965 0.045823885109599415
7 0.4074340138606285 0.4179472095204619 0.03593012149290767 0.0435730627943782
7 0.3705272006423769 0.42443917494730504 0.008092442035531475 0.01773750376392654
7 0.4013797357718519 0.4691243492897331 0.04575144545722601 0.04969760778431597
7 0.36692936052576064 0.476402131386555 0.010897016781405807 0.016165243644475216
7 0.5927235603019515 0.3862906394380064 0.02611464566133964 0.03627253275770657
7 0.6310943736386818 0.38390627044129094 0.028008154712312845 0.04047375596455354
7 0.6073875368454613 0.43294152164461264 0.03789962974425999 0.04547499572696513
7 0.6407802881804738 0.4265105402524158 0.02944564806217541 0.04406100622442317
7 0.8283190034509001 0.3419919983909781 0.04837980619826538 0.04355462680453145
7 0.8646782816045536 0.3305732231452636 0.019350217299334622 0.02393237279335407
7 0.8600524682203892 0.3889724278369304 0.05800474699189683 0.04797209699755447
7 0.8994997175825064 0.3811087192078478 0.01673851982493963 0.029394473838918266
7 0.5052155277308167 0.6196025755973967 0.0563842510193896 0.040345933271181196
7 0.728041233040097 0.5923376187236673 0.057297128985381765 0.04331401954101343
7 0.9586271713328082 0.5555936613479945 0.06369893774001668 0.04270463856581156
1 0.029095998401403124 0.4830288816106249 0.07114459091860222 0.13353420257169915
1 0.3888381290051208 0.42189687180330276 0.062128179233724094 0.12961563579739557
1 0.6114205623726513 0.3817549657926827 0.0724068281527822 0.12758464043398768
1 0.8505017668778951 0.33866337065466706 0.09629629629629632 0.12778446981129363
10 0.8673910940037847 0.7633934271140882 0.21884785487914493 0.24776677292046156
10 0.6871571780868834 0.6743311802835613 0.008780167510326254 0.018037518037518012
10 0.7130477652019601 0.6719793497004383 0.020423433121845823 0.017608053322338998
10 0.5846936462433742 0.7706842436143327 0.17148510870647257 0.17833254921203673
