4 0.5206732420214712 0.8025087188191382 0.1276930525296538 0.228985112563544
4 0.7013064086646207 0.7953216631136726 0.1388888888888889 0.22785039941902685
4 0.8806314087423297 0.7733323462430638 0.15643911885741946 0.23284313725490205
7 0.9545991464715743 0.6344128657978967 0.05977556774881877 0.032328818015546414
7 0.724992552410248 0.6548655926549445 0.060728166438042915 0.0339363283036122
7 0.4316232665905868 0.5364437441643324 0.02425044091710757 0.03334435626102298
7 0.43456871774773 0.4890352488732118 0.025352733686067046 0.03169091710758376
7 0.8198608661571624 0.427064961787184 0.03637566137566141 0.0286596119929453
7 0.4546141158795478 0.4708933470507544 0.03968253968253972 0.02673059964726629
3 0.6289998638344229 0.4289676663489471 0.07473977245219073 0.16226397966594047
3 0.8548421059612749 0.40032990618875647 0.1319293149358509 0.18223493100944083
7 0.8455882352941178 0.4420700571895425 0.02481239409343985 0.031998910675381284
3 0.41596387659006284 0.45901220902538625 0.07352941176470586 0.19630537400145248
