6 0.39771728043332977 0.20828057402131475 0.07475994513031546 0.06069958847736625
6 0.4800561556927297 0.26028002829218105 0.07990397805212622 0.05452674897119343
7 0.9843504792999741 0.5002222805253109 0.029728501950724188 0.02179533429533426
7 0.3853942125547064 0.42397909874761736 0.055114638447971764 0.041586499919833264
7 0.3811706126520942 0.3734601304045748 0.04642990754101867 0.04033389450056119
7 0.5240901074234408 0.45120238985979727 0.04876810432365993 0.036075036075036024
7 0.5302863288974401 0.498361592111592 0.051774357329912916 0.038580246913580245
7 0.6416308885444689 0.5114387926887927 0.049436160547271596 0.03206669873336533
7 0.06453042925490983 0.2012759710930443 0.037221051222857904 0.04297149452976011
7 0.10304794405968751 0.21435561577838005 0.016310348288668064 0.018819632640770842
7 0.053635953026196934 0.2538886065943992 0.06524139315467228 0.04955836595402988
7 0.8101453706888864 0.6008007491495623 0.040836401703848016 0.030119666450075765
7 0.8241028400476499 0.6484506138997184 0.04219009457800879 0.0297812432315356
7 0.650835234111033 0.56064418464308 0.04836115458181176 0.035184098417666475
7 0.8883782403652639 0.6439240335225735 0.03867411612748187 0.028301567991348975
7 0.9035615857138564 0.6912675582364604 0.03717220870505533 0.029427998558168786
7 0.956173899676118 0.6807533435109647 0.034731609143612466 0.025767099216004397
7 0.9729889854852505 0.7244430690134366 0.03773542398846542 0.027175137424529164
7 0.2741851198641322 0.5479211574890585 0.05582228318853834 0.03500800182898945
7 0.42673699566703677 0.6067713436540597 0.03734186861758879 0.029149519890260583
7 0.5447149824721841 0.6586362597165065 0.03372199359853675 0.028006401463191593
1 0.08843779677113013 0.20278910903910904 0.10431954876399321 0.13003971337304668
1 0.40136504354960095 0.3864700898599203 0.07626118737229849 0.1249136665803333
1 0.5440089534457877 0.46371320629311513 0.07590146479035369 0.11924803591470255
1 0.6603967020633686 0.5255097268986156 0.0780598002820225 0.11034490201156864
7 0.7958798745835783 0.7619782480893592 0.03909465020576132 0.024691358024691357
7 0.8713991769547325 0.7904597974042419 0.028120713305898413 0.022890946502057585
10 0.8945130315500687 0.8996762285160979 0.20198902606310018 0.17901234567901234
10 0.435340059294659 0.7599036461790339 0.3377914951989026 0.2458847736625515
12 0.21073334451367662 0.9541556207025556 0.058831181117260295 0.06962182489002422
7 0.27014619527390926 0.9798844239696731 0.03104157797644389 0.032371931318291525
12 0.3428817764705375 0.9707447237380189 0.05114469514214087 0.04900134809138638
6 0.3114765372619433 0.145991557652202 0.07235103215229682 0.06555505369868514
6 0.6813102768393097 0.38606010931837403 0.056658913341683124 0.03951213693564745
