6 0.1943110850897736 0.047292154566744724 0.04474043715846993 0.11834016393442622
6 0.3863348988439306 0.05526327673410404 0.050578034682080934 0.11763908959537572
6 0.5736550382117585 0.046767877491046814 0.04563492063492068 0.11681547619047619
7 0.12381756756756755 0.581714527027027 0.07432432432432431 0.051097972972972985
7 0.44037794423085413 0.5798940242609041 0.08343828715365238 0.05785579345088161
7 0.7591431180315265 0.5779740664648212 0.08961397058823538 0.05744485294117645
7 0.034599621689785615 0.33612468474148793 0.060450819672131145 0.0742827868852459
7 0.056762295081967215 0.26834016393442617 0.060109289617486336 0.06454918032786887
7 0.39555610093077365 0.2702163776178011 0.03272251308900523 0.06380890052356021
7 0.33578752181500865 0.2691222185863874 0.025632635253054127 0.05992310209424083
7 0.3874209205933682 0.33990510471204194 0.041721204188481666 0.06912630890052354
7 0.3359511343804537 0.3369834517576664 0.04090314136125652 0.06667212041884821
7 0.6735647948938613 0.27301729238382094 0.04486696787148598 0.0658885542168675
7 0.6962777580911881 0.33856473688873134 0.06463353413654621 0.0677710843373494
7 0.7471647955458195 0.34110162239868563 0.02133534136546184 0.0430628765060241
1 0.04022070881342957 0.2569330682527796 0.08139664999466169 0.20042901557580875
1 0.3649489357536511 0.2734910439614692 0.0930593572587186 0.1972108870116585
1 0.705087278755268 0.27709923109387 0.1011624040147531 0.19534076491326996
10 0.5459209064406232 0.7951407227841389 0.2581504144004144 0.3212296195652174
10 0.3372286414565826 0.6872866334033613 0.06204044117647059 0.01953125
10 0.14629085670512554 0.7830428799757532 0.21099574014909478 0.2321285942492012
