6 0.10668023511872404 0.0416138102258854 0.05437977660199895 0.07746197561012376
6 0.2897020337821794 0.15775764409644197 0.08162989948053696 0.055783242258652076
6 0.3902227721715397 0.21593249713710394 0.07437765634486944 0.044019429265330874
6 0.4574633251904141 0.2829650015721477 0.03368888059624137 0.029542556830550102
6 0.4927764443577486 0.2634513162693264 0.034466316302308495 0.03158332555897623
10 0.45876435623307277 0.7676248643146693 0.3329043168224455 0.2514978517361444
10 0.8861737066302476 0.8891679944504062 0.1815541031227306 0.16793754538852568
7 0.8084969590145367 0.7688100292771092 0.038129015955526695 0.027243069092484272
7 0.9837492930714989 0.7292738340192042 0.029104396794455267 0.02656622265540394
7 0.9714791012381776 0.6861319241390513 0.041513248140928466 0.02639701104613386
7 0.9139307029576684 0.6939650115515124 0.03519601472817848 0.028427550357374938
7 0.8996588147010498 0.6512852288315252 0.040836401703848134 0.028427550357374938
7 0.8336280435528118 0.6541192028102665 0.03790340047649992 0.03130414771496643
7 0.816354601559952 0.6075221912273232 0.039708324308714245 0.029612031622265604
6 0.9391921160927009 0.5513873095805356 0.0297812432315356 0.018782488628979875
6 0.829293080755069 0.4998771263391146 0.03835463143455335 0.022505144032921868
1 0.9141598163510987 0.6631796482665177 0.06723341274998196 0.09797352176738144
1 0.8374184224104644 0.6166102089803736 0.08618511298823192 0.10541883257526526
7 0.6493300261575113 0.5623357345762315 0.04219009457800879 0.03198099415204676
7 0.641900210918242 0.5154366916519694 0.03948270882968747 0.03130414771496643
7 0.544157992415073 0.6666539260278509 0.033165475416937484 0.023520413688542366
7 0.5241987642288162 0.501529108909104 0.046025557721464175 0.03925709335066058
7 0.5176371140471205 0.4524593089949382 0.04241571005703557 0.034349956681828005
7 0.4559570086142364 0.4193954265130011 0.041513248140928466 0.026735434264674025
7 0.37189488639293705 0.43012986749280613 0.04602555772146412 0.041626055880441826
7 0.3756342128913885 0.37784368861702994 0.038354631434553414 0.036888130820879335
7 0.42652606310013713 0.6188406974225688 0.027750703920294547 0.0231819904700022
12 0.22158663118702115 0.9765105278628665 0.06520287343874089 0.045010288065843736
7 0.2675686773518158 0.5530935266406756 0.04625117320049092 0.0353652263374485
7 0.043882210670709694 0.20965318388563994 0.041738863619955234 0.04382580680095301
7 0.0843801891560176 0.22314176645316997 0.01105515847231246 0.01776721897335929
7 0.021528923210209758 0.2595250516485897 0.045348711284383794 0.050086636343946306
7 0.059224063244531076 0.2741862613710201 0.018726084759223167 0.015229044834308009
1 0.06520492448855023 0.2162370537736035 0.11303335499241932 0.13384638293264023
1 0.6561165106110264 0.5308292679388292 0.06689450537805335 0.1063026545859164
1 0.5322555301589388 0.4651231218227585 0.06667373143291125 0.1137537752344619
1 0.3886067943603321 0.38961081968950345 0.07130998428089515 0.1205425740475812
