6 0.0969035585968365 0.45746037307041815 0.09147171382363774 0.046236249219388036
6 0.03359124781899184 0.3716176640380795 0.07105570767481706 0.038580246913580245
1 0.04392296019095363 0.5922807415439933 0.08106355382619974 0.07115578613633086
7 0.2771786336601151 0.449775999544518 0.04402550698846995 0.029891002113224374
14 0.4014631915866484 0.35545267489711924 0.119403915700212 0.11246726524504297
14 0.49889325352288316 0.455480733258511 0.03522883152512777 0.03296857463524132
14 0.5631584663842728 0.5209728708832652 0.07108118219229327 0.07154882154882157
14 0.4313619983315324 0.5889360794704965 0.09443523125115165 0.08426233032369018
14 0.3644969596462133 0.5238484148189094 0.049904797002641076 0.036660831644247875
14 0.28279384968163296 0.4374168253383291 0.1090227872980775 0.09424328972421839
14 0.5677428322972532 0.29238755863308535 0.06116536658272431 0.041075486763712296
14 0.6995241992735146 0.4437018539230348 0.06500419712138888 0.08790921933542163
14 0.6373652997017655 0.36023585774829553 0.025592203591097967 0.03071064430931763
7 0.022384854147420287 0.6104438303099018 0.03995811287477954 0.040302579365079305
7 0.6269779168840203 0.8009150582507392 0.038036863154234074 0.038851938793253334
7 0.7600530020543933 0.7512582352827527 0.04310844490813195 0.02689749608763694
7 0.38792926148421125 0.9221572966272342 0.044195212426824296 0.04184054946965748
7 0.3808851048678905 0.9797327561045284 0.05180258505767117 0.041085246044166135
7 0.6716223265519041 0.8346917927316988 0.030791746362951376 0.019290123456790122
6 0.5703659765576067 0.8691335588200652 0.05868544600938969 0.03586332811684919
1 0.40116459793770226 0.9411712644376322 0.08621688981626384 0.1263964962615196
7 0.24844164124289317 0.8792319715148355 0.051440329218107 0.0475460789427925
7 0.2624872881132662 0.8219914323200709 0.04528197994551671 0.041297165710311126
1 0.2732249043854586 0.8404689858600517 0.1061409609922912 0.13122717788210747
14 0.6376647595480808 0.7952237822426637 0.09675680971977267 0.0967568097197727
14 0.7513121846818287 0.9074643231778308 0.04205042785289702 0.045316480501665736
14 0.7069983343131492 0.8653763717421126 0.019596315892612178 0.020821085635900453
14 0.8563590045071525 0.8374363119733491 0.01796328956822785 0.013166274740348803
14 0.8374363119733491 0.8173807074270035 0.027761447514533938 0.017759161277679795
14 0.7665749090743268 0.746560707907668 0.09920634920634923 0.09798157946306085
14 0.8950477879264391 0.6900083881791201 0.11553661245019274 0.11788408779149524
14 0.9825919393820629 0.7763203017832647 0.023678881703573056 0.022658240250832868
