7 0.6546126647380263 0.24285800385728065 0.07035519125683057 0.035860655737704895
7 0.48949535472972977 0.397117820945946 0.0670045045045045 0.03462837837837842
7 0.34207999331997324 0.5386162950901803 0.06700901803607213 0.03710546092184375
7 0.06471988712655787 0.8356048628482075 0.08815242367873946 0.06791634752161073
7 0.03269893483709273 0.9073728491902833 0.05503542510121458 0.06831983805668003
7 0.08728986078276858 0.9091435185185184 0.034229708431836085 0.04321808510638299
6 0.11696390684934213 0.5835239981429006 0.10493259803921567 0.08616727941176476
1 0.08211716910498355 0.8393536814845145 0.14480198019801982 0.20188737623762387
14 0.8883370651700527 0.3782631411958305 0.2223413671023965 0.1647646037581699
14 0.6454916301770105 0.2376099374777479 0.09195959166711466 0.053136691931776794
14 0.7637614389927826 0.5427892797711675 0.12048200139338985 0.08424737858719648
14 0.6499434124048016 0.4723087696259278 0.06766381766381772 0.04957932692307691
14 0.4765086043606205 0.3813518568078341 0.20892975383656615 0.11899855905203864
14 0.6294716558090311 0.6795425934675529 0.1649953358208955 0.10014899784121792
14 0.4882268131411966 0.6048884762497775 0.0811317677756034 0.05381604696673188
14 0.3443097416274649 0.5161269285086504 0.19132182713382778 0.11021589356028753
