6 0.6096874313337726 0.08333218889621327 0.1138638638638639 0.07460585585585584
6 0.4955690985102749 0.16298467585232293 0.0797672672672673 0.03988363363363363
6 0.5375375375375376 0.2029373123123123 0.04254254254254259 0.02580705705705706
6 0.49334056278500726 0.18190065065065067 0.037537537537537524 0.022522522522522535
7 0.020300925925925924 0.7699131944444444 0.035763888888888894 0.041145833333333395
7 0.10081597222222222 0.7651171875 0.046527777777777786 0.045052083333333305
7 0.11688161375661374 0.6959573412698414 0.05416666666666667 0.04036458333333339
7 0.32933272946859904 0.5511548913043478 0.06076388888888887 0.05078125
7 0.326984126984127 0.618874007936508 0.061111111111111074 0.048697916666666695
7 0.48534722222222226 0.44269531250000005 0.06354166666666666 0.0520833333333333
7 0.4892361111111111 0.5156131628787878 0.06979166666666667 0.052864583333333305
7 0.66875 0.3110197368421052 0.07048611111111107 0.058072916666666655
7 0.6777943121693123 0.386656746031746 0.078125 0.06015625000000004
7 0.945384409927679 0.5112795857988165 0.07345085470085462 0.05258413461538458
7 0.7471651612276613 0.6082003933566432 0.07144764957264964 0.05659054487179489
7 0.5690215455840455 0.7010025564713064 0.06677350427350426 0.05583934294871797
7 0.20417853751187084 0.897129852207977 0.04974626068376071 0.050330528846153834
7 0.1050912228796844 0.9524662536982248 0.0484107905982906 0.039813701923077004
1 0.6444312321177993 0.32561266469848554 0.13125763125763126 0.17170329670329668
1 0.45712780087780075 0.4657490594990595 0.1079822954822955 0.163404304029304
1 0.3116702521464426 0.577241045991046 0.09157509157509154 0.15453296703296707
1 0.09264912042689818 0.7259445801112467 0.10187728937728939 0.15081272893772893
10 0.6369825708061004 0.8461158769063184 0.508578431372549 0.27159926470588236
