7 0.2523105596405229 0.34836473651960775 0.07774203431372548 0.03274356617647056
7 0.2904794730392157 0.329797283496732 0.019914215686274515 0.012350643382352944
7 0.8608856801573919 0.3286915050590219 0.08449269252388993 0.04874578414839794
7 0.2762533875338754 0.07951584323535542 0.06673441734417344 0.04306402439024389
7 0.2279206809598118 0.09932725252730851 0.08127883506343717 0.06514922145328719
7 0.20251351577093052 0.17321410440397628 0.08661477411477411 0.0586348566368432
7 0.5415202721543693 0.08157572778986112 0.08767985611510784 0.0569075989208633
7 0.5433200314748201 0.16258009217625893 0.09292565947242207 0.07039680755395686
7 0.8700875828146959 0.07931702971290902 0.08852389078498296 0.07519197952218429
7 0.8894063645556817 0.15416133390216158 0.09350113765642772 0.07599189419795223
5 0.22170025417574438 0.08783814451706604 0.15999455337690632 0.2185457516339869
5 0.5486963342467929 0.10915904622900037 0.10464449541284407 0.20857224770642202
5 0.8894414277974781 0.1132454657949172 0.17785904255319143 0.1890791223404255
11 0.5106623110895342 0.4506110098054549 0.9989583333333333 0.624498570261438
