10 0.4324894514767932 0.8943334651898734 0.44765295358649787 0.21558544303797467
10 0.43315472765630997 0.9877103711162254 0.2538238396624472 0.019778481012658312
7 0.9295226793248944 0.9305280854430382 0.0632911392405063 0.02719541139240498
7 0.9700577771384732 0.7765867735903337 0.05348101265822791 0.04104034810126578
7 0.9551268220176448 0.7055523590333715 0.05603902953586501 0.038568037974683556
7 0.5281513713080168 0.724201443829114 0.05801687763713079 0.038568037974683556
7 0.35789161392405067 0.6481160996835442 0.06263185654008438 0.04104034810126578
7 0.15559671077867276 0.5578880178365937 0.06395042194092827 0.04104034810126587
7 0.352876356238698 0.4506314986437613 0.06856540084388184 0.055874208860759465
7 0.3586650032456994 0.37579113924050633 0.05867616033755277 0.049446202531645556
7 0.5466772151898734 0.4833366297468354 0.05867616033755277 0.048457278481012625
7 0.5501612706913339 0.5560415652385589 0.06395042194092823 0.056863132911392444
7 0.7125527426160337 0.5751087816455696 0.0632911392405063 0.04598496835443031
7 0.725636507479862 0.6458573072497122 0.06724683544303799 0.04104034810126578
7 0.8569356540084387 0.2903975474683544 0.05406118143459911 0.038568037974683514
7 0.9179758137432187 0.3323491184448463 0.03955696202531638 0.03164556962025315
6 0.9732712913613147 0.536543346102598 0.05406118143459911 0.02966772151898738
6 0.7820484646038444 0.390295358649789 0.07713607594936711 0.049446202531645556
1 0.37732013011863746 0.40088021431305015 0.11297678275290211 0.16713308457711434
1 0.5698935876174682 0.5113953469830335 0.09483830845771142 0.16441231343283585
1 0.7430927626823152 0.594573207679551 0.10779436152570483 0.1546952736318407
1 0.9761213772407797 0.6878923833214876 0.06840796019900494 0.07462686567164178
1 0.9729289160259308 0.7755611148801447 0.04819651741293533 0.03964552238805963
