10 0.5401895433241884 0.4048099387002746 0.31909079218106995 0.2322852366255145
1 0.6265224344511828 0.09835601050916898 0.08760931069958848 0.1338252314814815
1 0.7617016419587817 0.16367795642446323 0.08171510631001364 0.12277359825102879
10 0.9428909465020573 0.5065871484910837 0.09552897805212616 0.1464522247942386
1 0.9454309422510859 0.25731676727001884 0.07635673868312758 0.10689943415637862
1 0.4596455380277397 0.048674630094021475 0.08707347393689988 0.08539898405349795
7 0.4471832572719919 0.06483624828532238 0.05894204389574762 0.04902906378600823
7 0.6109151479521852 0.1421039094650206 0.05599494170096026 0.04139338991769548
7 0.7404147733767719 0.1472462678969479 0.045814043209876545 0.0349633487654321
7 0.6035435650597687 0.08145484273956495 0.055994941700960144 0.04380465534979423
7 0.49951267056530224 0.265619923651722 0.05304783950617284 0.034360532407407406
7 0.3531576448243115 0.20426097393689982 0.0585628363406141 0.03828347578347576
7 0.7496356310013718 0.20114690117945327 0.046617798353909466 0.03616898148148148
12 0.6097465134887974 0.6387308170438958 0.0257201646090535 0.04219714506172839
7 0.9373372643905906 0.29105611044429197 0.04233110425240059 0.03275302211934158
7 0.44761799591459417 0.012763981146001076 0.06077460562414262 0.024514531893004118
7 0.9255881157929264 0.24078582092055822 0.04018775720164609 0.027729552469135804
7 0.6368271081008993 0.31222538365912206 0.042599022633744855 0.02973894032921812
