11 0.3937909747878955 0.7534844555359818 0.7257043368154479 0.3037749287749288
5 0.20427593931867438 0.5000273942581634 0.0870528648306426 0.153727445394112
5 0.654729178120991 0.5238895553223037 0.07676479898702124 0.15788224121557456
5 0.4276823004421571 0.5133853352939375 0.06885090218423556 0.1513532763532764
7 0.6238601096482235 0.7019425987449243 0.06101062302612683 0.039477461958082175
7 0.4182032305058432 0.6821825055029189 0.06459948320413429 0.03229974160206721
7 0.20523096309056688 0.6748552493061538 0.05861804957412193 0.038580246913580245
7 0.19017702778386547 0.5566969829790342 0.06489395378284268 0.04095441595441597
7 0.4287824658195028 0.5722030027585583 0.07122507122507123 0.04570275403608741
7 0.6591616545320249 0.5798907882241214 0.0688509021842355 0.039767331433998104
7 0.4319103393177467 0.5145728756839868 0.05698005698005701 0.041547958214624855
7 0.20841075188901273 0.5040722160287378 0.07043368154479265 0.04095441595441588
7 0.945216 0.534722 0.06635799999999994 0.04166699999999986
7 0.6459223646723645 0.5293284069325735 0.06647673314339984 0.03798670465337127
