7 0.2233573717948718 0.17090981934731936 0.07654671717171718 0.05168876262626263
7 0.44865864100777875 0.2593281957506096 0.07023358585858587 0.04083806818181816
7 0.6313920454545453 0.33082780934343436 0.04971590909090911 0.0396543560606061
12 0.5909693371890953 0.8095127179048554 0.05129419191919193 0.0755602904040403
12 0.376127055814556 0.7747471712315461 0.08549031986531984 0.05839646464646462
12 0.20392729377104382 0.7465683953505644 0.09259259259259259 0.06826073232323226
7 0.6124197706228958 0.08345663667929294 0.06891835016835017 0.05741003787878788
7 0.6091173952165331 0.021436074103099962 0.07628367003367001 0.03570864898989899
7 0.7876288930976432 0.09972774621212124 0.0644465488215488 0.05287247474747475
7 0.800740540323874 0.1766455477392977 0.06891835016835017 0.049124053030303025
10 0.5170125369147713 0.45562776860786663 0.4598063973063973 0.32907196969696967
1 0.624420237784165 0.06343701006009932 0.10603932584269664 0.11183286516853932
1 0.8097873981053095 0.12293604239448586 0.11446629213483146 0.16748595505617975
