7 0.5445788043478259 0.5168919836956521 0.053749999999999964 0.03304687499999996
7 0.3523180239319378 0.5531905584373852 0.051547772065124245 0.03133033419023139
7 0.40422743055555543 0.59994140625 0.04250000000000001 0.028828124999999982
7 0.7501544249775381 0.47561576959793356 0.05727762803234503 0.0389572102425876
6 0.4901590318991097 0.912900477559347 0.06877472799208703 0.028862203264094964
6 0.3659506674481147 0.805036561333746 0.06207606589147285 0.03633720930232558
7 0.10814450222882614 0.7888961119366025 0.07166295195641406 0.056068907875185744
7 0.09319672419296934 0.8690358922685183 0.07601351351351351 0.05485618884114416
7 0.023701553329285568 0.6572437575895569 0.045916818457802065 0.03301457194899813
7 0.3011616298998691 0.9744276300349888 0.07456477214541728 0.04875792050691245
7 0.7706359250605747 0.9137146693276218 0.05865459501557631 0.029479410046728917
7 0.6083190876609376 0.9343236000739237 0.039214100905562786 0.023043337645536788
1 0.31918434349445124 0.955404852085912 0.08153920308483288 0.07376887853470446
1 0.03776927619535871 0.6417983254492486 0.0714503327579855 0.12496852678266857
1 0.08551426444457604 0.8266106733113231 0.15926415495632787 0.14678565974462304
14 0.6016999104947598 0.08016278463705068 0.07262510602205256 0.13557569974554706
14 0.370391762066139 0.1556093146219494 0.088052978994896 0.11410363295053005
14 0.31583570309924164 0.03555614799703263 0.05285608308605341 0.05598571958456973
14 0.15284147881176038 0.2134515990280282 0.1107715182638594 0.11343180571272868
14 0.09082625051860795 0.0955539593126556 0.08349235265451126 0.061957610146862484
14 0.036928768038492224 0.029121636512907705 0.05229070339926364 0.049145102752639516
14 0.5440048748904608 0.49073250673927155 0.12350427636354197 0.13941930756242407
14 0.3683523566559045 0.5335926335701855 0.11516203703703702 0.14109375000000002
14 0.6242456896551724 0.6114224137931035 0.03189655172413784 0.02101293103448283
14 0.6263715277777777 0.6401041666666667 0.013541666666666667 0.007656249999999964
14 0.440489377414224 0.6446643873551465 0.03802402862985683 0.02360525306748462
14 0.47174754648123485 0.6984206243527149 0.040362849533954775 0.03901048601864181
14 0.7549483441998542 0.47546479952818244 0.1592708333333333 0.23688215230399093
