10 0.4530351603780164 0.7726104675723587 0.31349483655563315 0.14849755415793156
10 0.3287004684628724 0.8763863006962238 0.1358801149157543 0.05750640577684617
10 0.5047416866075147 0.8763109342904939 0.17567357714108242 0.10227405078033996
10 0.8781252426430624 0.9129505881667828 0.20382017237363154 0.12156417423713027
10 0.9266538551129746 0.9924404553924994 0.0689106297072754 0.014922548334498109
12 0.20482309703134297 0.9668112819318271 0.05532261821569998 0.054230724435126935
7 0.26683804199527467 0.5404354264417157 0.045616895721717524 0.028753202888422997
7 0.4038793772808448 0.6049091544374563 0.04707275409581493 0.023657698579082224
7 0.51832969809909 0.6554009698663785 0.042705178973522794 0.025113556953179652
7 0.06974254877818818 0.298035007154504 0.04513160959701841 0.045131609597018396
7 0.09520431428188242 0.24961353577705783 0.04173460672412454 0.0407640344747263
7 0.3227557134353081 0.03876222921034241 0.04804332634521315 0.03020906126252038
7 0.40245384928954114 0.4141689596436058 0.03833760385123072 0.03457663638481243
7 0.39796495263607423 0.4668983301304449 0.04755804022051403 0.04221989284882368
7 0.531836854460094 0.48750013584593993 0.040934909870747126 0.034233176838810574
7 0.5345311322668521 0.5390706507563902 0.043832956587260184 0.03695009563554163
7 0.6505390366892715 0.5510726395409493 0.038399118993798186 0.033689793079464486
7 0.6572407697212078 0.6026397583029038 0.04274618906856783 0.0355916362371761
7 0.8178931844381333 0.641479621901505 0.03731235147510572 0.029614414884367904
7 0.8320614128299747 0.6892219227573948 0.041297165710311244 0.028527647365675465
7 0.8918480015897854 0.6856726780435701 0.03477656059815678 0.029342723004694905
7 0.9062735466295718 0.7323794231438011 0.03948588651249066 0.028527647365675552
7 0.9604851330203441 0.7222838057149481 0.03224076972120796 0.02635411232829076
7 0.9739610502521301 0.7658994087984698 0.038036863154234074 0.024452269170579057
7 0.8716600011592186 0.8274376195444271 0.03586332811684925 0.019290123456790122
7 0.7981301158574678 0.7982005544929386 0.038399118993798186 0.02472396105025206
7 0.7484230112956402 0.3554739073031757 0.036635551540700605 0.022959951821740435
7 0.7919050486801166 0.3841087021981331 0.03036234066044363 0.0203252032520325
7 0.8732608269645308 0.2946415901396744 0.042571306939123005 0.02904604796367248
7 0.9218240031218958 0.3226384010926635 0.027493969064850344 0.016185965659145717
6 0.14707257762813317 0.06282233712789266 0.08083480305702526 0.06310626102292768
6 0.8298835652230715 0.5234742430922987 0.040723593964334746 0.02230420524691358
6 0.9343334598928736 0.5767612954389574 0.04367069615912216 0.02210326646090538
1 0.9721864997713764 0.7360483416617672 0.05626286008230453 0.09076692019400351
1 0.9115089901701419 0.7021392179557009 0.0716490299823634 0.0938671186067019
1 0.8350450948555005 0.66069219611713 0.0739454732510288 0.1017898478835979
1 0.664886997212266 0.5709115383384537 0.0709600970017636 0.10919587742504407
1 0.5487672692533805 0.506072944223986 0.06498934450323343 0.11401840828924159
1 0.4164322710778649 0.4295734697135558 0.07830871546149326 0.12090773809523804
1 0.10693110923594643 0.2591160087119138 0.11137749853027629 0.1298638668430335
