13 0.053491530527456185 0.2405304406585978 0.047207314649175124 0.06321915236643921
10 0.4616484638477204 0.4757779523901893 0.3143390942955213 0.23661553455624407
7 0.4612697683892546 0.36880136906703986 0.04719419974108805 0.0345544820182501
7 0.5858961684234782 0.3055064505850081 0.04914797943120393 0.037281248701001794
7 0.28713275089916 0.3040730587779296 0.0427835818985872 0.03516494636713215
7 0.28911488722195844 0.2525899738557048 0.043775232153265384 0.0330814531006102
7 0.3996147384538331 0.1775938820631578 0.04704112461542234 0.03938821019972853
7 0.39890555137539463 0.2332094998058626 0.048137674307965866 0.04068636461109583
7 0.5368501396960007 0.14018991166678715 0.057756354672333726 0.04722200173710398
7 0.5325443776647123 0.08120308089044155 0.04942306140563223 0.04334773572226017
7 0.46581481766666955 0.12472705373939938 0.04662782440560221 0.043472960139626794
1 0.2799270778009803 0.2721294042238376 0.06500979577026941 0.113736540897966
1 0.388901056523834 0.19871951325664897 0.0711273687954072 0.1243748981704849
1 0.5193665028257555 0.10142533912109399 0.08869559795485714 0.13655069210624765
