12 0.27545423635958616 0.668834195068763 0.05732912111512934 0.04546493744024606
12 0.3910892450061115 0.6900630289419257 0.048479734730733935 0.04121702637889688
12 0.543757926648964 0.7117351919636674 0.0316421265965045 0.04310000250509126
10 0.47825513873406256 0.4801542415047698 0.31811782542776695 0.2260667099848386
10 0.9172481968594536 0.6006179963321917 0.17100354645521768 0.1590258958145137
7 0.823275285221988 0.4828804075077787 0.03722105122285797 0.025720164609053527
7 0.9372068629236817 0.40971217992167724 0.03753238835543367 0.02914951989026067
7 0.926957907839252 0.3647500381039476 0.04191434232586486 0.03157864654778235
7 0.8578883964686433 0.3690513875699061 0.03715134887974392 0.030864197530864196
7 0.8465347635014988 0.3218295134125895 0.042676421277244365 0.03029263831732966
7 0.5696079137122221 0.38373285822265407 0.028344671201814046 0.02503779289493576
7 0.44912241339053793 0.33425953287803173 0.03192219011761959 0.029140399264512732
7 0.2867495886442448 0.27309683297788184 0.05219128292932023 0.03351130936289087
7 0.6810468867326949 0.2768457167667158 0.03382162318621714 0.032445161777475764
7 0.6771665764756717 0.22315192358515495 0.026270749172549998 0.03209121455808509
7 0.550873931558365 0.2146765396299365 0.044195212426824296 0.038580246913580266
7 0.5470868190395229 0.1598680301976468 0.04202167738943948 0.03382563901930099
7 0.4760650155227739 0.1248948575564407 0.04104834351747932 0.02844806085546826
7 0.3912432007797905 0.13434465427219047 0.04884233279295006 0.04442573887018331
7 0.3926890422685734 0.07788906238986755 0.04295354089592772 0.04117824333873715
1 0.9454506008514688 0.3810954791578396 0.0842164681889362 0.09935267125532608
1 0.8680983680878667 0.3387885813691132 0.08558214064605416 0.10737599694089368
1 0.6972724177763835 0.2414270396884079 0.0706565441559056 0.11418866184191856
1 0.5640439489617329 0.1768011875620831 0.07627359159926207 0.12438803746275008
1 0.4057956710681275 0.09553528870259395 0.07745612790312661 0.13880019866609908
