14 0.13361418511066397 0.3587305080482897 0.1635856807511737 0.1430457746478873
14 0.6365823412698413 0.8692894345238097 0.125 0.1338541666666666
1 0.12925333005786657 0.9111450315263676 0.16285211267605634 0.15854973591549298
7 0.11020307609546169 0.908128239925665 0.078125 0.05940755208333339
7 0.07972638851270014 0.9732370031487001 0.08294270833333334 0.0457636443661972
7 0.141913459926224 0.38416861848172373 0.06293402777777776 0.04475911458333335
7 0.33639322916666664 0.27880859375 0.06944444444444452 0.04313151041666665
7 0.8090848330725091 0.8014842527386541 0.065287558685446 0.061069542253521104
7 0.5575599747474749 0.16645951704545453 0.07161458333333333 0.029296875
7 0.6249905247456964 0.8670499559859154 0.055514598004694805 0.059419014084507185
14 0.2582159624413146 0.4822293133802817 0.07555751173708923 0.0489656690140845
14 0.35251806893995563 0.5800303465530023 0.13350938967136147 0.1133362676056338
14 0.33022395123428744 0.2675097966833258 0.16431924882629112 0.1523987676056338
14 0.4558601609657949 0.39258991448692154 0.06455399061032867 0.048415492957746456
14 0.5363793336944747 0.48307573808234033 0.09903169014084513 0.0951804577464789
14 0.5540696099674973 0.1599319474539545 0.0843603286384976 0.05226672535211267
14 0.7393409369259033 0.38014773423147574 0.08215962441314559 0.1149867957746479
14 0.8226351351351351 0.8022240990990991 0.13263888888888892 0.13281250000000008
14 0.9745614035087716 0.7000685307017545 0.06215277777777774 0.1140625
14 0.9209325396825395 0.9048363095238097 0.0375 0.022916666666666786
