11 0.5864676101906795 0.437903294543636 0.4602732725463299 0.38520359275397403
11 0.8317699147560257 0.2232928240740741 0.2670304232804232 0.3500468474426807
7 0.5928870512203845 0.031083885250551915 0.05370144259033144 0.0364604531271198
7 0.7266435685239102 0.08575381171535017 0.037591009813232046 0.028617216117216116
7 0.7255347533125311 0.026207345286292656 0.04578754578754582 0.030948989282322616
12 0.6768240619915261 0.33715902602133335 0.047010061629944665 0.028612144840214994
7 0.20423611539882608 0.46927968593345265 0.016973226037553524 0.011948942869995486
12 0.6307405264663606 0.32953508467891846 0.04676393565282447 0.03027349518577587
12 0.5903337873633712 0.3176091800356507 0.04647350699982291 0.02525621714218205
7 0.20531270935017706 0.5214053079242033 0.013308689826777667 0.010542276772896899
7 0.1842115407109665 0.5263536981210324 0.012710546463776442 0.010093669250645981
7 0.16370851543475717 0.5313008421858552 0.01286008230452675 0.00953290984783231
1 0.16060149296583404 0.5322835062822143 0.031252990716815005 0.03286050100488088
1 0.18193278064886595 0.527837218274476 0.034243707531821245 0.032075437840941703
1 0.2006397143267298 0.5214669914585128 0.028262273901808764 0.030953919035314362
