12 0.23116649863997818 0.9683264159358994 0.053286401152521486 0.06937418648680634
12 0.4843128979248937 0.9678976226045345 0.04929779384907589 0.06283557966250267
12 0.7411100478428682 0.9562844754306324 0.04822530864197531 0.07685381459891269
7 0.4068518426946949 0.421913374210882 0.03191727058116814 0.035129143384595087
7 0.36996273002562313 0.483119322152341 0.017373243264228608 0.017033542976939223
7 0.4013441486390698 0.46954719986775173 0.029214224706887143 0.03894421150710463
7 0.4293620145502896 0.3913962619468534 0.045915786630778554 0.054974329167877554
7 0.610846388949053 0.4597479423868313 0.020982239549491067 0.017970272904483515
7 0.6383941588553346 0.4447968054574977 0.011717614856060763 0.032428499114148385
7 0.8335471846110507 0.4244354420876779 0.027781194979375548 0.03667671029631947
7 0.870462371256022 0.43304308676332487 0.02351557907113466 0.01975702317964229
7 0.4777066217230946 0.6069918588087194 0.055949409954577936 0.038856313081119254
7 0.6918463647778699 0.5910094453455381 0.057740906454552945 0.039680690198028015
7 0.9192538876309756 0.5727576568368137 0.060034178968148826 0.03618624591178289
1 0.38260357843802084 0.41469797882354165 0.08417917540991347 0.1376845777993737
1 0.6037100824330723 0.39341039077137474 0.07001907056107605 0.13787703795444417
1 0.8450678183343909 0.36567205900657473 0.10364330817547193 0.14166666666666664
4 0.471579948176264 0.7168803349921012 0.12180825891994147 0.22064450476391748
4 0.6466467991123596 0.7104665950999942 0.1331621568307258 0.22558647799273834
4 0.8342941596402548 0.6956816063777999 0.14870096565378266 0.2279004269420148
