7 0.2817510467728758 0.544122434129902 0.05840226715686274 0.03791360294117645
7 0.47609639561078415 0.4737829054937868 0.057703836930455665 0.03821942446043165
7 0.505173985811351 0.48548270758393297 0.017735811350919305 0.021170563549160713
7 0.8021323081276392 0.9280162351443121 0.049974696356275196 0.03605769230769216
7 0.9782091437833713 0.8846428060640731 0.03762156750572079 0.036649027459954374
14 0.3050939639998072 0.5427348497178819 0.14833333333333332 0.16003255208333328
14 0.3858138020833332 0.6514282226562498 0.04635416666666667 0.03875000000000002
14 0.44851528519164957 0.7225738344090944 0.08143635732746243 0.0880796370967742
14 0.6287868270038589 0.6516624215045494 0.05537400145243273 0.06025326797385615
14 0.5872216170418785 0.5955541938997823 0.048111837327523686 0.03302015250544663
14 0.49680950741277946 0.46955778962666017 0.14654343045629462 0.16510076252723316
14 0.7601480891575233 0.4600354113915436 0.05145797598627778 0.07182675814751294
14 0.698940777153558 0.36573472612359553 0.05705758426966293 0.07966116573033703
14 0.8235439664235497 0.5748493864577173 0.06525046816479403 0.10358146067415727
6 0.03469334719334719 0.4437987266112267 0.07713963963963963 0.04201858108108114
14 0.6358295917314487 0.9387716726977102 0.09637672630257382 0.117578125
14 0.8171306946690713 0.9212666204245907 0.12870953237410074 0.1448684802158274
14 0.9600910649387 0.8492086260228173 0.08903186274509807 0.15781868636877813
