6 0.04738425925925926 0.5915451388888887 0.08333333333333333 0.08151041666666661
7 0.9057227221597299 0.9324293447694034 0.05597933070866136 0.03998523622047241
7 0.2300253295298053 0.5701295986622074 0.06127450980392156 0.03499717194570131
7 0.44066061253561256 0.674854767628205 0.02721020299145298 0.02791967147435903
7 0.5902401385124965 0.549288617886179 0.03573848238482379 0.030106707317073145
7 0.37451344174033246 0.43182329750081855 0.06783395176252321 0.03696080705009282
7 0.5295010478303748 0.28088210367356997 0.06860977564102567 0.032426883012820526
9 0.815961640480383 0.9472140390085328 0.0431593977154724 0.05962811526479754
14 0.6886611710227643 0.3664647901663237 0.37674515335648157 0.23437790643601195
14 0.6378906249999999 0.5722543569711538 0.13471554487179488 0.08244441105769233
14 0.5323439132706375 0.5009704398510972 0.07632902298850576 0.05152209051724137
14 0.378563596491228 0.4254271747076023 0.20467836257309938 0.11567982456140355
14 0.5203080610795454 0.7051502574573864 0.167236328125 0.09979248046875
14 0.3859456380208333 0.6259409586588542 0.08015950520833333 0.0555419921875
14 0.23100676359953703 0.5536340784143519 0.189208984375 0.107421875
