6 0.36540284838215115 0.09463507625272333 0.12050653594771242 0.06944444444444443
6 0.4895152505446623 0.1730366625816993 0.11642156862745097 0.07097630718954248
6 0.7922494172494173 0.3509069055944057 0.060460372960373 0.038789335664335664
6 0.9796453546453546 0.5113636363636365 0.042977855477855445 0.03605769230769225
7 0.7225651952214452 0.5323631446678321 0.06774475524475522 0.054086538461538505
7 0.7382721445221443 0.6027175949050949 0.061917249417249444 0.047530594405594415
7 0.5474456099456099 0.44522144522144524 0.06628787878787884 0.051354895104895174
7 0.5568181818181819 0.5150786713286715 0.06993006993007 0.05463286713286717
7 0.45086041409570815 0.3870899321266968 0.06555944055944062 0.05954982517482521
7 0.34106518481518483 0.3373189310689311 0.07065850815850817 0.05681818181818184
7 0.3364263941187018 0.41184776761699843 0.07284382284382283 0.06173513986013988
7 0.1839306526806527 0.5959535256410258 0.07284382284382283 0.05080856643356642
7 0.37054201977401136 0.6799523305084746 0.03354519774011298 0.037076271186440656
7 0.40836864406779666 0.6820709745762711 0.0406073446327684 0.03641419491525424
7 0.5817443502824858 0.7524496822033899 0.05120056497175144 0.037076271186440656
7 0.9698093220338984 0.662208686440678 0.060911016949152595 0.04502118644067794
7 0.9755693855932203 0.7304356461864407 0.03972457627118639 0.045683262711864445
7 0.9566801489470984 0.8978958012326655 0.058262711864406805 0.04568326271186436
10 0.5028601694915255 0.8730402542372883 0.5826271186440678 0.2529131355932203
10 0.7296963276836159 0.9667637711864409 0.07326977401129954 0.06024894067796609
10 0.46897069209039544 0.9756797316384181 0.3972457627118644 0.04965572033898304
1 0.3553255830798205 0.3532431551499349 0.10240112994350282 0.17346398305084745
1 0.5618707446037955 0.4654565949587136 0.0953389830508474 0.16551906779661021
1 0.7395213009619788 0.5559830222171324 0.101518361581921 0.15360169491525424
1 0.9748667822290705 0.651587779275809 0.05792725988700565 0.07282838983050847
9 0.7371722423146474 0.28431566455696206 0.03428270042194086 0.028184335443038
9 0.790668324291742 0.3199169303797468 0.04351265822784806 0.03708465189873418
