6 0.3048718145336503 0.0983796296296296 0.0808348030570253 0.05814594356261022
6 0.3974990201842053 0.15923537624926512 0.08377425044091706 0.049603174603174593
6 0.48680274578967375 0.21626011515717394 0.07716049382716049 0.04987874779541444
7 0.041657495259830785 0.21449024355394913 0.07327471356248334 0.04996003197442044
7 0.07090287366066741 0.16291259921355838 0.06513307872220742 0.045796695976552095
7 0.3842703614885868 0.38329336530775376 0.050700180596263744 0.04357625011102228
7 0.3835357639814073 0.33083486914172366 0.041818397134144564 0.03719246824762413
7 0.4600923865512195 0.36170012938598073 0.04773958610889068 0.04191091571187492
7 0.5270210639248742 0.4038171579138805 0.044778991621517564 0.037747579714006524
7 0.5308627877239654 0.4520722046701262 0.04255854575598781 0.03524957811528562
7 0.6579033069840423 0.5154876099120703 0.040708174201379656 0.03552713384847682
7 0.6493107982749603 0.46527592740622314 0.042558545755987755 0.03191890931699082
7 0.41931732391864285 0.5642534583444355 0.04773958610889068 0.036914912514432886
7 0.2737492545646023 0.5084821032063237 0.05033010628534209 0.035249578115285535
7 0.5411279442054822 0.6118517884105414 0.04551914024336087 0.03080868638422594
7 0.8179780961555542 0.5569049034276851 0.03996802557953635 0.028588240518696188
7 0.8334073481955176 0.6012487989406453 0.04255854575598787 0.030531130651034744
7 0.8971597650654406 0.5999153668518178 0.04440891731059597 0.028310684785504994
7 0.8069840423957129 0.7150113242739141 0.03774757971400654 0.028033129052313706
7 0.911905802992933 0.6446872416596636 0.04588921455428247 0.029976019184652262
7 0.9677443230600702 0.6361313065949354 0.042188471445066156 0.02581268318678387
7 0.9823437546259289 0.6765004662936317 0.03478698522663354 0.026922906119548742
12 0.23077329171752753 0.918964742450697 0.0621114613431398 0.05745994221171537
12 0.36189340021097305 0.9377208494377525 0.06430041152263374 0.043300170738113854
10 0.4604181348367397 0.7222717049913432 0.32738380068268097 0.24194899033400333
10 0.8994697742158958 0.8330955528853252 0.1834306313203816 0.1710690018183558
1 0.07487067913756991 0.17465091953948964 0.11881991537703589 0.13937793427230047
1 0.3979215735866753 0.346226018663421 0.07353793543151914 0.1222613458528952
1 0.5426304972036149 0.4255255469718171 0.07788500550628878 0.11112197878629802
1 0.6612712013584323 0.4823989950217997 0.06484379528197992 0.10677490871152849
1 0.8387732085241216 0.573872116443517 0.08476786645800731 0.10188445487741256
1 0.9155988479149667 0.6178356941267741 0.08042079638323767 0.09808076856198923
12 0.5121192621192621 0.9714823950935063 0.0257201646090535 0.03718996774552318
