7 0.5815881039915966 0.4694270286239496 0.022403492647058817 0.02470128676470589
7 0.42601495726495725 0.30876746544471156 0.06894364316239318 0.03943810096153846
7 0.20850550964187328 0.41043388429752065 0.06852617079889808 0.04558367768595044
7 0.018130466472303205 0.5090196793002916 0.03784013605442176 0.04607780612244898
7 0.8715569561157797 0.8703693977591035 0.05813492063492068 0.0511904761904761
7 0.6804293274044024 0.9470808791980343 0.05693268843208384 0.051957376058041224
7 0.49600122100122107 0.9889432615995115 0.05416666666666667 0.018315972222222143
7 0.7479429192919292 0.9874977899575672 0.03830740216878835 0.025253049858557298
14 0.52637714112121 0.4163383829363287 0.26724451741988975 0.29509977435579443
14 0.4025887267002417 0.6060616502297008 0.11612140144955602 0.09626122823319871
14 0.33005317727539946 0.514607884399551 0.07293503821281598 0.05897266313932983
14 0.22011300429692718 0.4074414387187111 0.16997586992105634 0.14956904853620956
14 0.22684331482994244 0.7066652506907942 0.15401191558612692 0.12309377828875441
14 0.13500304771856494 0.5971052115987462 0.08375783699059561 0.05559365203761759
14 0.050687861808237415 0.5188491571876599 0.1054714683368128 0.10505407653910152
14 0.6730070874777525 0.9169501036486661 0.14708197901831083 0.14011283725602758
14 0.8917954346276527 0.8747082931113708 0.20800372105843437 0.21984374999999998
14 0.49148241983132673 0.9572309850185002 0.11107787953679603 0.08585758089770348
