4 0.6475123066104078 0.8181747758438819 0.4923611111111111 0.3731770833333333
7 0.7904643449419566 0.2542444029850746 0.07980928689883911 0.072294776119403
7 0.9679168261257813 0.5097708572522005 0.062189054726368195 0.05869092039800998
7 0.7736779067624837 0.6061273493642897 0.0824004975124378 0.052472014925373144
7 0.5845498385266648 0.6920578030898141 0.055451907131011544 0.0470304726368159
7 0.736224630814183 0.39976827173655527 0.06581674958540625 0.05519278606965172
7 0.7208747927031509 0.3270333117023577 0.06270729684908787 0.0532493781094527
7 0.6176814100230552 0.3620711230433199 0.06788971807628527 0.07112873134328357
7 0.5434286898839136 0.5109025186567164 0.05234245439469317 0.05130597014925371
7 0.5393323238878073 0.44090011897036546 0.06633499170812603 0.050139925373134275
7 0.3851952359415046 0.5334831524197194 0.05752487562189052 0.0470304726368159
7 0.3825404228855721 0.5981032338308456 0.04923300165837479 0.0412002487562189
1 0.3409563829258598 0.5497808120900416 0.13444767441860464 0.24164244186046516
1 0.5106552990859657 0.44033104824713637 0.12596899224806196 0.2566315406976744
1 0.6956518758227291 0.32934880978499337 0.14171511627906977 0.2389171511627907
