7 0.3083781787485491 0.27055634694523584 0.07122507122507123 0.04985754985754988
7 0.4709847765403321 0.334515022015022 0.06885090218423556 0.04451566951566951
7 0.606934034167765 0.3868434036552367 0.060145615701171246 0.04116567675889717
7 0.40652248985582323 0.12834002417335752 0.057771446660335526 0.04748338081671413
7 0.41069527180638293 0.06771777605110937 0.06489395378284263 0.04688983855650521
7 0.5047400076639842 0.11867721297545855 0.06251978474200703 0.04510921177587845
7 0.5709178258197865 0.15781241271437346 0.059354226020892735 0.043922127255460575
7 0.5731545546360359 0.21104666938000272 0.05698005698005695 0.04451566951566951
7 0.7047513528995007 0.2272418939085605 0.05223171889838551 0.04332858499525165
7 0.7182963162247533 0.2799403267270499 0.05797935411871377 0.036945490688428555
7 0.8790956920352139 0.4967084700734491 0.04199874980465696 0.02783638068448193
7 0.8596449532044937 0.4329696697400635 0.03158045527947073 0.016359978121581475
7 0.8982407035325461 0.32626645067309623 0.042324321508569136 0.033696671354899226
7 0.9122815117892473 0.37659026978647236 0.046231181955513886 0.03247577746522895
7 0.9807356849416599 0.3725425772399043 0.035425887103035986 0.027479326811087803
9 0.2539342357544331 0.7665755213144638 0.021742819566416348 0.048921344024436826
9 0.3748249968181239 0.7781050564555718 0.020151881549361535 0.04176212294768999
12 0.32595812109700995 0.709313352542519 0.06223200667645114 0.051530259863593254
12 0.4256734108064311 0.7253793198628878 0.057195890529223865 0.05206984373651037
12 0.5892726848203603 0.7501039751335261 0.047325102880658436 0.040123456790123455
10 0.4926043881511578 0.4934305856799887 0.34293552812071326 0.25111002815681177
10 0.939697494765721 0.6000243664717347 0.10649050610064253 0.10085011912497294
6 0.834278927620431 0.147158110929557 0.059307673686758634 0.037218591140159775
6 0.9270385954346874 0.22632094010998588 0.03790340047649992 0.02903671215074725
1 0.41905123628872465 0.07607729693054262 0.07591596973317405 0.14063122262046993
1 0.5869038973614138 0.1656483849578479 0.07958121520213025 0.13162672476397969
1 0.7268659516033159 0.24283709993596034 0.08752935599939682 0.1264462542822054
1 0.9140558915817124 0.3389055548464359 0.07764577995185955 0.10616013107578222
