13 0.32370262598106764 0.47092326562514736 0.042494185006262286 0.05554064531520251
13 0.48487754878422606 0.48134503544476226 0.042494185006262286 0.05293135325341439
13 0.6444813334835404 0.49397419203064225 0.04448221705333891 0.050508439196039805
7 0.9548166638220398 0.34151815345811753 0.04950440284968362 0.03837282623124914
7 0.9755743809364398 0.39444541841982234 0.04452077525554238 0.04127671578388425
7 0.8930577254950013 0.49662893524900686 0.0401013319173415 0.0367134607726005
7 0.8725496703393955 0.4480978140625691 0.03899508827824249 0.03339472985530331
1 0.943715706447188 0.3627917747659091 0.11008727460686668 0.11760452078487511
1 0.8669396256043999 0.466379893043876 0.09666805828909958 0.10809924255979009
6 0.9367880252653915 0.05663632206842082 0.11716963877457708 0.02418920242994317
