11 0.5269195228672318 0.3322712462692329 0.4727395323470641 0.48930921052631576
11 0.8437570416104364 0.5899191209514171 0.29002242982456145 0.49862203289473683
1 0.31143125854993164 0.11154098267213866 0.11708656330749354 0.16715116279069767
4 0.22586391099322134 0.47796127055702914 0.07025862068965516 0.1890265804597701
1 0.13306060890222554 0.24036770911477867 0.0720687984496124 0.14171511627906977
4 0.29314579404678975 0.399790516544758 0.061716300940438805 0.18829895977011507
7 0.7390856558283567 0.07195587259455871 0.07489355231143549 0.05445939781021898
7 0.34150699513381993 0.08066263686131385 0.05702554744525544 0.04818658759124086
7 0.3336815227483751 0.15104166666666669 0.057161095636026005 0.051140320334261836
7 0.5512469586374695 0.017075587363138685 0.06082725060827248 0.02962477189781021
7 0.15895562770562774 0.26445397050865804 0.029141865079365083 0.033249627976190466
7 0.4285634445796161 0.01630743349553933 0.051946305352798025 0.028797901459854013
7 0.17289568070818076 0.21178528502747254 0.0412326388888889 0.03464471726190479
7 0.2382882379248658 0.21749916144901613 0.04602713178294572 0.03769985465116277
7 0.24802474657125825 0.15492229427549192 0.04481589147286821 0.038154069767441866
1 0.2218244887019627 0.17956959735279565 0.09387112403100778 0.15079941860465115
