10 0.23906563258415112 0.8355652995409941 0.15217764060356653 0.06349665637860089
10 0.4853341478052127 0.8402255336934157 0.17253943758573387 0.06671167695473246
10 0.530684486124301 0.7453592414529915 0.07233796296296302 0.09966563786008237
10 0.38335292964922596 0.712069646531452 0.047689471879286655 0.016075102880658467
10 0.229134006140179 0.7476453801685283 0.08626971879286696 0.09243184156378606
7 0.22825939492606154 0.6252331773165106 0.05618866729977841 0.042735042735042805
7 0.4440913628947816 0.6269404266199137 0.053023108578664144 0.03323836657169992
7 0.6627605933161489 0.629239587572921 0.055397277619499925 0.03175451092117761
7 0.1671872201655931 0.4630921173046153 0.04767640268995283 0.04234417344173441
7 0.18743831342634415 0.41701169326508086 0.03471176687075514 0.0407758707216702
7 0.3825729272381887 0.41511230441522534 0.017146776406035628 0.035129980929438906
7 0.4165792219089419 0.41694040677780514 0.022165345110241184 0.038580246913580245
7 0.3838561652473126 0.4656411414541496 0.026347485697079207 0.04297149452976015
7 0.4123590618622236 0.4684520224831878 0.029274984107865755 0.04359881561778581
7 0.6113244002810397 0.4220302619692864 0.03178426845996865 0.039207568001605984
7 0.6355180835758976 0.4694034594666933 0.05813175415704774 0.04046221017765737
7 0.9839008498109673 0.4219126392652815 0.027183913814446743 0.04234417344173441
1 0.1705037706499695 0.4240827500147675 0.06956135428357652 0.1306467452300786
1 0.4035576435328077 0.42533983924410007 0.06020856715301157 0.1346472537878788
1 0.6287889841853962 0.425719731817822 0.06965877914951982 0.12900270061728394
6 0.2891934446037569 0.2726285723743966 0.038664299739099975 0.0693435810538207
6 0.4123211355872938 0.2736707465908173 0.02992280588504265 0.06455256999919308
6 0.536820180747196 0.27811819172113283 0.045724737082761785 0.06379609456951507
6 0.7596918511346011 0.2752393824470803 0.027905538072567772 0.07211732429597353
6 0.8780718505966629 0.28351018047822685 0.05850076656176875 0.07337811667877026
6 0.9897131949487613 0.29559056776002585 0.022119341563786008 0.059869987089485995
