1 0.912809 0.1875 0.1743830000000001 0.17669800000000002
6 0.5858882468714806 0.20640201867112917 0.08245362915250193 0.05423599928430847
7 0.9529618904618904 0.21472985882708104 0.07226141485400751 0.05270337301587303
7 0.8882811228522937 0.17013725413266373 0.015403036432540533 0.030733417032852067
7 0.9057172251616695 0.17899802210065863 0.029352956220501745 0.031387319522912724
7 0.9230998645895716 0.15898098241107525 0.057398107460882114 0.04566419055590429
7 0.6337991001332649 0.4191461381818822 0.0528514105682296 0.042428650595732864
7 0.6292396580565048 0.3656464548505281 0.05015752799072279 0.04185139004340999
7 0.8254211606910711 0.4984164447672072 0.04210486206370974 0.03686556927297672
7 0.6826703246456335 0.5709662208504801 0.045296067672610935 0.037294238683127603
7 0.5587923631403855 0.63997378787742 0.03977879362710033 0.02779332649189912
7 0.49649322525139516 0.45588173958272 0.046157268379490635 0.036807640974307644
7 0.4998530276308055 0.506750798417465 0.05074518963407852 0.040040040040040026
7 0.39192631785224374 0.53024797752164 0.039328717312256394 0.03276259063296101
7 0.3872222948011699 0.5796937259128618 0.0431391120691532 0.03592657913645561
7 0.30400871174680694 0.7744931573056572 0.03109030886808663 0.027875288291954944
7 0.23518019074974017 0.8102823646484435 0.029412984212872258 0.02779332649189912
7 0.23093727648723447 0.6821901141275618 0.0335593079785635 0.03031999253661725
7 0.23841361652724652 0.6343655924009922 0.03731691389122121 0.02857076219796627
7 0.16961720630483737 0.6828246148214702 0.03581411600279527 0.02889878872583278
7 0.15996390307932454 0.7296738638782461 0.03824765857811833 0.0286025968497233
7 0.10917947425883931 0.725695756697741 0.033593684387335176 0.02779352481733434
7 0.09984391227132225 0.769738337972949 0.037687914672041654 0.02865961199294539
7 0.02565485737771439 0.7853357836606533 0.03219646505018208 0.02266705154395001
7 0.014709390427206979 0.8278785656021798 0.029359228666449556 0.024887497409479847
12 0.8974212756384762 0.9577727444959083 0.09338041745449152 0.06291013235457679
1 0.6091627304064444 0.3795162086619974 0.09236517967042182 0.1199369977372414
1 0.4792566284202073 0.4660672790129122 0.07709772964782066 0.11467367691047944
1 0.37231108526718143 0.5453060875573292 0.06881611314165667 0.10767229620744682
1 0.2222747487966324 0.652015493671523 0.06827190752844349 0.10385008373836373
1 0.1529975074951234 0.7005642261767989 0.06665324618011467 0.10424813775809408
1 0.09242859502589615 0.7438461058546235 0.06635242025986351 0.09571536985367286
10 0.19910787313053224 0.9215410016510067 0.19682208161232023 0.14381439710387087
10 0.6250350993056711 0.7782015935740882 0.3601666171023576 0.2638289277689414
