10 0.43029473598349716 0.7531319316172526 0.34154865649963684 0.24084286492374735
10 0.901982043754066 0.8922762906878944 0.17451251874927884 0.17166714518135698
1 0.06577936714731801 0.21699380943518307 0.10830903488636598 0.13474005831627273
1 0.3927923897527546 0.382200757909829 0.07662332462622946 0.12488253848547966
1 0.6557447353148489 0.5298731845176713 0.06842979574885796 0.11356754695025588
1 0.540229412113945 0.45536369644720714 0.07166583132400335 0.11929335846901479
1 0.8409148004593741 0.6097495249744793 0.07267441860465113 0.10228251507321273
1 0.9202902316095453 0.6561268972793797 0.07760650824234643 0.10169128666238499
6 0.10069453000720095 0.04695149310432634 0.0794706882531234 0.07785355215494937
7 0.0394786642562992 0.2135156394150547 0.04825023128210034 0.039477461958082105
7 0.020622754140327652 0.2597545259714851 0.04346508437809041 0.049294226900605025
6 0.3894238836165152 0.22082007033123507 0.07675165024882347 0.05418701010444499
7 0.3692165058241279 0.4326589068940116 0.05020452551316746 0.040318095873651406
6 0.4764367956322891 0.27290836366006554 0.07082218358871213 0.0492611744600607
7 0.2696746944542962 0.5582590755940618 0.049047755766102034 0.03465493109388455
7 0.37569917971152544 0.3763353168866638 0.05252165745992906 0.03962295628962292
7 0.5257880000232455 0.5021037095403665 0.05321596334878917 0.0395921878162315
7 0.41769381655765625 0.6128730045128328 0.049054690761615095 0.03198246555734481
7 0.5223865042729829 0.45071257163285333 0.051608986035215534 0.03668285772110915
7 0.8455998733776512 0.23111876121135383 0.04431782209559989 0.029083570750237406
7 0.842440821930486 0.6496789843446819 0.03970258734470616 0.03158492741826079
7 0.5445318031051911 0.6633365301060773 0.04589793684443886 0.03143575674439874
7 0.824014316077808 0.6011129523034282 0.03872156649934433 0.03031305114638443
7 0.9260203824276939 0.6908754858618482 0.03972394960767042 0.028405236738570063
7 0.9056112050417727 0.642921039759254 0.03768303186907835 0.02859872954349693
7 0.7264674625785736 0.30363926197259533 0.041943653054764114 0.027599715099715105
7 0.9818733481817009 0.6811813842033901 0.03538381027141459 0.02676086491115388
6 0.9537523865366636 0.5442125452965917 0.035946254152412205 0.02339605334919929
6 0.8407460744587028 0.4913276844752749 0.04503611152428646 0.028509098120878557
7 0.37569917971152544 0.3763353168866638 0.05252165745992906 0.03962295628962292
7 0.64636926739758 0.5117870443212987 0.049326069488044195 0.03474982569442999
7 0.6544389047409936 0.5623650043074973 0.049204550325788715 0.03853443569386611
7 0.08094873512616836 0.2274440137812231 0.01794430089003732 0.019738730979041087
7 0.05139701360491949 0.27865441467350716 0.030147666778506294 0.027813666379557844
14 0.7318611601019008 0.29475423464138756 0.13631687242798354 0.09286816578483244
14 0.8367189468379943 0.21507831527672797 0.1341122868900647 0.09810405643738977
