7 0.4394002463721031 0.046105933235867445 0.05238791423001945 0.036549707602339186
7 0.2543395864012271 0.09885187091374928 0.050177191436875115 0.035892634207240946
7 0.08766663587943722 0.1479807425879745 0.048105046026908044 0.03723330562482684
7 0.4855433290189659 0.5209227924213867 0.03794055156738597 0.0291833428625881
7 0.6273755001002738 0.49698926043448516 0.038536709815535815 0.024645602475791176
7 0.3515923605768643 0.544128017730886 0.03426811249099411 0.021980437410704476
7 0.7226282263532157 0.9432552998494701 0.028493907851206375 0.01865972726539174
7 0.6372244828429771 0.8009093555117519 0.02816970409563005 0.016264221738077893
6 0.5477523429256625 0.9050435317359424 0.032037398021803484 0.013440236393452805
6 0.44837512813386304 0.7940916957489442 0.05963547970628584 0.018817326313241338
6 0.37061500073389114 0.7215058694460819 0.04002424558714007 0.015493256356312324
6 0.29061353538705453 0.5949378772888257 0.07636588711566131 0.0253437719562381
7 0.01563201080413507 0.5149123274648044 0.027469394947704492 0.027696147028640736
7 0.08625093068758331 0.6240872102548118 0.0541208426513086 0.038388781668351524
7 0.06058690269216585 0.6732304917002775 0.05221270653369419 0.03800096392688986
7 0.01914249496094734 0.7356893857079867 0.036743092298647854 0.032438901486520524
7 0.15288250791017075 0.767350047293691 0.05459617763639576 0.04142051049004014
7 0.1741293824653598 0.7110354929458299 0.0502417196052579 0.03281193815174392
7 0.3016706327451025 0.835346664776432 0.05334873940832342 0.029536984989486353
7 0.2871522194268655 0.887202151308054 0.04128194487671615 0.031123560535325306
7 0.35438041835679623 0.8949029335348232 0.0348336087618677 0.02946680276076598
7 0.34750837260333484 0.9438099340957553 0.03914170580837243 0.03205432248336559
7 0.39941603352745314 0.9873669443480276 0.038772188440513486 0.024340105030403524
9 0.2866884462585532 0.530851260225075 0.026428990781781708 0.04129416773094934
9 0.31287478846065647 0.5658099940505623 0.025934445393448424 0.029444412092036173
14 0.6391835555287354 0.5110902800642636 0.10687902894218275 0.1614351615295154
14 0.4882115802303896 0.5076361242424596 0.08006687864809592 0.0966104570354018
14 0.5432838970705194 0.5906717746736403 0.032544325696619754 0.01427469135802469
14 0.5456709432744291 0.6147623658516903 0.022981443377533883 0.021790695016003673
14 0.4194382078050791 0.6129120726398727 0.04543625535529669 0.01766324557489221
14 0.3699334665701226 0.5373246481237504 0.07051125649913373 0.09578443132984459
14 0.4879618973794255 0.14492944505290137 0.13635469619946747 0.2550749785728767
14 0.3640805211906024 0.27418370666774494 0.06546006591719714 0.07720967188944532
14 0.32699824366491037 0.1945283195283195 0.04181531959309737 0.04002399835733167
14 0.2646691643809871 0.09837223405756743 0.10711174960237524 0.129451607933968
14 0.21920101644468484 0.32286054514086654 0.09155800010125338 0.10265059994202094
14 0.17083350830043956 0.2350573717141178 0.05664560062708209 0.04030257936507935
14 0.10056303361946221 0.1350320518611642 0.11078220838452794 0.11974352538445493
1 0.02563835169993852 0.5013134780973459 0.048938974824662536 0.06477640127178733
1 0.09934856511096153 0.630357324060795 0.10158781799953386 0.1051942646884322
1 0.17385747688997233 0.7287707368376315 0.09749993887762676 0.10834722973247123
1 0.308877727018892 0.851290028289876 0.0708833390716968 0.09826255853554719
1 0.3589424651237733 0.9209947062788809 0.042421018656542166 0.07857258129589273
1 0.40251350166837613 0.9688586457945731 0.039793462225328056 0.07244039299856912
