10 0.4417284854265898 0.7351150661883887 0.3525739700400977 0.24895777726937646
10 0.9137272192827747 0.8550387747691671 0.15241034685479138 0.17002865961199298
1 0.6786532698748456 0.5041750723048097 0.08518076021062874 0.11574074074074074
1 0.3922715895470557 0.35301196474642005 0.07799017655648481 0.121963361210673
1 0.5434056607948089 0.4372271439627901 0.07245895836098944 0.11988915438736222
1 0.8594883543337153 0.5985904289168894 0.07583471214628146 0.10420644011709305
1 0.9451901100727198 0.6456592278660431 0.08585724013381882 0.09964250821564964
12 0.24500747563161826 0.9702993337252599 0.05461565818218766 0.05558889650967839
7 0.2618701801708338 0.5229730781201368 0.05870249334301622 0.03676470588235293
7 0.5317755279308529 0.4701450296894357 0.052045509561849404 0.041303558460421184
7 0.3771080448640362 0.3896756233357541 0.05567659162430405 0.044026870007262124
7 0.6699951585572502 0.5382171387073348 0.052650689905591935 0.0390341321713871
7 0.4175312100148701 0.5865818549642079 0.05870249334301622 0.03767247639796663
7 0.38584569630321264 0.340835408237369 0.05991285403050105 0.03812636165577339
7 0.5317399290871032 0.4195501730103808 0.05265068990559182 0.039941902687000715
7 0.661157085295289 0.4859994699791508 0.04901960784313723 0.039941902687000805
7 0.8579493092450321 0.6311393953292819 0.04690147664003876 0.034419632050351014
7 0.947667590127043 0.6763730869576912 0.043875574921326536 0.031015492616799843
7 0.8440584738696576 0.5850286788240673 0.043875574921326536 0.03177196804647781
7 0.8311630650152747 0.7526409763225381 0.04286694101508924 0.030472803721596057
7 0.9280152390174176 0.6316840007607981 0.0403453562494956 0.026854877753570525
7 0.4671992253691601 0.38658645276292336 0.04478334543694018 0.027233115468409556
