10 0.4752380952380952 0.5448660714285714 0.25446428571428564 0.14508928571428567
10 0.5120100174216029 0.4121365962543554 0.4694940476190476 0.21037946428571427
12 0.4217489435267 0.8051707164809836 0.049422141119221406 0.05873631386861309
12 0.509188857348833 0.7777756657204649 0.06957116788321169 0.06443886861313866
12 0.7407846715328468 0.7314438868613138 0.085918491484185 0.06016195255474459
12 0.8868669460214472 0.6973485232495269 0.08934002433090017 0.0672901459854014
9 0.4891634505431675 0.864835709691252 0.021128144654088032 0.04532724056603765
10 0.04516065830721003 0.6049642437304075 0.07539511494252873 0.14329202586206896
7 0.11392388027562443 0.4508085029069767 0.04037467700258398 0.03785125968992249
7 0.02349072116513977 0.49919617688513035 0.044412144702842375 0.03785125968992249
7 0.021586993970714903 0.2416020671834625 0.040778423772609824 0.043907461240310086
7 0.4848048715610274 0.26734567373461016 0.06258074935400515 0.045724321705426355
7 0.23166564667482664 0.1677567829457364 0.06621447028423774 0.055111434108527126
7 0.23603387259858435 0.0936736391978429 0.05894702842377259 0.05753391472868217
7 0.4042031794180429 0.0585740015166835 0.07711563307493545 0.058745155038759676
7 0.6700379521963824 0.17151162790697672 0.07873062015503886 0.05632267441860463
7 0.8908268733850128 0.06332768087855298 0.07105943152454776 0.0644985465116279
1 0.21088590545707328 0.11720107751129646 0.0992244525547445 0.17079151459854014
