10 0.5272232911121801 0.4237413820747153 0.31452087007642554 0.23065476190476183
10 0.9347728485231018 0.5263436342805043 0.13679334736682408 0.14831823310765965
1 0.6178075488044591 0.11785748219255336 0.07783734026424083 0.13452322936972058
1 0.7480281207133059 0.1812820373980218 0.08460580463504448 0.12233999350227419
1 0.4563492063492063 0.05299707602339182 0.08122157244964265 0.09695825211176089
1 0.9208057079713459 0.27665414432389746 0.07540684624017953 0.10565726711560046
12 0.30786323188902376 0.600259754193966 0.053949613570209776 0.057713540098364
7 0.44628259851356966 0.0749235575351061 0.06156637827678945 0.04769369106639448
12 0.4297967697873436 0.6164520683049022 0.04516711833785008 0.049558365954029925
7 0.6044330738119015 0.15282969679295136 0.05265545510514885 0.04313696898998736
7 0.7379160133163707 0.21951513307213408 0.05306049706749629 0.03614999513949648
7 0.5991761923005813 0.09803206788693897 0.046174783707592135 0.04040293574414308
7 0.44741433674067094 0.018413830749788758 0.051845371180454264 0.037061339554777875
7 0.7290202992302729 0.16694172698109705 0.04738990959463399 0.03827646544181978
7 0.30912655812011686 0.16704128645553762 0.05591340132402938 0.04025764895330112
12 0.5754451191631259 0.6452912233597644 0.029274984107865696 0.0492447054100171
7 0.4583407884535098 0.23133237907795068 0.057702630166398275 0.03790928609769189
7 0.9122720113803788 0.3131096631611036 0.04492455418381352 0.030349794238683114
7 0.9043577307466194 0.2643849206349206 0.041519694297472105 0.03582451499118167
7 0.5834583115979831 0.2849708202921231 0.043470700747696066 0.030701182403060346
7 0.9777778713549001 0.30833816544109843 0.034212288468914755 0.02541542332221639
7 0.9834164995403819 0.35405136937703985 0.03276216829856673 0.028824322406697845
7 0.8672156316170566 0.42139211405318483 0.04701359792271943 0.030598126862494707
