10 0.6397651468349217 0.8416986639018016 0.5162570851774207 0.2840598066620079
1 0.8335057131599685 0.42547035066981875 0.10159465020576132 0.1335841049382716
13 0.10664647876387914 0.3836914744933613 0.11258638093019642 0.0626019100861868
1 0.38266093474426804 0.5231894841269842 0.07908950617283951 0.12924382716049382
1 0.6008610409652076 0.4745808782267115 0.07523148148148148 0.13792438271604937
7 0.7257114027947361 0.6667811355311355 0.060343463121240816 0.04488663342830017
7 0.8557272811658776 0.4604489619109502 0.06768464370803551 0.043318171973142736
6 0.6937025166191834 0.2965591507258174 0.04402105096549542 0.07864434947768284
7 0.5082015365135023 0.7064008967053841 0.058364988920544474 0.041547958214624855
7 0.616256146768384 0.5150049334584748 0.06542848891776763 0.04636398094000431
7 0.3797629163126238 0.5552744039586144 0.07129449137246406 0.045348711284383725
7 0.5967529420258464 0.46537422839506165 0.060013717421124865 0.04433344162876323
7 0.8198756614430229 0.4168023306622556 0.06542848891776774 0.041626055880441826
6 0.44829897771074234 0.35275394880174293 0.04748338081671419 0.06825735992402658
7 0.38357639640940483 0.5032127644213414 0.05956248646307125 0.04399501841022307
6 0.5784267173156061 0.33324430199430205 0.035117917062361594 0.052305911680911685
6 0.9125078648437235 0.2566702377308438 0.025135615413393254 0.05699354657687992
