10 0.5511830431882742 0.43509554152310187 0.3992341106538637 0.2021604938271605
1 0.2513160536088792 0.06620713746123817 0.0669142493894075 0.13612867610157584
1 0.7708042624021184 0.05196977097781096 0.081774698064717 0.10266269093952711
1 0.5141032235939643 0.05525242504409172 0.08116140832190212 0.11616941015089162
12 0.2211473496713961 0.7283029297954671 0.04197121388940075 0.05681469197223749
12 0.050654332204400784 0.7388896064307587 0.03152235662523728 0.040918443696221454
7 0.7709198113719844 0.07725416705584048 0.05265068990559182 0.05287763253449545
7 0.4988392951355915 0.093642705822193 0.02708987751722796 0.04405909854627803
7 0.25784885267374313 0.1114160432484385 0.06557228779451002 0.04663546330212997
7 0.4896377759625622 0.03625588561485998 0.021306645238269202 0.03994995982175469
7 0.27670286457311905 0.05082331623320358 0.031333859643552314 0.04013401065706031
7 0.822305406583562 0.2580047451079197 0.054169816074577944 0.03856449987402364
7 0.7462008122865058 0.023879407730170256 0.04327039457758418 0.04765795206971678
7 0.5855431678844377 0.2740811602418745 0.05665784832451509 0.034391534391534424
7 0.3644234226758499 0.2870900524622208 0.05193974989012745 0.04007850892964161
7 0.5355006757250348 0.0923129428738403 0.03195996785740368 0.04314595660749507
7 0.5299267051403804 0.03273613850536928 0.028003019456010875 0.04154795821462489
7 0.24353360049985992 0.05512666171115851 0.014004696959903475 0.02302695365522591
7 0.25601663327085084 0.049427154030120865 0.009426238338396571 0.028480705836726773
