6 0.4205561790110862 0.15821069679657213 0.0437623274161736 0.11094674556213016
6 0.7859452952778744 0.09060650887573966 0.04499506903353054 0.11788091715976332
7 0.3407790927021696 0.4604844674556213 0.08875739644970419 0.06795488165680474
7 0.36655097860719166 0.38653561675011383 0.048693293885601584 0.057322485207100635
7 0.31410256410256415 0.3921967455621302 0.011711045364891544 0.02634985207100593
7 0.6819526627218936 0.40432384122287973 0.08382642998027616 0.06240754437869822
7 0.637547548605241 0.3385196534234996 0.03698224852070998 0.051312869822485216
7 0.6876643655489811 0.3285256410256411 0.03513313609467446 0.053161982248520714
7 0.5041913214990138 0.6757542837771203 0.07396449704142019 0.057322485207100635
7 0.8338572485207101 0.6251386834319527 0.08012820512820523 0.05085059171597628
7 0.9342640532544378 0.4604289940828402 0.07889546351084806 0.030048076923076917
7 0.9736762251555153 0.27647786754665454 0.04622781065088759 0.05778476331360945
1 0.3421836354528662 0.3993422442941672 0.08999013806706113 0.18537352071005916
1 0.6621055226824458 0.34582254684418146 0.09985207100591716 0.18398668639053253
10 0.6042899408284026 0.8235792652859961 0.13190335305719927 0.14746671597633138
10 0.7878099464637927 0.7455225063398141 0.049926035502958634 0.030048076923076917
10 0.6659629766600922 0.9508868035009863 0.2114151873767258 0.07858727810650894
10 0.9316495433789954 0.9171304223744293 0.12414383561643838 0.08615154109589049
10 0.9735302511415524 0.7685680650684932 0.03924086757990868 0.12307363013698627
10 0.8136415525114155 0.7466823630136987 0.012842465753424648 0.024079623287671215
