14 0.08546257227691825 0.13878378584969114 0.08855550346408293 0.09669479606188468
14 0.35777357152049905 0.515153120320931 0.07782360714812618 0.08051529790660224
1 0.07535487429504176 0.607286951699704 0.11704538677163477 0.1092175105862707
1 0.1597159294594926 0.7204501882538088 0.11456034671278902 0.1166726307628079
1 0.2886299192445766 0.8419018104301792 0.08626147515036406 0.10001187084520428
1 0.34343485732374623 0.8999796499796499 0.0791389680278569 0.09674738841405497
1 0.3937540511614586 0.9545643399810065 0.0668724279835391 0.09526353276353267
7 0.038663795674179366 0.6547202221934301 0.06013796942406712 0.03951213693564741
7 0.05318695737375286 0.6122254043413752 0.0646181416444433 0.03800247509989874
7 0.14321024275963956 0.7002908281618342 0.06361702550645115 0.03597095485179221
7 0.12372541112029393 0.7527896349689159 0.06759308960060437 0.03746197888709964
7 0.2712902724672969 0.8774925574007496 0.046209109297621544 0.03432988072818574
7 0.280378099739989 0.8271406724079307 0.05001143118427066 0.032150205761316934
7 0.4189577472429534 0.02576670975157518 0.05341293506312342 0.04099151234567902
7 0.23995882775627167 0.0784946933088338 0.05405593917834972 0.047108225221454976
7 0.07646696088315674 0.12744472839664694 0.06451837901932064 0.048388784264490475
7 0.33140579915803425 0.9358268248354454 0.039319332103495606 0.03148502909039298
7 0.33693703755815474 0.8862283607130573 0.03731002253633591 0.02975256329776103
7 0.6099353321575542 0.4853532848324515 0.04041740152851257 0.04298941798941804
6 0.2870164386368091 0.5838425174362675 0.03690453921935398 0.02057613168724277
7 0.4707238690102149 0.5117365705052271 0.04134603291596106 0.04049966218291253
7 0.38324030714409596 0.9835468550446996 0.04079750248332622 0.032593656875266115
7 0.19696210971753753 0.9845269672855878 0.037545527647698765 0.030451787994891438
7 0.6249642775491542 0.7862734696502058 0.031435756744398705 0.028935185185185185
7 0.3874073398339044 0.9334012447039266 0.035180455039969735 0.030819852419469208
7 0.26497909639672085 0.9648984565172304 0.026902700912918014 0.02372463459628212
6 0.44322228607208025 0.7857684072961852 0.03197642086530971 0.01842119897675446
14 0.05028997586428434 0.07923601343959995 0.045580038547689744 0.03882442569151431
14 0.14558063960314307 0.22071883226946515 0.06674219930197427 0.04468471636193155
14 0.19460933963420046 0.30224861829203076 0.0963692243579726 0.09938076261915922
14 0.2023140870663002 0.020554107719036988 0.037115174245975935 0.02026683856852633
14 0.23930917893841794 0.07874000988159448 0.09604365265406054 0.12264557396120922
14 0.46758987585012757 0.12711803877935784 0.14288980338363058 0.2513124495211722
14 0.30301032377875575 0.1771909871598345 0.0442290681127649 0.03966193607938156
14 0.34325602861428406 0.25929946750299815 0.06922810661128417 0.08040556132456445
14 0.3718400940623162 0.5698853615520282 0.03220611916264094 0.02180622651637152
14 0.39893498056592924 0.5993955285458138 0.034442655215602046 0.018786902844873846
14 0.42495374653098983 0.6427929529128265 0.04487347867962529 0.04535231153138949
14 0.47179750538573706 0.49367932286441596 0.08163912945560262 0.07716049382716049
14 0.4907731575319561 0.5410831644247895 0.008957271256884294 0.005182421227197313
14 0.5043492121988529 0.5491721287741189 0.019194152693323502 0.016506971316258168
14 0.527668584375789 0.5800472943922363 0.03224617652478355 0.016698912843191468
14 0.5334596407012105 0.6043057504500288 0.02431259341154311 0.02130550948958906
14 0.6022483475585928 0.4693756520055221 0.08617925284591951 0.1159912618245951
14 0.6593193008123562 0.5546458508698093 0.024050024050024016 0.05361151194484533
