14 0.16171472376829515 0.4409690012368583 0.15963203463203465 0.15016233766233764
14 0.6536927552552552 0.9329504086388368 0.14170420420420413 0.12013654279279287
1 0.16318315266485997 0.9612230207123502 0.13086043360433605 0.07251651422764223
7 0.15531994047619044 0.4634379292582418 0.07111378205128203 0.04582331730769233
7 0.13076307988165684 0.9799926035502958 0.11017628205128206 0.033203125
7 0.8349358974358974 0.8970853365384615 0.06009615384615389 0.043569711538461495
7 0.6472498855311355 0.9650261847527473 0.05809294871794878 0.04507211538461533
7 0.35210882867132864 0.3614647071678322 0.0701121794871795 0.04432091346153846
7 0.5702936732148688 0.24884644152646876 0.07205732069862497 0.04735838210702337
14 0.2689021915584416 0.5683086444805194 0.08252164502164501 0.05935470779220777
14 0.4697375541125541 0.4745840097402597 0.05411255411255412 0.04870129870129869
14 0.3543871252204584 0.35288525132275134 0.17931547619047616 0.15122767857142852
14 0.36463464696223313 0.6571159174876846 0.140625 0.12165178571428567
14 0.5579648526077097 0.5679209183673468 0.0997023809523809 0.10044642857142856
14 0.56640625 0.24892908363526572 0.0835346215780999 0.062273550724637694
14 0.6631485780322203 0.34094542235421654 0.0737063778580025 0.08631641422068755
14 0.7581227436823104 0.4680184594990974 0.08423586040914562 0.118456678700361
14 0.8326381937493047 0.8882411251425554 0.15999675048182502 0.162080223880597
14 0.9544102404643449 0.9921323072139302 0.047678275290215545 0.018575093283582155
14 0.9641465965626412 0.7687028281886024 0.058867122719734745 0.07822605721393039
