7 0.04019605676994341 0.05382330954825894 0.07274797570850203 0.044123228744939264
7 0.4068066476352649 0.07580867806881353 0.07593258042436689 0.06529132443531828
7 0.4127534107124212 0.016361672010406152 0.07978268309377139 0.02552813837747538
7 0.5651793525809273 0.08588623687664042 0.053149606299212594 0.03469488188976377
7 0.655253996273414 0.1536481318034716 0.06573624595469264 0.04884708737864078
7 0.6499453983885272 0.22456153343844446 0.07044326013441211 0.047546507590248255
7 0.756335319406981 0.2236781402579128 0.06947480318613633 0.04498124647590771
7 0.7617043357933578 0.2859105934809348 0.06880381303813034 0.04410747232472327
7 0.8435808186510718 0.2868065603748372 0.059892042697719576 0.03713739862757333
7 0.8535674848165435 0.3406513514530944 0.05170426977195532 0.03184133915574967
5 0.43846125542718384 0.070683288970181 0.1359498031496063 0.13702632874015747
11 0.38153924835606773 0.3640591583221574 0.5119234587729821 0.5282661320115365
11 0.1577074226478571 0.8111515724113578 0.2429435105073791 0.41007967639371434
4 0.7066317617714131 0.5299039923399859 0.09208218810725508 0.2203896652108847
4 0.7672323313014426 0.5540184952018459 0.09302436940122583 0.19147474984460883
