7 0.4940272857624833 0.4723478618421052 0.06346997300944666 0.036215840080971694
7 0.29587042532146396 0.5385432121661722 0.059501730959446095 0.03790337537091988
6 0.03739084286196748 0.4411893303420659 0.08495862884160756 0.03989361702127656
7 0.8145296928542235 0.9221446760350844 0.054455892986261745 0.03643573752711493
14 0.30948167165924556 0.5279782082578387 0.14963808463251668 0.16025194877505564
14 0.39762055812229063 0.6479202547484602 0.046220482546201265 0.03944783110882959
14 0.45829793076756115 0.7204234974562147 0.07503815005601447 0.0868275316455696
14 0.5031989849938114 0.4632546929437439 0.14197916666666663 0.163489184532925
14 0.5961268504338949 0.5898187663273579 0.047377488514548344 0.03182427258805509
14 0.640109749311779 0.6459898304340188 0.05727244772447726 0.06039552583025829
1 0.044241541486979744 0.7804802768480839 0.08727477477477477 0.12833181573610367
14 0.9605770792722549 0.8366646868908383 0.07725694444444452 0.12586805555555544
14 0.8132395163605216 0.9095500593923944 0.1511243386243386 0.14558531746031758
14 0.6462043527655688 0.9369126818139139 0.10169956140350879 0.12051809210526318
14 0.7733113780188556 0.4564606741573033 0.047284644194756593 0.061446629213483206
14 0.8311297300787807 0.5516272762495156 0.060627340823970026 0.07338483146067416
14 0.708350542168142 0.3559888507483977 0.05585476351605377 0.08222246503496504
