6 0.12192554695115794 0.3428213331468122 0.04059222020024814 0.06763339573814418
6 0.4501318559157857 0.2800059442432206 0.04860938492556691 0.07721227939348745
6 0.5724812886370996 0.2520398751241663 0.03810131971051512 0.078544061302682
6 0.6972039984600923 0.22976041288525467 0.04029124498843144 0.08072882641602049
7 0.020575167301618156 0.5420582554495503 0.0383777259324066 0.04495965782055016
7 0.03839953514569694 0.49562185251351176 0.05448357742545055 0.042437160209309883
7 0.40001331965331255 0.4359752490927774 0.03608355918741241 0.04464909521444977
7 0.3601138166127684 0.4876321995032688 0.011161580868079767 0.01715833083757612
7 0.39549215956710915 0.4808464052947898 0.044284145938992256 0.048430522721302896
7 0.5870630278804962 0.4002490824908329 0.02428707625840244 0.0417827941398145
7 0.6240118507528524 0.3910704829425487 0.02685868296196933 0.04363022269418987
7 0.6019184877875927 0.44544947114585576 0.03629175982631806 0.04599251482453589
7 0.6342668144053791 0.43912659377543617 0.03223737003136844 0.048275595720851175
7 0.822084247000663 0.3583268813044353 0.046122334924684864 0.04640297735341691
7 0.8615756691230421 0.34889826977063193 0.014280672791654644 0.015476959517657181
7 0.8520205821044394 0.4026092341736996 0.056778476589797414 0.047169811320754707
7 0.8900045361481973 0.3984377873404686 0.013976240391334702 0.029117167481947374
7 0.12623092736322922 0.6888994204452615 0.034703310336480275 0.03418323347857658
7 0.49933952992787545 0.6314293738759732 0.04953191902789051 0.04085732725417942
7 0.7201367129964381 0.6005846734599144 0.0615944939878418 0.041844085589566406
7 0.9469998778026096 0.5651650096549468 0.05990635835597069 0.039546478499966904
1 0.3823709784004421 0.43029124660796486 0.062468408029322596 0.1324074074074074
1 0.6025301078315767 0.38957609467040494 0.07433127572016461 0.13429783950617288
1 0.84023238708611 0.34759446638561836 0.0948443893402741 0.13304942228553338
10 0.5731106694737705 0.7723233114633807 0.17344539374733506 0.17314529376233834
10 0.6766001788309179 0.685887223366341 0.04867089311533763 0.01850342337763716
10 0.8421711513091732 0.7615226677878004 0.21646120973044056 0.21753689093432696
