6 0.7116769999999999 0.295332 0.04681099999999994 0.05285499999999998
6 0.462191 0.352238 0.045782000000000024 0.04706800000000001
6 0.9287549999999999 0.24209100000000003 0.03858000000000004 0.05208300000000001
6 0.46964362022841555 0.3562937937937937 0.059021009313407015 0.06721085120207927
6 0.5926752391049098 0.3306893574091173 0.035466753303010655 0.06030701754385968
6 0.7110155123867566 0.29942752795142386 0.040881524799653415 0.06822612085769982
6 0.9287686809616634 0.24813867229802897 0.028156811782542757 0.07005360623781676
13 0.045403235025148606 0.21101251714677638 0.034293552812071325 0.0557270233196159
13 0.14529035208047553 0.366026520347508 0.036579789666209436 0.06258573388203016
7 0.40990321597317486 0.5517261088248742 0.03840877914951987 0.0470679012345679
7 0.41194470824100454 0.5000989237100348 0.03532235939643345 0.041152263374485624
7 0.5993655692729766 0.4658136145404664 0.027434842249657025 0.037294238683127603
7 0.6166916074323483 0.5126262626262627 0.026406035665295 0.041666666666666664
7 0.6484287317620651 0.5075289936401047 0.029492455418381424 0.04346707818930044
7 0.6339734796524921 0.457690329218107 0.02880658436213992 0.03986625514403289
7 0.8332805740213147 0.4173591326369103 0.03806584362139918 0.03677983539094647
7 0.8717421124828533 0.46320408950617287 0.06001371742112475 0.04089506172839506
7 0.5224171539961013 0.703595408273771 0.05967078189300418 0.04603909465020582
7 0.745434670781893 0.664721579218107 0.05692729766803833 0.041666666666666664
7 0.9745370370370371 0.6204132373113854 0.050068587105624104 0.04552469135802469
7 0.8874028349336991 0.14300411522633746 0.037379972565157675 0.024176954732510296
1 0.6201798506325256 0.4723508230452674 0.07716049382716049 0.12860082304526746
1 0.857865770015725 0.4204243199839406 0.09670781893004116 0.12808641975308643
1 0.4004945491300267 0.5137264457439894 0.06241426611796984 0.1283436213991769
10 0.5864148944957027 0.900782718964537 0.1650098872321095 0.0626302709636042
10 0.872227566672011 0.8593875260541927 0.18839185505852166 0.06864277697611024
10 0.8554593554593556 0.7611143678852009 0.11557372668483779 0.09469696969696971
10 0.6864411308855753 0.7458513708513708 0.04609587942921274 0.016534391534391547
10 0.5485988634136781 0.8124040862136099 0.0975362086473198 0.1097282347282347
