6 0.4572597125448677 0.2397937686634694 0.05431258106355384 0.10821984435797669
6 0.6364931631823079 0.1972472053683309 0.03972114137483788 0.10821984435797667
6 0.6175218871595332 0.24136673151750979 0.017428664072632927 0.025535019455252918
6 0.8139394921982472 0.18349840820657942 0.0490434500648508 0.11521157587548639
7 0.7000773221590342 0.4148797609248728 0.08187418936446184 0.06292558365758757
7 0.7250712683744055 0.48644465385862523 0.09160181582360565 0.06839737354085607
7 0.38085731306367443 0.543757352275812 0.08511673151750974 0.06292558365758749
7 0.38181744487678354 0.4625303988326849 0.0814688715953307 0.06170963035019454
1 0.3730497850810904 0.4796383091616557 0.08552204928664077 0.1902966926070039
1 0.7032586113884969 0.42910238972487164 0.10700389105058364 0.19333657587548636
7 0.5437218661783779 0.749814030670634 0.0806582360570688 0.06262159533073923
7 0.8562337872892348 0.7103784992434068 0.08511673151750969 0.05745379377431901
10 0.6520580316786542 0.9262616436740954 0.23589494163424132 0.14986624513618665
10 0.8159046692607005 0.8496148033629792 0.06849870298313879 0.04803015564202333
10 0.9896400778210115 0.8615758754863814 0.01823929961089483 0.11217169260700377
