14 0.5423657275509128 0.6564137736977245 0.015498047905455318 0.04044880588090471
10 0.0456139354362174 0.7827007037978763 0.07270892687559355 0.03899508827824237
1 0.11514770018812069 0.36756482566743137 0.09546570677324977 0.14518498609910738
1 0.9857081718870634 0.6676816606068015 0.03092243186582811 0.12692683267071217
1 0.18562402359618466 0.49990783892201535 0.07186416718805942 0.1363246927121122
10 0.21311551455127437 0.9537121896141203 0.10574097397145256 0.09571658840480561
1 0.04785991330780757 0.21877437890827878 0.07652505446623094 0.15882185834396106
1 0.2790645456700343 0.6444664141167169 0.05641632137486014 0.11918994896675256
1 0.9920738299504779 0.5521912999000256 0.015490949989537527 0.06519843760898372
14 0.5680968019923694 0.7523940544230563 0.029353080725926343 0.05592899107142124
1 0.31727801242841996 0.7250643875184548 0.04818735340415553 0.11253246348097312
1 0.350145613550372 0.7911887065854617 0.045829469400579595 0.08962860468577853
1 0.3995140322416418 0.8764202954785022 0.030594699286828866 0.0807817324655762
1 0.42586390908185967 0.912322856770437 0.032425936513986835 0.0748101335172242
7 0.10977356891632718 0.3561587498588233 0.05003162762291148 0.04968323905635776
7 0.09768527699801309 0.42250339134916315 0.052003387634515084 0.052239841666365
1 0.4497865912853005 0.9340586471016069 0.02829368400434144 0.08644056637205451
7 0.16640200044758446 0.5420848699724531 0.05737575182019627 0.045198714180195665
7 0.05716789474193814 0.6244766812930391 0.050836598615686665 0.04532360643471761
7 0.17333770778652668 0.4798329606947279 0.048605035481675905 0.05103528725575967
7 0.01951976778365667 0.201015334117186 0.04219714506172839 0.05572702331961593
6 0.15858787937081253 0.08499413008600383 0.06679897677570741 0.041775782516523245
7 0.26740758277917726 0.6984272149479189 0.03268663417298893 0.038934766903732224
7 0.27320021313506 0.6352402917414305 0.04203681930019378 0.03834278435980112
7 0.02113008410096477 0.2797510848204261 0.03282705219839723 0.06768464370803548
7 0.3099187434956195 0.7687967080023608 0.028122668009618802 0.03599316677255907
7 0.3181599820043077 0.704831715675447 0.03639187156344017 0.03393160337604795
7 0.010323539884553437 0.7349779531760904 0.02211858730675935 0.07999432514793438
9 0.2826099071182891 0.29024134032797755 0.025599106402260492 0.04690629166472218
7 0.2174643356625065 0.823782434102041 0.03381885151853138 0.03557555478635425
7 0.3445928384374002 0.8195795701969548 0.029682843104672035 0.033094477538922036
7 0.35109808720919833 0.7629395345444728 0.027318985652318994 0.032069106143180225
7 0.25645396948365656 0.8745662006214688 0.0274239686841313 0.03243250025092841
1 0.4786868271132239 0.9796637897163862 0.0255434106577646 0.022986620544323134
7 0.40145347186932023 0.8510000749057349 0.024097630860351528 0.02909826593904694
7 0.39981618159659404 0.902653925276411 0.023433145868166447 0.030470126609357544
7 0.9930700867220015 0.7083556144552169 0.013888888888888888 0.03799609402245928
9 0.26205887945780804 0.24516826783312284 0.019344372081641994 0.042021509055919365
6 0.26638165071983205 0.3244219542518352 0.05613068885811799 0.030251949295085977
7 0.4288961258869814 0.558176239941221 0.01950210283543624 0.028454460414510382
6 0.45738234167710196 0.7828782415117185 0.03321478211102937 0.01669255716349161
7 0.44426322067038443 0.5941587359106851 0.015769220356208667 0.017480241042619114
7 0.4202531370960892 0.9302844188442828 0.02726639151370328 0.026693541560244793
7 0.42560492247867066 0.8901644570545731 0.015510521229952752 0.02790998423137558
7 0.44057815065851397 0.9721063493192542 0.021783153662084505 0.02368399905087526
7 0.36961241399332223 0.9820532635492777 0.02021626107131362 0.025826008907856194
7 0.9150161697244129 0.8731472154682338 0.0192412877012034 0.02754813061492061
7 0.4464298236596175 0.9258731814545752 0.017878651008732278 0.026347485697079207
7 0.9110541212795736 0.9058566202463568 0.023971943871369257 0.03337586908517209
7 0.9234259533428861 0.9553275631645285 0.025547323670002453 0.02230535086139794
7 0.5609563190581709 0.7440790234000111 0.017311649256093718 0.018026098273011885
6 0.393705374415251 0.6785726847455242 0.052154778235025206 0.026482243560432883
7 0.6291723292953567 0.7321754909885603 0.017294593444018715 0.02190843394534129
7 0.5002603844640381 0.7543976009530938 0.02099469096979571 0.015717878372199293
7 0.2969272887265927 0.8206080267641824 0.015441428933972242 0.01368424719224124
7 0.9070593274712961 0.9413455962790132 0.013255515514586591 0.013568962119754
7 0.91637729218107 0.9824674996570646 0.024836033950617283 0.019225351851851754
7 0.9004375695137004 0.9663297278400602 0.0173020048832491 0.023438305994016286
6 0.5037539192631786 0.8679698216735253 0.020704732510288006 0.013031550068587066
6 0.3958047553726566 0.7154492455418381 0.02471993598536811 0.011812223746380052
6 0.4500390060774534 0.7297410647504671 0.017373886027307692 0.013115580628457692
7 0.623024014113123 0.9750757358018083 0.013522185551888511 0.01752027054557301
7 0.5789271156780521 0.9795981518827961 0.017946317103620508 0.01999815046007309
6 0.5078446502057613 0.9099794238683128 0.01376028806584365 0.008058984910836686
6 0.18202524506502218 0.8051103450807097 0.02194612630579297 0.017515887886461856
6 0.5037294238683128 0.8869321391107883 0.018647119341563757 0.012517146776406113
7 0.13828797250948316 0.35481730918599275 0.011451380709331233 0.015086739664674524
7 0.6183061622876438 0.7304087088037705 0.003627202701276801 0.007694066336041614
14 0.601739449214922 0.5628111305319674 0.018465759206499927 0.05056100735113085
14 0.5864618482821792 0.4890994022856382 0.02404196947144149 0.06076768914961716
14 0.5025330660238879 0.5105082484793234 0.025856973995271863 0.05691270466684179
14 0.4341054797487546 0.5409051693018555 0.044861381849685945 0.09712746372103095
14 0.5207512477016023 0.5718997168957768 0.023804833201996313 0.05417651694247439
14 0.584348849763374 0.8271385126113948 0.01389138079282417 0.034417127931200414
14 0.49898920568736466 0.757076171925978 0.018392908412288286 0.036785816824576455
14 0.6312948103358859 0.7432842260134092 0.024899308291743343 0.058554417301462276
14 0.6450163949212129 0.8410456098357356 0.01573014359137387 0.05806354757236965
