12 0.17268188060217302 0.8133329772765147 0.05424304314653381 0.06641662759806209
12 0.023473869740771564 0.8232706039143433 0.054731124689972425 0.06053331670615627
12 0.9689380406770496 0.770084103093973 0.0518409934135657 0.05828798922644647
7 0.337705845917325 0.35685240616454433 0.053281868450258826 0.042349167961882525
7 0.5644802691467092 0.3466358854143428 0.055215766224940566 0.041765771888096055
7 0.7960438551248824 0.32926435160702755 0.05413883829184378 0.03832726168791743
7 0.2518907321917503 0.13117283950617284 0.06250717295427341 0.04887855983473512
7 0.2414682467273963 0.18376541798568355 0.06488369819303343 0.05476876664681638
7 0.4889908529646377 0.10998640433499843 0.06582536992849267 0.05010244838676212
7 0.4934895686035234 0.16033061298516246 0.06725091904728926 0.05309564385117968
1 0.4887969965907621 0.10383297706564097 0.07077671196376226 0.14280242472688515
10 0.3832191640833615 0.46405950109653804 0.09001166408573812 0.09167821667821666
10 0.3997985068521897 0.5349483018022343 0.07351921209599116 0.033205021500901696
10 0.6691972927277761 0.4500615397522807 0.07803297640595698 0.08854940339136042
10 0.6645714259140509 0.5199674948960029 0.08012385823445507 0.02992805918663768
1 0.24355952917294166 0.1306291037541605 0.07190667971494531 0.1464906427436895
1 0.7433909987114286 0.08301032315522763 0.08979583682927803 0.1439256223067467
7 0.7422080521830332 0.0875589298063841 0.06598953109841679 0.06229414698913609
7 0.7557461966199299 0.13937462878850293 0.06896737687508293 0.051881098168060545
