7 0.5440103322627853 0.4200366834615044 0.030446781971576388 0.017218391820619336
7 0.341841485698222 0.3069833724260313 0.024774570321955985 0.018368169026869968
7 0.1366659728222076 0.3210545437782587 0.026518164942985936 0.015192698665252372
9 0.10097978905617656 0.3769711410082678 0.023077543774711523 0.04036552892762043
9 0.409496553237548 0.35640379128174693 0.02318934749649215 0.044318727575783236
12 0.37476485853408104 0.30776771532741315 0.057155921353452266 0.06365740740740741
12 0.6092759631740289 0.2993189321177325 0.062435015982879184 0.07020611455518465
9 0.5968323252499487 0.3603455225856136 0.018893207336280044 0.04334324035970128
8 0.3091021815024633 0.4714242782983915 0.012309398679395882 0.05957101097739212
8 0.3312773149045189 0.46844238962207063 0.011661535591006604 0.05169947445346265
8 0.381047913767283 0.46533074780992106 0.011955550521639552 0.054625854192622815
8 0.4043674179023597 0.4711967048443431 0.012427480147493777 0.06312058745799827
9 0.7284231389970384 0.3294139546104955 0.020624660299712667 0.05641451199627299
9 0.8664142537599328 0.33392767767767767 0.02317131946761578 0.060129574018462924
4 0.6070741644759792 0.07532356751011629 0.1388888888888889 0.15553611354136287
4 0.8020697779049268 0.06563455909861138 0.1432260146857097 0.13566126038892923
4 0.9671698812229799 0.057974829522663446 0.05478302209148578 0.1161585773499131
