7 0.14123474752586596 0.04505234691295547 0.07759784075573548 0.08081351214574897
7 0.46467457420924574 0.025210994525547446 0.05018248175182484 0.05120894160583941
7 0.5185320356853204 0.022239963503649634 0.04592457420924578 0.049384124087591234
7 0.8608571986071085 0.018701031159942365 0.08105187319884723 0.0312950288184438
7 0.4396307941781364 0.13779094486631863 0.06298449612403102 0.0391922757475083
7 0.7439786412179051 0.11406143490115886 0.07604805725971377 0.038822852760736194
7 0.270317055393586 0.2970572157434402 0.08312074829931969 0.061224489795918394
7 0.5990251606911553 0.27520460627612 0.07922287802136031 0.06178857504215851
7 0.9346292242894572 0.25226034722913143 0.09582379862700231 0.07079519450800915
12 0.035620547472378784 0.9519781839796 0.07574788629307609 0.09208653427045874
10 0.5567254417490266 0.3770426212938005 0.031165768194070034 0.013371799191374656
10 0.5171364929619646 0.38006092767295596 0.013757861635220081 0.013582378706199449
10 0.3556649729062532 0.4968235528491335 0.2087219551282051 0.21198759346223306
10 0.7342721013626168 0.49820836404784075 0.268972587349736 0.33445312499999996
