7 0.7736452717431759 0.1957723227103072 0.045060133346093774 0.043814001339841126
7 0.619503691952132 0.2718652682296257 0.05312689738919253 0.04199554746002835
7 0.49220897986330087 0.336301358677902 0.046937135414501716 0.03546265120339194
10 0.543231712507417 0.46376173479035754 0.3393494369787107 0.2420639588736788
7 0.16576600231861457 0.4952343666471701 0.03968740631728121 0.033470280434960406
7 0.024068885476510614 0.4550726339995111 0.0356517133194801 0.025783828382838304
7 0.08571096874322148 0.4178562481478426 0.04399351095713382 0.029042591217795354
7 0.09079869634987689 0.3741281340184303 0.03809919645331117 0.02992133862873681
7 0.15499752713156592 0.36925582990397793 0.0468211976148484 0.03110040312421264
7 0.15920684731022317 0.3227139798325039 0.041529807075168956 0.030085513648204797
7 0.31580475862477164 0.27112577977587726 0.043407605136000185 0.04414136358580803
7 0.31693242042704395 0.21569517201237634 0.04773866781035242 0.03561253561253559
7 0.433260175538555 0.1937896078991145 0.055340137570382225 0.04373356509337254
7 0.4306288055261232 0.1358865495196257 0.051440329218107 0.043956182958915194
7 0.5770095935347992 0.03963162359188594 0.05455792492829527 0.048972232614207925
7 0.5804733710062507 0.09679086581722636 0.05983875031494075 0.04847838606342007
10 0.12688062227582877 0.6070473750154494 0.17841898046347462 0.157649193797363
1 0.07819087461752212 0.38625327892520633 0.06449736773810848 0.09889229507285067
1 0.14496119569798316 0.336290301652352 0.07005766963838245 0.1056245203505057
1 0.30297616088169865 0.23062579246905512 0.07682117767136826 0.12418971301996808
1 0.41174580551482726 0.14801829711621192 0.08007094321885215 0.13038673029943895
1 0.5648476861212556 0.05811799362253121 0.08758425358478653 0.1232347455369038
12 0.5058307936105315 0.6997428730830374 0.04898494357523785 0.043644479801997704
12 0.6684432791518138 0.6670339747030568 0.04666905230512319 0.05244677044193952
12 0.7693224667755875 0.6432121789489548 0.05740066963128817 0.05335152532885534
