7 0.11765326580141396 0.9520665163026274 0.053418803418803416 0.04481244064577399
6 0.12203731339533809 0.46293940969866887 0.09016189571745128 0.046211504544837884
6 0.05397887342479987 0.3822894435212057 0.08669682789754929 0.05098542779927527
7 0.30902436948188583 0.4452813889088399 0.04607018495907386 0.04684744268077597
7 0.44485050272087295 0.3726774126079682 0.04663546330212995 0.03476461809795143
7 0.9298191046570393 0.6929569563443492 0.04127189204708594 0.0291594889463106
7 0.7907337975864094 0.7464741207996262 0.039876224200083 0.027963202220308122
7 0.6619827056815645 0.8008672331084317 0.038480556353080064 0.02676691549430573
14 0.30881092227667145 0.44182045667813574 0.10658140154543033 0.09381383781863398
14 0.38413713473665506 0.5232480682120969 0.04662936317612578 0.036914912514432886
14 0.46321995901221397 0.591270810512084 0.0928886520413299 0.08243405275779377
14 0.5848407693598207 0.5158743375669833 0.06587322734405064 0.06744604316546764
14 0.5300389318175089 0.4544281241673328 0.032936613672025265 0.03164135358379962
14 0.4398277113438318 0.3652044694210961 0.10991207034372502 0.09964250821564968
14 0.7350369704236609 0.46058639199751306 0.04810966041981228 0.03913535837996273
14 0.7222264516429185 0.4154414563587225 0.03404683660479023 0.03552713384847673
14 0.558240276465696 0.2531055963310159 0.12619534002427688 0.11074473754329867
14 0.6684408186610677 0.7916302891492949 0.09584924652870297 0.09353628208544279
14 0.7970718941416066 0.7442218739628179 0.09843976670515438 0.0938138378186339
14 0.8709698907540633 0.8139321875832667 0.02479497883174939 0.015543121058708613
14 0.7424219354674989 0.8674806186796593 0.025165053142670986 0.01637578825828238
14 0.7867039701572075 0.9082178701483256 0.040338099890457946 0.04163335997868377
14 0.912793574664078 0.671328016951518 0.08696746306658372 0.085209610089706
6 0.5973005612680664 0.8711232571295466 0.048528612469912205 0.027843291404612225
7 0.4331704389574759 0.925342145873944 0.044671864847303455 0.04040773229369728
7 0.42754781920077967 0.9791825302550357 0.051981806367771236 0.03896604938271605
7 0.2927958057817019 0.879438520047395 0.053606237816764137 0.04670240415854456
7 0.30853367987870906 0.8230181936322286 0.04656703487112842 0.044468810916179435
1 0.3187979735547842 0.8435578416456676 0.09746588693957112 0.12975146198830398
1 0.44916206411089454 0.9439680692349781 0.0823045267489712 0.12526397011046136
7 0.020279360557138335 0.6580873312644147 0.044374349929905486 0.04434608601275264
7 0.04292077704776117 0.6094609021196322 0.03843892732781621 0.04112399945733279
1 0.05777459028955847 0.6160073821840142 0.12266540044317821 0.11637667887667892
