7 0.5391123168011214 0.3627230342724581 0.048706295972262705 0.028351476223003814
7 0.388835507415172 0.4344135802469134 0.04707275409581493 0.029117167481947374
7 0.24814482047186454 0.5021442714052777 0.04484043792219896 0.030427440018635014
6 0.078573461841159 0.4910774249789855 0.09515928396765755 0.04278069004231811
7 0.8499321290555266 0.7565528965431253 0.040807977706490355 0.030530037911927665
7 0.7130265996542539 0.8055044490977267 0.04163335997868377 0.029143351985078583
7 0.5822041819774247 0.851185431684298 0.03865182436611005 0.02805836139169482
7 0.21456261732061033 0.8711418770476224 0.05004856470905855 0.04267087600420929
7 0.1906091526962397 0.9319168079490899 0.056885589292996704 0.047182599265932684
1 0.23119521424898193 0.8839081625257186 0.1127025107702622 0.13205829131329563
7 0.33380368940257954 0.9721395775347302 0.04603848080379503 0.04198709449306104
1 0.359309799280701 0.9562075628744118 0.08124798895832272 0.07430555555555551
14 0.5889762998508017 0.834328973316147 0.09330660982508432 0.07935523019854218
14 0.6189252967514437 0.8825822070795124 0.03313206049524452 0.02467186857734112
14 0.6573364724144277 0.9144571330036102 0.029694683829280203 0.024189746288621344
14 0.6975883555106772 0.9552851559844276 0.049058015515038585 0.044866908074455286
14 0.7032008663266933 0.7843489067694236 0.09956192751891674 0.08274181131928955
14 0.7520172389848595 0.8320305025262703 0.019717756181547665 0.016141191574484536
14 0.7599678058444774 0.8417191388598436 0.015210439100153536 0.018114945058976848
14 0.7901814499891248 0.8701195286852931 0.03424733508590951 0.018198229676217165
14 0.8063638777471017 0.8940566614141098 0.02242103800941115 0.024497914170617016
14 0.8448722582434464 0.7403001398262372 0.10940996265943856 0.11296137475382752
14 0.9269776754635829 0.8238846025058685 0.04041740152851269 0.05346379904162922
14 0.2563033315177922 0.49082017066085676 0.11763192931493582 0.09985475671750178
14 0.3926137821048993 0.43224932249322506 0.11793636454883066 0.10482535380909366
14 0.5702667118599405 0.39343038322200774 0.12350217447788132 0.1264096096832058
14 0.6638279793779892 0.5072440509430073 0.05901766227058639 0.07805117911112065
14 0.4671708575405471 0.5113222307956106 0.041795267489711935 0.0360271423384168
14 0.5231203535219293 0.5732331929739118 0.0713300235944642 0.06756760318936482
14 0.3278001553765348 0.5718954248366012 0.056075940281366636 0.03880455067470575
14 0.394625824308702 0.6396647059142618 0.09538249214027224 0.08362415122709754
