11 0.6145337522931231 0.7318277740591997 0.3845164609053498 0.37905092592592593
11 0.2626021729495043 0.8585548411739392 0.5150462962962963 0.24488811728395063
5 0.3632120928879415 0.3507236537548614 0.12111267385528988 0.14479801531489295
5 0.5093901201188898 0.4245036201044762 0.1142756680731364 0.13527504297546486
5 0.634950326308351 0.4882440990621956 0.102880658436214 0.12746132208157523
1 0.060379347212135885 0.15269078310336479 0.11895576131687242 0.19338348765432098
4 0.8571244855967078 0.8409529320987654 0.07908950617283951 0.17119984567901234
4 0.9133200545506748 0.8480813056273326 0.07973251028806584 0.1519097222222222
7 0.3423687921916811 0.3323454040851291 0.04720789706725007 0.035650101578371646
7 0.3309617243435027 0.3832069391629478 0.04851018388289838 0.035894280356305736
7 0.4811388453296402 0.4600664974591935 0.05241704432984324 0.04199874980465699
7 0.22039490819563365 0.4573082965265954 0.051440329218107 0.03271995624316304
7 0.48473557066208256 0.4051027667083398 0.04590561025160176 0.03320831379903109
7 0.3657635307600146 0.5172439052977028 0.04395218002812939 0.02783638068448193
7 0.6070033979668298 0.46860724932982306 0.04688232536333801 0.03687099546804183
7 0.30299563175793837 0.2880332864510079 0.04688232536333801 0.04248710736052508
7 0.6099650987133407 0.5191338490389122 0.04134760639683283 0.032964135021097
7 0.4291939423405277 0.3680588112725946 0.0416731781007449 0.029789810907954347
7 0.7906765859797172 0.6016565088295045 0.03744074594988797 0.023685341459603052
7 0.7788703278746953 0.5584754196790617 0.043301036620305204 0.02588295046100956
7 0.8745321069512351 0.6427366813266955 0.03939417617336046 0.024906235349273283
7 0.8576470281814866 0.5983649789029535 0.04720789706725007 0.02881309579621812
