10 0.28760570303239785 0.8335433393579644 0.19206856736832753 0.11046718181010738
14 0.529432895380933 0.5087392722135673 0.07045766305025565 0.08511036288814072
1 0.1272544750321954 0.38391363900953285 0.10070098346934507 0.11704854572086211
1 0.21857883625679791 0.4714269036570063 0.08245045676093746 0.10151256457403032
10 0.4824067950822863 0.9294017242272355 0.10306636359584617 0.08336397468467248
1 0.3431482672820784 0.5936744624020609 0.0650070094514539 0.09963030796364135
1 0.39609683959826514 0.6471092931774685 0.05857438947463277 0.09377534468775343
1 0.44204918111696084 0.6874737737140839 0.05204909051062894 0.09085762290890494
1 0.5078437871129892 0.7533215416825889 0.045226061258872546 0.08233905045985578
7 0.09947000192971352 0.4199146438332188 0.053403700562309545 0.039316511167656186
7 0.11298588532340653 0.36633748291866935 0.050262306411585474 0.03799123551031948
6 0.08949183407177988 0.09157767668946529 0.07569077013521457 0.03940696649029982
7 0.19488154408789332 0.5051220825030347 0.045427823205600994 0.03557399390732723
6 0.15637703728720276 0.16957718863747231 0.09002057613168721 0.036375661375661374
7 0.20821976377531937 0.456780102613436 0.046095879429212776 0.033068783068783095
7 0.014459332005295233 0.2547931892581173 0.02664535038635758 0.047739586108890626
7 0.0481106046488646 0.5767308501683501 0.0426059159025616 0.033493014526819555
7 0.3232781878615211 0.6207237978071309 0.039457070707070725 0.029592803030303046
7 0.3800665801533858 0.6708341370884774 0.03331930415263747 0.027181537598204193
7 0.3305347344699196 0.5742360777082999 0.03565750093527868 0.029592803030303046
13 0.9137297121769421 0.9801900674642193 0.014339560799737777 0.02321643177100406
7 0.2568764664055319 0.7190535784630709 0.03508843648652334 0.029893303899926487
7 0.3834769799443712 0.628044103474357 0.03741114852225959 0.026304713804713827
7 0.4270677881788992 0.7113815967982634 0.03282382912012538 0.02498530276308056
13 0.8617466627664236 0.9835374793386972 0.017981354018718813 0.026972031028078217
7 0.4981377525415466 0.7736997426191192 0.030111412225233405 0.023524540800963573
13 0.8172005145333563 0.9853804763465532 0.01911941439965029 0.025264940456680825
7 0.42922772957495187 0.6699608262108263 0.028642910587355006 0.023016624579124522
7 0.31328150042891273 0.755605876558783 0.033725778758891316 0.02784931730847841
7 0.4958688054894017 0.7344468567791737 0.031993375489310416 0.022348313760915412
7 0.5230795610425241 0.5147376543209877 0.029721079103795178 0.018175582990397794
6 0.3011637658697922 0.34289347854780095 0.060216878279016235 0.023038441284886777
7 0.7950870123822892 0.6383062703144253 0.02721460842425845 0.015219730433797733
7 0.7049055511508788 0.6481728682714073 0.02532688992084166 0.015809642466115485
7 0.6180938523368672 0.6583806778738551 0.024991253061428464 0.013276603188883853
14 0.622171583144238 0.47283337660089997 0.032210299603861486 0.038580246913580245
14 0.6467769634278282 0.5182858769645985 0.050959578477750886 0.04074362524518291
14 0.7348056543279804 0.4523919097517228 0.03797930848813514 0.04543094496365523
14 0.7629767276157395 0.5084318619324357 0.03749855774777892 0.04074362524518291
14 0.6236564873364784 0.6564483902940883 0.04918197330121456 0.06210478771454382
14 0.707061582400336 0.6486819413648685 0.044916189902639736 0.06398675097862094
14 0.7910162838156919 0.6315064637725157 0.058834876543209874 0.0667920524691358
