10 0.48684991017750356 0.7124049109079218 0.3248700643056524 0.21463808324255626
10 0.9180406356332281 0.8321269699307892 0.15573058628614184 0.1573272406605739
1 0.08872859056925976 0.1680546267173884 0.12682915467383463 0.16568738626632412
1 0.418563834784487 0.3313056166460149 0.08542212245915946 0.12579498690609794
1 0.5659551039739725 0.4060115681272153 0.08289499543015713 0.12599624941397092
1 0.6889250332026198 0.4633491665634329 0.06785411675988623 0.11846953521141239
1 0.8663893041463829 0.5519822525335623 0.06706777100588633 0.1006016565088295
7 0.06180589461610597 0.21126499616377206 0.06756992397293717 0.05688951663527936
7 0.08036939055457573 0.15564373897707234 0.042181069958847746 0.04115226337448558
7 0.3104531158704735 0.5008492674330154 0.056046925864504646 0.037428597751980805
7 0.40086706710376185 0.3739322604894428 0.05084906106617469 0.04323648361004688
6 0.41393348667104146 0.15538995042655468 0.05921227736129831 0.04721003898635477
7 0.4031573643102464 0.3199152671139931 0.05521961871168216 0.03354119425547993
7 0.5559965557495851 0.44543318636700674 0.048992300394180316 0.04175462122279196
6 0.5097594293090498 0.20322200743938404 0.07363027515532962 0.049170902929072856
7 0.682668950475707 0.504918770496955 0.05114469514214087 0.039467149141478614
7 0.5503980330369219 0.3904226560476559 0.05923431849357774 0.041941404788627026
7 0.6750347073513377 0.4539725434333276 0.05275931201857138 0.030501477260736536
7 0.7533759195677524 0.24199529630441313 0.038690162146952194 0.028852748760156182
7 0.8776227789065326 0.17086213550356974 0.04549702424868431 0.03181717574147853
7 0.8669671371313443 0.5902702425733025 0.045010288065843625 0.03134645061728395
7 0.9454234700650472 0.6287957984866587 0.034846674631620875 0.030179709279171654
7 0.9330473693526264 0.5825150587415372 0.030698260984999254 0.02426821983273591
7 0.8492476851851853 0.5391455546982168 0.036704818244170136 0.0351642875514403
7 0.11213991769547325 0.1741683813443073 0.0051440329218107 0.011316872427983531
