9 0.7213250147157587 0.7099835079776267 0.024750998986103653 0.04104043657183749
9 0.6363918461871679 0.7227275141200579 0.02111760883690704 0.03969704353476281
9 0.6729777437500666 0.7167020235854574 0.02445741750938426 0.039577152518582355
9 0.9842411993409143 0.655455186037451 0.030362984066687814 0.053418803418803375
7 0.7263576873777235 0.31897389192471165 0.047898536058827504 0.03794778384942317
7 0.6206648277716958 0.13631640023843683 0.04812555860023367 0.03149032086979582
7 0.5599448946090682 0.17654065176849487 0.048996608115108954 0.03940500278584206
7 0.5612527453364464 0.23205548014757546 0.050426256062289225 0.04275772587874498
7 0.4187316465180162 0.30607206909029644 0.05246410332636735 0.038184182404925694
7 0.42494277453529483 0.253479807616658 0.04641647350592532 0.0371063947842974
7 0.30993620499206587 0.32042077634116195 0.040892873662492744 0.034401529993469515
7 0.3084492195501182 0.3667987516409698 0.04073329236727929 0.03273210993799229
1 0.534513016142221 0.1826539985029517 0.09850735710243348 0.1417751554812958
1 0.39673628041097675 0.2638786248836655 0.09892587525966455 0.13144297706265393
4 0.5567420933467753 0.48607037562203637 0.135846840180011 0.19147745877525538
4 0.45890625338286367 0.5151596819303266 0.1444805719825421 0.17932763737910307
4 0.4962119420399539 0.4455353341847594 0.027032779906343132 0.02282886334610474
4 0.3832906852207596 0.5514541805743003 0.13508293667516091 0.14218565891984103
