7 0.647091428206846 0.49313181883433826 0.0035888601780074674 0.009869365489520564
7 0.676370545825757 0.49017848597951963 0.021832232749545478 0.02332759115704848
7 0.5240133318988318 0.5257924500390004 0.03832808843702095 0.024375319400737037
7 0.39351483544005417 0.5583804767376762 0.03683078464303606 0.023295471286720323
7 0.4291487098063359 0.595786348465701 0.032909659440718005 0.020809030815592502
7 0.7977050314540864 0.753473347010762 0.027609809355841022 0.019683799445704205
7 0.6802310957600461 0.7754528916049606 0.029713978989341406 0.019010556450169948
7 0.5716423679331658 0.7947630140367339 0.028102792684476467 0.017869710565672534
7 0.48263239084495135 0.9697590102179473 0.03414445040854063 0.03298890678117728
7 0.4268761756790684 0.9675846957802396 0.037596230061782664 0.0318617870288935
7 0.42867352307399226 0.9178563708027211 0.03528888020239527 0.03175999218215578
7 0.3652562446167097 0.9140987090357244 0.04261771461383866 0.0357764498995119
7 0.37040543394682207 0.8621811173978039 0.037234424346827465 0.03308480476600638
7 0.22229651987087198 0.7927951048073986 0.04089778824761158 0.03939820267853246
7 0.23655870240086965 0.7407879021542156 0.043442539516351845 0.03517209789294596
7 0.14449241059020773 0.6537292557626617 0.04839201341258953 0.03786579789666205
7 0.12457931182211016 0.7065939396186309 0.05048773052888278 0.0401520347508002
7 0.017975081839992565 0.6029636597642352 0.031151115701801842 0.04242290098863804
7 0.037698167401575985 0.5509493557302322 0.05512927713016247 0.0407321331956126
6 0.18706533672734782 0.4600881414393518 0.08899059242308671 0.029133824900415262
6 0.12347717023964451 0.39145108167581166 0.09418819539704315 0.03366840992226793
1 0.055831977742207384 0.5640536164357058 0.10174594529169692 0.11685511042250744
1 0.15828158587822486 0.6727356766360257 0.10274876015616757 0.11890485221308511
1 0.2504487023259943 0.7568243320771972 0.08747487264673512 0.1164222686247941
1 0.38469691982558063 0.8833377752125404 0.06504869607559179 0.11442099585819623
1 0.4443461697946723 0.9381438932105988 0.05855744901564057 0.10633908895677245
1 0.49725316484845145 0.9632449152632769 0.05027222708290682 0.0641802238375447
14 0.7270777474185982 0.5805096846519028 0.031270509172257634 0.042454687813130616
14 0.7061290924414079 0.5317037551708388 0.019964959458908863 0.02146742452022983
14 0.6695248581613322 0.4749727874423796 0.07804034800273194 0.08300621593936464
14 0.6013712225131977 0.6236931150125596 0.025924292899601496 0.018677738585145955
14 0.5900895261320501 0.5973729369434102 0.02612842119014961 0.014161400156770509
14 0.5204119129007764 0.5086203432874321 0.08461374085792472 0.11037698781975729
14 0.46551969887657974 0.6248157709491562 0.03401313736074345 0.01639923302048647
14 0.4000363415998611 0.5520024323313074 0.09025993468557862 0.10712383280065174
14 0.799547484558111 0.7537744089623356 0.08864540947968191 0.11502693372542772
14 0.6853046157808077 0.7696813256806548 0.08525313128982226 0.1048036613976386
14 0.5865510935208883 0.793322169949328 0.07119759241672821 0.10587747174721646
