7 0.8528305610783363 0.28787130204698175 0.04977422003284069 0.034636699507389145
7 0.9136696259612676 0.3249939606232637 0.0434206023271732 0.025667351129363424
7 0.1514001349527665 0.5515941295546558 0.0647351551956815 0.047760627530364363
7 0.35363950742240213 0.6429972165991903 0.06051788124156546 0.043965080971659895
7 0.5181032033525107 0.7190313365650971 0.05187246963562752 0.038588056680162006
7 0.9725824477058027 0.7703114456815114 0.05250506072874496 0.04491396761133606
7 0.9561350792847503 0.7002124451754386 0.0478660593792173 0.03969509109311735
7 0.7252459197874493 0.6396780902074899 0.0605178812415654 0.04823507085020236
7 0.7140860073974107 0.566040167191483 0.05714406207827262 0.04349063765182191
7 0.5472053531264057 0.5503595226045883 0.06368083670715242 0.05250506072874499
7 0.551639515455305 0.47209369577790633 0.04681174089068823 0.04269989878542511
7 0.34486171403609345 0.4442355536899008 0.0700217735550277 0.05641330166270784
7 0.36099564528899447 0.3629911959103584 0.04899049881235159 0.048804928741092636
7 0.9292758508593396 0.9263563220827681 0.040617226368159245 0.031045942164179153
1 0.7392964984902116 0.5941605675205469 0.10959715639810419 0.15810130331753552
1 0.5741211290660272 0.5013150945012278 0.10169826224328589 0.16920912322274884
1 0.37598607948134016 0.3906730858004555 0.11453396524486574 0.17439277251184832
10 0.4191380266075388 0.8750981614929785 0.4551767676767677 0.22964015151515155
