10 0.48988061353293744 0.483505545922068 0.3283375968561157 0.24607941274607953
1 0.5270827964798025 0.08378941481012954 0.09259259259259253 0.1441085693536674
1 0.3905203187169495 0.1864861098325611 0.07443718228031955 0.12708787218591144
1 0.2775204156504309 0.25977477968015816 0.06756341748049871 0.11785209753700628
13 0.05461583956091799 0.23054719783987587 0.03579320656848345 0.06402253450306326
7 0.5476199943009747 0.1277724763589856 0.0544223772887219 0.04920379316514583
7 0.5471231869268115 0.06426062078605135 0.050446313194568715 0.04640812309894436
7 0.5918140077837409 0.29892283476512865 0.05448249922562949 0.0431435019248639
7 0.40581415830010725 0.21878752942306773 0.04763734768058157 0.04713695537301246
7 0.41109502577293333 0.16264569604388024 0.047036876911498646 0.03797977614449729
7 0.28819877589830767 0.2982990565602298 0.043033738450945554 0.036628716914060604
7 0.2917120355692196 0.2440225636899329 0.04243326768186258 0.034677186914541004
7 0.46167519869032037 0.3598657259899864 0.03956948401392845 0.040406530791146165
