12 0.8775719999999999 0.958719 0.09362099999999995 0.07021600000000013
12 0.772377 0.9733799999999999 0.07253099999999989 0.053241000000000045
10 0.5724382749957698 0.7576941766543711 0.33831682202561675 0.25640565758298484
10 0.17576167072023577 0.925683616521759 0.17902566034109266 0.13936654908877139
7 0.09026264790004576 0.7755753545474424 0.03405257923060749 0.025460364966537828
7 0.09953210474526558 0.7313699112881629 0.03404683660479024 0.02183438434437633
7 0.14442211016604473 0.7384135937137781 0.0359333066424684 0.031078532235939593
7 0.1546173085924352 0.6922075261146167 0.03714219346900083 0.0270150012712942
7 0.20948699884010297 0.6910011643219832 0.038273908903703094 0.03365153609052218
7 0.2172169149091549 0.6442899719434645 0.03850081890831472 0.032144957938113825
7 0.35953750304644494 0.5423816886459716 0.044253743853165876 0.03386032308904647
7 0.35254697606475577 0.5934858054473816 0.048981393934763404 0.03731858779049429
7 0.45951768055475795 0.5204923420000733 0.053997693226996046 0.03892781670559443
7 0.4571683987951752 0.46947880708960277 0.0471403067399799 0.0355846042120552
7 0.5767671411974774 0.3837885085382797 0.049586623660697805 0.04001341767299212
7 0.5833112780526694 0.4339251436626777 0.053152386780184274 0.04198839593421454
7 0.8539269051728582 0.1803315379744665 0.05361243610995621 0.04637905459890674
7 0.8342621170553267 0.2047968106995885 0.019814052735863532 0.022433699131230018
7 0.8521601743220101 0.2514605379188713 0.016214886383968494 0.01299986580783685
7 0.8831915268825783 0.23146699841834423 0.05582430854169974 0.05241881374127749
7 0.5302098529324859 0.6472908306525609 0.04463655112015141 0.03316547541693743
7 0.6443008865848373 0.5815465754784537 0.04890190644158893 0.03661068475883288
6 0.11233428304527902 0.5944038988374288 0.044550523465319083 0.020089714066397986
6 0.2020885545069345 0.5360611195338753 0.04275258226834363 0.01938196580355911
6 0.3086347250572545 0.4158625889866494 0.0521204838000411 0.024655981668809425
6 0.481568587582605 0.27555553446382625 0.07958047892930849 0.04573949073835246
6 0.5548319650509981 0.21649462329218835 0.0750878065692881 0.048644418197795115
6 0.817371446903171 0.014617820190653174 0.0644970488667396 0.041883754294559594
1 0.08918349102012144 0.7485529626655418 0.05852285033571584 0.08497807017543861
1 0.14437041589962923 0.7061094257099036 0.05430403259701598 0.09355972684764696
1 0.20481196141989383 0.6518523745447263 0.05773420479302833 0.09803921568627447
1 0.3452178009063423 0.555366334683134 0.06609594871718223 0.10867968006484627
1 0.4408301770446718 0.4737724141381383 0.07580495636051193 0.11216432574048468
1 0.5589012818126129 0.3882391733049378 0.08962134741310135 0.11786459488360854
1 0.8306871928016214 0.18192724305818347 0.1315387621624624 0.12818039727761946
