6 0.13865088532972042 0.33555122365271517 0.09858523379682012 0.03199578071033847
6 0.208904518112628 0.4043144072437153 0.08863942170757338 0.03073899639712559
7 0.5467169339920085 0.4639348237580354 0.0377397186583824 0.02389201565399822
7 0.4151717878083871 0.49948578206167615 0.03844238998229133 0.022628230578715533
7 0.8194047993214829 0.6898804505116233 0.02758174225431732 0.01766599193974872
7 0.5977827314895234 0.9697654706991166 0.03341074848225565 0.02337733773377342
7 0.5213115414264841 0.9462623543083313 0.049030511993474996 0.029404404404404245
7 0.5135072970298782 0.8999498639675207 0.03264994989232181 0.025287053028849173
7 0.4607841258368561 0.9011430795569864 0.03699079853886346 0.02980215702593975
7 0.4715618730452203 0.8517073194864966 0.04496169833421444 0.029736915757066953
7 0.40270555750506 0.8484547298518733 0.056823619485118194 0.03203057708871671
7 0.40107321480864977 0.7944803515281822 0.038955934711240585 0.035199056734637274
7 0.266470794429766 0.6767693985916288 0.04387695549527737 0.03387272702736151
7 0.2563672269379438 0.7299963407318022 0.04848046900516036 0.03123162845385068
7 0.15638721675908054 0.647717949675275 0.05348262516721296 0.038771712158808966
7 0.1759337668835877 0.5956210257285525 0.0556525646131381 0.03321922004717702
7 0.03528052893504595 0.5443583269102537 0.060118912368401126 0.04307733090964178
7 0.0632644405470156 0.49383145912858084 0.055022524846108874 0.038472781044740216
1 0.5247470147058764 0.9162479403131807 0.05593115161016393 0.09085022254786695
1 0.4767082585161984 0.8640316044406222 0.05537172628152629 0.09518927961416718
1 0.4127545080967517 0.8095495477927747 0.06760105307401508 0.10061452526161253
1 0.2723266302901712 0.6915580603857447 0.08475831531951415 0.10537780338143747
1 0.06600060144879281 0.5112914944307936 0.12013212182702313 0.11621999846637528
1 0.18652935785967334 0.6155097666666499 0.09865058104925332 0.12017962321196815
14 0.6434058303779082 0.34332381142350044 0.039579401177841804 0.029249435316686768
14 0.6940111089355901 0.41136255508290226 0.06015359863960367 0.08474401564414287
14 0.7275393297704529 0.4733894263065968 0.011507207866202875 0.016234493259886226
14 0.7438449514246243 0.5057532189315136 0.012514999595103042 0.01159477903663951
14 0.6247918887184167 0.5657121826950191 0.025427414767974874 0.019133293184783753
14 0.612924600683546 0.5354112070998448 0.02586547627351144 0.013223361465671579
14 0.5448607939415867 0.4494439351202786 0.08656562864688898 0.1090467799889442
14 0.4154994114938234 0.4846669253104721 0.09160946914273109 0.10713020911083021
14 0.4838303736654641 0.5686170299917257 0.02878655892984088 0.01802288906911779
14 0.5087816925558447 0.6060278016386655 0.03199729031929422 0.033123487424562705
14 0.8143136125725199 0.6762857259686651 0.08466424694400863 0.09219401169356217
14 0.702829356361681 0.6987056330803844 0.08415392402320505 0.09126780850487498
14 0.5969613884857813 0.7230891110713226 0.08549452005043512 0.08860264500227666
