7 0.48051012186918224 0.14950536895769367 0.03512224999773572 0.05099098154362416
7 0.5264933589033312 0.15024870818239927 0.04702260458839411 0.050132844129554655
7 0.8278180354267309 0.40295893719806763 0.0803140096618358 0.03102355072463765
7 0.8521490181300507 0.2271473825524431 0.07632259347653149 0.05836068019093079
7 0.823999288834705 0.14773744666260286 0.05963946459412774 0.06395725388601037
7 0.7900553012967202 0.1359267734553776 0.059353546910755145 0.04826945080091534
7 0.2129049544771502 0.41119729514717573 0.073587907716786 0.039901551312649185
7 0.16285291438979968 0.23628009733606556 0.08908242258652095 0.04781420765027322
7 0.18905619749492006 0.1653199208443272 0.07145998240985048 0.06637532981530343
7 0.23772158743593366 0.1492298808012414 0.0669464428457234 0.03821942446043165
5 0.8517430361241625 0.1482249274312545 0.1475694444444444 0.23088727678571427
5 0.509264132117165 0.16290083397477068 0.10504424634273773 0.22844637536349052
5 0.168809556095741 0.17011365127204353 0.10992302690298855 0.21884089649065647
11 0.4918741976103084 0.49682677079790694 0.9569035947712419 0.5997458006735702
