4 0.7900539412585385 0.7684716388036902 0.14766130217519102 0.23070706046679293
4 0.601704966140894 0.7810598934935608 0.130897266313933 0.23165371472663135
4 0.42078527133864263 0.7934040863267597 0.1276721514816753 0.22742359051882857
7 0.8824678547981618 0.6280503915069416 0.06324958767673854 0.03512753999135315
7 0.650392666471203 0.6466190182758453 0.058846135370130136 0.037379305375414375
7 0.4369149551179159 0.6608543166808296 0.0536420553714112 0.03722918768314359
7 0.32665609838113085 0.5368637583293875 0.014211141534963412 0.014711533842532504
7 0.35912530423852296 0.526307937923332 0.03102432306928635 0.039030599990392524
7 0.36725567038106266 0.4775776466814498 0.03362636306864582 0.03557789306816543
7 0.39223203821985114 0.45093372071628696 0.046836719988470984 0.054342604602007925
7 0.566394052937503 0.5172492734303695 0.02181710461001421 0.019064946918383983
7 0.5949664536997005 0.501708339338041 0.013610670765880548 0.033176009991833594
7 0.7913463414576288 0.48158311671906334 0.02622055691662262 0.034226833837728766
7 0.8263853861427362 0.4880138528606427 0.024619301532401338 0.020115770764279155
1 0.3380411802716291 0.47338799484837357 0.08636312153131726 0.1356797674330804
1 0.5611793391714102 0.443369363531691 0.0676313836605276 0.13724448492208052
1 0.7974779132288701 0.42307373169157375 0.09929179825820664 0.13850757249497558
