7 0.6276716229266076 0.24075893617927732 0.07093558282208588 0.046970858895705535
7 0.4693458315841029 0.39519623084592775 0.06717044500419818 0.048606738035264475
7 0.3325553951123946 0.5398410979378832 0.06286310820624544 0.04136029411764701
6 0.11502533112010235 0.5904593318809005 0.10030864197530863 0.086635348583878
7 0.062354257263502876 0.849559522121384 0.08801679586563307 0.06934350775193802
7 0.03515985687903971 0.9258137119113572 0.06907894736842105 0.06743421052631575
1 0.06524819451397837 0.8602587209189709 0.13296274038461536 0.19699298452385197
14 0.670812808238957 0.2600317045909761 0.2112606025508846 0.1232153154610776
14 0.4717290454839797 0.3935587291617535 0.20999520752253703 0.11263989782660051
14 0.6274050397219465 0.4732769054121152 0.06898584905660385 0.04510613207547163
14 0.7441598267924163 0.5380228847379882 0.1343101343101343 0.08432887132183486
14 0.9009602064232308 0.39574063719425134 0.1323621553884711 0.09731359649122809
14 0.6071624459626459 0.6725998064174573 0.17124008841262603 0.09437759952465834
14 0.48313675609004003 0.6063829787234043 0.08303140096618353 0.05366847826086953
14 0.33505423035803933 0.5355261466401613 0.19217742958274245 0.10721211217183768
