10 0.6065085553389646 0.6970401505306476 0.3395061728395062 0.2550154320987654
10 0.19027042915931808 0.8504813345091122 0.1818783068783074 0.1692019400352733
1 0.9129864603972973 0.09898691129401004 0.13526901386983695 0.1286008230452675
1 0.6078169528871665 0.32423780713851436 0.08303360228119629 0.12120880723242931
1 0.48189288050426743 0.4115039826814362 0.0698118753674309 0.11223344556677893
1 0.3808926921462534 0.4882846282418932 0.060433393766727135 0.1072167738834405
1 0.23829663921749786 0.583635966507541 0.06446964433902373 0.09669479606188466
1 0.17263513964237678 0.6345444324371528 0.0547377862192677 0.09331803313284792
1 0.11523497462075791 0.6744888900686 0.04887235045965212 0.08519148400100783
12 0.8986508272151851 0.8919066438993156 0.07880922232774083 0.06256924659702424
12 0.7927204161002006 0.9159621553188545 0.06986671580369759 0.04932897242184147
7 0.9503914483589279 0.14196500265267203 0.06942353374151028 0.05238131085014555
7 0.9193830770341489 0.09487400650714277 0.07625803191105339 0.048056097032705206
7 0.6305068323625747 0.3550089017088317 0.04949510668464915 0.042146488224919613
7 0.6200442528491655 0.3063202580912892 0.04711761247708957 0.03971496005809733
7 0.49755865189948795 0.4472777976261363 0.04250856787477011 0.037587828986542816
6 0.5895923276734938 0.13816169438214357 0.061837842570703135 0.04309495665878644
7 0.6808588486470736 0.5174618294548236 0.04734331184675335 0.03499535671364577
7 0.4957465518303008 0.39591054193220654 0.044000082099278554 0.0363674147963425
7 0.38981819193466416 0.5203546600683397 0.04391247616179866 0.03519271303824151
7 0.5602604310597832 0.5794869570246977 0.03755599257074183 0.030556921228012693
7 0.3923284810515324 0.4704246898224924 0.04453043424851052 0.03320588415944964
6 0.5209794706322484 0.21063162339204003 0.055239898989898985 0.04011468855218856
7 0.24355707074782354 0.620351878748756 0.03810394756896815 0.03072130772748054
7 0.8150642535775985 0.44268644007772645 0.037300333508864345 0.03967731554619388
7 0.24901150537341354 0.5719223523560352 0.03747308750987926 0.026955073174719932
7 0.177926193915279 0.6645085574905295 0.037813751941787266 0.027593818984547467
7 0.25524910124175154 0.7426353190887397 0.036668613057501985 0.026400613743239744
7 0.11799591459414328 0.702351531281684 0.03143575674439872 0.025505829903978042
7 0.18629792939390077 0.6197321936976503 0.03488482096400358 0.027272243507875753
9 0.8630806980480182 0.97111639268502 0.02711207939966112 0.04350490196078422
7 0.5588164218381398 0.3537446471337548 0.043875574921326536 0.024315281668222874
7 0.12747663041997112 0.6610380385904668 0.032192788815305365 0.027082822336685405
