7 0.06234756097560978 0.5087271341463414 0.06910569105691057 0.048399390243902475
7 0.07383932391955497 0.4361160141206675 0.06707317073170732 0.04420731707317076
7 0.24293699186991874 0.6748666158536587 0.04928861788617889 0.04192073170731705
7 0.2505616174582799 0.606867779204108 0.04725609756097559 0.038109756097561044
7 0.32799796747967486 0.7449610433604338 0.04268292682926832 0.03772865853658534
7 0.15403116531165312 0.8165142276422765 0.037093495934959336 0.03429878048780495
7 0.2332952235772358 0.8685927972560975 0.0345528455284553 0.03315548780487809
7 0.32864724480578145 0.684620596205962 0.03760162601626019 0.03391768292682924
7 0.3968794835007174 0.7453819942611192 0.04014227642276425 0.03353658536585362
7 0.3939419602529359 0.806931741192412 0.041666666666666664 0.03353658536585362
7 0.4942073170731709 0.8354166666666666 0.04319105691056914 0.032012195121951234
7 0.49383468834688343 0.8920985772357726 0.04369918699186991 0.03315548780487791
7 0.5346330765939238 0.5204990372272146 0.041666666666666664 0.03239329268292686
7 0.6695248983739838 0.7268959603658537 0.040142276422764314 0.027820121951219433
7 0.7946084724005135 0.7125320924261875 0.04065040650406502 0.028963414634146378
7 0.9254636686991872 0.6962176067073171 0.03607723577235771 0.02667682926829267
1 0.0964734728804634 0.46197731536334913 0.12045813586097948 0.15143661137440761
1 0.2718987285328442 0.6344117871885031 0.09182464454976307 0.13958827014218017
1 0.346844868442556 0.7102812448929564 0.08244470774091628 0.1307020142180094
1 0.41389512485795854 0.7719480128045235 0.07503949447077414 0.13292357819905218
1 0.5022127030420871 0.859393987726334 0.06714060031595578 0.104783767772512
1 0.5537607002461515 0.9079480326242699 0.0626974723538705 0.11367002369668242
14 0.5507837881741389 0.5253639741715401 0.10127314814814815 0.12225115740740744
14 0.7183561599794237 0.5314429012345678 0.04870756172839504 0.05787037037037033
14 0.6740933641975307 0.4521363811728395 0.047260802469135756 0.05353009259259265
14 0.8371431327160492 0.4292534722222222 0.05063657407407417 0.06546585648148148
14 0.8786280270655269 0.5133769586894588 0.02748842592592595 0.05425347222222223
14 0.6773953794480756 0.7184649033224402 0.06269290123456793 0.11935763888888892
14 0.802916942239859 0.708757027116402 0.06124614197530865 0.11863425925925926
14 0.9194282001299545 0.683098806042885 0.04388503086419758 0.06438078703703702
