10 0.20097737738058474 0.09169310071371928 0.3492906270684049 0.2538742122075456
12 0.8787553473543813 0.36400797270362484 0.04748338081671407 0.06555944055944053
12 0.5625676558110592 0.3880079937942915 0.0537411746144441 0.060766970378258976
12 0.4111137727162381 0.3998059593659479 0.04716733062490965 0.05793200015777226
12 0.13129173038718606 0.41966452675562815 0.06294455619979228 0.05731570228375345
12 0.025152423537230063 0.4321340624921561 0.02120064686624857 0.041908255433282034
9 0.5093835792523536 0.4645660751380656 0.02395505527313803 0.044915728637133896
9 0.42713463788491013 0.4675509137059381 0.025468006132494145 0.04434837206487535
9 0.12032442149241954 0.4918792362624062 0.01853364802711208 0.042078945775841176
9 0.04949929536366179 0.4937255640843761 0.020676995077866533 0.042078945775841176
