10 0.2275156681005784 0.14119092980049572 0.2729947296224099 0.24366471734892783
12 0.8662506776361371 0.3765800576500165 0.05257088590421928 0.06387645276534162
12 0.39902732943246383 0.39973698843534394 0.04364071251355648 0.05863640415385299
12 0.5464495434236797 0.3884003228363087 0.04531205895024605 0.06434683781254187
9 0.9415535167849983 0.45402449916338805 0.026756508237989727 0.04861393750282635
9 0.4952524475940039 0.47116300641797043 0.020427567559537074 0.044569238311717274
9 0.4148315620437562 0.4746940423083623 0.023770260432915854 0.048190488924544306
9 0.8422311200088977 0.4581962915296248 0.010566121677232719 0.023565231898565214
9 0.5817854891928964 0.45858358358358353 0.010844177510844155 0.038580246913580245
6 0.7816149482816149 0.28224057390724056 0.011956400845289785 0.010010010010010006
