4 0.5464174711678759 0.43211177819751745 0.4888344226579521 0.353860294117647
7 0.2803497942386831 0.23060207879448083 0.057870370370370385 0.05157271241830066
7 0.2828839869281046 0.16095905954974582 0.06604030501089327 0.052593954248366014
7 0.4481085363438305 0.06317773321449792 0.06604030501089327 0.053104575163398705
7 0.44930635652953993 0.14027056901191848 0.062636165577342 0.057700163398692814
7 0.6546160130718957 0.03227853641456582 0.07284858387799555 0.057189542483660136
7 0.889696156240274 0.15490050186741364 0.08101851851851845 0.05616830065359477
7 0.6606649069884365 0.24529443187531422 0.05787037037037036 0.04187091503267974
9 0.7385037348272643 0.73343399859944 0.026552287581699356 0.058210784313725485
9 0.8609749455337692 0.7148182189542484 0.02791394335511986 0.05974264705882355
12 0.8451043338683788 0.6832865168539326 0.051264044943820274 0.058110955056179844
1 0.24569784628378377 0.1735180004222973 0.14322916666666666 0.26025390625
1 0.4115175189393939 0.08738014914772727 0.12369791666666667 0.17333984375
1 0.6202355587121212 0.03200461647727273 0.14453125 0.06103515625
