14 0.7139020218529709 0.34424189339141864 0.3828983516483516 0.23780906593406598
1 0.022781242847333485 0.8214692649919891 0.049854085603112844 0.10529547665369643
6 0.06275011072095157 0.5971739465692324 0.1013294422827497 0.08329280155642023
7 0.4097255998702982 0.41933923070687423 0.0689040207522698 0.03617461089494167
7 0.572144801534393 0.26748095350661016 0.07093060959792474 0.036478599221789886
7 0.9489424324054673 0.9246389554025741 0.05836575875486384 0.04499027237354074
7 0.2692231163777857 0.5573902325787053 0.06363488975356682 0.03891050583657592
9 0.8591610822885142 0.9425833603545181 0.038505188067444844 0.04711819066147864
7 0.4810616694740782 0.6629219890510949 0.036496350364963466 0.030793795620437957
7 0.00944390402075227 0.8684970817120622 0.017833981841763942 0.03251155155642014
14 0.4607070561017929 0.1971424956622325 0.07726648351648352 0.04507211538461538
14 0.40723661259375543 0.4093488356881214 0.19402472527472525 0.1124656593406594
14 0.5667435243328101 0.49557864010989006 0.0698260073260073 0.045930631868131844
14 0.6746433391170232 0.5567027544823597 0.1362179487179488 0.08327609890109891
14 0.5493832148243912 0.6908953485240248 0.1699862637362637 0.09057348901098897
14 0.4216587810337811 0.6208028083028083 0.07898351648351642 0.054086538461538505
14 0.26582792207792205 0.5343191964285712 0.191735347985348 0.10001717032967025
