1 0.6766980000000001 0.9564040000000001 0.04269499999999991 0.05787000000000006
1 0.653549 0.9328699999999999 0.035493999999999915 0.060957
1 0.6900719999999999 0.96875 0.03755100000000006 0.053241000000000045
1 0.709877 0.9797450000000001 0.03703699999999998 0.038966000000000126
7 0.670782 0.965664 0.022634000000000057 0.020062000000000017
7 0.637088 0.934414 0.022119000000000045 0.01851900000000001
7 0.689558 0.982832 0.020062000000000017 0.01736099999999993
7 0.6718109999999999 0.940586 0.019547000000000002 0.016974999999999903
7 0.707819 0.992284 0.020575999999999983 0.01388900000000007
7 0.685957 0.956983 0.01800399999999994 0.015818000000000103
6 0.7052469999999998 0.8703699999999999 0.01646100000000011 0.012345999999999892
6 0.03515955162045697 0.09320525125777102 0.09214227321223206 0.04169784262376855
6 0.10467615584810076 0.1717297007152079 0.08696968573511783 0.03603140177214252
9 0.27247396471344315 0.3247897559624623 0.03002091344532146 0.03073770491803279
7 0.05776978007556963 0.3673751008998034 0.04419782799245295 0.03871952578330434
7 0.04056250880692652 0.42229775357533095 0.04754052086583174 0.039694477871373195
7 0.15402179600824698 0.46033213986817406 0.04011231448054551 0.032173418906270845
7 0.14410720387455242 0.5092360461143054 0.04104084027870629 0.03203414003654684
1 0.07183213305898489 0.3883278677983541 0.10555984224965707 0.11614261831275723
1 0.16561631260397508 0.47677857332435875 0.08707347393689988 0.10046939300411517
7 0.2825498435923677 0.5789724726195921 0.035246151501295515 0.028577960676726133
7 0.27601864553167704 0.625985939643347 0.03410303307422646 0.02557727480566978
7 0.3358806942987528 0.6311988958820839 0.03010211857948481 0.024862825788751763
7 0.33214185220358056 0.6767865622032289 0.0276253619875019 0.02514860539551899
7 0.3845450388660266 0.6758173296753542 0.027434842249657025 0.021719250114311847
7 0.016967193304341804 0.579220289271551 0.03019041991893937 0.032263581801785
1 0.293842097396613 0.5941851314237737 0.06455658846097093 0.10621095863459741
7 0.482477180040574 0.5205134577616777 0.027498455922664283 0.01646003789061688
7 0.2095307386345225 0.7215341571886844 0.036149995139496446 0.026580878779041518
7 0.2670729155502478 0.7591696267715972 0.031212945525563245 0.024325172630257425
7 0.26992542651584045 0.7023209892899435 0.021085900715530355 0.018681876320765203
7 0.3127410920620797 0.717859890313594 0.019579764950135317 0.01286008230452672
7 0.38058185475074024 0.7161931130476881 0.02244210441378197 0.023072500605180325
7 0.454095437144431 0.7388963532336237 0.025517643627879835 0.0207330854476524
7 0.4513812943520948 0.7786583643190437 0.01964453517384399 0.022251992806454776
7 0.4189755626537236 0.8378377272055434 0.023527801305579115 0.021896896896896858
7 0.7470564080590592 0.6456602183735227 0.010154164769734804 0.011465279451541223
7 0.7625805638127883 0.6416790525160011 0.004017032216598335 0.00820144077555506
7 0.6753584694052277 0.6524481985436431 0.005021290270747977 0.012553225676869914
7 0.6581066113483562 0.6551882546098019 0.008480401346152067 0.011214214938003812
10 0.23364967647824034 0.8432819941732626 0.19793622669973315 0.17048567898649883
1 0.34454897254832406 0.6509694946992287 0.0536420553714112 0.09112143920833932
1 0.3962123253783507 0.6849221484559151 0.051040015372051675 0.07821131767305567
1 0.4602364941871115 0.7521713540232055 0.04550490661601772 0.07254405402553549
6 0.5115298103015897 0.646450327791373 0.020430670602050185 0.010413691326287697
6 0.5305236191363287 0.6863873644264468 0.030920933188090118 0.012127246732026212
6 0.5855592330460057 0.751143728160924 0.025863319514113112 0.009591378638997707
6 0.5879733453086028 0.7658353617949579 0.025099826687128353 0.007945097230811512
7 0.7255619086866189 0.8824198561101665 0.015882827658442 0.00890726145709927
14 0.7011859180570129 0.45606232435688143 0.01631034828866809 0.04516711833785002
14 0.7178782425901773 0.5084596807711319 0.02133470831049102 0.041515117241770594
14 0.6280556434877423 0.561556927297668 0.012750167071154688 0.005770549752031298
14 0.6068506240274424 0.5255748508479622 0.04897513772203152 0.04129195755926322
14 0.5783164413516606 0.47491651917478395 0.03352660434662563 0.03549875754348602
14 0.4802173382265507 0.5009374461851605 0.04810701462442004 0.053798010973936945
14 0.5078313466723429 0.5408418475947212 0.04456683695189444 0.032676803959131584
14 0.7588868094021566 0.6487391838224325 0.0418444268257384 0.08990259372522372
14 0.6686374875103728 0.6541272925875121 0.0433813443072702 0.06545781893004118
14 0.5863483420930818 0.6644220726619675 0.04545889558809451 0.06177966449284278
7 0.846497911289403 0.90908958391641 0.010884099884939482 0.010592561495164361
7 0.7976730293540525 0.9110754642442922 0.011272817737973014 0.014479740025499857
7 0.7503070391140381 0.9159056434921721 0.012050253444040194 0.010689740958422832
13 0.8255823220422734 0.9883810752704439 0.017545349481887604 0.023070987654321057
13 0.778375171467764 0.987697530864197 0.017129629629629606 0.022492283950617354
7 0.4792625106762948 0.8036429216165851 0.02290550508579862 0.024531213603540505
6 0.25388018063839957 0.3480082766911731 0.06542747491561474 0.024015119988902756
