7 0.20268458946078427 0.0920434091605392 0.08731617647058826 0.0662530637254902
7 0.41970303746498594 0.1771045332195378 0.07640165441176473 0.049115349264705885
7 0.6258623068432672 0.25246354431991846 0.06829470198675493 0.048246067880794684
7 0.7903258596654277 0.08914309363382901 0.06505576208178437 0.048065752788104085
7 0.785924499911489 0.02152275292087095 0.058859975216852455 0.0368842936802974
7 0.6111852483674518 0.018503742020691175 0.07720210580380069 0.029733243451463786
12 0.5674064080256502 0.7409398441715704 0.07753919563735519 0.08658304480754833
12 0.36325764150369594 0.692382499889001 0.07221283783783777 0.058910472972972985
12 0.1915066722357099 0.6648794071577876 0.06604030501089324 0.06632550130791817
1 0.7852391032023885 0.06852289276254966 0.13222477284977277 0.1462595642049235
10 0.4728816683305583 0.3805087233248467 0.4049784779333991 0.3274910593168084
