7 0.23668560780599923 0.4328560087341665 0.04519517742804926 0.05187371012587347
7 0.2052381140173579 0.4498801262973159 0.047598631267502904 0.040247130999910286
7 0.15485173205041272 0.5021732893053428 0.03041426191251741 0.03259481127394598
7 0.19019653471813963 0.4969072650279246 0.022907021604938273 0.03325536908436217
7 0.39342644155691087 0.4554740367522123 0.02136185509296094 0.02863593505996044
7 0.4284647946806524 0.45743834526650745 0.027745857764420435 0.033147706178732486
7 0.3905058404733519 0.51430572873068 0.04031809587365146 0.044604789975160396
7 0.42219332342789134 0.5039583743287447 0.01884600650032746 0.02664701738775809
7 0.6125898007371025 0.4756240948420167 0.03574771842039394 0.04286694101508915
7 0.6226889127452735 0.5273863839685095 0.05263314844635301 0.04405976024333516
7 0.9291445097490437 0.4760783033243151 0.05014460304132844 0.04635460397425133
7 0.9835347120875461 0.49740990546812336 0.028924913553951537 0.04277107245690841
7 0.40290247531742585 0.6316510070355973 0.04587946457545828 0.03059068085498434
7 0.6053156726881413 0.6412301772553805 0.054777138884191244 0.0323045267489712
5 0.1851088981311904 0.45519941544085063 0.0848150135441699 0.14687359001353587
5 0.4125374909145386 0.4676298967786818 0.06837610736078173 0.147788257661745
5 0.635678935469976 0.4779319258011054 0.08912928329870018 0.14683657534327044
11 0.342261488645177 0.6897272890484466 0.6562316284538506 0.35853264694410525
