13 0.14113494646093763 0.5559991171600809 0.048453685149591565 0.05842852687659453
7 0.36437657229274817 0.5646587215896698 0.046896130523927944 0.031354970989835564
7 0.360784385391184 0.6106767760116315 0.04701102494100967 0.033974777125462055
7 0.46496946791363325 0.4915072256318969 0.05030561607358991 0.03531794662309375
7 0.46890902252312044 0.5436081242532855 0.048525377229080895 0.03832304526748968
7 0.5947498825238154 0.4553117543313621 0.057314138436783575 0.04111666453073598
7 0.5832151288031328 0.4037391508673881 0.05426542739026853 0.03813882532418001
7 0.658388834741174 0.6083546539961013 0.05590751570283736 0.03614359974009099
7 0.537796792989541 0.6729411993954428 0.0475075823359887 0.03504077471967382
7 0.8567565297390616 0.20871171294559468 0.0668570712288513 0.05374024318188885
7 0.8846585401800443 0.2499607481534246 0.07513405661553818 0.05441053364595713
10 0.5601047856513565 0.7992687961995893 0.3414367198012119 0.2626363702484201
6 0.8077473942868935 0.03540677660122667 0.07745761079178845 0.07217034599114154
6 0.5693496153682043 0.2412920872955434 0.08201946699007993 0.035178965699536664
6 0.5022112661001548 0.3071543130699509 0.08400188441340704 0.0420875420875421
1 0.5713602202621753 0.42144578038453273 0.08915574628103 0.11759621133648744
1 0.4516534462370119 0.5057720005123085 0.06946871511860969 0.1144668448971467
1 0.3511164556284696 0.5803325579262304 0.06761722151654675 0.1092484882201782
