11 0.5092744664755534 0.3911942337553752 0.24896978021978022 0.3047733516483516
11 0.829299957769156 0.528891836249901 0.20712909441233146 0.3576589595375722
5 0.5559840486311077 0.08909442273412863 0.11547888386123677 0.1226668552036199
5 0.6427794835883069 0.05277351325145442 0.0961538461538461 0.09792138009049774
4 0.2841394025604552 0.5166918563300144 0.027590090090090117 0.07981418918918921
7 0.8374183006535947 0.08178271308523408 0.058815192743764184 0.04198554421768709
7 0.7552219605791035 0.13482796964939822 0.06519274376417232 0.047300170068027204
7 0.6652140022675738 0.05304660926870749 0.043225623582766444 0.0430484693877551
7 0.4897179332246899 0.20839774428475208 0.03727161030790853 0.03160545382472446
7 0.5886085398626457 0.1192053598088982 0.041772419627749593 0.03648477157360406
7 0.4917077850877193 0.14945582339638158 0.039469401041666664 0.03814697265625
7 0.5581406279375822 0.08019599548787366 0.04071489001692055 0.03093274111675127
7 0.5102487322131395 0.12653624545867395 0.04371026339691184 0.029589577656675758
