7 0.5504023155314759 0.24819955737229105 0.07276348039215683 0.044950597426470604
7 0.33463788741302974 0.35638719380714157 0.06779728020240353 0.05069971537001896
7 0.12944566292521395 0.46234457650625715 0.06862017804154301 0.044162648367952514
7 0.8107479479688369 0.9014101192960489 0.05877851975514747 0.04004069282136893
7 0.9877545277482673 0.8281419553422371 0.023895728992765798 0.04021415901502508
7 0.6210624705605277 0.9718567843264247 0.051138816925734076 0.0350145725388602
7 0.11239832452725253 0.9815298248053393 0.10618714080459771 0.032421875
14 0.709317724984489 0.43550161540550547 0.15118367984548964 0.1975292369631902
14 0.544678386464931 0.24437171491692838 0.08335980704606313 0.059517799628917435
14 0.4345662779526632 0.1362613720416775 0.09611660585109784 0.08289247047244094
14 0.5315561216485889 0.5679111059981643 0.1031418585952899 0.09904392312480548
14 0.44800190943807966 0.46921031096563004 0.05779459901800331 0.04794905891980354
14 0.31553344591249183 0.3404645894795659 0.16074744661095636 0.1492862116991643
14 0.3482689982496223 0.6705814301670311 0.1411610746852059 0.1247797507954866
14 0.2437425550437389 0.5616052109426449 0.0813887411957321 0.0606537645333165
14 0.1355455779523437 0.4416974949681437 0.15824343299501237 0.14290985795459404
14 0.8006575942529636 0.8760225767148156 0.1595992578849721 0.14316635338345857
14 0.9523727156747485 0.7791432840225123 0.08465334008097175 0.12010690789473691
14 0.6181349490106434 0.9341376429623092 0.13601782128514042 0.11851585682492587
