10 0.7067204586637598 0.7400912416344516 0.4953859583489213 0.22797418630751967
1 0.367657382723296 0.4368238478407969 0.07281812837368394 0.13478034311367648
1 0.5845263170225119 0.4038365553776512 0.06947784725562503 0.13478034311367637
1 0.8167310106406003 0.3573023348718658 0.09083450539146745 0.13161236130645418
7 0.3677297902444101 0.48827877775246203 0.06680562236117792 0.050354737854737874
6 0.4475081980042297 0.27858839242767813 0.049770188659077515 0.07766153599486933
6 0.6912307366574413 0.22988644269013814 0.036464030838151786 0.0800906391623691
7 0.8388284174837102 0.40256587306440544 0.06674219930197427 0.04907993436474447
7 0.5950525240648696 0.44820077613287485 0.06179520068408958 0.04835056918390253
6 0.12197073616826705 0.341523776863283 0.04218106995884774 0.06687242798353911
7 0.6033104412734044 0.3988086887392443 0.027724333279888783 0.045093795093795026
7 0.3842436712807082 0.4387960290738069 0.03874726096948321 0.044843274009940634
6 0.5676129265538987 0.2547799422799423 0.03874726096948321 0.07816257816257817
7 0.48268652766007275 0.6306570046649412 0.05544866655977768 0.038580246913580245
7 0.6981873946159658 0.5975627106579487 0.0605670050114495 0.04307806391139725
7 0.7955887204597941 0.36094506954211597 0.044928895139865636 0.0444405375839975
7 0.02719231492239503 0.5010654687892808 0.05176590092201907 0.04175457102672294
7 0.9287904462196401 0.5681281771968046 0.06344307270233192 0.044753086419753084
6 0.014288980338363054 0.37031893004115224 0.02914951989026063 0.05864197530864202
7 0.5649417454973009 0.40216149591149597 0.018371546149323844 0.039081289081289085
7 0.8370448507579309 0.35263485179976034 0.015627441787779337 0.019290123456790122
6 0.2179926840420668 0.314900548696845 0.006172839506172839 0.0048868312757201935
6 0.2356538637402835 0.31091392318244165 0.010631001371742122 0.006944444444444444
6 0.24149519890260632 0.3266975308641975 0.0102880658436214 0.006172839506172839
6 0.22290809327846364 0.3299897119341564 0.004458161865569254 0.0043724279835391094
6 0.9188074157209962 0.18187273974311013 0.019952612545205237 0.08347362514029182
7 0.015844489590387385 0.5497888667500128 0.02506902120122936 0.03711517424597597
