14 0.24750884792066963 0.4605834020047925 0.1099537037037037 0.09693287037037036
14 0.3265746456332876 0.5481610082304527 0.056584362139917695 0.038580246913580245
14 0.3902116402116402 0.6107292454018645 0.09516460905349794 0.08439429012345678
14 0.5187484412021449 0.5451944210624766 0.07008744855967078 0.07040895061728394
14 0.4626414609053498 0.4797212577160494 0.03922325102880658 0.03520447530864197
14 0.3816872427983539 0.4012466242283951 0.11316872427983539 0.10271990740740741
14 0.5273169581618656 0.3215623392489712 0.05787037037037037 0.040991512345679014
14 0.6010690642333154 0.3956362385936661 0.05015432098765432 0.06221064814814815
14 0.6592122534411806 0.4726745423584504 0.06108539094650206 0.0853587962962963
7 0.24087423778781805 0.4758080568265754 0.04712365823476933 0.03264482431149095
7 0.37781939491341204 0.405185982109059 0.04964171630838299 0.03021669688336354
7 0.5322259110137898 0.32926879517788615 0.05000143889032785 0.025360442027108725
7 0.06857667888263702 0.473868031235181 0.09604592937926272 0.042087542087542146
1 0.018853695324283555 0.6031436791240712 0.0383280884370209 0.038580246913580245
7 0.21065027378158693 0.8470345591557712 0.048100048100048115 0.043590668590668694
7 0.19131460103682324 0.9053205667789 0.055448666559777655 0.04709796376463033
1 0.2256359895248784 0.8572262123398486 0.1122334455667789 0.1317740901074235
7 0.3354914730576106 0.9487829924337862 0.0440917107583774 0.04509379509379516
7 0.3169926781037892 0.9923140131473464 0.034738923627812515 0.01402918069584741
1 0.36136274562200504 0.9405953271694009 0.0988723210945433 0.10121051787718463
7 0.5839597342865317 0.8279574456045042 0.04275559831115389 0.028559403559403524
7 0.6253006253006254 0.8571578884078884 0.03607503607503608 0.024551066217732835
7 0.7147088165606683 0.775362754529421 0.044759766981989184 0.033569825236491976
7 0.8507499520571417 0.7264227239717435 0.042755598311153775 0.03056357223023887
6 0.019329692940804055 0.3845857075023741 0.0411522633744856 0.02641263057929724
14 0.5886792815660938 0.8040756445264925 0.09038113918695435 0.08437175493250255
14 0.7059935564608459 0.7580699558892706 0.10191915695550166 0.08004499826929733
14 0.8377443860167653 0.711381029602128 0.11874543286796663 0.11357736240913817
14 0.7541777239336948 0.8046865985923618 0.016826275912464966 0.013340833044882799
14 0.7642334269194774 0.8145119418483904 0.014422522210684189 0.015864774431752632
14 0.7950014743022703 0.8426358601592246 0.0326910503442176 0.019109841929156452
14 0.8178371344691869 0.8672743356024767 0.035094804045998254 0.02415772470289594
14 0.6645454464769106 0.8891207586690452 0.03797930848813502 0.021633783316026285
14 0.932525322452633 0.7967460167615928 0.04134456367062802 0.0508393907926618
14 0.6669615271207517 0.9116235914003308 0.00961501480712287 0.007932387215876316
14 0.7075148551978769 0.9322808497750086 0.0519210799584631 0.04795488635052489
