7 0.11500677506775071 0.9840891768292683 0.10873983739837398 0.027057926829268376
7 0.13943936314363145 0.467701981707317 0.06808943089430894 0.04496951219512191
7 0.33913448509485095 0.36833079268292684 0.06504065040650406 0.03963414634146343
7 0.5666073848238483 0.25800304878048785 0.06910569105691054 0.036966463414634144
7 0.9926778455284553 0.8307164634146342 0.012169715447154417 0.02896341463414629
7 0.8174361207897795 0.9033917682926831 0.05538617886178857 0.03734756097560972
7 0.6299860264227644 0.9697027439024393 0.0579268292682927 0.04725609756097562
1 0.14640774125132558 0.963033536585366 0.12703252032520326 0.06364329268292686
14 0.14776670632559982 0.444926754907793 0.15599593495934957 0.14100609756097557
14 0.2562669376693767 0.5701219512195123 0.07723577235772355 0.05487804878048781
14 0.3510947893569845 0.6625987389135256 0.13871951219512196 0.11699695121951219
14 0.33777278562259305 0.356095555198973 0.16565040650406507 0.14710365853658533
14 0.45991418247515814 0.48098746612466126 0.0579268292682927 0.04649390243902438
14 0.5413617886178862 0.5710873983739838 0.10111788617886178 0.09717987804878048
14 0.5223125564588978 0.20925643631436314 0.23831300813008133 0.23894817073170732
14 0.7174542682926829 0.43742378048780495 0.14583333333333334 0.1821646341463415
14 0.6390193089430896 0.9412342797256098 0.125 0.11545350609756096
14 0.8280033731188376 0.8848031266216916 0.13770325203252037 0.14138719512195125
14 0.9702893352462937 0.7757801291248207 0.0625 0.11128048780487801
