7 0.37360235358570376 0.9874605528571452 0.040746360928455065 0.025506870679480695
7 0.4405047662288814 0.9683741086272862 0.03334649248731938 0.032636197243755376
7 0.4414698756499438 0.9168629695448041 0.034762922262922255 0.029421160927008826
7 0.37439341882515026 0.9126510205123859 0.03825653774802009 0.03363632511229753
7 0.3110313155532794 0.9427377959354702 0.040179067956845685 0.028465965965965952
7 0.49810365851118754 0.9681108682273702 0.03811166091867844 0.027334183035937386
7 0.3800921206629667 0.8603784403669726 0.03775437006833538 0.030793408086986045
7 0.07566632072669714 0.8687657572222477 0.05282720083918341 0.039431281771967974
7 0.22158860000281372 0.787618863891736 0.05966587112171838 0.043460325878782596
7 0.23900664332763102 0.7348894308770851 0.049123197271345426 0.035799688577466376
7 0.13546570891731186 0.6990064544336252 0.06480472847575242 0.04302454006293875
7 0.14779928134516992 0.6471452234904366 0.058299039780521256 0.038473079561042504
7 0.030591828556706294 0.5892463117967797 0.05326391548285525 0.044278953990918524
7 0.039871215155961696 0.5391146176666267 0.06368291278984853 0.04075491636382376
6 0.6546393298530049 0.9775219711117146 0.044488933377822254 0.016041682708349454
6 0.5559081541351282 0.8826898743350993 0.038580246913580245 0.014502287059241536
6 0.19501893473086884 0.4597848425008918 0.08133727269529739 0.03017173156062044
6 0.12982207752769684 0.3905147830014378 0.08602712339495867 0.031928123675539745
1 0.5153182413387346 0.9591934379741548 0.052520441117699844 0.0638953695602863
1 0.4483038823316599 0.9388619675078007 0.06090874146429702 0.10111416361416364
1 0.3954822887619068 0.863221066012535 0.06565701209031892 0.11207466703156346
1 0.24943698565132705 0.7554207336096629 0.10640905646922494 0.11796920265632664
1 0.1619771643371526 0.6538676939531295 0.10166169328886547 0.11244953484289975
1 0.05133645131717045 0.55285390233129 0.1008633906237392 0.11750585007665612
14 0.4102845026082925 0.545017062593796 0.09439606473924662 0.1072080057349703
14 0.5318916557448666 0.503783190136401 0.08891828336272788 0.11078042328042327
14 0.6773938999468098 0.4564804316788443 0.03747795414462083 0.06723985890652555
14 0.6411471262835785 0.4370605704670032 0.002985066337892803 0.004477599506839292
14 0.643964427265272 0.443768292208838 0.0014578230952499518 0.002290864863964277
14 0.650574066753404 0.4667163841140449 0.00527593120185708 0.008018027023874968
14 0.6561823732064147 0.48317290337270846 0.004581729727928671 0.01082954299328564
14 0.658628606971687 0.5026737665626554 0.007150275181464311 0.02098223954949104
14 0.47438684389588776 0.6187891685307706 0.03993757223731385 0.018772499392654386
14 0.4970690889102021 0.659605165560875 0.03339515188862154 0.03553363848064921
14 0.5992103214325436 0.5895776729110064 0.028423485213608633 0.01656749341934533
14 0.6135846697899979 0.6175400546745576 0.02579740234061226 0.02004319133948764
14 0.7323121890686731 0.602379804367896 0.020323835794619938 0.008620109664614673
14 0.7311733534422504 0.557022025431426 0.049758356600621174 0.07652975409560331
14 0.5969033379217286 0.7857883919403107 0.07877182502253242 0.08443070740458229
14 0.7134460927130853 0.7743041701318176 0.07462694769793526 0.08548416835936136
14 0.828583390134934 0.7601542785581873 0.08258556794583295 0.12519291516144948
14 0.6468536233068978 0.8471557926580002 0.016351892731583682 0.008814692175619318
14 0.6596180575209273 0.8737551335509391 0.013626577276319697 0.019801120104652188
14 0.7397354619576841 0.8282053420942309 0.0028875028875028582 0.0016041682708349276
14 0.7478146367035255 0.8280060363393696 0.012191678858345543 0.005534380534380527
14 0.7550185140357012 0.8458340898087632 0.01669849466993019 0.01361655773420469
