14 0.35581726220292753 0.570557741275672 0.13412610619469026 0.14034845132743365
14 0.6213088993273369 0.9249445973599977 0.09541737825389424 0.12099004424778759
1 0.13255193358251866 0.8734534484617592 0.12688386524822695 0.15749667553191493
1 0.03262275654942829 0.7228268834129395 0.06593528368794326 0.13214760638297873
7 0.09729199500919357 0.9274188583530337 0.06261081560283684 0.04986702127659566
7 0.11506353427895981 0.8516179078014184 0.06648936170212766 0.042386968085106246
6 0.04902477112682044 0.4487948592160847 0.11942675159235668 0.0428642515923567
7 0.3463421658986175 0.5880076324884793 0.0529233870967742 0.037802419354838704
7 0.533826164874552 0.5387264784946237 0.05796370967741934 0.03465221774193541
7 0.9401975431606906 0.8729701728799089 0.05229083665338644 0.03299302788844614
7 0.7637565679311736 0.8969691884635373 0.04523572377158042 0.03486055776892431
6 0.515697456355701 0.9688746675531915 0.07092198581560284 0.02784242021276597
7 0.25422416843595186 0.09587314225053077 0.033174097664543524 0.03682324840764332
7 0.6085611258669027 0.9266233676405488 0.03444555112881804 0.02956922310756962
7 0.011866504137115838 0.7181058843085105 0.026041666666666668 0.034375
7 0.01801608688551364 0.1738451586232239 0.033174097664543524 0.0348328025477707
14 0.7650411750245822 0.8912933259587021 0.08112094395280232 0.12064435840707972
14 0.9344412040761596 0.8578979786806114 0.09080014749262541 0.13378042035398224
14 0.44588864306784665 0.6825912610619469 0.024428466076696152 0.01140763274336285
14 0.4800323842503527 0.7392566852635629 0.04148230088495577 0.04805033185840708
14 0.5355899119726553 0.523384824062368 0.1221423303834809 0.15728705752212385
14 0.6456489675516223 0.6793763827433628 0.036412241887905594 0.02385232300884956
14 0.6273045722713864 0.6411978508217444 0.03180309734513275 0.01382743362831862
14 0.6776526982474403 0.3665083289953148 0.04516961651917413 0.033877212389380504
14 0.7399380370655382 0.4578158065602154 0.1161504424778761 0.11822455752212387
14 0.795807214847591 0.5460395925516224 0.028576696165191724 0.0286919247787611
