7 0.262993097343466 0.1419832542305845 0.04223521767381417 0.045890188434048074
7 0.2205497277181865 0.1431065947194979 0.007530966312328324 0.01876359403241125
7 0.2465347561170128 0.19878546990142598 0.05069265001435547 0.048113156761412555
7 0.20961525899797503 0.20124191651969425 0.011431184270690446 0.030864197530864175
7 0.4627634717511447 0.12774225309190979 0.02496878901373282 0.04005409904286307
7 0.5056757756508069 0.1226602597447635 0.03282933370324132 0.044215563878485235
7 0.46944738213710907 0.18087921354180095 0.032606341403697135 0.04387730598638304
7 0.5066569092122104 0.1765007247463388 0.032724053827537174 0.047143825747944734
7 0.7162051825026992 0.10682172319242939 0.04158505133058385 0.046013138520783765
7 0.7569492973056916 0.09478547926857676 0.012520382017237305 0.0181982296762171
7 0.7356585068414461 0.15401475142667456 0.06285843433059302 0.053058875045907825
7 0.7752646511123298 0.1470758708630383 0.019320311443420446 0.02354662957166869
7 0.345012461600881 0.3663438967136151 0.06104010896655651 0.04686684924360982
7 0.5652853390752178 0.3480633186181867 0.056151448478181175 0.04144511673389563
7 0.797975041049598 0.33244958301291794 0.06512628836787861 0.04270963113980443
1 0.2397469257154548 0.14023090470503688 0.07641402954446666 0.14337190293787097
1 0.4839729565700013 0.12538180565918738 0.07020768570328927 0.14916498462129948
1 0.7391526241139 0.10031558489232065 0.08671259510128855 0.15215401685140129
10 0.5064467697146107 0.41715284050988666 0.018234132958613505 0.009409816320385378
10 0.48065939213184017 0.4178227298145996 0.013717421124828513 0.010413530061226542
10 0.37104392663330327 0.501880913614994 0.1506567163486604 0.14196236738748058
10 0.6155826973137886 0.5010202953625946 0.17394500715864164 0.22110897611227642
