10 0.19831133815808147 0.8236956624568376 0.1288964571212336 0.06607421597843041
10 0.44374674802516445 0.8412711082730238 0.18684073601059556 0.11130622960124874
10 0.4822530864197531 0.7306688573151696 0.0727259826876685 0.10820207180360429
10 0.20044155611788458 0.7234972252752714 0.09573616826703248 0.08983686067019393
10 0.5341135401428252 0.9084943193470325 0.043408118343518876 0.03178704729092323
7 0.20566863159455753 0.6179145415256526 0.05338672005338673 0.036286286286286246
7 0.4255336183567918 0.6150634597524458 0.05804550767801955 0.03362636306864579
7 0.6426415189207587 0.6207407020638016 0.05603321575543804 0.03318360523221636
7 0.6747905160277236 0.5352565078784924 0.02626164175871774 0.02101608187134509
7 0.6884069742256876 0.45398797920727735 0.028833658219623207 0.013198505523066973
6 0.2806552939314378 0.263530581392101 0.03706729605422419 0.07574210239651417
6 0.40507494149923323 0.2672098160251755 0.029313422900024214 0.07517474582425564
6 0.5296205080708254 0.2674305095092249 0.04084967320261442 0.07446555010893245
6 0.8739058723626624 0.2719463428375466 0.05358367626886149 0.07210831863609642
6 0.9875219689064945 0.28084827873040497 0.028583047852972308 0.051414743714045606
6 0.7476783938079358 0.2681026772653945 0.027304819300606603 0.07514920133403544
7 0.13857115309606138 0.4571423719305626 0.05176902141758373 0.040922178834851886
7 0.1598265819955561 0.408340482388672 0.04322302423118896 0.04338737033092735
7 0.39142545354827935 0.4036985854965977 0.023337146162847267 0.04018262138602925
7 0.3545841804627747 0.40956915624114776 0.015777225574882637 0.03475920009466334
7 0.3873830919185802 0.45506709961229785 0.02908925965368991 0.04338737033092731
7 0.3513132662049949 0.4575043246502245 0.02005022416808004 0.040798919260048104
1 0.3717260289680926 0.42203580150008724 0.06670284448062228 0.15601682268348932
1 0.1392388803736321 0.41852396683956966 0.08903133903133903 0.13651471984805316
7 0.5851384555088258 0.4086821100709989 0.02713336046669382 0.041971916971917
7 0.6252543752543752 0.4058981142314475 0.011870845204178547 0.01823022656355988
7 0.5955812999463793 0.4548017568850903 0.029677113010446426 0.041971916971917
7 0.631415909193687 0.4576104836521503 0.01639307194862744 0.03349274182607515
1 0.6052358571190963 0.42436834456608447 0.070094514538959 0.14499389499389498
