6 0.5791501712965506 0.21159548473782203 0.08224248413810607 0.050545714796922527
6 0.5104023776863282 0.2696684277481245 0.08057287210202499 0.031780955873365144
6 0.5040922278388523 0.28342598830655386 0.06781717656783134 0.035699714402284755
7 0.8174866098427664 0.503739718711974 0.04170837504170847 0.03513930597263929
7 0.675184347011912 0.5775346053123831 0.05380152465762658 0.039971665654725715
7 0.9339188935322533 0.22193777182292826 0.06839658588629775 0.053297896662094175
7 0.8972476517055399 0.1715079464741522 0.0706321340028442 0.050732434779325694
1 0.8896378421137721 0.1698358145594344 0.1367095130197855 0.13008756326366389
7 0.6143086830815567 0.3696600627404138 0.05108751488876468 0.04288112415112876
7 0.6226552651252831 0.4229078657051168 0.05467012017973394 0.042361465600363
7 0.4859942076211918 0.459788291038291 0.04716254716254713 0.036575036575036635
7 0.48924993369437814 0.5111111824074788 0.05154727376949596 0.039061497394830745
1 0.4652808259284415 0.4706898824814531 0.0770943562610229 0.11439594356261024
7 0.37884589748587194 0.5333777591775286 0.04430998655421098 0.03688860949587018
7 0.3770633931517609 0.5823916285882704 0.045001192807379686 0.03571064177124776
7 0.23136958833902566 0.6385945082031916 0.038084356850423676 0.033522168269383396
1 0.21324489677286185 0.6558431089470232 0.06868354065118039 0.10091108650596092
7 0.22204171273695283 0.6852622055737732 0.037373692166925244 0.030126573046372514
7 0.15206016832117897 0.7318116231483319 0.041881514105668 0.0287105182953004
7 0.16215829616905322 0.6863481279560729 0.03681513757766481 0.02938037097555066
7 0.10274344319611711 0.7280699396954703 0.034818722074124495 0.026729730304577128
7 0.09338918470008246 0.7725790632076818 0.037418309921287626 0.028181895524927683
7 0.5504874649662984 0.6411335052328507 0.05634381383781861 0.03753941291411317
7 0.2942835748228859 0.7749631379017347 0.03498775428599989 0.03366009396711144
7 0.22743296030681162 0.8127676243277747 0.04456889377524299 0.03342667033143224
1 0.5967572128678523 0.3846524356622582 0.09142758191163043 0.12064272399462167
1 0.360828617448356 0.5449514347312108 0.07079925551396536 0.10958851259935731
1 0.14464934314189654 0.7062607762555375 0.070496221238709 0.10158706476781215
1 0.08666838384149149 0.7480519133291966 0.06617538064078944 0.09575577578722226
10 0.5969707834629159 0.747570334247798 0.34361407503629143 0.15386793243943872
10 0.5926354414886299 0.8591382008845069 0.2783037747911108 0.1142047439806874
10 0.1604333091261196 0.9889100702009199 0.06717501815541033 0.01565904139433548
10 0.19994567605460692 0.9152132244896508 0.1890396076125924 0.11399437574340675
