7 0.3475872689938398 0.5845097535934292 0.050693018480492805 0.03481134496919917
7 0.5322720441627234 0.5344737635032588 0.05497091033538677 0.036094712525667386
7 0.9250620294318957 0.8636421971252567 0.03807323750855585 0.027752823408624217
7 0.7641287100989358 0.8952436648310622 0.04662902121834366 0.027592402464065736
7 0.6056036494306515 0.9250090419077843 0.04384839151266249 0.02438398357289522
7 0.09839151266255988 0.9206271542241125 0.0556125941136208 0.052618069815195054
7 0.11734699898510702 0.8470779048360828 0.057537645448323065 0.05069301848049292
1 0.13241345500586751 0.8740786258569582 0.1272697795071336 0.16688959143968862
14 0.9358551057517466 0.8688798718776916 0.09366925064599485 0.1280886627906977
14 0.7672648991148494 0.8871690994557149 0.10981912144702845 0.12021560077519382
14 0.612769837424634 0.9207508175872091 0.10376291989664092 0.12203246124031004
14 0.7573538115530306 0.48281582919034083 0.06036931818181811 0.07368607954545459
14 0.8168600063131314 0.5958017676767676 0.06628787878787877 0.10431463068181816
14 0.5338432063692481 0.5191317471590908 0.1236979166666666 0.1571377840909091
14 0.35130692579201095 0.5654276698088843 0.13257575757575754 0.1566938920454545
