7 0.029162449392712547 0.9174389549595142 0.06747638326585695 0.07195723684210531
7 0.06690705128205127 0.8406423962550609 0.06874156545209176 0.0729061234817813
7 0.12310222672064777 0.8504712803643724 0.012440958164642376 0.03937879554655872
7 0.35778453579418346 0.5365063968120805 0.06543624161073822 0.05977348993288585
7 0.5057139924050875 0.4016265371796345 0.06863121576064053 0.04956453460809103
7 0.6641120405819296 0.24595577143950992 0.07000909264931086 0.04688552833078106
14 0.3551102849265739 0.529534211255351 0.19479166666666667 0.11022655380978871
14 0.5044990840149965 0.6124249371591685 0.08133435582822089 0.05546875
14 0.6235431184375463 0.6781030324882173 0.1340839952884372 0.07972665148063784
14 0.5049575120640414 0.4014701072046595 0.2085883312933496 0.11694843941248467
14 0.6545629024269439 0.4781362767989811 0.06609088657751366 0.04689821693907872
14 0.7769486197768954 0.5493676439307997 0.13020833333333345 0.08384146341463419
14 0.5918875263713079 0.198798457278481 0.026107594936708858 0.01700949367088609
14 0.7238164709187149 0.2775175218668002 0.2392220464135021 0.13594442246835445
14 0.931348815580721 0.40529603643525364 0.12770802560315117 0.09970457902511076
1 0.09203539578497066 0.8489524788523278 0.15864228284771853 0.19923700350467283
6 0.12736458333333334 0.5910972222222223 0.10447916666666666 0.08718750000000001
