12 0.8867354812295287 0.9661705200984717 0.08868098422496566 0.06062725051440317
10 0.6064799861230742 0.7682956789625007 0.3423373847577121 0.2613886496315436
10 0.1902915820622673 0.911157431874138 0.18846372702399278 0.1447181601624778
6 0.5805831721320479 0.2132578543832794 0.0736098987127793 0.05144032921810699
6 0.5009561460182613 0.27626215399433734 0.07026719322588675 0.05081029636745294
7 0.8024047256008302 0.5082678545078944 0.03791418687390347 0.03581353597953858
7 0.6665467634838274 0.5798778851315082 0.05158943162163785 0.037014671676507425
7 0.5504460509334126 0.6438416828915489 0.03994684966528743 0.03311383590675148
7 0.2916106769655365 0.7727498406569687 0.025012270170272216 0.0273719182995432
7 0.22694667201533616 0.8085027911806939 0.03571923983909004 0.026876127063393034
7 0.8965879799213131 0.16973188848188844 0.0610500610500611 0.04515160765160767
7 0.9249523910017734 0.2201935795685795 0.06896395785284672 0.05278286528286528
7 0.6128108785113615 0.42085480798037683 0.04889821992535164 0.04127189204708585
7 0.609488915636633 0.37080574972209346 0.043814001339841174 0.03880455067470571
7 0.5457654677974804 0.4112484847034804 0.04466137110409286 0.03887931859508084
7 0.4827377487492475 0.45836253969025736 0.04215507123649928 0.03537683290992559
7 0.48178108580568785 0.5099927946398062 0.04345500735392435 0.03676962160716673
7 0.3739457907839252 0.5830046867855511 0.04503886602652034 0.03463648834019206
7 0.37689653739036444 0.5332231782849066 0.04160951074531323 0.031035665294924603
7 0.23202034937607718 0.6336439798972099 0.03927808083708169 0.026168772131304446
7 0.22349337334333583 0.681285290458417 0.03987622420008294 0.030804383194564088
7 0.16479945080953234 0.6824900715735226 0.03647959601921533 0.027205990851409168
7 0.154153308203773 0.7280874630918894 0.037094420671224544 0.028896758644434608
7 0.10300467080173498 0.7226857804445396 0.03356270660460095 0.027322404371584733
7 0.0915874183804927 0.7671199770829858 0.032981530343007916 0.026263070458321092
1 0.887525792209888 0.17494949071746463 0.1325577714466603 0.12782356532356534
1 0.5923132399830683 0.382814437230901 0.08201335507415163 0.11592272303750294
1 0.4668382374143689 0.47612504479788437 0.06580654728802879 0.113191895599303
1 0.36228465582467184 0.5508807130329149 0.0664913885078494 0.10973936899862823
1 0.21310434787894922 0.6521127814467229 0.07042426023907507 0.09966563786008227
1 0.146987730019131 0.7012185680663944 0.06660863142344625 0.10003660177271281
1 0.0895664329684705 0.7336857682831729 0.05360489752678972 0.08661456423420122
