7 0.06675387152695449 0.14763160425327876 0.053976120095055924 0.039123630672926464
7 0.22350686569419148 0.22009496948547566 0.048496877137506875 0.0343753153698658
7 0.35036882843331923 0.27982611750433123 0.04532713067334645 0.031646985149400605
7 0.06198907603894725 0.08476415211610393 0.04342205248147162 0.0370074310921633
7 0.22221099180957365 0.16619660910648243 0.03983556948126724 0.030462494309204346
7 0.1916207327954224 0.06786759511555153 0.048496877137506875 0.046884986712416324
7 0.2091897477991119 0.016612884639323033 0.05901079276341332 0.03355753552294433
7 0.2908325599893941 0.054914068803878356 0.0461278518933151 0.03469306838324469
7 0.3533325534130687 0.1019873530244251 0.051440329218107 0.039698514940060846
7 0.3523557140929636 0.15769280636510824 0.04840450651015313 0.040224650880388596
7 0.47201844100889967 0.17749206518827942 0.04373469285749984 0.03545634028090168
7 0.47125979025620607 0.22864369302541346 0.039004205670872365 0.03391670058336726
7 0.5714658088832961 0.23082966800840696 0.0353733246260534 0.0268215318593152
7 0.6321482753295362 0.2780119845747145 0.03696209086201725 0.029062934347150658
7 0.6377506925374303 0.3250206922017454 0.03885841841101591 0.02818091247098458
7 0.7029436583899754 0.32359290470245516 0.035603643593656045 0.02670273269524203
7 0.7092234395535734 0.36543421966905837 0.03595436623359836 0.025551838924439265
7 0.7647626681058423 0.3623634095621582 0.032652299654818445 0.022351276549429363
7 0.7696111991705051 0.4005787734690688 0.034076505009463326 0.023929520237537097
12 0.19605985127427622 0.49071739949228543 0.04122791091745342 0.03588530319535221
12 0.2346234917763567 0.4991107567874469 0.05012394284047828 0.03637783124331687
12 0.2735000828804757 0.5069731870247104 0.04592886537330981 0.029547570056829352
4 0.7072573728166008 0.548174408719794 0.05580496321237063 0.13210811821922927
5 0.22836137899239853 0.06930291560964817 0.09776545667579978 0.12046066456527448
5 0.20813207061578093 0.017500612230618526 0.05977366255144032 0.033950617283950615
5 0.3805229449410931 0.0970099832573307 0.118772061229058 0.12467699132186577
5 0.5004060855831628 0.18206857113397934 0.10611883517300616 0.11827529082446038
11 0.4509932577006474 0.4172845316781031 0.3342597909422486 0.34089810778717466
11 0.16406889353232143 0.5859538893404466 0.37288989669942046 0.41173518826135097
