4 0.36178214315972407 0.08692679260085541 0.1362081956761143 0.16542031591759784
4 0.1889638757625277 0.08914732736641166 0.1579646776406036 0.17581778432472875
4 0.05885967586736919 0.11943330461295748 0.12393846427459873 0.19151178990114565
9 0.47310152012947454 0.3365573615324288 0.024528767338334367 0.0480413428869378
9 0.35342263239095406 0.34808402526676785 0.019355870298837813 0.051203640586735315
9 0.5955127459682332 0.3341027578424252 0.022063866698943002 0.05683021665456309
12 0.6099657119597183 0.28986902913664975 0.044802128135461576 0.06454772079772078
12 0.49182302365669883 0.30553138247714917 0.04150326600119247 0.0470828785123267
12 0.3809568409582591 0.31119010198076064 0.0422063501032058 0.0473067313345091
11 0.9537939412756861 0.3405713287765284 0.09867674187597557 0.44799648786717755
