12 0.6280193236714975 0.7855955196591518 0.05272633744855959 0.072096836419753
10 0.526159348551906 0.4465163128930814 0.45814043209876537 0.3257619598765432
7 0.25349738325281795 0.17083710748792266 0.08031400966183574 0.04981884057971016
7 0.46509086726478027 0.2543241028295376 0.07397342995169082 0.044836956521739114
7 0.660288345410628 0.32045403079710144 0.0501207729468599 0.03826992753623189
7 0.8100113453374321 0.16794987922705312 0.0618961352657004 0.048913043478260865
7 0.7975637832125604 0.09384199501811594 0.06219806763285026 0.04528985507246377
7 0.6184451457067165 0.08223761103319308 0.07125603864734296 0.057291666666666664
7 0.6158749329039186 0.016430152979066023 0.07518115942028984 0.03215579710144927
1 0.8263786538933923 0.11343189633996556 0.10869565217391314 0.17255434782608695
1 0.64128474182822 0.06284702616224352 0.11141304347826093 0.11277173913043477
