7 0.8053928423076181 0.1507776727235843 0.04890453834115806 0.03627086593635889
7 0.925845436079354 0.4513285215039601 0.013624735846958053 0.03044711378044704
7 0.8880879086972275 0.45830440655709476 0.060477143810477224 0.041708375041708295
7 0.8864234604975345 0.4106120008897786 0.01793460126793456 0.02523356690023357
7 0.8895414233731003 0.39639088412006374 0.017795417201580316 0.01804411235183024
7 0.8587116528292997 0.4095860566448801 0.05010893246187356 0.049836601307189525
7 0.5036549707602338 0.6832663255360624 0.01692116092700885 0.018782488628979875
7 0.5337132717576325 0.6700422246465363 0.05332228532016686 0.03807261208577
7 0.7493697210036957 0.6433053727765745 0.06178430846305235 0.04078183709071384
7 0.9680211342324276 0.6141791319386947 0.05110301558388991 0.03478546852863788
7 0.155473293250691 0.7217105457600782 0.04067374868408459 0.03790733563020383
7 0.03684776841866815 0.5802343701875599 0.06087892173519085 0.04672103295956503
7 0.06649907126337498 0.5322844691324115 0.056641994430611256 0.04405900429198935
7 0.39377364915598023 0.5333155667231392 0.013404272869751715 0.026894470565591563
7 0.42698485923943497 0.5268401151570883 0.04261871373972336 0.04184539030493004
7 0.39883271629199396 0.46999363549758766 0.011456643478420268 0.02637892160906267
7 0.42244463386095 0.4751825147457417 0.05063836417461757 0.04674310539195473
7 0.6412488877766654 0.4495967321488154 0.017656545434323125 0.03388805472138809
7 0.6218551885218552 0.44448615281948606 0.024746969191413646 0.04337671004337674
7 0.6543862703282991 0.43821901611756686 0.032393504615726924 0.03983149816483154
7 0.6354757080973494 0.49562089322437897 0.036765160221950324 0.04321451080710333
7 0.673392125351331 0.4913931645010551 0.028732436139843574 0.046574352129907674
6 0.7186956631817595 0.27777029125827707 0.033338832522203016 0.07862121587065908
6 0.5831243569958847 0.322146243721254 0.01071673525377237 0.01834452916969255
6 0.593265855725006 0.3333219862018882 0.0027737432421527618 0.005011649721617046
6 0.5934929264460237 0.2883988190726846 0.027830537089796284 0.07904731812003052
6 0.5806157543101321 0.3035765831779021 0.0028372363837325483 0.003885780264677153
6 0.4703610693278994 0.31753987349643414 0.039485886512490596 0.07546145201552952
6 0.14588890448780947 0.3738942098540115 0.043214787314495615 0.07145172220748994
6 0.04464021375492199 0.42763243109216326 0.004810966041981231 0.004996003197441985
6 0.0408443086800401 0.3937931004402827 0.05754655534831393 0.06820932143174346
6 0.02607492550021286 0.4029049004304433 0.0033505195276161645 0.0029563407596612727
1 0.8707647583866409 0.40244779190734437 0.09950860776186396 0.1350669460848017
1 0.6397326269333437 0.44267372665246946 0.07600128333268194 0.1331949862324306
1 0.4125164746726507 0.475094180184638 0.061954790855483534 0.13203449966579658
1 0.04650215728169269 0.5338591193368231 0.09645061728395062 0.13137098875297032
10 0.7267483711962338 0.7967731628960768 0.47847657918999753 0.29067734472608686
