9 0.06251284272726769 0.9040000062478134 0.028427550357374914 0.05380929174788821
9 0.1464578704037949 0.9085848695240614 0.02481770269294636 0.04839452025124539
12 0.04226777808953736 0.8314116278526001 0.05920996227709191 0.06028163580246913
12 0.19273300674705715 0.8271528301153221 0.05411951303155009 0.06349665637860089
12 0.697506368802665 0.806553934266608 0.046885716735253734 0.06570698302469136
12 0.9807535089653144 0.7782072126690184 0.03643689986282575 0.07555298353909462
7 0.3356774808688907 0.37325115231277695 0.05437977660199886 0.039840010078105295
7 0.5529960367450918 0.3527786776086096 0.056479381876207296 0.043619299571680516
7 0.7770339176234868 0.33910124896519456 0.05794910556815311 0.035273368606701945
7 0.7151330549856625 0.11480154231004572 0.06340807928109513 0.0505479969765684
7 0.7304915564762712 0.16459738902419677 0.06634752666498699 0.05228017132779037
7 0.4761064919795078 0.18915343915343907 0.0640379608633577 0.05479969765684051
7 0.4751056801321351 0.1385214579659024 0.06067859242462412 0.050390526581002765
7 0.2501096460532087 0.16199621137892742 0.043671789703535746 0.049130763416477694
7 0.23194985496572795 0.20831516367230649 0.06445788191819937 0.050390526581002765
10 0.5214875848721076 0.4984113568688997 0.4593257679677432 0.21277590722035167
1 0.23390172025649614 0.16859629432728857 0.07534189632955066 0.14769609677017084
1 0.47512005799950613 0.1498394438209254 0.06598910919898575 0.17302656191545082
1 0.7204965752633788 0.11929674834767434 0.08313588560502132 0.14769609677017084
