10 0.5127288796077746 0.47030132473298925 0.3028458818756158 0.14318162058772385
10 0.46034118625016157 0.5494173877087682 0.15161360190599954 0.08546724555496478
10 0.5868873924429481 0.5626439836966153 0.14496820052375617 0.061654557268592355
10 0.12863573503911344 0.6148974664665312 0.17371210652187963 0.0953396677654967
10 0.09008790640553294 0.6906318676879323 0.032857173636696616 0.03757029280589493
7 0.7321714644745108 0.24967680176846171 0.029235870562809012 0.03302913224975578
12 0.6741925211779157 0.695414571525263 0.05348883790378382 0.04831066317054519
12 0.7743309898817433 0.6751384410753621 0.05235077752285223 0.05309051677045774
9 0.732171146072326 0.74414211870425 0.019119414399650408 0.04028733748497755
7 0.5944290203790462 0.3158569434001067 0.04529480316107652 0.036190320113623935
7 0.4736816449443018 0.3767531060427669 0.04485260313295436 0.03248309617519426
7 0.5506462239850038 0.1487201599538201 0.050494734931009366 0.04311909949164851
7 0.5540953287412982 0.09512678528201401 0.04652323892519974 0.04255174291938997
7 0.4862708114795986 0.13518215928346647 0.04614500121036065 0.04127519063180826
7 0.4187551522110345 0.18704749479872027 0.04406469377874605 0.03716185548293389
7 0.41272908162839417 0.23832399738311671 0.04406469377874605 0.0380128903413217
7 0.3093916964934122 0.25991009829857864 0.03914760348583879 0.03375771604938271
7 0.3038285953569002 0.31030744137559435 0.044821169208424105 0.033899555192447355
7 0.16448123523568645 0.36015403926577017 0.03895848462841925 0.027233115468409598
7 0.16010144664414347 0.4078245378264026 0.038580246913580245 0.029502541757443684
7 0.10173193648744362 0.4055601364345463 0.03460875090777052 0.026098402323892555
7 0.09180669867398264 0.4494357113558729 0.03479786976519003 0.02680759803921569
7 0.035788852578068256 0.4845452069716776 0.030637254901960783 0.024396332607116926
7 0.044057129024449276 0.44430827886710234 0.03006989832970225 0.024396332607116926
6 0.2635346300178585 0.12544494671558348 0.05556526127804951 0.02547752154670392
6 0.21396807992202727 0.18021036387264452 0.0668724279835391 0.03330084470435348
1 0.5377458641600517 0.11164729924216872 0.07484146259191796 0.13123608581258855
1 0.4019177053760368 0.20542719456559885 0.06683026377926193 0.11969363489172234
1 0.2952004708188201 0.2805955671662459 0.06683026377926196 0.11226219388787693
1 0.1496647900422113 0.37888447932920294 0.06851683195034743 0.098506122242461
1 0.08750673559820224 0.4223031935061574 0.05924070700937732 0.09550192268771507
1 0.03206501096500349 0.4625232711752099 0.0529160763678068 0.08807048168386962
