6 0.47789636672466645 0.7993288391428771 0.0492214903195515 0.016550925925925962
7 0.39176405342567033 0.5551279141902774 0.03682773825791254 0.026066458135001597
7 0.5246038613899466 0.5309910692020531 0.03880764201376876 0.026350308641975292
7 0.6628604218446538 0.5055769465835472 0.039115022613372484 0.027884732917736226
7 0.035070699073278484 0.5276671889598591 0.052008069674434235 0.039951485926521285
7 0.015751934530293773 0.5836627226640426 0.029290403671302652 0.04308298130137208
7 0.13455828453231639 0.6306074235335761 0.047024232550569624 0.03749624644614271
7 0.11488065754720214 0.6851958617980273 0.0494282666244278 0.04223838930523245
7 0.21711395332191816 0.7208600042484674 0.04308751327499521 0.03446728642567909
7 0.20430801640537624 0.7736466085172954 0.04665745230788452 0.036603649823131204
7 0.34138543336955157 0.844582474985311 0.036836607070811885 0.03223121725936463
7 0.3326360310928213 0.8976819701646092 0.03744855967078187 0.03283179012345676
7 0.39314545934113876 0.9027505640994715 0.03656768116251322 0.03246268218622229
7 0.38657890523200605 0.9509918712316967 0.03754499878530889 0.03160957618321956
7 0.031278296782172754 0.7978691832858499 0.04094981485162364 0.03243777468583676
14 0.377770988594991 0.5119915474674304 0.025029999190205907 0.015390688840301226
14 0.40446329549462307 0.551063460681125 0.07572016460905352 0.09158950617283945
14 0.4529320987654321 0.6205529835390945 0.03636831275720167 0.016666666666666684
14 0.523438860959227 0.5172672026841018 0.0812064786018702 0.09654878585116074
14 0.5808296391629725 0.5999932968682968 0.028748192637081556 0.014737654320987672
14 0.5851591047353926 0.6184644967284707 0.020651686638358778 0.009397147045045844
14 0.6813501765787189 0.5266657876618165 0.10695817573556024 0.1455466093245658
1 0.05579512542839415 0.5431465066012063 0.10406378600823046 0.11354166666666674
1 0.1481954824376207 0.6508919221557344 0.11054526748971194 0.11561493558776167
1 0.35628160352676974 0.8620956597321463 0.06949588477366256 0.10997381571211987
1 0.23066314018567852 0.7421437784704852 0.09209394803613466 0.11435695218034925
1 0.40640841933583194 0.9193200709578853 0.06422419016320337 0.10575733366109495
1 0.45472433949643515 0.9553925544234518 0.055171525737556674 0.07986817385654149
