7 0.27019700275310377 0.3074962014960262 0.08655394524959743 0.05963164251207727
7 0.5931194941744814 0.28457125603864736 0.08202495974235108 0.056989734299516925
7 0.9238133372160743 0.2600829935934769 0.09261551155115519 0.05693069306930689
7 0.8547343383063958 0.022504511154855644 0.10908792650918642 0.05151943897637795
7 0.4919898921091018 0.04181696907769795 0.0930971843778383 0.08791723433242507
7 0.12430091879244416 0.06241796496033782 0.10030864197530866 0.07865109427609426
10 0.28499314401981596 0.45594687168259024 0.128052016985138 0.1313694267515924
10 0.3028271315230752 0.5576391216895742 0.10615711252653928 0.0452826433121019
10 0.6979514204832675 0.5372782074613285 0.1094745222929936 0.042296974522292974
10 0.6975284068569629 0.43587999823071455 0.11411889596602975 0.13286226114649677
10 0.489216997961264 0.3840249904434251 0.05861365953109073 0.015768348623853214
