7 0.8250732265579332 0.5380645358194653 0.06082592060968692 0.04527235949007395
7 0.796120935756556 0.48978893630705267 0.03885516553766754 0.04361140319396682
7 0.8293461060534493 0.6599367339171449 0.05813054544589545 0.023750267608649074
7 0.6218811403996589 0.6749179735290844 0.04615726837949052 0.026797630964297596
7 0.3953567765296161 0.6913163163163163 0.04838171504838172 0.023565231898565214
7 0.09079673835272457 0.7405014833955403 0.053662004566397324 0.04319449571387556
7 0.5832416508183276 0.5598426830942841 0.04816007634043056 0.04238755945024904
7 0.6101982523171154 0.5520403130222251 0.016471947996495734 0.018841515934539206
7 0.5667362952250876 0.5065162185100724 0.018411397659409173 0.03941712862537162
7 0.599729176676206 0.5045142684119515 0.029581767387580775 0.037405214012659005
7 0.35122789237455937 0.5786652776698795 0.03275153501910871 0.04062054843304848
7 0.3787541547958214 0.5747076586154404 0.025472855333966475 0.028471480294396955
7 0.3796274995952935 0.5267777266569537 0.048458281147492094 0.041152263374485624
7 0.40844165741285077 0.5150728329740676 0.048446447623402354 0.029088281403096182
7 0.1038332571254382 0.5439948774005486 0.04543895747599452 0.03290037722908095
7 0.03184656492912666 0.5586768046982169 0.05772748056698674 0.03665123456790124
7 0.014980867807378527 0.6082649718431883 0.024291266575217192 0.03675840192043898
5 0.8257649804799378 0.49193998047548454 0.11550605859424004 0.14751712616199045
5 0.5868924951517557 0.5099492421487299 0.08749178750258918 0.14459864654073698
5 0.35957014764428474 0.5263536013093768 0.0758181052776274 0.14310173087686257
11 0.5969444577635233 0.7329390508400448 0.7501221245226042 0.32605572129943206
