7 0.16302361428934653 0.5327219202898551 0.08863304093567252 0.05927905701754392
7 0.3881567270145545 0.6240119974707136 0.08652822151224702 0.049171325878594276
7 0.3239144316730524 0.3378083093869732 0.07146990740740744 0.05881076388888888
7 0.4473039215686275 0.3369635839249493 0.0660615808823529 0.04207835477941178
7 0.549853657273104 0.4565804043203481 0.07422900262467197 0.05828617125984259
7 0.539955604883463 0.38557418840177576 0.06741352201257864 0.054982311320754686
1 0.35482785950465107 0.2858736969543409 0.10909619272237195 0.18478352425876007
1 0.5689628068680235 0.4042128744257595 0.1063796155791603 0.1722543626707132
7 0.740942634105305 0.5546051532808787 0.07694972288202694 0.05474317102137771
7 0.7293387896313124 0.4765681477847775 0.06556809184481385 0.044722387173396605
1 0.7613674952846297 0.505303409499563 0.12816245006657792 0.16721765542285097
7 0.9815569671433433 0.6221195895045966 0.037347846441947635 0.05091292134831456
7 0.9711025280898878 0.8639308286516852 0.05313670411985025 0.044241573033707834
10 0.4072952497300021 0.8142261630888136 0.4277395013123359 0.3246280698992444
