7 0.6464980605605603 0.7034358577327329 0.07770270270270269 0.048564189189189214
7 0.34682317373395294 0.6821758925676406 0.08000984736582963 0.04708271787296905
7 0.05007188256658594 0.6635233807506051 0.08050847457627118 0.040254237288135555
7 0.6746031746031746 0.4683152384474501 0.08127289377289379 0.06674965659340666
7 0.6848436489980606 0.5404740021008403 0.08041437728937725 0.07748111263736268
7 0.3752495347022093 0.4443429732528818 0.0840537944284342 0.05898775216138326
7 0.3570084854306756 0.5178914505283382 0.09305955811719499 0.07294668587896255
7 0.11606946782812384 0.41675721488178025 0.06519471488178025 0.050199930458970775
7 0.06587623530982907 0.4263070913461539 0.06980613425925927 0.06374782986111112
7 0.0335532191674433 0.5013506232525629 0.07003096846846847 0.06967905405405403
11 0.3268371872857438 0.7484968809923884 0.70625 0.29760654391424624
5 0.06909137183947583 0.4171913689578524 0.1477987421383648 0.21594146594146593
5 0.37594373109977947 0.4458569479429052 0.10705289672544076 0.2172544080604534
5 0.6997049434178991 0.47990266066907805 0.12923312861572736 0.2122786114562302
