10 0.4493087688067202 0.7632986132344047 0.3477105797780903 0.23929520237537116
10 0.9041437003782685 0.9124357775283697 0.1539936401047514 0.12111859334081558
1 0.5367853661873623 0.47345970850114005 0.0709746314528312 0.11525238318487264
1 0.38410421673431516 0.3905276584601481 0.0673933427097984 0.11842670729801534
1 0.6693270274493902 0.5459606494680331 0.08204406938584143 0.11036880762619163
1 0.8540024855074082 0.6377775266224632 0.07813720893889668 0.10206672917643378
1 0.9389156850955701 0.6823886346118699 0.07130020315674326 0.09815986872948904
7 0.3703559005168632 0.4347286613070329 0.038091889357712155 0.04028949835911866
7 0.2551022699308262 0.5679345776010263 0.06153305203938113 0.038336068135646204
7 0.659526879199875 0.5742779633536489 0.04981247069854668 0.03198741990936081
7 0.5234572862327198 0.5105778246601032 0.0491613272907225 0.03784771057977802
7 0.37019603197408185 0.383959313199139 0.04851018388289838 0.038336068135646155
7 0.5211150780771033 0.4621365117145708 0.0455800385476897 0.038091889357712155
7 0.5492084576707174 0.6821076023783478 0.05241704432984318 0.03565010157837169
7 0.646642025135268 0.5272669133084654 0.04395218002812945 0.03540592280043764
7 0.8542152193164241 0.6746447304945745 0.03809188935771209 0.03247577746522899
7 0.8354877686957425 0.6226771166690447 0.04199874980465696 0.032964135021097
7 0.9228400723844985 0.6709608158883524 0.03581288743032766 0.02783638068448193
7 0.9411626816690107 0.7174827121425223 0.036464030838151786 0.03003398968588844
7 0.8279249825143544 0.7956070365490654 0.041775782516523155 0.02829218106995882
6 0.4937002710092256 0.29239469508456856 0.06316091055894153 0.06299812470698543
7 0.45866751693392943 0.42396524910646305 0.04558003854768976 0.038091889357712155
6 0.7677600914825482 0.4521958416121565 0.05404490284940349 0.03345249257696518
6 0.9691072364431942 0.576369682001724 0.057756412043548463 0.0385024924206907
7 0.9040404040404039 0.8274410774410772 0.03398179324105247 0.025720164609053613
