7 0.7776123476110435 0.45118059178113945 0.05089694545876082 0.035727482177012736
7 0.6365629494354021 0.5158105589730446 0.04425381263616556 0.03252844347615587
7 0.5235299789198735 0.5700262296375183 0.04207260153302044 0.02970555752770872
7 0.12331624277586631 0.6794677190852053 0.02917762935977872 0.027575389597247545
7 0.18283915137758228 0.6475486836896637 0.03460250373830622 0.028500722945167395
7 0.19803065375982046 0.6046284605312382 0.04052874423244792 0.02794145155256269
7 0.2536441840782288 0.6091323264430011 0.035288880202395324 0.029825890094139825
7 0.26151778218934246 0.5641271833092505 0.03496252355481194 0.028598499252161166
7 0.3301913598963315 0.5212783795951744 0.0352804176411957 0.02266705154395001
7 0.406975588292098 0.5242854308442612 0.035921659076787536 0.03321357262207826
7 0.4081452985588131 0.4745349522622308 0.04364327144292145 0.03607404977155638
7 0.5211323557953443 0.4605774349293257 0.05686808577829095 0.03580468958166801
7 0.5163416234269695 0.41104736983360185 0.04756366672630755 0.035225442834138504
7 0.5742378360272417 0.37104691901203535 0.03932792611733181 0.026579995693367796
7 0.6501349111372539 0.38742670598217777 0.05608855173781547 0.03567510783876241
7 0.643672773302403 0.33501010931566494 0.05227449671894107 0.038475975975976004
7 0.6957332544357477 0.2921485185918736 0.048495933269595795 0.03195535602943009
7 0.971708895780733 0.20766485755750388 0.06163147849943339 0.0490174151607324
7 0.9508591611830116 0.15823014682381295 0.06982962565356562 0.05199946323134729
7 0.9697099650579705 0.12458038323577775 0.06013796942406717 0.030379614719389266
4 0.1806277525088441 0.806437148039853 0.08948473936899862 0.14326935442386834
4 0.1750452624465424 0.7805408042846769 0.02759559327846364 0.0335567772633746
4 0.14443658550525834 0.8455504115226337 0.08010759602194788 0.09424029063786014
1 0.17564205804783548 0.6181489946044133 0.08628039283196431 0.102060892233535
1 0.23765833406298337 0.5831179171826336 0.09155153831079754 0.1094255217519107
5 0.3853749024658708 0.48560787236864683 0.10232354295731749 0.11518362526184427
5 0.4949367486689224 0.4224395514760257 0.11409252347380394 0.11987042220946181
5 0.6263050948399763 0.34020385297236827 0.09641167277764272 0.116136575501262
11 0.7184219366759047 0.8215742315444695 0.47472075249853024 0.3191137566137565
11 0.3792240995376356 0.7087800873771072 0.35978236091614774 0.36049472699132573
