11 0.5330938780012853 0.4531380399435955 0.17185746352413026 0.1977237654320988
11 0.7715763603109281 0.49655992798353904 0.14540466392318235 0.2582304526748971
11 0.26108646262002744 0.5870677806712963 0.06965877914951987 0.10770318930041155
5 0.6777319032813499 0.09374216270571917 0.10680582411952327 0.10148619168030142
5 0.616090683364989 0.1616587171632873 0.092431841563786 0.09434076003086418
14 0.09767780281876465 0.2725008622603979 0.021497451016522312 0.09289969903568578
5 0.5653132769392167 0.2031018860775699 0.0752410785578282 0.09923376942448259
1 0.5053122981077437 0.26780650750026475 0.048168506158298076 0.08820289665401558
1 0.4757098556466646 0.2950156863400677 0.045833089540303906 0.07313790884091043
1 0.44519798131598504 0.32226714042542104 0.03969851494006083 0.06625738056897473
7 0.9380831721657529 0.25178865340851253 0.049881531363012856 0.036710515705411687
7 0.6975685034628124 0.0757960704607046 0.03983488908963167 0.032934357121349
1 0.35090453966482205 0.4164321375707596 0.028734237622641212 0.04674453153014701
7 0.7071456437749337 0.1265998414316457 0.034293552812071366 0.03386095065503833
7 0.9244156835357058 0.18323199975246757 0.04177109440267335 0.031038243757542015
4 0.3711043172987063 0.5110874019354679 0.01742003180692863 0.04841744134572819
7 0.7624460503864298 0.011056534176452876 0.04422613670581151 0.023995031616982833
7 0.6407560223659561 0.18528520053889352 0.03746521087561547 0.03255905230857059
7 0.6373470100959057 0.139437053300458 0.03382162318621714 0.032445161777475744
7 0.7591291802658342 0.20457385333396397 0.037722908093278426 0.028149291266575227
7 0.6965189927009771 0.2472416975732019 0.03315043438500235 0.02557727480566987
7 0.5854469490489946 0.1856116458229965 0.03270772378029932 0.027635829865482988
7 0.7625735007258463 0.15680555833161217 0.02800115780068212 0.02689998867368897
7 0.5873899567640776 0.2302361697140179 0.027217794447048985 0.0271526801062666
7 0.5164891936019402 0.29400226906071 0.02673811307643032 0.024634352910518267
7 0.5146907129247998 0.2548404048416982 0.025380848453261204 0.021580507508387886
7 0.5636505704016253 0.20332083137990312 0.027087565765484278 0.020022659790592284
7 0.6305412555412555 0.31641264280153164 0.019695621547473462 0.02172311200088977
7 0.5290385128518299 0.2385847212938206 0.025720164609053558 0.01843908859840231
13 0.024434000000000004 0.50463 0.02006200000000001 0.017746999999999957
7 0.018236370893375722 0.25364612723710955 0.020874336494304292 0.011928192282459602
13 0.0643 0.507137 0.016461000000000003 0.018132999999999986
13 0.105195 0.508295 0.015946999999999985 0.01736099999999993
6 0.6935168614771012 0.48810901675485013 0.01248184458968772 0.005268311028114995
7 0.05293245282866172 0.42421200699224293 0.011608215885502022 0.005974816999890789
7 0.1013701419306139 0.42636914871428144 0.012518664190247273 0.0059748169998907015
7 0.06188203321315415 0.4500317518846279 0.012063440037874651 0.005462689828471553
7 0.0197112057977348 0.4478893532175243 0.013201500418806217 0.00563339888561124
7 0.10208401616956189 0.4524074529298226 0.011380603809315708 0.005291980771331779
14 0.0230395453354731 0.2527082457292518 0.027383657842474863 0.0585421657146367
14 0.030227236019263533 0.3051657009875178 0.013819789939192926 0.015739205208525238
11 0.32913773148148145 0.6026154192386831 0.014199674211248325 0.0833895961934157
