7 0.36145465657347475 0.2885541722246925 0.05084564333119249 0.038580246913580245
7 0.5929464306953067 0.27318382930136303 0.05500844453959425 0.04237136944266038
7 0.8209001505404846 0.2594529569481401 0.059765931634910396 0.040810318989509764
10 0.42441945914168133 0.48164682539682535 0.1455761316872428 0.04861111111111111
10 0.6976851851851852 0.4681327160493827 0.16152263374485595 0.04822530864197531
10 0.40592471556523846 0.3945851488743646 0.08641975308641975 0.09104938271604938
10 0.7035429526748971 0.38252314814814814 0.07510288065843622 0.08603395061728394
12 0.05880025324469769 0.7502572016460904 0.0411522633744856 0.0625
12 0.19843496695348542 0.7421787317620652 0.0486968449931413 0.0625
12 0.9759063849175202 0.7080342580978022 0.04200960219478742 0.06790123456790123
7 0.5022112661001549 0.0976030142696809 0.026822457378012976 0.04519400352733686
7 0.5370309131883205 0.08822935038212815 0.026455026455026523 0.04932760141093474
7 0.7804722712130118 0.07534171075837741 0.05070546737213409 0.04767416225749559
7 0.7568644741847358 0.02374792509596431 0.04372427983539095 0.04409171075837742
7 0.49467225161669603 0.03772597001763668 0.021678424456202217 0.03995811287477954
7 0.5333259847148735 0.03401360544217687 0.028292181069958906 0.048776455026455015
7 0.2703726314837425 0.11682183557183556 0.04703115814226926 0.05208333333333332
7 0.2867798353909464 0.060350529100529085 0.039682539682539666 0.04464285714285714
1 0.26693676441770126 0.07518150006916345 0.07678225611232146 0.14183914306463324
1 0.5177336291336768 0.05790496528331295 0.06997397724521906 0.11659177559912853
1 0.776439289064391 0.051514203771786476 0.09153352699104336 0.09673429557007988
