10 0.46840321126369816 0.6945690716465529 0.32600308641975306 0.23823302469135801
10 0.8859468588134108 0.8290523089572703 0.1960618980951169 0.1691713997072674
1 0.09396256699616759 0.155109827754444 0.10553222179797209 0.13324105892834417
1 0.4173868159043385 0.330021645979861 0.0768953374909847 0.12608183785159732
1 0.5602718947507035 0.41260564241663905 0.07636502481863308 0.11812714776632305
1 0.6780690319254655 0.47371987341918614 0.0790165881803912 0.11096792668957613
1 0.8429619077767228 0.5664664743882851 0.07716049382716049 0.10327635327635325
1 0.9210420759126999 0.6086288035488951 0.07597340930674248 0.09971509971509966
12 0.2290361508256379 0.8892901588109682 0.051440329218107 0.05926244113529341
7 0.05999450319386571 0.19699962924227082 0.04984939120105214 0.048921344024436805
12 0.35558379013369745 0.9085490425844734 0.04666751516694244 0.05369415807560144
7 0.08404193207553269 0.14199121802214587 0.04560688982223919 0.04971681303296424
7 0.4016542066245738 0.3703772874921837 0.0551525179245683 0.04096665393916255
7 0.4015729578921637 0.3200058182876052 0.04560688982223919 0.04096665393916255
7 0.5443129269017012 0.44573310423825907 0.05197064189045862 0.03778477790505281
7 0.5418590255360015 0.39431760329526655 0.04719782783929406 0.03579610538373427
7 0.29511900216367576 0.4936084065164822 0.05356157990751349 0.0353983708794705
7 0.4404069972989408 0.5498812099613933 0.03447032370285521 0.0302278223240423
7 0.6662896625668675 0.506804152637486 0.0493190785287005 0.03500063637520683
7 0.8349319404874959 0.5960232668566002 0.04194365305476423 0.02997388414055087
7 0.656830124184076 0.45805757074371045 0.047728140511645686 0.03261422934962452
7 0.8223480908666092 0.5500299597521819 0.04273504273504274 0.027896486229819502
7 0.5560124403194278 0.601405165408602 0.030227822324042274 0.025852742777141446
7 0.9131812546164398 0.6367719214941437 0.038778094333649815 0.029380341880341894
6 0.4954619069490328 0.20502349054567784 0.07954690085274277 0.05528509609265623
7 0.803589421322812 0.7049098335878834 0.039773450426371385 0.026648211785668882
7 0.8994863161529826 0.5916806958473626 0.0411522633744856 0.027599715099715146
7 0.9659306742640077 0.6268399810066476 0.03640392529281415 0.025225546058879337
6 0.41217532626467346 0.15234251345362457 0.07159221076746847 0.06403525518645793
7 0.9811233776511554 0.6707205603038936 0.03755144032921811 0.028490028490028477
7 0.11719910058970769 0.1565306237891194 0.01962156887700988 0.022670866743031703
7 0.09337582361637346 0.2094225139757786 0.025455008272877687 0.02823914980272369
