7 0.7146019345238096 0.7743520585317459 0.09755291005291002 0.04960317460317461
7 0.39428219940094134 0.7710004813863929 0.08485772357723581 0.047637195121951234
7 0.05958493795464271 0.7641006097560978 0.09654471544715447 0.050685975609756094
7 0.026567944250871077 0.45413218641114994 0.04065040650406505 0.057926829268292665
7 0.35670731707317077 0.46483013937282236 0.038109756097560954 0.050685975609756094
7 0.2940509693558474 0.4627110694183865 0.030487804878048762 0.04878048780487809
7 0.3480691056910569 0.5316310975609757 0.037093495934959364 0.06288109756097562
7 0.29053084648493555 0.5310706599713056 0.03556910569105695 0.05716463414634143
7 0.6318597560975612 0.4685832698170732 0.04420731707317079 0.055640243902439046
7 0.6853658536585366 0.45967987804878047 0.014735772357723557 0.02667682926829267
7 0.6669207317073172 0.4624618902439025 0.020833333333333332 0.027820121951219523
7 0.6629192073170731 0.5383955792682926 0.08993902439024382 0.06211890243902447
6 0.5385675684118456 0.2599415844058478 0.047944260485651154 0.11460057947019867
6 0.3651122148638705 0.27343750000000006 0.017246136865342206 0.09390521523178808
6 0.17075787268549808 0.256120970739289 0.04346026490066226 0.11692880794701985
1 0.324342208344525 0.47468334508460924 0.09548611111111113 0.18803615196078433
1 0.6610659614723082 0.4693849167956656 0.10569852941176473 0.19109987745098037
10 0.06730801141643436 0.9174942751891676 0.10640681003584228 0.1306283602150538
10 0.27435533651931493 0.8736559139784946 0.0571236559139785 0.024361559139784994
10 0.46657208283552365 0.9298617333731579 0.11200716845878134 0.1281081989247312
