6 0.2646187765742186 0.17266015483342007 0.029859041672579315 0.08270363275152547
6 0.5281023641787954 0.1824096382749657 0.039667915566201924 0.08349456421595725
6 0.8899372764315292 0.20187680029634048 0.036743092298647806 0.07754059478197406
7 0.6442068913490954 0.5481844623648463 0.057675520638483545 0.034423452633329146
7 0.4270381902715563 0.5439928620852907 0.05462689828471542 0.03840953785644056
7 0.20120580967141813 0.5354422913946724 0.05668934240362812 0.04346182917611483
7 0.6201417466849566 0.3323393903992085 0.05317985725929908 0.044171587045983174
7 0.6288030670746719 0.3795615978851846 0.062269872211392754 0.053106412755535584
7 0.3895274689806891 0.32211048439262324 0.05689930293104895 0.042989417989417994
7 0.38591884997113746 0.37032224532224534 0.06726812282367835 0.048181665828724636
7 0.159083981100442 0.31305518642356345 0.06188914609053498 0.04460841049382716
7 0.1414090501792115 0.36163795964423207 0.06724751371742113 0.051842206790123455
1 0.1532597870046909 0.3100688010360292 0.08455539288480754 0.1345702442723377
1 0.3908628772841635 0.3165440894841119 0.06832082627289601 0.130023699805962
1 0.624385883930444 0.3259577522078711 0.07069001216450546 0.13495593878635406
10 0.5124037737578722 0.6632468814113005 0.07147407379333719 0.09694669362111386
10 0.4776654314480234 0.7464811390965302 0.17076621414846438 0.0740623211239374
10 0.24967244937429633 0.7395404252875527 0.149642662872088 0.05906897998321941
10 0.23242900224819363 0.6508344363245977 0.08491769457458608 0.09574072815943187
10 0.3854496293325013 0.6151460199670186 0.05496872725111797 0.020056157240272786
