12 0.5499625387832221 0.6524847900306219 0.028478559074372297 0.03806206356046452
12 0.4048643222844348 0.6337399314840257 0.04546255395728725 0.039642088571752165
12 0.28434721143054476 0.6118847394889062 0.04874240985352096 0.041143270309936954
7 0.30040352413746213 0.2115202341959711 0.06634752666498699 0.044721592340639944
7 0.4533591950768302 0.2758605636727451 0.0475075823359887 0.03645656359723636
7 0.5774904883919558 0.3265722866035147 0.04852861246991232 0.033484742604239476
7 0.5736626717334113 0.14998291838234676 0.05590620988977553 0.044162597753165826
7 0.5707357328472012 0.09403159858679686 0.043170179826128335 0.03324600055575405
7 0.410394992892653 0.06712360289877337 0.06258263879603629 0.049480888831069325
7 0.4019462690373185 0.022117005865076853 0.06743299567373645 0.036107154162709716
7 0.6930671933274939 0.16396604938271603 0.04462293618920131 0.040090919232485485
7 0.7066526496139174 0.21507665004995288 0.04037536137714116 0.035755148741418726
7 0.8415611945558767 0.4261287070725916 0.04573913404028151 0.024975122057405836
7 0.9102940299397626 0.45401681875111827 0.047563666726307734 0.018786902844873846
7 0.9669115744897158 0.3474218908611994 0.04283610148917907 0.028518851585398346
7 0.8800636269300691 0.3084895886160719 0.06366377378478591 0.03609735973597362
7 0.9487591332829428 0.30358077837616515 0.031389098849416305 0.02802973041068278
7 0.8760867116450282 0.25973799143606907 0.04189229751382952 0.02920095684050205
1 0.41941922563817957 0.06899317377874245 0.09391849011284967 0.12187582587684524
1 0.5818355674550005 0.10739453709878558 0.09235425902092564 0.15123740853169904
1 0.709047281563002 0.17188343579782733 0.09188531565074774 0.13814329652570265
1 0.8811274895526846 0.2742771949482038 0.09488403357574109 0.1213145354228556
1 0.9568541736546516 0.31931171832827004 0.07677851118445189 0.1118254186529764
10 0.496505949994077 0.4294678482245408 0.31419786229472624 0.23445001758952191
10 0.9199099751322816 0.5486815183533074 0.1583201550248291 0.15754654928152198
