13 0.2912189716312056 0.45502659574468074 0.0453125 0.069921875
13 0.45229983660130724 0.46300091911764724 0.04375 0.06710937499999999
13 0.615531914893617 0.47087932180851066 0.04500000000000005 0.06500000000000003
7 0.8336418698260801 0.4434292407154249 0.04137949039264832 0.0395520050125314
7 0.8396523733592162 0.5012100058929562 0.04454381586245144 0.03730761231281203
7 0.9090957439844997 0.43484837699316625 0.05054100227790433 0.04084211275626419
7 0.8979879289117287 0.37076127649751084 0.049038796102992305 0.04273225469728601
7 0.9774384469696972 0.35150568181818176 0.04781249999999997 0.04695312499999997
7 0.9681580272024981 0.28123844304733725 0.05809294871794878 0.044946915064102554
1 0.817301285865976 0.4625884598050199 0.0800734348198971 0.13039343910806175
1 0.8811119440279863 0.3977267616191905 0.09382183908045978 0.1427801724137931
1 0.9415704365079365 0.30554761904761907 0.10095238095238095 0.14526785714285712
