6 0.06782668336613587 0.47277017355519757 0.095276435856146 0.04428341384863127
7 0.016428373916296618 0.9787488410676816 0.03533726963678654 0.03488996242619443
7 0.18795848989085703 0.9046564680622651 0.05278225084988368 0.046296296296296294
7 0.21215517876501105 0.8455882352941175 0.04696725711218464 0.040928609769189606
7 0.32022226198286313 0.9920155662909285 0.046072642691000136 0.014425657541599716
7 0.33307346914432256 0.9462624287503514 0.051440329218107 0.04193505099302199
7 0.5772499552692788 0.8231011808910359 0.038915727321524436 0.03153515834675251
7 0.7092279477545179 0.7750100644122382 0.038021112900339896 0.03321256038647347
7 0.8456491918649727 0.7240338164251207 0.038915727321524436 0.03321256038647347
7 0.5267489711934157 0.32924047235641435 0.0496511003757381 0.024490069779924864
7 0.37472144960067666 0.4058093007368369 0.04830917874396135 0.029857756307031684
7 0.23683196388510397 0.4765370163920889 0.04473072105922345 0.028515834675255012
7 0.3495258543567722 0.5830314009661834 0.026391125424941812 0.021470746108427276
1 0.013203934772562225 0.6042863273255431 0.03025901718712176 0.03653776325344954
1 0.013746239236435316 0.7401895943562612 0.0257201646090535 0.025871459694989087
1 0.21711941172962293 0.8665228705545558 0.11286613410796416 0.12776870007262175
1 0.34836197853627054 0.9444444444444443 0.09259259259259259 0.10008169934640526
14 0.633766944852754 0.4470740258801415 0.10579237518440866 0.13503086419753085
14 0.4906385451921278 0.2950361224154232 0.12374796179827624 0.12156417423713023
14 0.3773723558838863 0.3988739975375195 0.10724823355850606 0.10409387374796178
14 0.4567755648730491 0.48480083857442346 0.041734606724124566 0.03275681341719072
14 0.515470921655408 0.5438904903331003 0.06745477133317807 0.07060913114372239
14 0.3860869472089019 0.6114103151079947 0.09705722493982452 0.08407582110412298
14 0.31155369205683664 0.5492745665701639 0.05241090146750522 0.03639645935243415
14 0.23845956127456885 0.45698892342787373 0.11161580868079819 0.09608665269042624
14 0.5878600823045267 0.809326355340848 0.0880658436213992 0.0858024691358025
14 0.6194330132601737 0.859670781893004 0.030041152263374414 0.0225308641975309
14 0.6579561042524006 0.8915123456790123 0.030041152263374532 0.019444444444444303
14 0.6986478542034097 0.9332892416225749 0.04650205761316877 0.04567901234567887
14 0.7193860527193863 0.7702786119452788 0.09711934156378599 0.0996913580246914
14 0.7883597883597884 0.8437830687830686 0.024691358024691357 0.018827160493827055
14 0.8066529492455418 0.8629115226337448 0.018518518518518517 0.010493827160493933
14 0.8469444444444447 0.7191126543209878 0.10946502057613178 0.11172839506172837
14 0.9357315169575705 0.8112494678586631 0.05843621399176962 0.08364197530864195
