11 0.6213262779699068 0.7567983661123586 0.3818569428535064 0.32017318244170095
1 0.08707175396704434 0.2407773840369861 0.14733526393334348 0.20290352080475535
5 0.38760487740718713 0.40914381524565474 0.11172666314510289 0.12362590590197635
5 0.5205567202422549 0.4862275797810389 0.10493827160493827 0.13503086419753085
5 0.6407857822729327 0.5398719415749839 0.09961460578744522 0.10226827356456986
7 0.024500105518624034 0.3118569958847736 0.05144032921810699 0.04228988603988605
7 0.04774246672394819 0.2611585944919278 0.062321937321937325 0.04451566951566951
7 0.49737268634689086 0.5280510109627844 0.05220240816948638 0.040866483767718315
7 0.3530488841627186 0.46153444016495493 0.07348618459729572 0.054790434692395494
7 0.36865346587568815 0.3959034792368125 0.06079311634867188 0.0681417348084015
12 0.3529257309610511 0.8519611265196252 0.050759000354291026 0.04215722344861416
7 0.23051250364493403 0.5345335250557386 0.06038083983787876 0.03274947911807683
12 0.39809602431133656 0.86846451120614 0.05154099522440466 0.04003889734483324
7 0.4977951579657998 0.47637103888517823 0.047400512787365616 0.035348393768987185
7 0.37888940316967207 0.5906432268494117 0.04442804690859739 0.03084756811409112
7 0.7864376522309279 0.6184890779404175 0.04183059738615301 0.03147893772893773
7 0.6200804205890837 0.5849902417916247 0.046362528479838835 0.03096354580617818
7 0.7985759051984852 0.665550251339498 0.04325034860889847 0.02951669618336281
7 0.4398493845364297 0.42932531105747984 0.04133196758136103 0.04641422718205832
7 0.5031968518064299 0.6398210319406971 0.041561060692775174 0.02963780557599537
7 0.3135999874110875 0.36576109340198215 0.04709796376463045 0.044592752926086276
12 0.45017452833657545 0.8759030040762937 0.044456708363993125 0.03870799607554572
7 0.6127845833200414 0.5364697977477908 0.04272405121170558 0.032150205761316934
7 0.7148652890909777 0.5706155043371791 0.03827486237336708 0.03786768298641645
7 0.5572614680708399 0.4825858872717233 0.031225758950288524 0.03833372776397269
7 0.8813073330893038 0.7051138065289009 0.03849936589279705 0.026448093796102197
7 0.4998735118560826 0.5923867086040286 0.039588880819817596 0.024774570321955954
7 0.8648158926932324 0.6613145748450407 0.03778247505846074 0.02766672793554516
7 0.9487649453789465 0.7367338795161438 0.03386674026198916 0.02670476466049383
7 0.9377727099722216 0.6983340114940354 0.03386072156298704 0.023972192256981845
