12 0.27933311448631865 0.6730973423624649 0.04783048155367842 0.043148960363872654
12 0.4044439480903904 0.6885925429571872 0.04783048155367851 0.038580246913580245
12 0.5522253483011861 0.7139860831163741 0.023358108675568947 0.0274589002267574
7 0.2902666836860969 0.2664155102143549 0.05002454034054443 0.03610261637784574
7 0.38676048031757904 0.19829004746539472 0.04208754208754211 0.028935185185185185
7 0.46035020519448133 0.3260721695065129 0.03292960468886394 0.03127338196782639
7 0.5185883255528989 0.2560134863123994 0.03838539718169348 0.02718153759820428
7 0.48304301776523995 0.11037315724815727 0.044815438333956854 0.029958146277590712
7 0.39271602628941454 0.1265034821812085 0.05553217358772916 0.044718013468013476
7 0.39488617806519044 0.06945001157964123 0.04539998752961716 0.04267209128320239
7 0.5588516879968215 0.20573072999591088 0.04578968699339069 0.0420875420875421
7 0.5527841579736499 0.15117733645672923 0.045010288065843625 0.038580246913580245
7 0.6919728550934222 0.2681742098852028 0.042819834486501215 0.03603649436982775
7 0.6829391868643075 0.21698854352839864 0.042113236557680934 0.034340659340659364
7 0.5786920656201703 0.37865668584622847 0.0315392063758077 0.027756829227417467
7 0.8721347038340505 0.36221207381338105 0.03677634396588648 0.030637254901960773
7 0.93814062359814 0.3578254420778931 0.03328491890583384 0.02793140048042012
7 0.8586083412472303 0.3150443760125133 0.03584529728320578 0.03098639740796603
7 0.5512620422232415 0.29578012650929325 0.030656457739791056 0.01839274408718852
7 0.419306725891088 0.23970785159056762 0.02661832908746492 0.015554575739760941
7 0.02666560090211812 0.06114179481625875 0.036162938209721836 0.029152742968532444
7 0.9500998519436699 0.40217147690334 0.029792988939771316 0.028537666372084308
7 0.8439568051825019 0.47144009306489904 0.029262462728863323 0.02795335255415095
7 0.8655981428573499 0.482572436825695 0.019867672063280856 0.009587306867745993
7 0.9143907656455688 0.5007684084480734 0.026683744262994896 0.022125271284733416
10 0.49045445070031535 0.4508318147848745 0.30670282767327545 0.14992974003814108
10 0.4065435698088759 0.5430704027642803 0.10099101368942641 0.04991811539430584
10 0.5439489375997312 0.525988914084152 0.1807760141093474 0.08629377676996727
10 0.938046268982847 0.6684966677592046 0.04825376015149858 0.03584890199934447
10 0.9680016440095102 0.6495723494248568 0.06486944171309943 0.04336010051349288
10 0.8963324981899053 0.5769618926461083 0.15591427218762519 0.09952338031246585
1 0.4102839904174327 0.08257082654549976 0.07623364104845584 0.1393754865977088
1 0.5681773042884155 0.1690996000409581 0.07252622993363729 0.1275581136692248
1 0.6985069812163212 0.23841587662541763 0.07252622993363729 0.11574074074074071
1 0.8779794287040662 0.3264723056389721 0.07113595076558034 0.10409715270826378
1 0.9554535596202268 0.372249222075611 0.0678919660401142 0.09940496051607162
6 0.8807019137951921 0.2036958264453121 0.03978931448067245 0.024566054658647255
6 0.9857308044036438 0.25836399968344415 0.027918469276494027 0.018630632056557975
