6 0.44406799341009856 0.24222282651558968 0.05545715249662617 0.10943825910931174
6 0.6196367600477191 0.202309329877823 0.042229729729729826 0.11148648648648649
6 0.6030807593307592 0.24780807593307594 0.01801801801801801 0.022100225225225235
6 0.8025535535637033 0.17999390361372475 0.044892723880597056 0.1126690764925373
7 0.35980576441102763 0.46233552631578945 0.08497807017543858 0.06311677631578946
7 0.3631761695906432 0.5383771929824561 0.0904605263157895 0.06722861842105265
7 0.6778503554042569 0.4121674317067027 0.08384668035592059 0.0656884103447887
7 0.699730650835532 0.4893840699208442 0.08959982409850488 0.07132255936675458
7 0.5247966889340692 0.751365996224223 0.07088658146964857 0.060652955271565466
7 0.833317193471749 0.7149696409203594 0.08970535068691253 0.049993221258134476
7 0.9789879792072773 0.36557702850877194 0.03450292397660834 0.06875
10 0.6296397361600659 0.9263625751633946 0.2229213507781605 0.150419776119403
10 0.7901903451439055 0.8480875902992775 0.0704656862745099 0.044424019607843236
10 0.972623937477175 0.8744508920210337 0.039652567975830874 0.14043617824773422
1 0.355658563723552 0.4661410018552875 0.09508348794063082 0.19176136363636362
1 0.680360039443784 0.4195053093721885 0.10978969860548808 0.192789666473877
