10 0.6991362252186986 0.7286057188795427 0.43413016696810036 0.22066918298340799
1 0.3910243204178259 0.42035964632255096 0.06487181201380963 0.13381753096704965
7 0.04131556600692402 0.4738787233000197 0.05768665490887712 0.04216269841269839
7 0.6102460946297319 0.4296930982945355 0.023544827303810148 0.034549474847982285
7 0.4030626708419693 0.46635105490222584 0.04486948424499113 0.04111471568892491
7 0.408856748070049 0.41166813102640365 0.025532426181250196 0.038439443092727725
7 0.9569795355217406 0.5417309670781892 0.06021309854212524 0.0372344243468274
7 0.7227249874308697 0.5767917328374844 0.057658390991724366 0.037025731470175904
7 0.5069579813731859 0.6097857611815031 0.0521171756551875 0.03773418886722975
7 0.02381816924300584 0.5205577601410933 0.04372427983539094 0.0440917107583774
7 0.7784363232939298 0.07498664952184209 0.05123538766743726 0.036582066794550186
7 0.36383707308281515 0.46655346039470125 0.010701090384788687 0.01703726232315041
7 0.37545808176384 0.4175114895917814 0.0075095371121323765 0.018726908173380217
7 0.6469922336192835 0.4255023749564932 0.02303298323198825 0.037812480805847315
7 0.5945751352974495 0.37964754417214336 0.02072968490878937 0.03320588415944968
7 0.631024995314658 0.37567386240686396 0.023032983231988133 0.033013942632516426
1 0.611665989684345 0.3788014332905406 0.07481113324025211 0.13537042991065978
1 0.8515308764543478 0.33701842199608395 0.09995051310100532 0.14284458509142048
7 0.8647727075411088 0.38884113837231515 0.053719331145491434 0.04028949835911862
7 0.9054149085794655 0.37832449406157215 0.016604156899515523 0.027103844350679793
7 0.835111768765953 0.33969846362712924 0.042975464916393265 0.03882442569151429
6 0.70164897234614 0.20926936776609978 0.03928684484240041 0.08479175145841814
6 0.5744328681745678 0.23361964399896004 0.03156099880314143 0.08084944173921596
6 0.5621017697202338 0.26004180607428157 0.007186516581941432 0.013332879448075506
6 0.4542445362377136 0.2604206955145064 0.041029786400156795 0.08014587007642561
6 0.12514097418084852 0.3181272389327059 0.052636615944109476 0.07491745621590586
6 0.02812190820320902 0.35033418290532126 0.053196828264578944 0.07245558566696776
