7 0.06375317397776027 0.14348568426582609 0.041590053410384374 0.036938534278959816
7 0.1605458147272568 0.2775520422905175 0.03064530251291481 0.025446545836616725
7 0.229675597583399 0.09521933280798528 0.0487041414937396 0.0365281061203047
7 0.45822023757405944 0.5185759784607302 0.03557044041677612 0.02749868662989232
7 0.6003616819219655 0.4960497868299287 0.036664915506523094 0.026267402153927043
7 0.05213302685980281 0.6169903070517824 0.04680226674762194 0.03668285772110907
7 0.027376615491369598 0.6679939355827333 0.04806719287593604 0.037631552317344656
7 0.14061762126425148 0.7071840575938936 0.04089927814882277 0.030674458611617134
7 0.11932469810429737 0.7580069823922284 0.03963435202050866 0.03478546852863788
7 0.1931887177788817 0.9184226141193355 0.027406732780138974 0.021819975713418427
7 0.18103502279276412 0.9856485095556136 0.03626121567833771 0.026879680226674856
7 0.25066619442757876 0.9656129832017812 0.024455238480739376 0.025614754098360615
7 0.3189458527288673 0.9383973069722731 0.035839573635566356 0.02846083788706739
7 0.2586271977589525 0.8834153728279412 0.039634352020508634 0.030990690143695515
7 0.2678832445074097 0.8329237382060699 0.03963435202050869 0.03257184780408823
7 0.32289347635431426 0.8887370977534911 0.03373136342170952 0.02687968022667468
7 0.36885245901639346 0.9844709235647305 0.037526141806651835 0.02561475409836079
7 0.37461273800071626 0.9377237946227017 0.03204479525062405 0.025614754098360615
9 0.26975360536380577 0.5302473027882864 0.018130607839168856 0.039845173041894395
6 0.5211246390650933 0.9009766557533593 0.029556874246868047 0.01428108587408784
6 0.4244004785940023 0.7890233335891139 0.05655594206852649 0.017691494441034072
6 0.40908324428377624 0.7517819384762293 0.018757247118204774 0.011936429984312163
6 0.35431934560575173 0.7174291771820931 0.037230293522497314 0.014707386944956009
6 0.2671407766131864 0.5907644715003525 0.07417638633108246 0.02472546211036084
14 0.07768803590312018 0.12685645042617433 0.1168754538852578 0.12141430646332607
14 0.1394184216896635 0.2318502632534495 0.05635741951101427 0.03999863834422656
14 0.1950691824456371 0.3151112240289069 0.0877511498426531 0.0941811909949165
14 0.23586107607435444 0.08586493808049533 0.0975853304284677 0.12992465504720405
14 0.2988077947228274 0.1918070468928312 0.04576676349552168 0.03999863834422656
14 0.3392792302106028 0.2682650992495764 0.06808278867102398 0.07659313725490195
14 0.4591265518553098 0.12614420768307322 0.13843500363108208 0.2530410312273057
14 0.3431488929854944 0.5317494919976538 0.07035221496005808 0.09701797385620917
14 0.38718934075687883 0.6082062454611474 0.04047143548777539 0.01843908859840231
14 0.41278342612765273 0.6472025538610505 0.03517610748002904 0.04397013435003632
14 0.4708165533328933 0.5089136875288838 0.06619160009682883 0.09730165214233834
14 0.61982904168154 0.5129432304937042 0.0907770515613653 0.1614129448075526
14 0.5154434458968773 0.5871076729302832 0.030637254901960814 0.015034949164851137
14 0.5243131203098522 0.6066176470588235 0.018155410312273097 0.007375635439360888
1 0.06026276831082518 0.6317515432098766 0.11229931026488148 0.11057859502695189
1 0.14542398423462588 0.7262758650669449 0.09599779748449547 0.10813336810989392
1 0.277974585427929 0.8491385015454807 0.07462470295021159 0.11030690314727863
1 0.3304754366390386 0.9086338698342319 0.06230800440503098 0.10460137367414361
1 0.38424198244229557 0.9503102721265865 0.05868544600938964 0.09183185532950795
