6 0.43858081427015244 0.2973568984885621 0.08348651960784312 0.10569852941176468
6 0.6132325089126559 0.26098241143048134 0.055912990196078385 0.1011029411764706
6 0.7801489736519608 0.21139705882352944 0.06433823529411763 0.11316636029411764
7 0.35792562217194573 0.5214666996606334 0.05514705882352941 0.07123161764705879
7 0.3591039781297134 0.5908865950226244 0.060508578431372584 0.0804227941176471
7 0.30369178921568624 0.5230353860294117 0.011488970588235326 0.03561580882352935
7 0.2976190476190476 0.6035812762605042 0.01838235294117651 0.0465303308823529
7 0.6698902387041773 0.5244715073529413 0.09650735294117657 0.07238051470588233
7 0.621017156862745 0.4609374999999999 0.04136029411764698 0.06433823529411757
7 0.6759344362745098 0.44898897058823534 0.05361519607843128 0.068359375
7 0.947180410122164 0.3871993619109947 0.05399214659685872 0.047856675392670134
7 0.9846749563699825 0.3778427683246073 0.029995636998254818 0.03272251308900524
7 0.9852673702006979 0.4683563072643979 0.030917321116928537 0.05930955497382193
7 0.5064290113951341 0.799151139513397 0.09162303664921469 0.06544502617801048
7 0.8287999018324608 0.7526944944371727 0.0856239092495637 0.06626308900523555
1 0.33099906629318393 0.526763830532213 0.09558823529411763 0.19715073529411767
1 0.6481664781297134 0.4654712245475112 0.11335784313725496 0.18658088235294118
1 0.9621476464148878 0.371279761904762 0.06944444444444452 0.17690373563218392
1 0.9922785547785549 0.4825174825174825 0.013840326340326333 0.02786276223776225
10 0.7519084145621032 0.9037391771894846 0.5253753753753753 0.17060810810810806
