7 0.2562047404855329 0.5730408464300724 0.060611860784126094 0.042019571250837405
7 0.4084985577096048 0.6351873560825027 0.05456290511313585 0.03839723180251201
7 0.5375727895265782 0.6865269822392657 0.05553038597550995 0.035748669158455065
7 0.3718861177454351 0.4417380018689883 0.04881958174746784 0.041473716664465386
7 0.369146612354068 0.3879960125076742 0.047511974068247656 0.04164806860711832
7 0.4492511217615438 0.433963157341236 0.044823196516237195 0.029245363280585336
7 0.5179814263249268 0.4671691291583973 0.04829539320367711 0.038372080113686764
7 0.5221672197555377 0.5187161596940698 0.049486898994634626 0.03975230504766376
7 0.6422102305077408 0.5306591850736966 0.047909693826660216 0.03892719353926776
7 0.6552536665834221 0.5826748093444575 0.051624373329799605 0.03657876719892221
7 0.8284960574292409 0.6259220722060649 0.04172018208347523 0.030689313804327552
7 0.845241521259677 0.6717424625521203 0.05015435114055358 0.03270432756751
6 0.4764428686357742 0.2976366534633937 0.06444146447437768 0.06168146907399798
6 0.7603939787352498 0.44991990106924046 0.04734097136267937 0.03059641689675963
7 0.8204205449059553 0.7949607358435165 0.04309201803235221 0.03692286160464367
7 0.9005783267551427 0.8252707980930261 0.033451993233861096 0.023589966926708585
7 0.9099759520800643 0.6680805524309461 0.04313696898998738 0.031821109166909736
7 0.9315301824312953 0.7143897541170696 0.040920092636124554 0.029710599174632993
7 0.9840635379814606 0.7060679391477475 0.03201831481710364 0.0283330984095051
1 0.38609504032519193 0.4016575362314188 0.07249785783912718 0.1210096667228685
1 0.538237417887176 0.48034731807376757 0.07561728395061734 0.1179012345679012
1 0.6675604732632964 0.5511525639144911 0.08532893822527972 0.11447167017966477
1 0.8491959988781488 0.642287610210822 0.08857982002288142 0.10523754021889589
1 0.9335962911333724 0.6813997208422308 0.08732967311734433 0.09979214986349687
10 0.43382665284228383 0.7562335806319286 0.33574901153877185 0.1784363155890935
10 0.46235429691655144 0.8666835689286697 0.2932343642213703 0.11464807994062444
10 0.9058728791098747 0.9088089392415305 0.1591641431788182 0.1179727747712608
10 0.980151518316587 0.9902263374485595 0.04204006601073716 0.015079588895155717
