7 0.7412000293944737 0.2428833223104056 0.038212815990593736 0.03665123456790124
7 0.5541383219954648 0.08474531788023852 0.04556143445032339 0.04271384479717814
7 0.5575205122306572 0.1409736599953991 0.0510728982951206 0.04546957671957671
7 0.4869346631798738 0.13165746822356017 0.05364491475602589 0.04491843033509699
7 0.4151809677171996 0.1782838739360478 0.04372427983539095 0.03747795414462082
7 0.4146090534979423 0.23419312169312168 0.04335684891240443 0.040233686067019374
7 0.5943562610229275 0.31170083774250434 0.045928865373309785 0.03885582010582009
7 0.2987046389824167 0.30685074955908287 0.04335684891240443 0.03775352733686064
7 0.3032529884381736 0.25495769295372467 0.04262198706643147 0.03169091710758381
7 0.4700408428478603 0.37450396825396814 0.03306878306878303 0.03169091710758376
7 0.21526553008034488 0.49435993533215744 0.02461787184009408 0.02700617283950617
7 0.15314520870076423 0.5275159832451499 0.027557319223985882 0.024801587301587363
7 0.1468554593554593 0.4062074114157448 0.03564079952968841 0.03003747795414459
7 0.15438779327668217 0.35898418710918706 0.040049970605526175 0.02673059964726633
7 0.1437322965100743 0.4171927609427609 0.035273368606701945 0.011574074074074073
7 0.08602894019560686 0.4056687910854578 0.03784538506760728 0.02673059964726633
7 0.08107975700568291 0.45105207720948454 0.03564079952968842 0.027832892416225736
7 0.02762215997510115 0.4446130303973441 0.030496766607877715 0.027281746031746056
7 0.01875831554194127 0.4880256196045669 0.030864197530864196 0.02369929453262783
9 0.7199626995487166 0.7515460055466094 0.02037732848253519 0.04081678296654147
12 0.6551774533524402 0.6948222376966341 0.06262300948291293 0.045289855072463824
12 0.7610647317781104 0.6737655775645252 0.06684757758295065 0.04528985507246374
1 0.5373838910562198 0.10017740630482512 0.07852858768934413 0.13277350932492774
1 0.3987750391578867 0.1958312355894114 0.06977278697136854 0.12538580246913578
1 0.28721201273407726 0.2727321423760549 0.06977278697136854 0.11491988442343051
1 0.13387019101767825 0.37448259572773396 0.07223535592329917 0.101786183346467
1 0.06988223448034321 0.42314927142521397 0.06785745556431136 0.10137575518781194
1 0.01847158594263614 0.45827782118577276 0.04323176604500482 0.0849586288416076
10 0.5026668292937032 0.4877798646129921 0.3171068396103557 0.23978355993123923
10 0.09877984037842794 0.6285057838159553 0.18101786737511066 0.1587162056571339
