7 0.34645931883452646 0.5248512237213172 0.032537053765599386 0.03989762119843415
7 0.3131267939274476 0.5373317022282165 0.012806048345264047 0.01689912075941487
7 0.35565191783281497 0.47735953209891396 0.03521516172781297 0.03503326523128506
7 0.381382700317862 0.44886276362389715 0.04657360265326722 0.0547914372299981
7 0.5542351440194137 0.5153024215199389 0.021655086893885504 0.019204642850630036
7 0.5834525258339606 0.4983865202546659 0.014622631655908542 0.03514373263562493
7 0.7789613039087728 0.47844353777521015 0.025113757123192935 0.0339100979951644
7 0.8138270178516663 0.4875887947450629 0.022555291667558267 0.02052709844448722
7 0.4281231103108285 0.6620050240397602 0.05931991721972457 0.03663240747965898
7 0.6427639776602727 0.6455613417576773 0.05942689118352258 0.03832261588243788
7 0.8665817327356654 0.6320026147964507 0.06392217380779472 0.03867480634229
1 0.3272509604891947 0.4696379040745201 0.08944406879068571 0.13672839506172843
1 0.5444459039974086 0.45012996638812675 0.06890948632091955 0.13649691358024693
1 0.788609387486865 0.41971133691305795 0.10090646201757308 0.13848165294924555
4 0.41098358233213617 0.7771015421268662 0.13015590376701494 0.22916666666666666
4 0.5840727782825268 0.7684311073279131 0.13143004115226337 0.23257008666152895
4 0.7742858649439607 0.754089488035811 0.14898440844713556 0.23374255777746486
