10 0.27996162583128464 0.842966652528112 0.19527016773341188 0.17190247476734186
14 0.8156196415242695 0.6629757213310925 0.058099107012150465 0.140351923639967
10 0.49042763349660057 0.9285559515718741 0.10596707818930041 0.11071234886911037
1 0.5052459781742556 0.7427943420518079 0.0508889275863973 0.0744267959951033
1 0.5383866674123149 0.7693774771744618 0.057543419125339994 0.07370836714487666
7 0.09597310528416401 0.401250554655053 0.07640142923391946 0.03779987737715698
7 0.11553128396645582 0.3547960723705271 0.07327820482956751 0.03893683237998485
1 0.5685636825566068 0.7949871563952471 0.04651847510037061 0.06910090925161262
1 0.6142890969831005 0.8364823168841273 0.048868312757201646 0.05776320301783263
7 0.1946003734859343 0.4934289258921978 0.08455121515550365 0.035774410774410695
1 0.6283698413919326 0.8575817293839233 0.06433580795371975 0.07180352342781725
1 0.6408230299107557 0.8664721652932711 0.08161154285354408 0.061744637622635636
7 0.19516316508216108 0.4455027570195401 0.06638252008622378 0.03416026904588991
6 0.08085007455272346 0.08034191766546493 0.09178921215958251 0.04286694101508915
1 0.6833216849281389 0.9085164432470559 0.05887152239757389 0.06194971214452722
7 0.038120426376327524 0.5645879954665907 0.047412159445300577 0.03368460347967906
7 0.3247676653134329 0.6108060327120676 0.037378034875428616 0.029086678301338
6 0.14240169788288187 0.1598485260215514 0.0857338820301783 0.03647586980920315
7 0.3317557504016373 0.5655700159939165 0.04352460687187403 0.028127814877797357
7 0.38188858967688427 0.6194308731746557 0.04533639961853149 0.02622189266610889
7 0.04409952176681194 0.4875694254819353 0.030062134565533496 0.017867155191275685
7 0.3826766687700903 0.6635121970539377 0.04002924217401582 0.026762576641579737
7 0.4319159998966683 0.7058409266691413 0.05203847258110822 0.023432301680607018
7 0.2593662043271548 0.7111128224998435 0.039104574794158145 0.028099786137843894
7 0.4353681815960638 0.6627894214081365 0.04364342569654242 0.023882406877146895
6 0.3013928617038689 0.3345518762840322 0.06804966934872964 0.02070473251028805
7 0.3163129159975184 0.7490951237146009 0.03588291188142141 0.025567974285922952
7 0.5041869894737532 0.7661375190832405 0.03034512497140499 0.02328351743556418
7 0.5268559322613376 0.5058499474790764 0.02792143995847701 0.02187111562111552
7 0.5026061593530154 0.7280340554126695 0.029832014263110624 0.021397842919504844
7 0.5373448654908569 0.7575116262091346 0.021469864740111443 0.02257177890089284
7 0.5645343847770412 0.818509396095603 0.03404859886341366 0.023331863609641346
7 0.5504586291623329 0.5330716094604983 0.024872247094469373 0.01709966987744769
7 0.7116131979714057 0.6418953150328243 0.0269791936458603 0.01348959682293021
13 0.828695375731163 0.9847478584645363 0.022682349891448742 0.02728520609098037
7 0.8036876960488073 0.6324091610549945 0.0266194710639155 0.016996891996892017
7 0.6261645780678701 0.6529870681587503 0.023085731997769008 0.012983736942070289
13 0.8770135181749508 0.9823711087532498 0.020387112104813986 0.02572016460905344
7 0.6100480878890915 0.8264184165816248 0.026879548238556664 0.022656952379062158
7 0.6098947320555667 0.856699368695481 0.026714867107746215 0.019822999795375357
7 0.6226144664740656 0.8763295966887841 0.023458675982457745 0.018712634215439568
6 0.574568451719312 0.676550382057585 0.028344671201814046 0.012035237375373488
7 0.8270361225153984 0.8708679630974473 0.015642127267184888 0.00851623228166449
7 0.7730146732414306 0.8746468163985169 0.016346926777765773 0.007423604362379789
7 0.8824089763934838 0.8658869926571453 0.014479500076207956 0.009430727023319577
7 0.8954727514461022 0.9014252529100802 0.012797152192542372 0.011657255709335101
7 0.8457131502902322 0.904296833846736 0.012099631582127646 0.01247827303763364
7 0.7970129342434482 0.9078190903439658 0.011845534233593908 0.008884150675195518
13 0.9282162895613889 0.9808229034562767 0.02098468303843346 0.027159379596202758
1 0.11707938066328781 0.3644356525082877 0.10985130065028834 0.11126043471940071
1 0.20251796504333594 0.46290568987012387 0.10190387386177159 0.106408237242372
1 0.3451466215360054 0.555441062186239 0.06615117336402895 0.04437343405889363
1 0.3288059672285322 0.6162108709945415 0.06781634535465952 0.038988423507101695
1 0.38936715074764944 0.6359799081396535 0.061864403617933404 0.08625545697789049
1 0.44061213271112437 0.6744718531387753 0.06430089545739345 0.08473751529307094
14 0.7237772405438074 0.6605881526725959 0.06278409145719133 0.1098668845826604
14 0.6297592342461037 0.6490643230508769 0.050144816943720645 0.0656782510347312
14 0.7705679316333177 0.52837443312409 0.05190375560745923 0.07246830163496834
14 0.6550087181879916 0.5370609895755016 0.06095373449893624 0.0753229016902907
14 0.538803824557097 0.5140972330417817 0.051736058966710165 0.053223422924171065
