7 0.6788294579680213 0.5309990877527266 0.05160467531784537 0.040798919260048104
7 0.5551673360449695 0.5957943905302022 0.048875421702643584 0.03843735711019659
6 0.590482322656674 0.16023487584334137 0.09091290837322587 0.04298941798941797
6 0.5062925219239112 0.22694360509404557 0.08578387263194512 0.04510402044415649
13 0.15542169666930206 0.4806455761316871 0.04562267293748776 0.05718143738977066
10 0.589188616611713 0.699766652875492 0.33129780545801213 0.15083517395667217
10 0.5876691510295472 0.8083375685705726 0.27945651313706865 0.11406162955774792
7 0.37616472284009494 0.5387034095599713 0.04178071988529506 0.034268538780892845
7 0.38083737415184726 0.4888653453452755 0.03992991891781767 0.03345182188469743
7 0.491382581700705 0.4642049708127838 0.047321740767637684 0.038664299739099975
7 0.4870353312877019 0.41205157073153653 0.04547484886997082 0.03698772007693452
7 0.6259779649179993 0.3736778709547367 0.05678808621602901 0.04373701259014788
7 0.614098348530084 0.3219223217407676 0.04815386374028348 0.04404578189300414
7 0.9321901669932997 0.15606547064626175 0.0791910331384016 0.05655051981806367
7 0.9057113204436017 0.11066091178672423 0.06949459518323649 0.054700127239588704
1 0.3670058433442658 0.5029215479040215 0.06255569228511779 0.11038104402140964
1 0.4728770108785435 0.42601974594266145 0.07080635691389761 0.11585815551639998
7 0.5516731481823696 0.36974198160536265 0.03920050811797861 0.03064090349728079
1 0.595395904557903 0.3366897209766384 0.09218668612541615 0.12230457711893866
