11 0.23994793302082393 0.6897068144081625 0.32270933064583857 0.3338477366255145
11 0.40416395245752196 0.39822681423598877 0.3609277517008638 0.36604402047956497
4 0.6497662541809214 0.5233175142830074 0.060063274578367645 0.15502732176708625
4 0.6893026145232501 0.5380140723207174 0.061109420577099414 0.13600662919729067
12 0.14867263777939158 0.46366060141477716 0.05067825026672764 0.03772290809327848
7 0.1794508094137144 0.18497688807743579 0.04908566626094012 0.02988610676404106
7 0.14594785377429334 0.021571145354600342 0.04768556066204078 0.03956587365954762
7 0.3108360628201898 0.05927973041068279 0.048290921306794334 0.041414714033761645
7 0.30707344666261566 0.12009433402990825 0.044721592340639965 0.0379503653313177
7 0.44089580724041266 0.1465303870698396 0.039818625209571704 0.034436442615454955
7 0.43649536610029466 0.19726676733680037 0.03124523700655389 0.03329332418838592
7 0.547619873306515 0.20714991677070324 0.03629722106625981 0.02522888056595923
7 0.6074551734273956 0.25841876102292766 0.03276259063296098 0.027557319223985896
7 0.6111752636035828 0.30454554208663837 0.0329622813519754 0.029053335527268728
7 0.6787699884153229 0.30367971033459845 0.029264639590513213 0.02712886620424897
7 0.6883791681596578 0.3491181512427115 0.025788027840211863 0.0254487116844197
7 0.7465999271253548 0.38524327999201463 0.026780214777322505 0.02267949438954499
5 0.3432641248811078 0.0845959290446079 0.12630064572250665 0.16216250125464218
5 0.4707861796982167 0.16160071281599064 0.11076817558299042 0.14506172839506173
