11 0.8537941159748957 0.584966001414072 0.31361454046639237 0.39867228164131635
1 0.330247 0.322531 0.081276 0.125
7 0.29191102316666906 0.3906202950918399 0.02969319816654952 0.027288467329117744
7 0.40724185860493173 0.42672047822295656 0.024572796671103122 0.022875648262885007
6 0.7914159095534026 0.4989347084943443 0.025914523535570323 0.015840252511117307
7 0.12777441884457494 0.46756900008557295 0.01755275857720922 0.017463203686509148
6 0.24697092666610854 0.6207890287905036 0.01664819757248467 0.008535452856986791
4 0.10079472717030404 0.6321360521307273 0.06425932499769915 0.09244468110282804
7 0.41514641988857354 0.3116512121527293 0.04731593756587569 0.038150622783139486
7 0.8198098784907256 0.17652796742497273 0.05118118398275131 0.03644229872189571
7 0.6937362356187917 0.2461396907640431 0.048108701678074094 0.033282959124928055
7 0.6881351305954481 0.19296815948601664 0.037924120265390084 0.03119882212144118
7 0.6868863258970471 0.11717227095516568 0.03446502057613169 0.034465020576131704
7 0.6727464015045717 0.06132862689235237 0.052836899242127984 0.04154795821462488
7 0.5587953944680871 0.1476545172407904 0.047961848982376654 0.036975919814203645
7 0.5594229398410216 0.2013318889607706 0.048295505597786066 0.03217828454364119
7 0.47484584170578825 0.21131688077123698 0.03487479946990309 0.02294603283303849
7 0.7396100721183231 0.013303182170068857 0.04838446807643721 0.02566923359002567
7 0.41206493655200804 0.25911179642961146 0.033310432411050736 0.02908156892136655
7 0.34924680676768804 0.3088257290827528 0.032768735789206686 0.02714658621648801
7 0.34544965079832124 0.35286367342184954 0.03756114605171209 0.026787794083391582
7 0.29914102905709605 0.3493910711886332 0.03617476389258958 0.02567390532018827
4 0.3506470093750613 0.5246057795776798 0.09244194907894784 0.16759644729426518
11 0.5619869656791248 0.38611594099469687 0.34174346144448775 0.3603534508403986
5 0.6438754677847174 0.07035536511916561 0.10806161465126977 0.13309803004039042
5 0.5280131059357344 0.16199099881478538 0.08689208117528255 0.12535234451824107
1 0.3896482668293252 0.27091515890201034 0.08978242645938121 0.11380952128711475
1 0.2708334909485372 0.3648851985830863 0.061493117048672635 0.09890930341357804
