9 0.822832968103238 0.8173779288644152 0.030968468468468537 0.05701013513513518
9 0.47653998365380473 0.8679211296081215 0.018922692533803638 0.04932760141093482
12 0.8789460191899217 0.7068432762030323 0.0927177177177177 0.071509009009009
12 0.7333689112724546 0.7382289216688818 0.0812007874015747 0.06674458661417323
12 0.4902514901092292 0.7859824211540828 0.07966616084977236 0.06401745068285276
12 0.40225752899364026 0.8041789421997756 0.06597222222222227 0.05526620370370372
7 0.8628753753753754 0.07291666666666666 0.0694444444444444 0.06686373873873874
7 0.6473500197955241 0.17543055264444912 0.07067438692098081 0.051302792915531345
7 0.4617017995245403 0.26984404622190133 0.06110634648370497 0.04515973413379073
7 0.09329983904212696 0.44880486608073367 0.03963153384747216 0.04699550128534709
7 0.37931622586062125 0.06532883343828715 0.07766582703610408 0.06395623425692695
7 0.21327543107846136 0.17369082236506478 0.06839225589225588 0.05392466329966328
7 0.21830574261129812 0.0964506172839506 0.06488496071829403 0.051820286195286204
1 0.19169887506284575 0.11423625394213628 0.1056985294117647 0.16946231617647056
10 0.5285524519481026 0.4267168670261351 0.4842879872712808 0.3473672434367541
