6 0.1451243146152392 0.12143718094157685 0.048272357723577256 0.11394817073170734
6 0.5154979674796748 0.1416793699186992 0.04623983739837397 0.11432926829268293
6 0.8486788617886181 0.15082571138211384 0.03353658536585371 0.11280487804878048
7 0.28298226164079826 0.3478034922394678 0.02896341463414635 0.05487804878048781
7 0.3366166353971232 0.35066838649155724 0.03150406504065041 0.04878048780487805
7 0.30623911149825783 0.4208133710801394 0.0929878048780488 0.056783536585365856
7 0.6526820431247792 0.4327114262990456 0.08536585365853651 0.05830792682926829
7 0.613603368176539 0.3649281358885018 0.049288617886178915 0.05411585365853657
7 0.6667301829268293 0.3577076981707317 0.013719512195121908 0.024390243902439046
7 0.04359221223791186 0.644415917843389 0.07672764227642276 0.052591463414634186
7 0.3620934959349594 0.6574885670731708 0.07926829268292686 0.048780487804878
7 0.6700259710930442 0.665502201897019 0.08231707317073168 0.046112804878048766
1 0.3081900810116577 0.3595092990515708 0.09336099585062237 0.18153526970954353
1 0.6430407721450476 0.36998381968248245 0.1007088520055324 0.1821836099585062
10 0.2689859330484331 0.8797088161571336 0.5595619658119658 0.2453926282051282
10 0.28395432692307687 0.771171374198718 0.06209935897435897 0.030548878205128284
