7 0.27096435650167217 0.3429763516307825 0.046195072034865316 0.031057443848141502
7 0.32103217219154406 0.3761567091518457 0.05266775572873428 0.03941712862537162
7 0.3094685394719198 0.4276491257014787 0.05404079992557354 0.039078284532128506
7 0.40529416319760875 0.4125100999122389 0.04329418627437575 0.03157342466127997
7 0.19605309370920387 0.5014065326733067 0.04577443788393869 0.03276525317588126
7 0.3446865966834018 0.5634239185557077 0.04601690792674104 0.03143119157496155
7 0.4637812263225921 0.45148116114008113 0.05236885501626781 0.03579466951909797
7 0.46034485379325396 0.5048746351946968 0.04671235778261925 0.03506747241116783
7 0.5895141799664199 0.5668450107692601 0.042164304827703517 0.03425415305010888
7 0.5838364558515631 0.5147930832095673 0.0448571918479326 0.03146127278071722
7 0.6911365310183265 0.5596439646095674 0.03583782770578261 0.026176562417188305
7 0.7582376223162995 0.6057644803843045 0.04399351095713386 0.02904259121779544
7 0.7666601990229347 0.6518031189083822 0.04801097393689983 0.038151577503429276
7 0.8571121675102092 0.6909448760701954 0.04058070416095109 0.027863511659807938
7 0.8430992604969212 0.6467775341130603 0.037768031189083826 0.030559616634178083
4 0.8407631056039608 0.8877459120474229 0.09061781385806977 0.18166890712702233
4 0.9001163300167495 0.9034641110112805 0.08706033077102258 0.15934369904495677
12 0.31526788956323276 0.8357972818757133 0.05749213265553134 0.037634652626482676
11 0.20895666211215722 0.8821485083943478 0.435094335916399 0.19339854064083356
11 0.5969349580778387 0.7455181541888654 0.4083382324123064 0.3473690925946863
5 0.3431286644047362 0.37604280782222155 0.12080863338402191 0.12498025921088303
5 0.4890771500543878 0.4495734805963893 0.11121639285380203 0.11398270903479235
5 0.6109175793098248 0.5144160647266555 0.10293438361426456 0.1077269211231182
7 0.9280033617046077 0.7282372356832183 0.0376038849164904 0.02719865563321816
1 0.04217572548871091 0.17895341124725309 0.10646194717924674 0.19987645475265883
