12 0.6027094391962255 0.33960551477686424 0.058365993222169246 0.07669274034544762
9 0.5999263105886029 0.3912864534066155 0.020997645765812985 0.053493876060716566
9 0.4746802128267646 0.38438855006742945 0.021396516248048798 0.041729370033967754
9 0.3574341095790862 0.4061350384653334 0.018458421332783897 0.049580178231082205
9 0.08278201626405647 0.41917597333272166 0.01974724430706445 0.0412796831647627
7 0.023503492527615324 0.36944574979114453 0.023051455799993813 0.01595423744546555
6 0.018000844327913237 0.33060605822722544 0.021980437410704472 0.010990218705352238
6 0.07106964416408096 0.3586909663910479 0.02761779309893826 0.01094785667241208
4 0.061653169740713 0.129022792300812 0.14439787009231456 0.22579911953296963
4 0.22047670426817548 0.12035697430730104 0.14629167335776191 0.2319866701326649
4 0.3856154243048972 0.11292773318575662 0.13343709331363657 0.21928089057718686
8 0.6546613754984707 0.5263485973371551 0.020838007098726883 0.03997273990196845
8 0.630647838915504 0.5208919659274269 0.011101104481719136 0.030606214116852364
8 0.6309952369383893 0.545757716300352 0.010030404087251601 0.00683263764659114
8 0.6083076173515451 0.5465608178786473 0.01417139660033714 0.006349521853397856
8 0.6076417645781342 0.5228822619205371 0.013343198097720032 0.03133351001568064
8 0.5421724812336354 0.5354556380073175 0.020060808174503203 0.040305660460699194
8 0.5183003881201513 0.5257465987165724 0.01704896516921115 0.02719096220024266
8 0.5196818772718615 0.5499509402091561 0.010432968179447047 0.006520605112154375
8 0.4846099083217195 0.4921692449388284 0.02211567598213151 0.08253101436813418
8 0.39242117431417856 0.5277113963180983 0.01698771540041376 0.029561487894821284
8 0.020467529538895617 0.5184059873392709 0.01763030806173732 0.05582001017648165
8 0.04400882916638158 0.5080402870782256 0.04022768229376798 0.07373534118722944
12 0.4859396440800641 0.3449758850634362 0.07100372289482311 0.0729018296542205
12 0.37177056669403724 0.3525447127113966 0.0804113696513531 0.07200246028467833
