6 0.465840986100882 0.2986469130254473 0.048955289159261235 0.07529671378302617
6 0.7151261903341883 0.2369609948112364 0.04050615295918566 0.08014254189777538
13 0.15336543974314873 0.31543034692759486 0.033842321854017754 0.048056097032705226
13 0.08175484540006957 0.33583889578041626 0.05189156017616056 0.018274853801169583
13 0.04349866435636415 0.15308574290664934 0.03248862897985705 0.051778752436647174
7 0.40710690871721467 0.4502175748149984 0.055913401324029326 0.04230780700184889
7 0.4154788175185385 0.49617552334943643 0.041997176994493145 0.04622174509453099
7 0.3786704041669152 0.501095902665951 0.005715592135345208 0.02050158048547746
7 0.6070570549904957 0.4110638571186075 0.023607880559034636 0.032616150772350465
7 0.6435259736386951 0.4041296395697899 0.031311504741456525 0.03876662491799365
7 0.6576813830738951 0.4528170103477068 0.029820480706148924 0.04286694101508915
7 0.6209722732309394 0.46175641061860245 0.03454205681795597 0.04025764895330112
7 0.8398938390886861 0.3606880330410927 0.043488201029800624 0.03690284487385933
7 0.8651915468877359 0.3522544283413849 0.02286236854138095 0.021806226516371433
7 0.87833740879903 0.34945875827518347 0.01366772032365158 0.01435110633983423
7 0.8767447240340424 0.40639723862348665 0.06535655354764329 0.046967257112184656
7 0.9121872044577359 0.3979702902810794 0.0124252002942287 0.018078666428102786
7 0.9683207093298344 0.5693102522812669 0.05392536927695276 0.03727560088268628
7 0.7466768801813085 0.6078718613944057 0.05616190532991392 0.035225442834138504
7 0.7472515456949167 0.6274016137140132 0.0447307210592235 0.011928192282459647
7 0.5255760249171006 0.6439026050389406 0.05977221352808205 0.04088962789080167
10 0.7250727469744565 0.8175473920666225 0.42932890155112385 0.09756350902184248
10 0.5628974152524878 0.747782603534415 0.09694523583412466 0.10312796771130116
10 0.6929605887939221 0.688787244776828 0.03907486546375429 0.014467592592592593
10 0.8553078865578867 0.7043424361132694 0.10040756568534343 0.09274097815764477
1 0.400253089523242 0.4542780431260824 0.059848844571066775 0.1268696581196581
1 0.6247691780099192 0.4121285414688192 0.07518201962646409 0.12983736942070276
1 0.864046930589219 0.3600675397939079 0.09941832858499522 0.1346599002849003
