9 0.07007225948608276 0.8654094590515367 0.032403356987783925 0.055592009332166806
9 0.19508726986468738 0.8727105598728263 0.025517643627879835 0.05893360552153196
12 0.10960020073464229 0.826682855882331 0.08384368620589093 0.07776805677068148
7 0.33832916854892053 0.2785854791026938 0.04009915427238262 0.04070671721590357
7 0.33468038717382553 0.3226159230096238 0.02065714007971224 0.020657140079712255
7 0.3003570260788108 0.33338635700840424 0.03159327306308929 0.03554243219597549
7 0.5303349427000638 0.2706692913385827 0.020252098117364916 0.041618061631185005
7 0.5704610997699363 0.2708211820744628 0.01822688830562853 0.04070671721590357
7 0.5307568614108421 0.3265271094585399 0.019442014192670384 0.03614999513949643
7 0.5735394186837757 0.31585678526295324 0.015391594569197378 0.02004957713619131
7 0.766042361988702 0.2663758465377013 0.038478986422993446 0.034023524837173115
7 0.7956567157500375 0.3121716266948113 0.06318654612617869 0.042225624574705946
7 0.7715426241235517 0.42861228884850927 0.053465539029843384 0.031593273063089344
7 0.5607400926736011 0.43681750429344485 0.054680664916885474 0.033415961893652125
7 0.3486788154329712 0.44384809804757314 0.05427562295453809 0.03250461747837074
5 0.3185525436286471 0.27470117296030544 0.07605820105820107 0.15018738977072313
5 0.5554267161410019 0.27939184933232536 0.0800999412110523 0.1529431216931217
5 0.7952097996230917 0.26231477360760846 0.10912698412698411 0.1507385361552028
11 0.610171125778492 0.5870324772294607 0.7815320193487834 0.5597520034654537
