7 0.15264523488207699 0.1729232938114517 0.022974101921470334 0.029272399749373436
7 0.20242090849402172 0.1541928001244039 0.04731019766397126 0.06159450808625337
7 0.21764611432241485 0.07975741275958037 0.051421001926782256 0.058074421965317924
7 0.25949446030575646 0.036808762978152415 0.07105871797877424 0.08139802490690062
7 0.5144072369915927 0.1543860770279482 0.02897068847989092 0.030355316973415137
7 0.559635703424047 0.1319165880132138 0.020449897750511307 0.05016615541922291
7 0.8330201637984657 0.03509388606676343 0.03846585804132966 0.047906839622641514
7 0.8461496166237708 0.11045558973011242 0.03372518949355587 0.0494396038983279
7 0.8984298451891044 0.12389311434450323 0.03417107583774251 0.03864914021164021
7 0.31185636856368565 0.36537601626016264 0.0858739837398374 0.05030487804878048
7 0.6202410629493964 0.3547103937728938 0.0865829772079773 0.055755876068376065
7 0.9561504879301488 0.33461936633281963 0.08410374935798662 0.05609591679506933
1 0.17063288918799596 0.090369258075891 0.1348032200357782 0.18796875
1 0.5102702021361244 0.07662489958226221 0.09750000000000002 0.16453125
1 0.8843931069915674 0.060746065002517766 0.1278165149892934 0.14069191648822268
9 0.6575894994857298 0.9213806851683156 0.03277005370755361 0.08696553738317761
9 0.45901169846832807 0.9232008859034266 0.025528621495327107 0.0792187499999999
9 0.2760576441957788 0.9331430600095526 0.031458333333333324 0.07875784661572052
12 0.3056249548537518 0.8598517398397361 0.059689745833908604 0.08992810447966804
4 0.29162964928337154 0.5320407197061896 0.18295124599908552 0.30424636139923655
4 0.53730130150397 0.5215042507125013 0.17937499999999998 0.30872043918918923
4 0.7885915335929632 0.5080724323158841 0.19503265908133163 0.31161109355246525
