8 0.12693185572858148 0.9207591922689261 0.023694471453686517 0.06647956628067991
8 0.09905439074666196 0.9252498175071056 0.02355967078189301 0.06620370370370367
8 0.042260579174222865 0.9213096146824079 0.025420706030164133 0.06353512848769424
8 0.015129859145014074 0.9243668045189225 0.02615271588967147 0.05979189625157725
9 0.6120812155877517 0.7978957350445502 0.021812153732059542 0.05902914103738607
9 0.4723799408722848 0.7949009476541867 0.015450275560208823 0.05657527374252942
9 0.3455126633341707 0.803756710997989 0.020903313993223708 0.05875648911573539
9 0.14980186040121327 0.8013192968363351 0.028174031903910202 0.04894101993630863
9 0.03624587521401493 0.803404230911538 0.02053977809768936 0.04580552283732502
7 0.08516356193406246 0.7389763679699787 0.02761014475604464 0.0278566639056522
12 0.12621422096983723 0.7545101914125142 0.0524295663184552 0.07295623615068063
12 0.3655996883112291 0.7515323961200554 0.04439165436897864 0.0658001295756398
4 0.7054015419683105 0.518758670023039 0.13302429499867674 0.21389494099123982
4 0.525504451236466 0.5219135032980294 0.12254109839915542 0.2135042983646823
4 0.3525293594135042 0.5281780141282001 0.12552558597244587 0.21030428073000532
7 0.8062817852308197 0.38417065067112566 0.060233547887868874 0.032315078611374934
7 0.5847553343640979 0.3936536301559776 0.05709152031530746 0.036732742131803164
7 0.36848221629115413 0.4024322401030779 0.05998632640450181 0.03389638307103697
7 0.7436679081113752 0.22996910090137884 0.024295036754726076 0.03786768298641649
7 0.7789729462259514 0.2379284884415345 0.022802045669240052 0.02127512296817489
7 0.5086226215214114 0.2537001385323717 0.02190033818196638 0.02091354968830217
7 0.5412136989161879 0.24338859667216722 0.014133357780222415 0.035524385771910534
7 0.25949024232223156 0.2699378610732431 0.015689860763692748 0.016642459452916966
7 0.29338821471213883 0.25998817998004947 0.03328491890583396 0.041269937330213315
7 0.3015254184844828 0.21066845354126051 0.03576327650401724 0.03812095825984714
7 0.33282741068459837 0.179415110417506 0.048384468076437266 0.05737096343379196
1 0.7594204604330846 0.1574622707648783 0.09033423667570016 0.14950359433351676
1 0.5090233196372614 0.17658717763425158 0.06685750339801101 0.1483298697984314
1 0.2765142302619615 0.2018472388099022 0.09163208094301058 0.1460691015089163
