10 0.4989597875776739 0.48585447975691864 0.3287162501254642 0.24402790324199541
7 0.5989837910472829 0.2950680272108843 0.05081044763584449 0.046296296296296294
7 0.4677186287268592 0.3624729608525905 0.04191434232586498 0.036008230452674865
7 0.3009207612342373 0.2981770187746872 0.03553307881732694 0.034861668897813454
7 0.30264154260138193 0.24605999756602165 0.0363594294874973 0.03439684664584266
7 0.4185726230878953 0.1676012001377207 0.04324266719131706 0.04011730854360336
7 0.417572508320627 0.2236916531405243 0.04713655665404229 0.04165437017362647
7 0.5603920647700841 0.1317141828917191 0.05311773125782781 0.04780595813204509
7 0.558706440171345 0.07193094629156009 0.043332886026122806 0.04570920558239399
13 0.0618154685356653 0.2291907793209876 0.04099151234567902 0.06430041152263373
1 0.5367338649609893 0.09066067072603019 0.09039881384652627 0.13956971677559912
1 0.4022558097312999 0.18949709513434992 0.07489106753812633 0.12623683732752358
1 0.2889938768717364 0.26214913048552746 0.06203098523359963 0.1126202795933188
