7 0.34115150315585757 0.5675750065976117 0.054533383915022784 0.03959597875569045
7 0.5333568033796866 0.5401456976471277 0.05608974358974361 0.034054487179487135
7 0.7335190343546891 0.5018400843392139 0.05687093779015792 0.038953690807799465
7 0.09124454031622059 0.8108462809163696 0.060223823975720785 0.05294245548431018
7 0.07260298018411611 0.8871801373069121 0.07140837104072399 0.05532381221719458
14 0.32757587432044855 0.506894503659946 0.03425848636616582 0.020868113522537524
14 0.36481715851267194 0.5671632066428722 0.09561431416027387 0.13084739263803682
14 0.5363026664730005 0.5178981244105952 0.11644918648423458 0.14118111366245695
14 0.7331178158150231 0.4879805663167465 0.12492913626188328 0.1427144160583942
14 0.4260912698412698 0.6653979700854702 0.03754578754578753 0.023952609890109854
14 0.6100857568978374 0.6351603281133482 0.0332774049217002 0.02181208053691277
14 0.6218381112984823 0.6633905986509274 0.028456998313659318 0.012515809443507653
14 0.8035870726495726 0.5976682692307691 0.03083333333333336 0.07265625
1 0.10726773565091036 0.8403640443547529 0.13352323612931413 0.16511464419866445
