12 0.05094158786260465 0.9643813069249465 0.06893986755580253 0.06632940573770493
7 0.6117711661341853 0.3129011438840712 0.08286741214057507 0.05241613418530351
7 0.29637762762762765 0.3304054054054054 0.08352102102102102 0.049619932432432415
7 0.9417006153740377 0.28886750979785475 0.09772070957095712 0.052792388613861395
7 0.8818730598951704 0.036774528013841526 0.09824033552151713 0.07214168490153172
7 0.5131304725920596 0.06082636140098356 0.10128043660789257 0.07773142317380352
7 0.15755711685177234 0.0922859652083206 0.09866974494283201 0.08307222955145117
7 0.17650777329401418 0.02733708094055564 0.08052990325417766 0.05833608179419525
1 0.15974900209728707 0.06116250380556117 0.11433597185576076 0.13646108179419525
10 0.7470800820328133 0.47018025960384147 0.11467086834733883 0.13589810924369755
10 0.7414615665974966 0.5725293032841302 0.10496794871794878 0.03984310982792181
10 0.339462777756581 0.4867803135330422 0.12762073600296625 0.12847274901055403
10 0.35602995363269335 0.5916252908975511 0.10661285061969993 0.04601883561643829
10 0.5297252542214761 0.4244616743632802 0.06769521410579345 0.020072418136020165
