10 0.5038212815990593 0.4469631834215169 0.3395061728395062 0.24801587301587294
1 0.7455323506840899 0.20228575502293375 0.08660207324061053 0.12770550085950932
1 0.604152558559497 0.12456932968041878 0.07911392405063286 0.13405414908579463
10 0.9415951846507401 0.5561968895302228 0.10368900646678429 0.09755291005291007
1 0.9317521451389569 0.3016062193584026 0.08757878835234671 0.10939209251445539
1 0.43257342360717876 0.05385251956981916 0.07716049382716049 0.10402015939990623
12 0.3269794738048707 0.6648187302949206 0.0596287897875199 0.050705467372134
12 0.43243415692395276 0.6814909706066168 0.057529184513311515 0.051492819349962166
7 0.41862601637566477 0.07650935041933633 0.04883575558681044 0.05030082825441476
12 0.5998542274052477 0.6999109167476515 0.061518434534307595 0.03716301335348952
7 0.3112251260399408 0.23069651541873767 0.06016959720663426 0.03998316498316493
7 0.5880560134564037 0.1655295812349712 0.05502161796113968 0.0444405375839975
7 0.7334723524509038 0.23689919811689322 0.05469604625722762 0.04028949835911862
7 0.7216797696755503 0.1817159682402298 0.04916132729072256 0.04028949835911862
7 0.5830291563413925 0.10966243330431097 0.05078918581028287 0.04370800125019535
7 0.42159241151271154 0.019720343208388218 0.04590561025160182 0.03760353180184404
7 0.4675244977389227 0.29242227341642546 0.022446689113355775 0.03179947624392067
7 0.6197071727374758 0.35280200999897976 0.03335827409901491 0.02501870557426114
7 0.9233539094650207 0.3346144579882274 0.04753346877116225 0.03247577746522895
7 0.9112993156723947 0.28609613481273116 0.044928895139865636 0.033208313799031136
9 0.2561920063573503 0.7177546856986341 0.018896447467876012 0.0426076715759256
7 0.88483606379469 0.4567262300098975 0.04199874980465696 0.025394592905141376
9 0.3781559337114892 0.7324586491253157 0.017216763248509282 0.03826530612244897
7 0.4945790512239313 0.2974048766532427 0.018082055119092142 0.022212869435091674
