6 0.27008112520095096 0.27271909080187956 0.03165558721114274 0.08210667932890155
6 0.40149836446132753 0.2785032183180332 0.024621012275333233 0.0765010024269284
6 0.5261642221518764 0.28378150484631964 0.025939995075797563 0.07781998522739264
6 0.7438001744089441 0.2872198753424808 0.029457282543702303 0.06858710562414268
6 0.8669234181886886 0.29672428141741697 0.04443798073815517 0.06311091001802652
6 0.9777940004131701 0.3129669552521416 0.025316182965979324 0.037166311162820785
6 0.9919480687368994 0.2823543126771748 0.016967229009113863 0.031106586516708674
7 0.9771181199752627 0.4346827114684258 0.03695305282606872 0.03558830939783319
7 0.6480315424223101 0.6383733386551423 0.0571559213534522 0.029447724697322084
7 0.42676781427977495 0.6343658998913498 0.0544223772887219 0.030565992723802782
7 0.2007320691342878 0.6314930546680413 0.05516788930637564 0.034852686825311605
7 0.144380827418938 0.46708191686049993 0.04796127313572295 0.037834734895926536
7 0.1645852835495534 0.4236291006402328 0.04100316097095486 0.034666308820898155
7 0.36562039380074807 0.42728488783239194 0.018389296435458568 0.030193236714975796
7 0.39888443001701196 0.42813690156685325 0.02534740860022666 0.027770322657601213
7 0.3659221486650365 0.47829921018326815 0.023607880559034636 0.02907496868849527
7 0.3954803195871962 0.4751189505841501 0.029571976700264384 0.03634371086061911
7 0.6090925222751629 0.47736929241521603 0.054173873282837244 0.037834734895926446
7 0.6451785252778276 0.47160624291763587 0.0126737043001133 0.016960398401622265
7 0.5946576608814934 0.4290421661597184 0.03404504880618677 0.032616150772350465
1 0.6126553400328583 0.4331558907463401 0.07290463925156167 0.13294919619859663
1 0.3820897881455887 0.4340300161304647 0.06180240992391274 0.13072875033306688
1 0.15061417775312236 0.4255702905799223 0.07993605115907272 0.1279531930011546
10 0.19111733081137272 0.7437480829690973 0.07899764844209288 0.09369488536155213
10 0.20108492330714553 0.8335671530115976 0.16534391534391535 0.05787037037037037
10 0.45847214057090596 0.8390183062250964 0.1653439153439154 0.058329659024103454
10 0.49496007250636886 0.7437031525573192 0.07838526357044877 0.10058421516754844
