7 0.42791324796155705 0.12052133655394524 0.05548206937095822 0.04739858906525572
7 0.4231187536743091 0.06353615520282185 0.05107289829512048 0.04519400352733686
7 0.3323106505976876 0.2610826352145796 0.04960317460317455 0.03444664902998234
7 0.4803424456202233 0.3193066578483245 0.03343621399176955 0.02838403880070546
7 0.6020214353547687 0.3692680776014109 0.03343621399176943 0.02617945326278661
7 0.5775012025012025 0.14463834776334775 0.051807760141093506 0.0407848324514991
7 0.5831767758096259 0.20054539529177215 0.05401234567901234 0.04216269841269843
7 0.7023609106942439 0.21161515953182625 0.04923574368018816 0.03499779541446211
7 0.7107283148949816 0.26408680054513384 0.042989417989417925 0.03775352733686064
7 0.8534108087679516 0.46355347694633403 0.036743092298647806 0.026455026455026405
7 0.9227240278827579 0.49178004535147385 0.031231628453850593 0.0239748677248678
7 0.873663251308754 0.3063455320399765 0.040049970605526175 0.030588624338624314
7 0.8851410934744268 0.35512772817460314 0.03747795414462071 0.03224206349206349
7 0.9624369565890032 0.39621623503202447 0.038580246913580245 0.02948633156966491
7 0.9506126910640798 0.3496679343033509 0.0360082304526749 0.029486331569664865
12 0.3003928625718299 0.6458841933801382 0.04393079210597462 0.05589911687843561
12 0.4193945496827483 0.6641585249313138 0.04543269952840104 0.04914053347751647
1 0.4466045785490232 0.0773763273763274 0.08093758093758097 0.14002201502201503
1 0.5954503539044603 0.16266498754421463 0.0838153615931393 0.13273763273763273
1 0.7208287122817038 0.22860923501949143 0.08309591642924971 0.1197876197876198
1 0.892788496436921 0.32368992257051965 0.07410285188062957 0.10575843909177243
1 0.968630135296802 0.3617187210937211 0.06618895507784395 0.09442717776051116
10 0.5284146459953969 0.4510975918942389 0.3177762393754086 0.22931810314987885
10 0.929485770693801 0.5806438763344265 0.14855197877004722 0.15612380293065647
