10 0.5050662354441426 0.4735438374609887 0.4714556277056277 0.349025974025974
1 0.82509985306239 0.13863940422511284 0.12664805021944 0.1804480088495575
1 0.6246756565939384 0.07805960417703664 0.12531455671699565 0.12834821428571425
12 0.24770926028921028 0.7999556799221356 0.0932459677419355 0.07623487903225801
12 0.3991668643263757 0.8191080111480076 0.0865255376344086 0.0724546370967741
12 0.6359148550724638 0.8471850894109396 0.072244623655914 0.05670362903225819
7 0.6078358013022475 0.0912442895400126 0.08303140096618347 0.0605751811594203
7 0.44807924563359336 0.27953421125975475 0.08001207729468594 0.054913949275362306
7 0.2183348429951691 0.19007586050724634 0.08529589371980674 0.056046195652173926
7 0.8048319590204898 0.19082255747126436 0.0796216475095786 0.058369252873563204
7 0.7921074973876698 0.11028931556948798 0.0772270114942529 0.05432830459770116
7 0.6424240136876006 0.35090202294685985 0.06868961352657005 0.04472373188405796
7 0.5970186781609195 0.026097790948275863 0.0772270114942529 0.051634339080459765
9 0.3201395100377658 0.9024206171735241 0.029069767441860486 0.05995639534883708
