7 0.018022830989416858 0.5775511067014701 0.03153297908232119 0.05703125
7 0.1247996168282765 0.6974495132155144 0.05826588729016786 0.054237859712230205
7 0.10560066790776666 0.7764580883793848 0.06772976680384087 0.05336934156378596
7 0.2995286282311353 0.8792977102375525 0.056870396913043623 0.04899162861491639
7 0.2930231748095858 0.9521547870611181 0.06407130472475074 0.049171001300390135
7 0.376209820084312 0.9578025491192413 0.051557418699186994 0.04437499999999996
7 0.3649466862216585 0.4658885960044395 0.041975516621743064 0.028849393530997247
7 0.5558724832214765 0.4281407298657718 0.05397091722595082 0.030830536912751682
7 0.7591889309217007 0.3887316763210782 0.06000758560901609 0.03911329648894668
14 0.3792418461465317 0.45348893702752824 0.10488567073170738 0.13670731707317074
14 0.45495208636584183 0.5602711062590975 0.04912663755458517 0.021606622998544368
14 0.555120580348721 0.4083107808424521 0.12236522738886049 0.13932111072584377
14 0.6309040543300654 0.5272240732230392 0.029871323529411718 0.017664292279411777
14 0.6484757965686274 0.5539407169117647 0.0269990808823529 0.012781479779411775
14 0.7565359900141871 0.37513734863925186 0.12587794229309043 0.14299188496583143
14 0.829696187918198 0.48780635955612095 0.023589906700593726 0.042342557251908455
1 0.3224354571610903 0.9008545220002351 0.10427859177859175 0.14777462730202018
1 0.1388837295690936 0.7320404077926367 0.12753838533927686 0.15288354383358102
1 0.03953945414816345 0.5932461999010709 0.08761044797179392 0.16559730428360409
