10 0.699001913993591 0.6846121956140683 0.4793303404414515 0.22855873550317998
1 0.8547018029891426 0.2889736141370128 0.09884612281126436 0.13994795449043815
1 0.6249609154361333 0.3382863562091503 0.0776648107802792 0.13692205277172598
1 0.39730233657248903 0.3766977470000346 0.06354393609295568 0.1437303316388284
7 0.8760288065843621 0.3300364758698092 0.06858710562414262 0.049686681631126106
7 0.8501527621897992 0.2813630128444943 0.06780770669659555 0.04617938645716421
7 0.6275197508857641 0.37311431306529347 0.06858710562414262 0.05027123082678636
7 0.40300046318564836 0.4219192587248143 0.06469011098640734 0.042087542087542056
7 0.9646044970119042 0.4944836542058764 0.07014590347923688 0.040918443696221454
7 0.6210581899239307 0.32588617658062097 0.060013717421124865 0.045010288065843604
7 0.4085932928525521 0.3677713747158191 0.05455792492829533 0.046179386457164254
7 0.04833112703483072 0.43476970560303885 0.052219728145654065 0.04501028806584356
7 0.7328232467121355 0.5291968833635499 0.062351914203766075 0.03799569771791995
7 0.5159576363280067 0.5621693121693121 0.056896121710936595 0.03974934530490085
7 0.029957260596991227 0.4832011189334422 0.05126886145404662 0.04150299289188175
6 0.4601928533087953 0.20967525496511005 0.0440917107583774 0.08217091550424883
6 0.1325757575757576 0.27871973705307035 0.05010421677088345 0.07114798781465446
6 0.5849901127678904 0.17448793490460154 0.04008337341670677 0.0541125541125541
6 0.7198468051642655 0.15863949395695423 0.03139864250975367 0.06513548180214845
1 0.03638275214785936 0.4414083900291761 0.080519244734931 0.12935729847494556
