7 0.025567874160710415 0.22863449615551218 0.04521334199696773 0.03421458739441197
7 0.29098448677301725 0.2687292421835433 0.06235080906526544 0.03733572281959378
7 0.31113965890772793 0.22037829987191082 0.04861816651786173 0.05176102952495306
7 0.34260776133455656 0.21250149781798788 0.04188173503576924 0.030939660116514237
7 0.535543491416964 0.20531524304568846 0.04860354635681434 0.03460875090777053
7 0.5242823914321499 0.268607979960637 0.04681815470865387 0.04573716228305599
7 0.7563268804194394 0.3818184109699536 0.05604288499025346 0.02873213125406105
7 0.7489203737842081 0.20639898686603478 0.038580246913580245 0.04775251149842652
7 0.7726407900430997 0.26209927184852033 0.056239426987726354 0.04139221826296655
5 0.7794704488561623 0.21412215482757424 0.10285464208545793 0.16373519394986602
5 0.5328096678079525 0.22031558705559184 0.07401746547344501 0.16448036204711483
5 0.29503784479735873 0.22209901299383278 0.07639020323833506 0.15525701352771987
9 0.07349170501985648 0.8058099892673345 0.030740072976588116 0.06203297595841451
12 0.10240610417736187 0.7574261028383577 0.07111822786999782 0.06981958802324513
11 0.557939381692628 0.4791818974039362 0.7995430831348145 0.4539586570836571
