7 0.48096707818930035 0.04664535567313345 0.05327748383303938 0.04987874779541446
7 0.3012933568489124 0.10444223985890654 0.04923574368018816 0.034446649029982346
7 0.13482418430335097 0.15495825066137564 0.04739858906525573 0.031415343915343924
7 0.22813377751649352 0.2877290319419949 0.02461787184009408 0.02094356261022925
7 0.1937935668094398 0.2388038548752834 0.026822457378012917 0.016809964726631387
7 0.3879545645418661 0.24522077349458302 0.02425044091710757 0.021494708994708976
7 0.5362195032333921 0.1382688492063492 0.009920634920634887 0.025903880070546725
7 0.5592911032725848 0.20387823339212224 0.013227513227513144 0.019290123456790122
7 0.39259994121105224 0.5512688614540466 0.03417107583774251 0.022321428571428582
7 0.4183059738615293 0.5848299077465745 0.027924750146972394 0.017085537918871227
7 0.5236579585537918 0.52727485670194 0.03784538506760728 0.024801587301587276
7 0.44299921614736426 0.6209123309817752 0.019106407995296868 0.008542768959435613
7 0.5714469429747207 0.5960303681657848 0.018371546149323962 0.01129850088183419
7 0.5537551440329218 0.5625275573192239 0.01726925338036454 0.01653439153439146
7 0.034758965314520864 0.5187940917107583 0.046296296296296294 0.03885582010582013
7 0.13101536911060718 0.6258529646426471 0.04482657260435039 0.03637566137566135
7 0.11081382609160385 0.6791376062209394 0.04592886537330981 0.03885582010582013
7 0.032333921222810105 0.7918971460638127 0.03637566137566137 0.033068783068783004
7 0.20021485960639399 0.7690197992777356 0.0411522633744856 0.03610008818342147
7 0.2174690021912244 0.7168034511784512 0.040784832451499116 0.034722222222222224
7 0.33280055849500295 0.8933968070252792 0.03637566137566141 0.029761904761904663
7 0.338740691749951 0.8421287110523221 0.03417107583774251 0.030588624338624314
7 0.3920487948265725 0.898143137726471 0.031231628453850652 0.028659611992945477
7 0.3874471599339324 0.9472894095909967 0.03417107583774251 0.030588624338624488
7 0.4403863740283493 0.9474053252988437 0.029394473838918325 0.02921075837742507
7 0.43704495093383966 0.9869971849138515 0.034171075837742454 0.018187830687830763
6 0.4782039976484421 0.797497795414462 0.047766019988242224 0.019290123456790122
1 0.05088571650416514 0.5311075338591061 0.09994121105232215 0.11160714285714292
1 0.14101309891240443 0.6460512083884479 0.1109641387419165 0.11436287477954149
1 0.22712883823994934 0.7366961741961742 0.09002057613168721 0.11188271604938271
1 0.3502186847493361 0.8632710347868392 0.06907701352145794 0.11105599647266325
1 0.4032125710366451 0.9195555922986481 0.06393298059964729 0.10967813051146381
1 0.45242709486895527 0.9540087568188341 0.05474720752498531 0.08156966490299829
14 0.4007102635833073 0.5361911744056684 0.06885713359904087 0.07655293088363951
14 0.4202126249370344 0.5843650856774216 0.029973105213700165 0.018530669777388934
14 0.44812830109199303 0.6180434042966851 0.02835293736431093 0.016100418003305167
14 0.5277414181969717 0.5103387431868174 0.06399663005087328 0.07473024205307673
14 0.5540974044911052 0.5621982437380512 0.01984705615501771 0.018226888305628443
14 0.5727871978965593 0.5956720687691817 0.020252098117364916 0.014581510644502789
14 0.6828115019834694 0.5215052567581594 0.0891092317164059 0.16100418003305147
7 0.6649168853893264 0.5011989242085481 0.03928907034768798 0.024302517740837953
14 0.13936348716441307 0.1403241659318048 0.10127314814814817 0.11935763888888891
14 0.20909115961199295 0.24459991365373307 0.05572702331961593 0.038580246913580245
14 0.25758863930803233 0.3215355474108368 0.08198302469135806 0.0904224537037037
14 0.3010848292417578 0.09410864108840643 0.09912980109739371 0.12900270061728394
14 0.36651234567901236 0.20564649470899474 0.03429355281207131 0.03536522633744855
14 0.4064904276256934 0.27825653627661473 0.05572702331961593 0.07474922839506173
14 0.48295637217078197 0.044708879886831275 0.05251200274348424 0.048627186213991765
14 0.5357697830932785 0.13909987461419754 0.013395919067215403 0.026122042181069952
14 0.5667916402870107 0.23499018182177908 0.03965192043895755 0.07555298353909466
