6 0.43467854086435614 0.18626644736842107 0.05233739837398375 0.10823170731707317
6 0.614594881744272 0.1505941657427938 0.05233739837398375 0.10899390243902438
6 0.7943449356368565 0.1115504319105691 0.04827235772357727 0.10975609756097562
7 0.34847870730652836 0.4877796692607005 0.08916990920881976 0.06596546692607008
7 0.36966910629361993 0.419142000185288 0.05066472114137485 0.05654182879377432
7 0.6392338063630122 0.37392352368963155 0.03323605706874192 0.05654182879377432
7 0.6870908220616394 0.35753369927737644 0.03566796368352788 0.05623784046692606
7 0.6830862292589115 0.4335397658660942 0.08876459143968868 0.06839737354085607
7 0.9688986165153481 0.31333090142671854 0.048232814526588896 0.0620136186770428
7 0.824803236646622 0.6469562477891759 0.08714332036316463 0.054109922178988336
7 0.5161188477029149 0.6918454331353676 0.08390077821011671 0.053805933852140074
10 0.5825287650945543 0.8530915356573254 0.14176065162907267 0.14244595864661652
10 0.7663255360623782 0.7804015246449457 0.06539786967418545 0.027314379699248194
10 0.6494238526002507 0.9800344366776315 0.1958020050125313 0.05320136278195502
10 0.9353504296455426 0.93734140037594 0.14565319548872183 0.09527138157894725
10 0.9578221870465639 0.7852381776810448 0.0618734335839599 0.12276785714285712
1 0.34315948601662866 0.42690224237843283 0.09353741496598639 0.19642857142857145
1 0.6665978891556624 0.3732133478391356 0.10714285714285705 0.19355867346938777
1 0.9682748099239693 0.2691138955582232 0.051445578231292546 0.12531887755102042
1 0.9906462585034013 0.3714392006802721 0.014455782312925198 0.027104591836734703
