4 0.5219457085924087 0.4732347897517072 0.338346954152901 0.251858372456964
9 0.6645217706141158 0.6637338001351267 0.023544827303810148 0.04433849272157737
9 0.7503983077504359 0.6496522717501158 0.034293552812071255 0.04280296050611142
7 0.6097049231991887 0.11368541127142681 0.04877125553226179 0.03912619380386676
7 0.6124310893702927 0.17009597937891546 0.04658746797111575 0.043311786629396685
7 0.4674033310039599 0.19629520440251572 0.03882288997592983 0.0363964593524342
7 0.4638385879270938 0.24983004435937162 0.040036105287677586 0.038398264616818105
7 0.3533103572411748 0.26640553861465815 0.036153816290084684 0.03202888423014209
7 0.34537206887180677 0.31436683506095187 0.037609674664182025 0.03384870719776381
1 0.32793745713305894 0.28075569058641975 0.0935570987654321 0.12683256172839505
1 0.4443560313786008 0.21593635464891975 0.08680555555555555 0.1323784722222222
1 0.5862561818641254 0.13301301575698504 0.09227109053497942 0.14130015432098766
