12 0.028364401427792372 0.42249897524500246 0.043129635361142636 0.05190601464974722
12 0.143416652705963 0.41381063796156703 0.055738963971709264 0.057386773960590096
9 0.058587218050917954 0.4860284418746122 0.022283867313107084 0.04498425551057136
9 0.12786020058905695 0.48194359763473954 0.021732094141582288 0.04265501456512687
9 0.20115745318446115 0.4756448417369539 0.022483072953451793 0.0469672571121847
9 0.43272574383875156 0.461255895704513 0.02332640671474556 0.04652548588192148
9 0.5134249789307583 0.4569869352490653 0.02140545289903799 0.04471610317652435
12 0.41272048547180823 0.3902048265887552 0.051934947768281094 0.056881133270022165
12 0.5656988029387264 0.382355248399661 0.052694971394158296 0.060118270935795824
12 0.8804528522636937 0.3548847587908483 0.0550362934232431 0.0639060062706365
7 0.9811600378256955 0.35850311912477634 0.030976329038696595 0.030801123557708497
10 0.19521412389513595 0.08390692639031201 0.32301405211926354 0.2503918418468284
6 0.48818134413331854 0.19553559762106476 0.03055861141669723 0.011186634536469493
6 0.5746109101704607 0.1964361910816716 0.012349974655704227 0.011839867006881631
6 0.509402091561716 0.28829768735872024 0.0186820511546646 0.010246665176242651
6 0.5737625743026976 0.2816422325102881 0.014351851851851899 0.006327160493827152
