7 0.3292135574384657 0.27503211987537846 0.055079975153350426 0.03293879571395291
7 0.47800094179309216 0.32947914747251383 0.04657781053579834 0.032246176524783496
7 0.6060079333244195 0.375941525159335 0.036212506128270226 0.02674154298703038
7 0.8996187048636326 0.3547367418225006 0.04627108044864027 0.031488289760348585
7 0.8853666816825636 0.3062549372923073 0.04806719287593604 0.03503845375430074
7 0.715038752926464 0.2693910046678009 0.044896683098489154 0.034354142127993745
7 0.7074693995990293 0.2155518546449919 0.05068385378842894 0.03687817719680462
7 0.5863153814039482 0.21127810580306552 0.04920379316514583 0.04372427983539094
7 0.5803870023180058 0.15257985058052256 0.05514199062586163 0.042409551818153965
7 0.4252549005635426 0.13575807123260827 0.05327748383303938 0.04638815402704292
7 0.42645376766390136 0.07441433041838137 0.05710488928081523 0.046617798353909466
1 0.4373611444637031 0.08817707739265625 0.07444796997826375 0.14194780001221757
1 0.6010240769039409 0.1622394729043907 0.0787137140628107 0.1334919037370232
1 0.72288633603804 0.22384261154856203 0.07842128620995725 0.11961958760932981
1 0.9019436811288803 0.31587660964007835 0.07900218462632723 0.10377914770108614
12 0.5955536176373356 0.6949681098457644 0.044401126272471274 0.04345354126055886
10 0.515127135746522 0.4534267272839504 0.30847385859583687 0.14831178791554608
10 0.5161372358625792 0.5485803375160428 0.2616041967893819 0.09436519853186519
10 0.9217548426653359 0.5685534940453921 0.13400205761316872 0.10191615226337443
10 0.9569045332740783 0.6443240165385014 0.07284323165629256 0.04524313078166369
