7 0.30246702326328145 0.3678781022637969 0.026723620723164396 0.030420564301467817
7 0.9162641658179231 0.4711226455750754 0.02946992166704692 0.012279134027936218
4 0.5312490100326814 0.11359874980960083 0.13480913864055627 0.2195083014048531
4 0.7191144041931613 0.09847359903234744 0.13953928385601433 0.198000922378317
4 0.9184533856636773 0.09203652823523263 0.15077337874272742 0.17915425003547608
12 0.8117280088730702 0.346166478978979 0.044488933377822254 0.0639528417306195
12 0.5685936438879305 0.36632508908564043 0.0636438908043846 0.06812367923479036
12 0.340029825105618 0.3767187252888142 0.05406641209110348 0.06696511326140954
9 0.8255038126361652 0.404813979990144 0.022622217611324408 0.04787408790676764
9 0.6818772418611386 0.40033995348005014 0.012968150223052153 0.04809022374381852
9 0.5580674555459368 0.42154991929983876 0.018443591428340816 0.04376750700280119
9 0.3718641091553219 0.42191696637502746 0.024783575981833002 0.04301103157312305
9 0.2628144236089498 0.4281549618304112 0.024639485423799172 0.04290296365459767
9 0.06406412742958661 0.4395012346851274 0.02420721374969741 0.03955285818030923
8 0.25183491797355967 0.5385952534045233 0.01567909825854617 0.05211152349287354
8 0.2739274675725144 0.5379681585164174 0.01385344983118122 0.05082283048532174
8 0.2972803626629668 0.5338369829556151 0.014605187418919717 0.05074228717234976
8 0.34557962677888454 0.5320910918510083 0.013531276579293294 0.05146717698909769
8 0.37045449338614117 0.5332851057873771 0.01621605367835941 0.051869893553957505
