6 0.4670235534750338 0.9315842848557689 0.06831983805668014 0.02514549595141702
7 0.09682052718230733 0.8180947349661387 0.06023834377174669 0.04909316283924845
7 0.07465413792895231 0.8950064596960005 0.06827848826414394 0.05284446764091868
7 0.34281105546995366 0.5823141371340523 0.049788135593220297 0.032441737288135555
7 0.5337634723953368 0.5475451829313 0.05181984260820685 0.035966483979763895
7 0.735230772050737 0.5125352848449299 0.05410342889263629 0.036756956155143336
1 0.09754632541305375 0.8660134984853206 0.10157247765006386 0.13604525862068959
14 0.7441102199932125 0.5154310200457494 0.15212197863968518 0.23099361855292883
14 0.6107835976627712 0.6713989461602671 0.013216471897607107 0.007564691151919867
14 0.6130182248191429 0.6436639190317196 0.04243183082915962 0.020346410684474136
14 0.534074346498685 0.5254543759513203 0.11430166821567748 0.1390349966698082
14 0.42360781365410993 0.6762795781893004 0.0418447293447293 0.02292556980056979
14 0.4215153452685422 0.7024656329923273 0.015585038363171341 0.006793478260869535
14 0.3629903706496845 0.5670368886514721 0.09941832858499525 0.1407808048433048
