10 0.4535888464800678 0.8027791030534349 0.4847222222222223 0.34687499999999993
1 0.3841772938995161 0.25554644044227387 0.11389652014652013 0.18157623626373626
1 0.5868693044760118 0.37387869371482185 0.10931776556776557 0.17170329670329668
1 0.7531981483963192 0.459573296368266 0.11160714285714295 0.15753777472527478
7 0.36081010039343375 0.31170507733007724 0.07898351648351648 0.06310096153846154
7 0.35878834706959706 0.24206587683150177 0.07039835164835165 0.05837912087912085
7 0.5661121286121286 0.4212772181522181 0.07440476190476192 0.05623282967032965
7 0.5600762462175506 0.3465607083134256 0.06696428571428571 0.05194024725274726
7 0.20432692307692307 0.48923515720390726 0.07211538461538461 0.04807692307692309
7 0.738632361228515 0.5087535661453929 0.06868131868131873 0.050652472527472535
7 0.3986378205128205 0.5737036401098902 0.06639194139194142 0.04035027472527473
7 0.7283081501831501 0.4405840553677092 0.06982600732600742 0.050652472527472535
7 0.5725623582766439 0.6450933738880169 0.06639194139194136 0.04249656593406588
7 0.9652873168498167 0.5685096153846155 0.06009615384615377 0.0437843406593406
7 0.9325993017399267 0.7951740642170328 0.05437271062271058 0.036486950549450635
7 0.9768372252747253 0.6385340354090354 0.04772206959706959 0.044213598901098904
6 0.48891805313296677 0.0794719827586207 0.1110570687418937 0.07994892996108949
6 0.7836934156378599 0.25709876543209875 0.08055555555555559 0.05208333333333335
