7 0.8932361159887015 0.5162232638366289 0.03805847746447051 0.030109166445681908
7 0.9492705371390178 0.47103219594716195 0.030864197530864196 0.028265936004031305
7 0.7439693244686786 0.4976593242485049 0.031140680205586684 0.02395576859273229
7 0.738768134328253 0.4573816560471471 0.030486302191131052 0.024347254414884917
7 0.7901506163619284 0.4527480575895167 0.0346209375644539 0.028083473290314943
7 0.7828728199098568 0.4080099260783418 0.035008001828989416 0.02640909758965315
7 0.8446310125896689 0.3947129976684239 0.041547958214624855 0.0349765974765975
7 0.8344418712825793 0.34666637270203615 0.040265361146587235 0.03106375053214134
7 0.9548437326215103 0.19846036512703175 0.048659770881993095 0.04243827160493827
7 0.9703870682381076 0.2572994851593097 0.04970992058997499 0.03869822932004379
13 0.35940913153143567 0.46756820378310165 0.042895571412391 0.04974567283435786
13 0.4736234845030478 0.4694549383976412 0.029090013082681818 0.04694976920174484
13 0.5878094829215578 0.4770346107505768 0.03054898970599462 0.045504821797609084
10 0.886840725775903 0.6102817984989598 0.18278010181392426 0.10976462592559069
10 0.8683264067321259 0.7052941745755332 0.0762639952480786 0.05037077706615133
