7 0.006485279922779923 0.2839006696428571 0.014780405405405405 0.030880489864864868
7 0.10698723070549243 0.4214338822798296 0.0616455078125 0.048828125
7 0.09320318042750961 0.49354211673022713 0.06117724867724868 0.05374345918923131
7 0.2875520144400353 0.5932940124834655 0.05104993386243386 0.04030257936507935
7 0.2799619950177866 0.660448113221426 0.0527315504754671 0.04355641592920349
7 0.36697613578356303 0.6668957956285673 0.04913221031138336 0.03062787136294025
7 0.36474508920551313 0.7353012873178403 0.05031829708724083 0.040195727155321756
7 0.43525362318840594 0.7356182065217391 0.047708333333333346 0.032500000000000015
7 0.43283662092624353 0.7915683962264151 0.04422169811320753 0.032745114555256104
7 0.531904635527247 0.8276074840764329 0.0343904812455768 0.030686040339702812
7 0.5340440182462277 0.8831787000616298 0.03166137005649728 0.031677226574991835
7 0.5819405926142168 0.8704249379652605 0.03063725490196075 0.0317243833017077
7 0.5812713831867058 0.9226825971407624 0.033907624633431034 0.032074780058650984
7 0.6239949413967735 0.9575267879480531 0.029367418728772538 0.02352404021106249
7 0.6780779696648196 0.9660175129671107 0.026302605210420774 0.021527429859719404
7 0.7132794289044289 0.9902893981018982 0.018429487179487107 0.01741929945054945
7 0.18413336869401226 0.8002342644978782 0.04258015087223009 0.03757072135785009
7 0.2695773693999676 0.8579440350557981 0.04412299854439595 0.0365038209606988
7 0.330207908683245 0.7915291862005709 0.02300541853512706 0.022333940582959587
7 0.48516783762685395 0.9196794496487118 0.03049375487900079 0.024151053864168583
7 0.48369871628068345 0.9700470010408532 0.031713505074160805 0.02872511709601877
7 0.574321081752484 0.4994548187669376 0.046409214092140987 0.06084857723577235
7 0.7117884594343235 0.7167420605612997 0.03846627277203349 0.021694977843426867
7 0.835668859649123 0.702092927631579 0.035312499999999976 0.02140624999999998
7 0.9676005747126435 0.6843952047413794 0.034051724137930964 0.02769396551724137
6 0.02695798723967739 0.010567922760924518 0.07115610328638498 0.027968749999999997
6 0.24238340276076126 0.2612170511429272 0.09489022881880027 0.034931586270871985
6 0.5232598978288634 0.6325520833333335 0.05862068965517248 0.02801724137931032
6 0.6395888157894737 0.7504769736842104 0.03125 0.018906249999999947
6 0.7154142776772829 0.8465379253747012 0.031884596334819194 0.015117825965824672
6 0.7259848484848485 0.8672372159090909 0.013333333333333286 0.012812499999999893
9 0.22999246172406693 0.18475622422975047 0.03521423751686908 0.04004324706699369
9 0.26499343393874647 0.23595043736645302 0.035445601851851846 0.03472222222222223
14 0.5797482025904085 0.49646889925170967 0.09998792270531401 0.12264097744360898
14 0.6465473790322581 0.5854964717741935 0.010080645161290274 0.007056451612903203
14 0.7145169689475167 0.44194186081744036 0.046481006935931886 0.052422421328671295
14 0.7520263883243871 0.5120847499496296 0.06973751942501943 0.06223905856423171
14 0.78271631006006 0.5679458755630631 0.021114864864864913 0.011085304054054035
14 0.8986292391789378 0.42848477242302535 0.01600150602409644 0.03412085843373491
14 0.9176980198019803 0.48969291460396036 0.02423679867986799 0.04157642326732667
14 0.9456521739130435 0.5618921624713958 0.02169145690312734 0.018413901601830672
14 0.7149585743362086 0.7125101397990263 0.0708013344226579 0.11867681100217861
14 0.9666909833710425 0.680462878019696 0.08114210358056262 0.12099184782608682
14 0.8365302305907494 0.6967136909003444 0.08584325735067289 0.12451913036992827
10 0.21004962775061686 0.9481386139909386 0.2005997623305723 0.11164691091954033
1 0.028986532374497782 0.2811306267541783 0.059913629460895984 0.12794597880795253
1 0.11625758605515531 0.44693770656199305 0.11998338445807769 0.15045948748983667
1 0.3101172510162601 0.60166025152439 0.09194867886178866 0.1312245934959349
1 0.375790109665996 0.6941637421103569 0.0786652835408022 0.1212444649160835
1 0.4492500698817435 0.7506086777654876 0.07557785888077859 0.11306507353510922
1 0.5403013754045307 0.8488951254045306 0.059061488673139095 0.10543082524271856
1 0.5907794336759864 0.8892400861917092 0.05406249999999998 0.10140624999999996
1 0.6335819867364094 0.9281590117190628 0.049504950495049486 0.08856822400990101
1 0.6803190294196697 0.9692699209462117 0.0316479271342132 0.044665146151053034
1 0.722881835776643 0.9878252527384287 0.03769628836545327 0.03060258297644545
