6 0.1327697508253064 0.397531994754217 0.08952595758151315 0.03301578822412152
6 0.1958239805462027 0.46471661054994395 0.08556900918012027 0.03116096866096864
7 0.0301554347577264 0.5571601768649266 0.05604068386362876 0.04140319180969594
7 0.013661659250337356 0.6081355180835758 0.02174713105155743 0.04297149452976007
7 0.1387379681633639 0.6607054798406279 0.044330690220482444 0.038580246913580245
7 0.11615440899443885 0.7151460403492926 0.04307604804443107 0.038580246913580245
7 0.22792666198266925 0.7462938961112638 0.040984977751012085 0.03418899929740043
7 0.21760200240891298 0.8003048780487804 0.04265783398574727 0.038580246913580245
7 0.06613756613756613 0.880557168666925 0.04056676369232829 0.03230703603332321
7 0.36360022278508924 0.870444910876124 0.03262069657733618 0.03167971494529756
7 0.36012032398662935 0.9200804339693227 0.03722105122285792 0.03732560473752877
7 0.42406905550536994 0.9234340671596017 0.033038910636019894 0.029170430593194782
7 0.4249054836227375 0.9768285513542964 0.035129980929438906 0.03167971494529756
7 0.4757446301314864 0.9738767815918901 0.03471176687075514 0.026974806785104916
7 0.7914236378303425 0.7551726108824873 0.02969319816654958 0.023524540800963573
7 0.6766703469503831 0.7764943526341582 0.03052962628391723 0.023838201344976398
7 0.5690778101196651 0.7985797450567097 0.02843855599049816 0.021956238080899273
7 0.4256896349827696 0.59936609204055 0.03178426845996853 0.02070159590484797
7 0.5529835390946503 0.5710582279433907 0.02091070293418988 0.01944695372879658
7 0.5768565916111836 0.6053648499447958 0.017564990464719394 0.012546421760513893
7 0.5187175003653871 0.5300863193817124 0.03805747934022545 0.02760212787313057
7 0.6716982464749203 0.4971171110888063 0.021328916992873533 0.02195623808089936
7 0.6954899795911539 0.5409389742045568 0.0075278530563082785 0.01286008230452672
7 0.3895663956639567 0.5632297835324034 0.03680283716417409 0.024779182977014962
1 0.04467890533033691 0.5697381285935265 0.09521933280798528 0.11820330969267138
1 0.14837955145283752 0.679991510000375 0.10123894580159355 0.11820330969267138
1 0.23709661455061803 0.765412826486678 0.08153839418614835 0.11738245337536111
1 0.3778088921410433 0.8936340247288829 0.06566850538481744 0.112867743630155
1 0.437399151938159 0.9448251654220918 0.05910165484633568 0.10794260572629373
1 0.4951815734173891 0.9678922051484107 0.05417651694247439 0.05745994221171537
14 0.573048915740011 0.7913191708256718 0.06949916819893187 0.09480890464933016
14 0.6761476760962833 0.7641636973081622 0.04925137903861317 0.07839177830312585
14 0.7132068745543924 0.8096574918383428 0.029003589878294354 0.019700551615445303
14 0.7845396438777053 0.7389945554839172 0.049798616583486624 0.06977278697136849
14 0.8245377335211848 0.7923129044582945 0.022436739339812644 0.03734896243761488
14 0.48200682952456003 0.6670688862621487 0.026267402153927012 0.0324238245337536
14 0.4607740127834691 0.6303492470011384 0.03392872778215564 0.012723272918308385
14 0.5958635095750935 0.6313557731997448 0.021342264250065614 0.016417126346204302
14 0.7253086419753086 0.5971729708431835 0.016964363891077847 0.021342264250065673
14 0.695812538306628 0.5406364919884424 0.01039751335259602 0.016417126346204302
14 0.6640517131060866 0.48146380149926243 0.05308204185272748 0.07757092198581558
14 0.5796613694072322 0.6035346073023378 0.0257201646090535 0.015185841870239025
14 0.5188153948866123 0.5227315635671131 0.08318010682076875 0.10794260572629363
14 0.4002308541603934 0.5619762536277844 0.08865248226950355 0.10671132125032827
7 0.17002249567261388 0.27744943525085364 0.038306628141143516 0.025036117677961676
7 0.3313274589870335 0.22678021348234115 0.027361877243673925 0.021752692408720808
7 0.5032761287686426 0.16964363891077838 0.01149198844234305 0.02093183609141056
