6 0.49999226676565206 0.08724054998762683 0.11855048255382332 0.0515033407572383
6 0.4897730250229268 0.10777626752259924 0.11924647364513732 0.05637527839643651
7 0.7494900531719838 0.5350316281628164 0.07941419141914187 0.0578589108910891
7 0.20724743622340877 0.823182843885075 0.04981884057971016 0.05059353546910748
7 0.11498520641133168 0.876563810455689 0.05422374429223744 0.042502446183952894
7 0.5713028369278369 0.6268182244744744 0.07601351351351344 0.05313907657657655
7 0.6572718016063338 0.23687746231586165 0.08917865707434061 0.06838279376498799
7 0.6626316130696313 0.30730189281598047 0.08227176220806788 0.06336653030968593
7 0.47254701738707133 0.36566524182421656 0.07864732569245465 0.06894699140401146
7 0.47199027215474576 0.441137398785425 0.07717611336032384 0.05682776653171393
7 0.32311537374593746 0.47589351949978803 0.0659928288822948 0.05250834569732934
7 0.32078708828644664 0.5472023908573213 0.06423856671381424 0.05403553748231964
7 0.1157778548865703 0.6241960909830573 0.06027448071216617 0.051465133531157205
7 0.10472253867370186 0.6927398743854181 0.056730173482032215 0.045016263940520405
7 0.024370387969588556 0.6958924977638639 0.05193192829457364 0.04246911337209305
7 0.023158879741960327 0.763362915423005 0.04693818601964182 0.04887889948006929
1 0.6279704638713061 0.24813613302497955 0.1361331618725468 0.1769859339032404
1 0.44410421679957385 0.38760436639003265 0.11769727138643074 0.1658398811250889
1 0.29665735890740047 0.5017965009743394 0.10352148073494857 0.15872014048382913
1 0.09484280093388806 0.6423702764254637 0.09152777777777775 0.13995659722222226
10 0.6443049875795623 0.7796778126010877 0.4855961440892948 0.21621076692139737
10 0.6477572266651414 0.9087806088867982 0.391498351734603 0.13929227941176467
