14 0.27085845620626486 0.5381866307722959 0.18550533639381678 0.10403774752475244
1 0.01939766992123013 0.8253228031696617 0.04744764397905758 0.10770206151832466
6 0.06786171157059316 0.5910038768796992 0.10044642857142858 0.07905505952380958
7 0.5720348324514991 0.269489914021164 0.07341269841269842 0.03645833333333335
7 0.26880620307316216 0.5595411537454164 0.0665160642570281 0.03694465361445785
7 0.9422275146952604 0.9255785545190026 0.05734497434850283 0.04295489133209145
7 0.40303575412762155 0.42235347640562243 0.06682981927710839 0.03765060240963862
9 0.8518716677930463 0.9424015121649019 0.043717616580310904 0.05849255181347157
7 0.4808728448275862 0.668384069683908 0.03749102011494253 0.03855738146551717
14 0.4113780425963488 0.6211175202839757 0.0736350574712643 0.05657327586206904
14 0.536109997326918 0.6860371140737771 0.1616379310344828 0.10169719827586202
14 0.4042846880131363 0.40975536227421994 0.20653735632183914 0.11382004310344826
14 0.5601597038019452 0.4960523043766577 0.064655172413793 0.05118534482758621
14 0.672320003192848 0.5598958333333333 0.13469827586206892 0.08283943965517242
14 0.46791410051703153 0.20251560546346986 0.09732360097323595 0.050182481751824805
14 0.7125071561471304 0.3486676148561615 0.38093065693430644 0.23779653284671537
