10 0.7915394639353723 0.07684493238250167 0.34761192168599575 0.23849607182940513
12 0.1431768400854422 0.38639644654429595 0.052270011947431326 0.06554493561662024
12 0.8926430109285151 0.3988803333450133 0.059105278936036953 0.059531109475921815
12 0.6155247358951061 0.40003763383393 0.05976876347246715 0.06136096413874191
12 0.45746187852276976 0.39217646150320346 0.055114638447971764 0.05989124044679602
9 0.07965085897184664 0.4586211542230062 0.022405121170553263 0.043724279835390914
9 0.5155476374890735 0.4679393593352679 0.022656029475123025 0.043455007353924324
9 0.5962626622348842 0.4697433589215996 0.020938851957370577 0.036972736625514376
6 0.3966244580393886 0.20736165077527927 0.013625563394081885 0.012285971487360367
6 0.3876510820955264 0.29369456452789783 0.012512512512512482 0.009384384384384405
