7 0.35729159895709645 0.7814682515132723 0.0710082601923134 0.03909225231427236
7 0.6720477231479954 0.7588088805477645 0.06922675026123291 0.04445043103448283
7 0.9644919647151791 0.7344688111987219 0.06532351576994427 0.04812152133580705
7 0.280441810702735 0.6162076611804049 0.04838639526791925 0.042821954617834376
7 0.32564035365759947 0.6072313530140618 0.03861226371599814 0.03972834543568462
7 0.3285982008995502 0.5378607571214392 0.06379310344827586 0.0587284482758621
7 0.3656681910569105 0.5038033536585366 0.06541666666666668 0.07085937500000003
7 0.5944723498813731 0.5107500161796417 0.025967732223492846 0.05600489620848768
7 0.6467966086880518 0.5015336836814963 0.04364784546805348 0.05920319465081727
7 0.618937346817809 0.5902805613988457 0.06833439897698206 0.05964274296675187
7 0.6605575314364877 0.5747981937340152 0.021579283887468038 0.025175831202046074
7 0.9587917496894144 0.558727635811981 0.07486474943052386 0.061307659453302944
7 0.9239330808080808 0.4880468750000001 0.05385416666666672 0.0609375
7 0.8963046875 0.45792578125000005 0.05541666666666659 0.07367187499999997
5 0.9426337788537074 0.46250447691955177 0.10531250000000002 0.21351562500000004
5 0.6253708125302025 0.5162373244603232 0.12854166666666664 0.211328125
5 0.29705880549590535 0.5354023355318425 0.11124999999999999 0.20699784242761696
11 0.598907758396539 0.8237172597993048 0.83125 0.24947262740029547
