7 0.02122697091808744 0.16235394639241071 0.03978931448067251 0.03847807218960061
7 0.30743121175542387 0.249989266288643 0.05043628139348708 0.04175957016518795
7 0.4461902992822685 0.102259254471162 0.045553425056906745 0.043937314353806975
7 0.4454050376948751 0.1652257767910205 0.05312230183559276 0.04425690449759478
7 0.4540799369645909 0.31261553068494996 0.045484080571799874 0.026498538011695924
7 0.5724140635509785 0.36732310058386036 0.03454026901935239 0.023314681588062876
7 0.5996966095553893 0.36825037324637644 0.012459168467694981 0.009899487817153718
7 0.5913532274506984 0.24046186636115857 0.05113413678228494 0.03961364638447972
7 0.5881956692141879 0.18505999198763542 0.04608196159122081 0.03892471340388006
7 0.7108161519169751 0.25401585297418633 0.044867398262459966 0.03536522633744855
7 0.7199792384977569 0.3041148787676566 0.049296982167352614 0.03557956104252399
7 0.8913812334594227 0.3946713794321819 0.045438957475994475 0.030649862825788757
7 0.8793387468155988 0.3479379470409562 0.04029492455418389 0.028935185185185185
7 0.821891661737624 0.034236746468218504 0.042945595952731515 0.03079340808698607
7 0.8499228395061729 0.49525784465020584 0.03186442615454967 0.033436213991769576
7 0.9217297502518997 0.5262062485646363 0.02467273709103767 0.0241781185408636
7 0.9534118687262707 0.3887581410400884 0.03840567566057761 0.027494972347913555
7 0.9649862437852635 0.4326612121878665 0.046785095804703636 0.02941525613094238
1 0.46658556579627875 0.11617990872713924 0.07741120705788082 0.13661056506968455
1 0.611457014604213 0.1982232936214272 0.07079408514311977 0.1295326632336436
1 0.9014731166623023 0.3585030702821592 0.07657034192355457 0.10148746699330256
1 0.9706250278894983 0.39761323343079447 0.06555784179240975 0.0967098201365063
12 0.2974300885823519 0.6585030767129532 0.04572473708276173 0.049751631541755055
12 0.41377537379531876 0.6829137467477211 0.04419037042830725 0.04702937829861981
12 0.5635900359138488 0.7083547749273739 0.04297581829933458 0.04147495417376622
10 0.5100571294884202 0.513650446384208 0.3077401032081557 0.2246161062548167
10 0.9223674423266379 0.6269899335758354 0.1572883212037284 0.15386584193103342
1 0.7319295075723111 0.2676346087644931 0.07690739172220648 0.11631370427666718
