6 0.33876811594202905 0.01992753623188406 0.10768921095008051 0.04679951690821256
7 0.3276272753128555 0.2606122013651877 0.06790386803185437 0.05439419795221845
7 0.3237627986348123 0.333617747440273 0.0974118316268487 0.06745947098976109
7 0.5350308181727804 0.3647542002187097 0.062195546276965885 0.05333376826722338
7 0.542411985196432 0.43503273866008724 0.06610995128740438 0.0549647703549061
7 0.7122591407517099 0.45336712634863563 0.06246804703476485 0.049007860429447804
7 0.7220855694692904 0.5225880789107533 0.05739415623136554 0.05017330053667264
7 0.9543152009416513 0.5839078526988397 0.06722577209797649 0.04368011182108624
7 0.969759495917643 0.64676517571885 0.05557774227902025 0.04617611821086261
7 0.19035202655485678 0.514578965758211 0.09433962264150943 0.05885307477288615
7 0.3810849834983498 0.5985715759075909 0.06935849834983501 0.051825495049504955
7 0.5716931216931217 0.6715277777777777 0.05357142857142859 0.038839285714285764
7 0.93686072280941 0.8121350792703715 0.05618536197295138 0.03374850835322194
1 0.34126671911880396 0.28486632900603204 0.12483062330623304 0.1843241869918699
1 0.558995882166614 0.38196204202301764 0.10602981029810295 0.16514227642276427
1 0.7265036199186233 0.4676557559342167 0.09168282669461915 0.15523437500000004
10 0.46850467472168716 0.7949423969466496 0.4536314102564102 0.3376257747162484
