10 0.48471759092312316 0.4684391524104789 0.3192031849699658 0.23408197683471174
7 0.5761831704747099 0.2798596309681936 0.052226878594530665 0.037872352474798955
7 0.4559530290524442 0.3435782273501572 0.046025557721464175 0.03319931773879144
7 0.38208340179666345 0.20677158613986565 0.06216238295091345 0.041739423459853556
7 0.3861371181177047 0.1527376198999495 0.048858751357718735 0.03879537840194594
7 0.5207683834227043 0.11371061718283944 0.05854620052150909 0.04634263893523154
7 0.5199187683755585 0.057222626667071126 0.05391193662798595 0.045415786156526895
7 0.27956709846967664 0.22896703171343824 0.04679274300538274 0.03556987857124751
7 0.2726319730371702 0.27870432826982955 0.05144032921810697 0.03874303276553628
6 0.22981006033379928 0.09138066009180959 0.059026852592000474 0.029767852384758865
6 0.02404698282290594 0.28241367233527087 0.044805385388760874 0.021719683770771308
7 0.1501362825956981 0.5014044206635435 0.026344716067551507 0.02188768975008858
7 0.015575035280095031 0.46253415341897414 0.030722942622256125 0.024543040370652927
7 0.017790841584158414 0.421630053630363 0.03667033370003667 0.02740725461435035
7 0.06667548153839642 0.424493335748747 0.0362659092817823 0.02827309374928424
7 0.07109425186756096 0.3802074128775447 0.04144680922685921 0.025404579767224586
7 0.12921590781013328 0.3795450984273072 0.03906990936605721 0.02907048665231698
7 0.13599546241218474 0.3318765507204886 0.04453351146737918 0.027446869046735444
9 0.7176393972944528 0.7121916943459022 0.024601896582572915 0.041846766675142005
9 0.5699269436914125 0.7298306507397403 0.019226206546727857 0.040660237728922154
9 0.4899013147436242 0.7414936840882983 0.01482559706722736 0.03563197476952933
6 0.9711681320248426 0.4099287656940297 0.017098270673628176 0.008621893935425291
10 0.12104762131018566 0.5975868984015794 0.1815554130368945 0.1483789180045218
12 0.7600194735373289 0.6353559696556654 0.06524385911766861 0.051366114932236064
12 0.6553407995298447 0.6592172435666706 0.07245306757482016 0.04905776697568782
12 0.4293466906362653 0.70921443965335 0.042364867771891954 0.04061390529989704
12 0.501715122977398 0.6978011705337094 0.03613318671798203 0.03030189433698208
1 0.49969781165061417 0.06670614905973328 0.08829238188806085 0.13867624185865657
1 0.36734894607328256 0.16941085820654495 0.07693487834813371 0.12872709614934716
1 0.26107206939415795 0.24778812751037474 0.07297167002492763 0.11346463122763932
1 0.12023908884470946 0.34727246368448067 0.06601536333618911 0.10196668465604168
1 0.060138901539782304 0.3995291794257505 0.06120471647503315 0.09565262098861857
