13 0.01902820168948082 0.47629211177395503 0.031932189542483655 0.07967677696078432
6 0.6321801783812566 0.01702900359424921 0.12480031948881785 0.04018570287539936
6 0.5067747459919983 0.10674137596062516 0.1228035143769968 0.06464656549520767
7 0.5773038663663663 0.6407247090840841 0.06973379629629631 0.05099826388888893
7 0.754858193277311 0.5476846988795518 0.08527369281045753 0.058976715686274515
7 0.32575845075845067 0.550737035112035 0.0619369369369369 0.05506107068607067
7 0.32702352516182304 0.48437361768478804 0.05890505890505888 0.04693996881496876
7 0.48764579479312364 0.4474700443870413 0.07041296304651899 0.05498007659161663
7 0.4843056276307442 0.3755432667358589 0.06741192411924123 0.05195630081300808
7 0.5715168523981209 0.3128694631736667 0.05372945638432362 0.04335888116308473
7 0.6738754490560269 0.32061883742260966 0.08590823970037462 0.06390449438202243
7 0.6657835194982638 0.2442935850450843 0.0691451149425287 0.05820567697588168
10 0.6395647908180935 0.8174683422796983 0.4976133117010623 0.34146161417322834
1 0.3065721602571373 0.5084124944763386 0.09493021346469624 0.1603550903119869
1 0.4610576038249902 0.39669373708997185 0.10647198480531811 0.167989837398374
1 0.641031089750481 0.265252408944425 0.1329325042163872 0.17669169183808042
