7 0.553051920935412 0.28486154127227165 0.0709910913140312 0.03810551224944323
7 0.32998728197674426 0.39091784921970624 0.06591697266421874 0.04379589963280295
7 0.13498866510601656 0.4910308867452374 0.062308282208588944 0.04421491564417179
7 0.8126563477173234 0.9275181754221389 0.057545731707317076 0.042206554878048766
7 0.6252828077523201 0.9848026761517616 0.0536924119241192 0.029706554878048762
7 0.9885703880632224 0.8475186549009202 0.018553167020523748 0.042724091029723965
14 0.1505338271367448 0.4795063410944266 0.15874999999999997 0.14231213056328232
14 0.3460347794999158 0.3949368214929442 0.16934867216117222 0.14944864163614166
14 0.6595243210863961 0.39788773183912884 0.26807599759655876 0.29758974210037176
14 0.45086448927144385 0.4997285406875428 0.059820061255742726 0.05168453292496169
14 0.5316973207288401 0.5902347729721785 0.10592313218390809 0.09868265086206893
14 0.25906764468648696 0.5909382399397076 0.08168704328274311 0.05559535729342331
14 0.6342894533371726 0.9497436749785783 0.12052083333333338 0.0953125
14 0.3467745155726022 0.6866219954247357 0.1380763979903888 0.12078125000000002
14 0.8152900714834007 0.9083249376319322 0.1531465889464594 0.14663617227979273
14 0.9601174011712985 0.8063153996526067 0.07802819083023553 0.11878485130111534
