6 0.42798353909465014 0.2628827765674171 0.03389009924957643 0.0792029774872912
7 0.9234295570079882 0.5439058339385137 0.05779472282740252 0.04062273057371095
7 0.6974501734850318 0.5824558218349067 0.060518034374243454 0.041303558460421275
6 0.6801016702977489 0.2083560275962237 0.03116678770273549 0.08464960058097314
6 0.11244876835365908 0.33046759572283574 0.05507141128056161 0.06036673928830793
6 0.5528034258971078 0.23264861500155617 0.030864197530864196 0.07330246913580248
7 0.021786492374727674 0.4872639796659404 0.04357298474945533 0.04606935366739291
6 0.014774294043972928 0.372422721101323 0.02693052529653837 0.039034132171387056
10 0.669327916351726 0.7263617252456538 0.48739711934156377 0.23099922839506173
7 0.8391659375911344 0.3789370078740158 0.06885713359904087 0.04982016136871779
7 0.8106625560693802 0.3345791266832387 0.06318654612617858 0.04647856517935258
7 0.5911771550441717 0.4269510503106304 0.06399663005087322 0.04769369106639442
7 0.5832428152600089 0.3802155316334249 0.06075629435209486 0.04617478370759209
7 0.36702588102413125 0.419522212501215 0.056300832766274594 0.04192184310294541
7 0.3603973371641302 0.46770532927211256 0.05954116846505295 0.05012394284047828
1 0.358218001795945 0.4292640265476709 0.0644016720132206 0.1321449402158063
1 0.5814326739250185 0.39007439608243405 0.07209746929781935 0.13427141051812963
1 0.817025123254824 0.33444675484818576 0.09437477722692077 0.12728443666763872
