6 0.4274906517094016 0.18137319711538463 0.0702083333333333 0.11109375000000002
6 0.602238888888889 0.14107708333333335 0.05604166666666674 0.11281249999999998
6 0.7824520250781837 0.11600936982352647 0.05812500000000007 0.11626758227176222
7 0.3546121945154874 0.4056942668371697 0.05194444444444445 0.06500000000000003
7 0.3473041142557652 0.4708996658805031 0.0628930817610063 0.07208136792452828
7 0.6253244549157415 0.35891577150387344 0.041097622660596876 0.062357738998482536
7 0.6780256809447669 0.34332791593032064 0.04008702908917504 0.06337178111587982
7 0.6440786541889483 0.4231910093582888 0.05254753416518128 0.0693516042780749
7 0.6933834139716493 0.41093047067311766 0.04864824717765887 0.07088346702317287
7 0.9552381279794647 0.29930426636413643 0.06558374587458739 0.06652227722772275
7 0.5034608285479901 0.6859105824446267 0.08352987421383648 0.06471108490566042
7 0.814820128454832 0.6437595645520311 0.0911240957150806 0.061691360601001666
1 0.3346049868349988 0.399389381015675 0.09152436946148601 0.19317340176715173
1 0.6490231918238993 0.3470533608490567 0.10968749999999995 0.19546875
1 0.9579878472222222 0.24680729166666665 0.065625 0.128125
10 0.5981634063437988 0.8944969003984846 0.24874281609195403 0.215234375
10 0.7557547666954105 0.7669117382868641 0.0701081488933602 0.026251257545271668
10 0.9352297188068212 0.879138270023659 0.15466642581888254 0.24890625000000002
