4 0.08734945009659878 0.5731053241250528 0.047343982705460745 0.084527194517352
4 0.33766708827509545 0.4587913597434341 0.08014473233931935 0.14553950070201446
4 0.3112611876181122 0.49181066845998705 0.0762275364558157 0.09987541917233368
7 0.3239733986860424 0.3018895332113723 0.03583085000709524 0.03591954022988507
7 0.3263777978036925 0.2568100502333218 0.04068383541870516 0.035847750504861234
1 0.3047263498127386 0.2787453956590879 0.07625213774759548 0.10698386254850153
7 0.3873258310603004 0.21179313478301764 0.03533441144374762 0.028719480929278614
7 0.38599284785237586 0.25907592455519907 0.038247084159576956 0.03708101452056548
7 0.5367127793223339 0.09548820631872468 0.06018842223664682 0.047808028460663704
7 0.5311716104540178 0.15400342006244785 0.04006410256410261 0.03700365028490029
7 0.6521387140777423 0.07283835091474948 0.04413265013698322 0.04094449602806149
7 0.6426048643051184 0.020591891592027758 0.06253530218671828 0.04066055434519487
7 0.6614720366997233 0.20287306887944406 0.05115923452292601 0.03552334210348782
7 0.7947076644954987 0.13224593246668304 0.0597866077998528 0.043817962554165646
1 0.36441559264566104 0.23205713278192866 0.07238062074324883 0.11868140882537342
5 0.5007449490283237 0.11335871266435593 0.12436122644522511 0.12750149342891276
5 0.6216772334468068 0.05637609596451083 0.1289790607601065 0.10840389891315819
11 0.5288153387395392 0.3438763436943276 0.3271093730030928 0.3477443609022557
11 0.7798346634213932 0.5588587542290916 0.35232980136742165 0.38355195473251025
