14 0.4133528398193621 0.5288948287938153 0.09765625 0.10779498027408634
14 0.08885732323232323 0.021898674242424244 0.052746212121212124 0.03995028409090909
1 0.17403273809523814 0.8100585937499998 0.1331845238095238 0.16071428571428575
1 0.06453252032520326 0.6668662891986064 0.1220238095238095 0.16796874999999992
1 0.3596653600464575 0.9594022212543554 0.08630952380952385 0.08125
7 0.14404101718625098 0.8568457733812949 0.07194244604316546 0.05339478417266186
7 0.1620953237410072 0.7819244604316546 0.06519784172661872 0.05170863309352516
7 0.03859412470023981 0.6554529103989535 0.06669664268585132 0.05564298561151073
7 0.333516081871345 0.9643817204301076 0.052083333333333336 0.04662298387096762
7 0.7986071333104212 0.4649999283995875 0.05606312292358808 0.040749584717607944
7 0.3990417088821344 0.5440650329280647 0.05319148936170214 0.04155585106382977
7 0.5932160702772404 0.5042613636363635 0.05651595744680857 0.036984707446808505
7 0.02408787255909558 0.7272465955806783 0.04871103117505995 0.05795863309352507
7 0.8078978187673841 0.9105662604303909 0.04428341384863129 0.023022342995169077
9 0.2901785714285714 0.5238095238095237 0.026041666666666668 0.05078125
6 0.5157533590921748 0.9060890072403229 0.05299707602339184 0.028097587719298288
9 0.32648809523809524 0.5723214285714285 0.023809523809523843 0.048549107142857206
6 0.2881216483539991 0.619676878244686 0.07131371012505303 0.030123542952297112
7 0.6491965244229737 0.9278759057971018 0.040257648953301126 0.02377717391304355
7 0.4464637509850275 0.5923555703309692 0.042109929078014176 0.02618018617021276
7 0.6323476530234412 0.5489290940357174 0.024379432624113424 0.015791223404255383
6 0.40636504350736274 0.7976515436746988 0.06526104417670678 0.039846887550200716
7 0.6417634341949916 0.5640201222927275 0.020500886524822685 0.017869015957446877
14 0.13387784090909088 0.09135298295454547 0.07694128787878787 0.05770596590909092
14 0.20699688416422285 0.21601791605571843 0.12310606060606061 0.14204545454545453
14 0.36649114774114777 0.0299526862026862 0.04985754985754986 0.05475427350427351
14 0.4204790342610857 0.14437630122726278 0.08368945868945872 0.11384882478632478
14 0.6591527576197387 0.073459043904209 0.058894230769230775 0.12800480769230768
14 0.4495431893687707 0.5934320494186045 0.04395071982281286 0.02803156146179404
14 0.48695705672449857 0.6385255167958653 0.050179955703211473 0.023619186046511677
14 0.521125328765227 0.7007890365448505 0.05433277962347726 0.05943729235880406
14 0.5845398739455587 0.4791576945162214 0.11939368770764122 0.11134759136212624
14 0.6365016125972301 0.5497652248150255 0.024900398406374553 0.015562749003984067
14 0.6439717321191425 0.5629713289698348 0.01909030544488708 0.01805278884462149
14 0.6708063579017263 0.6044571713147409 0.036520584329349265 0.022721613545816678
14 0.6838123695693415 0.634826764371087 0.02739043824701189 0.018986553784860583
14 0.7906774559973434 0.44274146052678465 0.12776243093922648 0.16445096685082877
14 0.8700910643141718 0.5745618715613734 0.023655378486055766 0.056025896414342656
