7 0.4705629332979602 0.6528764677874954 0.07761127971674255 0.05145106221547806
7 0.7774610100713797 0.6251661502640069 0.0859856262833676 0.060799537987679744
7 0.3992782275953859 0.35931732475598926 0.05505952380952379 0.03762755102040818
7 0.3650915658602151 0.3901619203629031 0.04737903225806453 0.0564516129032258
7 0.3407016908759069 0.4660738325263587 0.08310142238713668 0.06855867346938771
7 0.67430764815612 0.4410850731812312 0.05816831683168312 0.0329517326732673
7 0.9605270175199709 0.3165209269471677 0.06337316176470592 0.04782284007352944
7 0.9803929004854367 0.3885971632281553 0.035972896440129534 0.0546875
1 0.3260036598513957 0.3880253360584006 0.12200000000000001 0.20931372113676727
1 0.6510922330097085 0.35654896640122186 0.09925093632958806 0.2038272471910112
4 0.4567674867809772 0.8187097368063752 0.17018506250711235 0.32104302144273067
4 0.7111976701310075 0.8105774126895018 0.1847447747467887 0.3248852062762265
4 0.9282300569800568 0.7800066773504272 0.12636217948717957 0.3299278846153846
