6 0.25212201420686897 0.23610024343592423 0.03839911899379822 0.08123587202225699
6 0.3757317567959196 0.23332898626325857 0.010867675186924046 0.010324291427577825
6 0.39552300083077346 0.2263193357676926 0.012316698545180573 0.03151625804207965
6 0.3735516352887245 0.2645043944926574 0.011954442705616455 0.03695009563554168
6 0.5110813290565565 0.2531301216809658 0.037312351475105775 0.07851895322552598
6 0.857778633953316 0.2776144529875874 0.04938271604938271 0.07613168724279833
6 0.7410525003117595 0.2619014216236439 0.031550068587105705 0.07998971193415635
6 0.9737561208927779 0.2812392594422162 0.055535081792682635 0.07562496161169459
7 0.15582509084783286 0.3880022200563136 0.0424157100570356 0.042641325536062404
7 0.11569561764493537 0.3824859215941087 0.016695545447982088 0.01895170023824996
7 0.09329200057757561 0.43250487329434695 0.01308569778355354 0.019290123456790122
7 0.12903056681484232 0.4351316820858731 0.057757562630856955 0.0511019059995668
7 0.350606454407624 0.393377942720048 0.023915240776839226 0.039933939787741
7 0.38707412001758973 0.3947860673006871 0.02842755035737488 0.04061078622482128
7 0.34661479593253475 0.44166833275020406 0.030683705147642765 0.043656595191682905
7 0.37933482540370134 0.4430805988737275 0.03023247418958921 0.04501028806584365
7 0.5805988737275285 0.4024867338098332 0.03835463143455347 0.0423029023175222
7 0.6160591808739956 0.39813074352548034 0.012634466825499973 0.023012778860732074
7 0.5928272326907804 0.4562621832358675 0.04647678867951767 0.047717673814165064
7 0.6277443046448894 0.4492106739913757 0.01579308353187485 0.038580246913580245
7 0.6188837694685647 0.6182376887786245 0.05775756263085698 0.03418074507255792
7 0.4059789391173408 0.6118933522076797 0.05324525305032127 0.039933939787741
7 0.17705608592548158 0.6013259942353509 0.062269872211392664 0.03790340047649983
7 0.9638739937093846 0.42508417508417495 0.05611672278338941 0.048166853722409246
7 0.9852736115362377 0.471890623405775 0.019329093403167442 0.04302282080059857
7 0.9785995897107009 0.6249152082485416 0.03489309044864604 0.03048648881982214
10 0.358253889019393 0.7597882083104948 0.49043677515899736 0.2599782547699215
1 0.13425041202818977 0.38743288743288745 0.08897786675564452 0.13138138138138142
1 0.3679430653574609 0.3997380504193919 0.06858710562414262 0.12686297408519634
1 0.5999134511267333 0.4087600531566049 0.075075075075075 0.12964353242131021
1 0.9688656910879134 0.3985930374819262 0.05746487227968715 0.08689244800355908
1 0.9850759850759848 0.4719997775553331 0.021781040299558827 0.04483650316983652
