12 0.18044619422572178 0.7509477981918925 0.048605035481675905 0.07928696412948386
12 0.42687900727384925 0.757921564152307 0.028757979326658252 0.07412267910955574
9 0.15967180515690899 0.8051967736489078 0.02673276951492175 0.0637941090696996
9 0.43053828797716076 0.8136866663596874 0.020252098117364975 0.0558957908039273
8 0.17494919616529414 0.9567814439861683 0.014176468682155465 0.03614999513949648
8 0.20031350247885682 0.9653415718868475 0.02065714007971224 0.046174783707592135
8 0.14815188699703133 0.9553927286866921 0.020252098117364944 0.03888402838534083
7 0.21193220510959296 0.20773697674282465 0.056769732695658645 0.037189967745523314
7 0.20373041887203103 0.2633454532964336 0.055379453527601666 0.03753753753753754
7 0.4408684283411952 0.2680683134114506 0.06233084936788641 0.02711044377711042
7 0.46221633155789527 0.20769226016139594 0.011817372928484008 0.025025025025025016
7 0.41636754599717557 0.21492452048007604 0.01413450487524561 0.02884829273718162
7 0.6499555110666222 0.22153485184530933 0.024561598635672727 0.0356259036814592
7 0.6655168814038209 0.2761076134614146 0.053989174359544714 0.03684239795350905
7 0.6902126297837798 0.4223979096055119 0.05236718199681159 0.03180263596930266
7 0.4799633941934136 0.4160136013206189 0.055147740332925486 0.03006478700923142
7 0.26764322192562934 0.4072974884606828 0.051208616023430846 0.030933711489266998
4 0.2506053861873967 0.5232784986422554 0.13309164543732446 0.21280374289633552
4 0.4270308668456816 0.5358822777804259 0.13799072441047752 0.21402851263962377
4 0.5947002333931591 0.5444490324707845 0.1241100006532105 0.21402851263962377
1 0.20808000489070447 0.17167581789495368 0.11716963877457705 0.2158656672545562
1 0.4410431127013965 0.18729904703841604 0.07103664511071918 0.21066039584558102
1 0.6735594150066854 0.18879161561000024 0.08614213861127448 0.20974181853811483
7 0.970229447222345 0.21006529603079782 0.05282313376698087 0.05517390150006635
