7 0.14995821381962327 0.05681751565018948 0.0728448275862069 0.07977847654041831
7 0.0906809262990011 0.05987678245404181 0.018178670360110796 0.031928453947368415
7 0.5173477065518909 0.030067506131661325 0.04817443502824854 0.06700390803939532
7 0.4660798463983051 0.03447960805084746 0.05255120056497174 0.06798993644067797
7 0.8578431137602663 0.020508725004157048 0.09104779411764714 0.03983722311521833
7 0.7410383977548156 0.12817522962112515 0.07390929965556836 0.030945034443168783
7 0.2721611059463554 0.3048416356781324 0.07863340563991325 0.06287283080260306
7 0.5996588609923208 0.28528180611118775 0.078085483055134 0.05797135811836114
7 0.9166286380691613 0.2706447748707027 0.08429672447013488 0.05951950867052021
12 0.03205691445270214 0.9566690006295901 0.06856038523090993 0.08921039810690434
10 0.5536679002892632 0.3931374425727411 0.026480347115875345 0.019142419601837622
10 0.5169782627190743 0.3964873660030628 0.013240173557937733 0.01818529862174576
10 0.7319473292147922 0.521929147604999 0.26311050394792435 0.3325486341059603
10 0.355384353162883 0.5124627517936269 0.20544245778021347 0.22195663707556199
