14 0.18638176982591872 0.22367625725338494 0.12411347517730498 0.13588763297872342
14 0.10638297872340426 0.10033849129593811 0.07535460992907801 0.0602559840425532
14 0.06967531028368795 0.03203263519503546 0.057624113475177305 0.05152925531914894
14 0.34297429078014185 0.039952982522796346 0.04875886524822691 0.05319148936170213
14 0.39741245567375877 0.14954911901595744 0.08089539007092199 0.11095412234042552
14 0.6322030141843971 0.07796283082511675 0.06150265957446806 0.13671875
7 0.5708586626139817 0.5092174835359675 0.06205673758865255 0.04155585106382977
7 0.773638717805151 0.4709152785554311 0.05707003546099294 0.0390625
7 0.3792941046099291 0.5509474734042554 0.05319148936170214 0.035322473404255296
6 0.4980308919803601 0.9095297156301145 0.06870567375886522 0.02534906914893629
7 0.3128693853427896 0.9710563497340425 0.05707003546099288 0.04363364361702136
6 0.4041445035460993 0.8057125443262411 0.028257978723404284 0.022024601063829686
7 0.7841866134751775 0.9178440824468087 0.04377216312056748 0.015791223404255383
7 0.11955492424242423 0.8635494741295938 0.07092198581560284 0.05568484042553194
7 0.13676861702127657 0.7890292553191488 0.06482712765957448 0.05111369680851059
7 0.024620336108541474 0.6599791859389456 0.04598847517730496 0.05734707446808516
9 0.27132325494587534 0.5277155655095185 0.02936613475177303 0.05028257978723403
9 0.30803967198581556 0.5759017619680851 0.031028368794326213 0.05568484042553194
6 0.277902716937839 0.6229099851376723 0.08477393617021273 0.0332446808510638
7 0.017730496453900704 0.74461523656215 0.03324468085106383 0.05734707446808516
14 0.494059419095137 0.7003716126654116 0.06331310346134528 0.07303718127291843
14 0.6638588046530284 0.6548962093862816 0.03760529482551137 0.05076714801444045
14 0.646246991576414 0.6126708354822072 0.03685318892900125 0.02058889891696749
14 0.5730576865222621 0.49766142072803854 0.11845667870036104 0.14017373646209386
14 0.7678737966305654 0.45729918772563183 0.12710589651022866 0.16245487364620934
14 0.8413378889461921 0.5696396338318721 0.03196450060168476 0.06825361010830325
14 0.46177780552780556 0.6473214285714286 0.04937770562770568 0.024350649350649435
14 0.39276402709844266 0.5334874135604654 0.11431277056277053 0.1400162337662337
1 0.05070612980769231 0.6766686072716346 0.09915865384615383 0.1712740384615384
1 0.1181149097815765 0.8271567841880343 0.10616987179487179 0.13746995192307682
1 0.3314589056776558 0.9583190247252744 0.08914262820512822 0.078125
