10 0.49956473567584664 0.4901742570247472 0.3310336480271121 0.24691358024691362
10 0.94066727971829 0.6086399822247968 0.12796059448737312 0.10261550210003818
1 0.40923129193037716 0.101016366188701 0.07569674462176719 0.13644233664558866
1 0.5751131507251939 0.18773973194490498 0.07569674462176713 0.13079644685335742
1 0.7151301588027603 0.25774558905926614 0.08657031014754601 0.12326859379704908
1 0.9034360567273881 0.3563333288704252 0.08536905700026269 0.10650610717100086
12 0.3099430191876969 0.7142915005994621 0.05670587472862186 0.05285797608632254
12 0.4154025093841827 0.7325450364026134 0.056705874728621916 0.05164285019928057
12 0.5872703880266417 0.7535598127875616 0.0603279253657381 0.0479214042695718
7 0.5650303355617365 0.22407041428780555 0.05412417248166037 0.04327697262479871
7 0.392623904097334 0.13940888352120234 0.05993916621935944 0.04730273752012881
7 0.3867489421002637 0.08343239551558156 0.060066448758958786 0.05099302200751476
7 0.4695960580463504 0.3542952674897119 0.0216590859865714 0.030458089668615972
7 0.5566179101807119 0.1702143719806763 0.04741456432277688 0.043947933440687065
7 0.29495026631338206 0.28929761532854326 0.05197064189045862 0.040171184930635075
7 0.7029246436452556 0.2932657899445339 0.05535426731078898 0.039838298443370904
7 0.5978980762613192 0.4065288560802115 0.03340969835815202 0.027443680794196276
7 0.692036125865264 0.23994057437039887 0.04651994990159234 0.038244766505636046
7 0.8955837444209536 0.3872434508739418 0.047452706798098675 0.03319695664656909
7 0.8815038121670336 0.338519236290554 0.04306632213608961 0.03200066992056656
7 0.48740698641238556 0.13602743835054149 0.05054571479692252 0.027844873859366633
9 0.23580192907985265 0.7787184877353294 0.017821846343281177 0.05225041314280156
7 0.9652704671366744 0.3844234163822163 0.03987622420008288 0.028112738061058486
7 0.9801165183271127 0.43026799813379263 0.038069831243819185 0.030206239831562804
6 0.8178381842911757 0.1588133198710122 0.05963686519242066 0.040064102564102554
9 0.3599350165404408 0.792041146371855 0.02065714007971224 0.042225624574705814
7 0.8620642701525056 0.5072167755991285 0.04145485354635677 0.027233115468409556
7 0.928630818634212 0.534540967507801 0.02626805456066568 0.026573734907068217
7 0.5737099260390593 0.3919010648678461 0.0159093801705486 0.017500318187603416
7 0.44124747310663487 0.3473491309291747 0.0257201646090535 0.03316547541693738
7 0.9525720164609053 0.5361111111111111 0.010802469135802469 0.012345679012345678
