6 0.9501460066446922 0.014334974886203108 0.06544449458483755 0.03722924187725632
9 0.11805468944874035 0.8966349151908206 0.022709320695102682 0.07183056872037916
9 0.2976341105455114 0.9218137470013458 0.023203001579778792 0.058501184834123345
12 0.21813766248163857 0.816327326016463 0.08491311216429702 0.07442239336492884
12 0.3763753776225716 0.8378089403009895 0.08244470774091628 0.07405213270142177
12 0.6206955467372133 0.8690269510582009 0.08796296296296298 0.06820436507936503
10 0.4600226556343576 0.49057328605200956 0.47847222222222213 0.3520833333333333
7 0.196875 0.1954308712121212 0.08888888888888889 0.05208333333333333
7 0.4280228758169935 0.2859375 0.06805555555555554 0.0453125
7 0.6265456633103692 0.36251324854266026 0.0675675675675676 0.0397663288288288
7 0.5908408408408408 0.10267454954954953 0.07460585585585591 0.06017736486486487
7 0.7926801801801802 0.2011120495495496 0.07695195195195186 0.05595439189189191
7 0.7813438438438437 0.1214984515765766 0.058652402402402375 0.04152590090090089
7 0.5840465465465466 0.027561936936936933 0.07085210210210206 0.05278716216216215
1 0.6071106240330065 0.07432149303764829 0.11319193742478942 0.13453294223826714
1 0.8146439061630631 0.14928998777221383 0.11657641395908544 0.1759927797833935
