11 0.3053961338141025 0.8290452223557689 0.6530448717948718 0.2388822115384615
7 0.613970588235294 0.7731821895424837 0.08088235294117645 0.04549632352941178
7 0.3177083333333333 0.75234375 0.07169117647058829 0.043658088235294115
7 0.01601890756302521 0.741793592436975 0.03676470588235294 0.03768382352941178
7 0.6521139705882353 0.6155407475490197 0.06740196078431376 0.05698529411764701
7 0.6216176470588235 0.5247426470588235 0.07169117647058829 0.07123161764705879
7 0.30943627450980393 0.5026041666666667 0.01960784313725489 0.04641544117647065
7 0.36002178649237476 0.505361519607843 0.04227941176470586 0.04871323529411766
7 0.3096033868092692 0.5859792780748663 0.05147058823529414 0.051470588235294115
7 0.3604691876750701 0.5757615546218487 0.01899509803921564 0.02527573529411766
7 0.018995098039215685 0.5468093487394958 0.023897058823529414 0.029871323529411777
7 0.06147875816993465 0.4857728247549019 0.1170343137254902 0.055606617647058786
5 0.33667372251931066 0.5107508912655973 0.09872004357298471 0.21446078431372548
5 0.6631121261635969 0.5383522727272727 0.12186819172113286 0.208843954248366
5 0.03205629474011827 0.48237263655462187 0.06672113289760348 0.20578022875816995
