7 0.05480569506448412 0.4953293573288692 0.07440476190476192 0.05324590773809516
7 0.26904223227752644 0.586856617647059 0.06480957767722474 0.046662895927601866
7 0.161007446898536 0.26633108022340696 0.06827557755775579 0.046101485148514865
7 0.22223660846404267 0.38835916691328787 0.07549694189602449 0.05638379204892967
7 0.2394275028768699 0.3126258630609896 0.07990506329113926 0.05933544303797467
7 0.36189418972876214 0.36910109458901286 0.0621514869888476 0.04109549256505578
7 0.4415185390917928 0.4215017879461186 0.0761323658751099 0.05277044854881265
7 0.4331412644213358 0.49580213021884206 0.08410290237467019 0.05792381266490763
7 0.6171455729601222 0.5125521783573964 0.07440476190476192 0.05116535250463823
7 0.6228608214445653 0.5873144712430427 0.061069882498453985 0.04986085343228197
7 0.7718607378296146 0.5823967181161257 0.05246629901960785 0.041791130514705885
7 0.8697129581379188 0.6436376367899947 0.06373762376237621 0.04873143564356432
7 0.8905388923246064 0.7140481666151308 0.06420068027210882 0.04414038342609779
5 0.2628951574620321 0.31832253076609973 0.1765868908833985 0.18305194119692653
5 0.47845722846520006 0.4207884747556693 0.17663490059323383 0.17239545755170763
5 0.6575528843073423 0.516132599347453 0.160382337159882 0.1569071764338883
11 0.6443410683121317 0.8294203747607698 0.5467562607944733 0.28842503834355826
