6 0.23455948737519694 0.4883000653965289 0.07296128327874356 0.05914981733434116
6 0.1302906400088012 0.43415209190672155 0.07455785812267295 0.06453005584950032
6 0.02170726881346105 0.3760171329560049 0.0531242687008571 0.06416523343477623
7 0.08649836641053545 0.8732417217232082 0.0597544690775853 0.04344089437298449
7 0.17119423346670573 0.7049795167029387 0.043267566632052626 0.046572727972001064
7 0.20763684397212331 0.7121303018864349 0.02057545458837852 0.02991766067310234
7 0.20007055613890604 0.6509521278834814 0.049755642657872336 0.04347430415478304
7 0.2354453660009215 0.6563454327343217 0.01598159005566409 0.02968841857730747
7 0.5143285387477943 0.8002392408878556 0.0461278518933151 0.04392511739279158
7 0.5192855647083462 0.8557425230643261 0.05435204596630179 0.045277195434428145
7 0.671415529557294 0.8680656145731189 0.04777159557129207 0.04332228029749521
7 0.6903423570090236 0.9236915486915488 0.05379310934866482 0.04459587792921127
7 0.8166852703587151 0.9310381388495045 0.04875063880147402 0.038916458215659325
7 0.8402271693676305 0.9831259081783191 0.05804022051401497 0.029502969951083088
7 0.38707350000670665 0.9541268260770382 0.052086707073026914 0.03873954110024632
7 0.38869962730025626 0.450373427672956 0.04416103734762019 0.02751572327044025
7 0.48452960163129905 0.34881941472923506 0.04579443942587573 0.02310109906654622
7 0.8631353373727622 0.7050454319750147 0.03913615825239255 0.02824029601166972
7 0.9744700666035411 0.6290964419475656 0.041470153049429026 0.02947704258565681
14 0.3849316812477588 0.4382856244139452 0.13318972868845028 0.07389484300573534
14 0.49384074309505843 0.4928843015916998 0.05593013351395178 0.03723330562482681
14 0.5790190948030688 0.5397139767155607 0.09543655736848215 0.058658712942877875
14 0.4858445734952383 0.34239828711112397 0.14047017673789844 0.07925061527247822
14 0.6011788206827282 0.4012915232334192 0.04607805746099994 0.03127097928321166
14 0.6852183764090463 0.45076740035110807 0.09235945347056469 0.061894584851060495
14 0.5959361911448666 0.2319122993792363 0.06624104503336876 0.038558874075238204
14 0.7027363184079601 0.28475245301271424 0.018810269639456964 0.017994518149990795
14 0.7913117670885205 0.3466185200418446 0.0895983047724342 0.07326388888888892
14 0.9515761880591626 0.613367476012395 0.08706136239879317 0.06247810215659787
14 0.8647158070588554 0.6947348485824146 0.12211828549591477 0.08842516273395185
1 0.21149180154129893 0.6608340770994435 0.10614545891915879 0.13045580059830034
1 0.537991486919939 0.8122765786945401 0.07614040954841435 0.136573579455524
1 0.701173328356211 0.885855302541753 0.09023860379418512 0.13588466792064127
1 0.8465004011543437 0.9427052599911285 0.10410720578435455 0.1217094036832612
