14 0.37128679038650664 0.5229186927920243 0.10474443848034831 0.11186763827823908
14 0.6115368099847224 0.8213755515027105 0.06911354174187173 0.09430727023319621
1 0.1487673758628924 0.7292291447993201 0.11416143238755325 0.12149393545592373
1 0.34340220817545003 0.8867771913660505 0.08437694289013238 0.11518562927435835
1 0.04393116497276268 0.5972017891222348 0.09927081077178541 0.11540231752220058
1 0.4310787977454645 0.9498689582022913 0.0667028444806222 0.09170651878985221
7 0.12209020493620885 0.758358086574461 0.053277483833039395 0.043173133450911234
7 0.32514574759945125 0.9273726851851853 0.05266509896139527 0.0390395355673135
7 0.14977673016038387 0.7035875831293082 0.05013804240245872 0.04199874980465699
7 0.027157937785957115 0.5892697390281931 0.06001371742112483 0.04271384479717816
7 0.33106206588716885 0.8697651299888954 0.04470409563002157 0.03628380364491467
7 0.4150511370529008 0.9478405559754767 0.0440917107583774 0.03628380364491467
7 0.36363721972671875 0.5264747012458681 0.04383610663803903 0.029522275899087482
7 0.8551646538816716 0.7602073751311224 0.0360082304526749 0.028821713870733495
6 0.10209230090030434 0.38729706363096456 0.08514261387824607 0.03680644245778347
6 0.03265412748171369 0.30126395661596805 0.06149188780095549 0.031201220377465592
7 0.49613939326561785 0.47752413004252864 0.04338879942744676 0.02683843263553405
6 0.17979511976718335 0.4606750959107987 0.07112184648416532 0.03054523805689741
7 0.7266353834981286 0.7916195324283561 0.03510045993706125 0.027233115468409643
7 0.4032127978458568 0.9913539761469288 0.029835390946502057 0.015103452217649794
7 0.6050906873952141 0.8209103257215097 0.03298232873396267 0.027460058097312938
9 0.0834763127228006 0.30380432679283254 0.033702284660139054 0.0252767134951043
9 0.5340111353183249 0.8166757443718229 0.019063180827886682 0.028821713870733408
6 0.5265619154508042 0.8380097268986157 0.03994190268700078 0.02519063180827894
7 0.01724884055130969 0.6419324417009602 0.029394473838918286 0.03995811287477949
14 0.432167581926036 0.6011808910359635 0.029074968688495243 0.027173913043478295
14 0.476173435915787 0.6486401860797997 0.054124172481660425 0.06273483628556095
14 0.5037282206685373 0.47259209998844925 0.10027608480491738 0.11427566807313647
14 0.5694621257726328 0.5599224324244306 0.02849572194096582 0.022204458655297955
14 0.6012936564328784 0.5991850038487728 0.042188471445066156 0.043853805844213514
14 0.6464280784394921 0.3973482348526023 0.03882288997592983 0.052410901467505266
14 0.7199870372590017 0.514553118382676 0.08590035558751852 0.1370909744696153
14 0.7241914223251029 0.7859941647376543 0.09444122942386832 0.09554639274691358
14 0.861223337592577 0.7635039482272045 0.11725369160009685 0.1327614379084968
