14 0.5040360633492239 0.5038903986651174 0.06498379753881628 0.09356175821554241
10 0.2635520418115151 0.8544627352832235 0.19535431385142368 0.17171554984657109
14 0.5953327787551858 0.6516611657310921 0.04748621395399443 0.07863372521288196
1 0.0878863055657212 0.39670203072602755 0.10968024218343503 0.11684936852561374
1 0.17992793070236618 0.4799745025044609 0.08455134572631379 0.10177203065134098
10 0.4581701616803638 0.9449032172094276 0.11015940256096374 0.09295309891871319
1 0.30683352623456783 0.600431884430727 0.06751543209876543 0.0980581275720164
1 0.36510972781411494 0.6451609694448791 0.06594914002321409 0.0870528648306426
1 0.40924719558031225 0.6872710292138494 0.05561710808624393 0.0816120607787275
1 0.011825363038645285 0.24243131283361166 0.03015467574854548 0.048114445863488016
1 0.4822990713643271 0.7594178063754784 0.05825507368717247 0.0824364250290176
10 0.5503051234272934 0.98018162028504 0.058846135370130136 0.04143248306672427
1 0.5167179776838456 0.7904149907826378 0.05429812528577966 0.0797984594280891
7 0.05500436224503204 0.4257377055642274 0.05823991296532804 0.040797502483326246
7 0.07832191341131314 0.3773768979707677 0.04877962253441181 0.039688874698453246
7 0.15981978146729106 0.5124225438720968 0.04937089068634406 0.03525436355896121
7 0.1680384087791495 0.46359857622629014 0.047892720306513425 0.033258833546189887
1 0.5792272935214601 0.8510346724759221 0.03549875754348599 0.06643691081923253
7 0.2869048639689072 0.6292599022633745 0.037508573388203056 0.028533307613168694
6 0.06077760224679656 0.09548763481754528 0.09849238390575937 0.04406559007664852
7 0.2945659557349372 0.5799711637385248 0.038580246913580245 0.028935185185185185
7 0.34544247868900646 0.6782401666299236 0.03590106310013715 0.0275286136831276
7 0.01419815706447188 0.5866413748530277 0.03149638820301784 0.034255939300411466
7 0.22413286302175192 0.7238676238242211 0.039651920438957496 0.029136123971193386
1 0.6005119472552422 0.8680739758325964 0.027971531802949354 0.054544487015751326
7 0.39227078434254364 0.7190307401895942 0.03295396090534979 0.022907021604938273
7 0.34936556927297674 0.635785775759734 0.031078532235939624 0.02551922582304524
13 0.88638160323048 0.98757943295817 0.012395260052555925 0.020297238336060397
7 0.46484151422423037 0.7772555804963214 0.027918469276493968 0.02390656325841513
7 0.39611732681755824 0.6765734511638375 0.03375771604938271 0.024313593106995855
13 0.8361635843786669 0.9878092617383112 0.012601847720098501 0.01905771233080477
7 0.46804348930549206 0.7378060040097077 0.024840842742077297 0.02390656325841513
9 0.2890226229945259 0.3291616677632003 0.023059457925358347 0.02948949907762166
9 0.26211656260347194 0.29267773520647083 0.02335509200132441 0.025941890166028075
13 0.7895321569772459 0.9885047735523712 0.011568909382385507 0.01905771233080477
7 0.49925697302240507 0.7689175108156591 0.019784742006964225 0.02225783475783473
7 0.4928572418284352 0.5199889844951573 0.02961715924678884 0.01753647586980922
7 0.5905202471100109 0.661051199701425 0.018169853757231017 0.011601697162556384
7 0.7694678766960726 0.642249858199679 0.02737953006770212 0.014934289127837529
7 0.5718796054259313 0.8661002104825323 0.019392839769126608 0.01799589792135061
7 0.5678815130359326 0.8353794422750759 0.01725634047252799 0.01774937877174305
7 0.6749092552219171 0.6510680834516805 0.024019054107420036 0.017388114935791944
1 0.538691418321048 0.8153292181069958 0.034513383278815375 0.07518201962646417
6 0.12225890977865704 0.17323306719041318 0.09215376513954715 0.035654730559943844
7 0.5296561445659262 0.7954734539492373 0.019345081073476097 0.01747652210615181
7 0.4985480197671556 0.8053729588741163 0.026599486476029697 0.023082199008125016
7 0.5282526115859449 0.8305352055352055 0.021323555274172616 0.020773979107312428
7 0.5941335283608592 0.8847531955769502 0.01378109615657506 0.011359170841929413
7 0.6080328781478208 0.8701534204407767 0.013917542653174844 0.01524789599502239
7 0.5984998162520512 0.8529497913278246 0.014053989149774512 0.01494089137767305
7 0.6069464229186452 0.9005334461063628 0.019191199746755223 0.013206315289648555
7 0.636400957581513 0.8961931683285849 0.012464387464387374 0.01454178537511868
7 0.6369697689142134 0.9233291785375121 0.015432098765432098 0.016322412155745515
1 0.6164409485665525 0.8860102089268758 0.03205128205128197 0.062470322886989636
1 0.6403483940877102 0.906652923880488 0.023741690408357094 0.052083333333333336
7 0.6212675451358578 0.5309525294093195 0.014340940266866133 0.018705574261129822
7 0.7331694368731405 0.5162070439848218 0.008417508417508364 0.01286008230452672
7 0.5168583988028432 0.5447706228956228 0.021511410400299316 0.016133557800224442
14 0.5926496404687261 0.4791859527384277 0.03479056082384057 0.038393868909166795
14 0.620441413280288 0.5267042404723564 0.042742689012146826 0.04230780700184889
14 0.7090150626561436 0.45830351285262727 0.037275600882686215 0.04640812309894435
14 0.7303355230086309 0.5109686118140224 0.022116856523727153 0.038580246913580245
14 0.677079771564041 0.6440035057866597 0.047015354661710744 0.07923470065047131
14 0.7658060804860048 0.6354232238366244 0.04176069737599012 0.08338311429709275
14 0.7409619894685606 0.6170765299349529 0.020188946413558125 0.0074671445639188086
14 0.6536517102526661 0.6272919985397584 0.015487410947387002 0.005600358422939063
14 0.5715131200495597 0.6362110878799947 0.012998362759414125 0.00684488251692553
10 0.03302342122643906 0.6957145760300766 0.04826500025402631 0.02619646395366557
