10 0.22984325768999714 0.08597226819669718 0.3323316006064544 0.18985542560103963
12 0.9106080483514618 0.2957767938438041 0.04295532646048113 0.0632397861779305
12 0.43630851887024713 0.33415604885512296 0.04451566951566952 0.05972518993352325
12 0.15984907733273748 0.35675817691749073 0.050945710667932895 0.06009615384615383
12 0.5892183367541789 0.3216975117176729 0.052924184868629355 0.06158000949667617
12 0.04748338081671416 0.3688617837923393 0.025720164609053502 0.045257597340930655
9 0.21664292497625826 0.417977405824628 0.02225783475783476 0.04451566951566955
9 0.5337923393478948 0.4030151946818613 0.02275245330800889 0.04637048907882239
9 0.07747525108636219 0.43220668220668224 0.024730927508705283 0.04303181386514716
9 0.45323546480953897 0.40672483380816715 0.02176321620766063 0.040435066476733124
9 0.14526566342805655 0.42863453320184086 0.025225546058879396 0.042289886039886
