7 0.02090414450962118 0.048379080779562524 0.0323334109972041 0.06228885135135135
7 0.054220545977011494 0.03412984913793103 0.07666666666666667 0.06421875
7 0.2953827634950084 0.15171531274847602 0.031501236858379696 0.02898886827458256
7 0.3455273139558853 0.13570377241805814 0.025760474644403192 0.048432426948051964
7 0.6266166216824111 0.064465718248613 0.035987404408457026 0.04069669365721997
7 0.6715725806451613 0.16411290322580646 0.03315412186379921 0.03612231182795698
7 0.6285394265232974 0.14466565860215053 0.030465949820788533 0.05561155913978495
7 0.06636019392033542 0.34568961728130365 0.09005145797598628 0.049852594339622636
7 0.3758967846669459 0.3616431451612903 0.08599095796676443 0.05143420087976543
7 0.6983200204542249 0.37487932448159106 0.07775029976019177 0.045947616906474795
9 0.13836503281110282 0.9081655067019865 0.02969706754688097 0.09074628930609822
4 0.07480467205398898 0.46774199800871985 0.12261175303454715 0.3073591412094764
4 0.2626320314607154 0.5170289812595118 0.18756562374042726 0.30586693685090804
4 0.5190855532786885 0.5276677766393447 0.17875000000000002 0.306171875
1 0.30717712148962145 0.07853896520146518 0.11528846153846155 0.16538118131868132
1 0.6757094760427826 0.09005468668554158 0.1109968326195574 0.177890625
