10 0.42123533729642165 0.8561671493968582 0.48885354291417166 0.25165138473053894
1 0.33474628617313684 0.36502970675437807 0.09794156706507302 0.16621015936254974
1 0.5493317610062892 0.47081688371616054 0.08893474842767292 0.16877948113207547
1 0.739985764382899 0.5641893592183765 0.09943181818181822 0.16643300788668203
7 0.30891964628988855 0.4162882064590542 0.05550749711649363 0.057850346020761244
7 0.15949453551912562 0.6097592213114754 0.07752732240437159 0.056608606557376984
7 0.3127723311546841 0.34477124183006536 0.052696078431372584 0.05055147058823528
7 0.5287431853582555 0.5306259367836361 0.06863317757009414 0.05658586448598131
7 0.5292164243682935 0.4538632528556593 0.050623052959501535 0.04271320093457946
7 0.7291666666666667 0.619768851689612 0.05984042553191493 0.05042109929078018
7 0.38015809217577706 0.6933000625223295 0.06531350482315114 0.045719453376205796
7 0.5664168937329701 0.7728840258855587 0.0632947320617621 0.044065054495912824
7 0.7146890665783339 0.5422622348256029 0.049011103400416305 0.041520979020979086
7 0.9601076007326006 0.9232450492216117 0.06310096153846155 0.04657451923076934
7 0.43375194704049846 0.40982768691588783 0.05695093457943923 0.036872079439252345
7 0.9758340881642511 0.6843438632246376 0.044474637681159494 0.033118206521739066
7 0.9806159420289854 0.7470448369565217 0.04334239130434791 0.048522418478260845
6 0.8722800138302428 0.42933081485221225 0.0654910851233094 0.04393484128878287
