7 0.970366187757492 0.25904969292650454 0.057118807118807166 0.049603174603174593
7 0.9076879910213244 0.22095959595959597 0.018371546149323962 0.017786996953663616
7 0.9410615747421301 0.2024523508898509 0.06079311634867193 0.04634640051306716
7 0.9506231294425739 0.17378334435626103 0.057118807118807166 0.038830767997434665
7 0.6815620935991306 0.33593207204318315 0.050104216770883434 0.04334014750681421
7 0.7701097648187595 0.5011137451613644 0.05077227299449527 0.03206669873336542
7 0.6321309242765183 0.38542236818098885 0.0557826946715836 0.03832972582972585
7 0.6500332285356439 0.4331400617632503 0.042087542087542056 0.03407086740420077
7 0.6191545080433969 0.4495350328683662 0.011690983913206146 0.009269280102613402
7 0.5635388274277163 0.41166459569237346 0.04075142964031849 0.04283910533910529
7 0.6301352427083421 0.5673247723686319 0.047097963764630386 0.029812008978675638
7 0.6258202245856567 0.5153636230025119 0.03373683929239488 0.0273067981401315
7 0.5143273767011141 0.6202788163015436 0.0450937950937951 0.029310966810966847
7 0.5121958020508744 0.5067932604164489 0.04075142964031849 0.03106461439794775
7 0.50398418453974 0.45895462562129236 0.045427823205600966 0.033569825236491886
7 0.4485997541553097 0.46881441970727694 0.016033349366682697 0.03081409331409331
7 0.39499550369115577 0.5249505928853756 0.03841323285767729 0.03056357223023887
7 0.39448720004275556 0.5724048878810785 0.032734754956977176 0.03206669873336542
7 0.3171453766691862 0.5580607663940997 0.04008337341670671 0.04434223184223184
7 0.2379494803737228 0.6601686052443629 0.037745176634065535 0.030313051146384516
7 0.24953490561956163 0.6133233315772998 0.03574100796323016 0.028559403559403524
7 0.1811935492491048 0.6550500040083372 0.03306878306878307 0.02655523488856818
7 0.1666800277911389 0.6993797097963765 0.03407086740420074 0.026304713804713827
7 0.10247505287187825 0.7328099590004352 0.029394473838918283 0.021795334295334347
7 0.11953434572482192 0.6915455576169863 0.022379883490994606 0.021043771043771028
11 0.8635495805634694 0.8030905003561254 0.09805812757201646 0.12116608796296297
11 0.5546682098765433 0.8305893132716049 0.8125964506172839 0.33275462962962965
4 0.1326125132046791 0.8805267037134017 0.1314586191129401 0.1628943758573388
5 0.6142104718275229 0.39431887298326845 0.12544646323472322 0.12302003261122751
5 0.47865143005487737 0.4694279300105645 0.11234373786784689 0.11974435126950847
5 0.36841952014907986 0.5337668151642206 0.0953587235033776 0.11337497088283255
1 0.23036477965671867 0.6053574550533521 0.08405282551978269 0.1709634471072379
1 0.15948053802084305 0.6479664647329862 0.07732859947820005 0.16163358347454204
1 0.09787951531778694 0.6849065500685875 0.07531133166572528 0.1591119987089486
