7 0.16743036299817343 0.4674180015019475 0.04529396635197289 0.04063691448801744
7 0.12771723438959265 0.4658523145993564 0.011558050210292707 0.02373282880164851
7 0.14386967762587471 0.514009757092653 0.05650335374744823 0.047162073490813625
7 0.1055840362115549 0.5135275500848328 0.011727328940915582 0.02112251860380819
7 0.399218479777539 0.47281926271338803 0.02938014904659914 0.04234050489736002
7 0.36124429797428564 0.4765574015325573 0.022661821448912635 0.03797860563617547
7 0.3928258035493642 0.5211704422869471 0.03366095329417877 0.04809421071556999
7 0.3584162371648887 0.5195702984537935 0.02656917975148826 0.04869351552199446
7 0.5910659763706357 0.4793207639196524 0.037453183520599224 0.04282840893327778
7 0.6298582533150434 0.47291387309073535 0.00959448837101775 0.01655916215841303
7 0.6094513084697768 0.5251876246645716 0.052480695427012475 0.04707657095297549
7 0.6439063951944777 0.52228787086818 0.015867682198327314 0.02302369573874944
7 0.9749549897119342 0.48181102109053503 0.03781476582402511 0.03812095825984717
7 0.1973440385923982 0.6884004589125434 0.06116133631444219 0.04609883833965195
7 0.42605833029050016 0.6924090357343754 0.057114801985572033 0.04172587855641419
7 0.6521758749172087 0.6935321731596841 0.062269872211392636 0.04069907054270131
1 0.14531168540618006 0.46719274685903367 0.08575102880658438 0.1289275222888408
1 0.3789601685125506 0.47340970941806043 0.06646090534979426 0.1313851343890104
1 0.6116320812538306 0.4726017314595919 0.07484567901234568 0.1346836419753087
6 0.27664747977651954 0.3355311038521875 0.0464802063814435 0.08201440775555022
6 0.40565541111263514 0.3418323147767177 0.022162609130418086 0.06677967937372509
6 0.5258470020007455 0.33721043653225447 0.041104812043348454 0.08017099782847315
6 0.7395230075300243 0.34249583564043296 0.032182735480468266 0.07572918618449813
6 0.8624119084681793 0.3427605381381645 0.04290423486299105 0.07221064778389015
6 0.9814348270803622 0.35038065809315133 0.03696909697957908 0.0763512996512361
10 0.33920425658783954 0.760864335010586 0.045482874609328414 0.017270890043718536
10 0.47317327946829096 0.8495541542368266 0.1772474941817871 0.24324845679012347
10 0.1919923690934527 0.8382921711667624 0.17013820387745482 0.17282158606425582
