6 0.021565718481753576 0.3745580334693172 0.049989734251002026 0.03556747275113145
6 0.07655523736358616 0.46273444776753175 0.09463646543965591 0.043926090809785885
7 0.02821386646618128 0.9548301974517251 0.050451092117758785 0.047483380816714243
7 0.21030902747660493 0.8270339259211071 0.052971291397217325 0.04248420047031144
7 0.18557065149184432 0.884862558850844 0.058507211506856505 0.04683863842543279
7 0.3316682083034444 0.9309759942883031 0.04735027246070398 0.041411824668705424
7 0.3218479376594679 0.9816922767143628 0.05395728722266267 0.03539472193906431
7 0.5891032719960626 0.8155085278991117 0.041473049391881345 0.03419808078308436
7 0.7181754548301258 0.7681406059161342 0.04050665600373195 0.02920852701554453
1 0.2232543655729079 0.8452622958636496 0.11530893177998029 0.12781472787341325
1 0.3479952229147513 0.9379313641305193 0.09671137613332143 0.11497274143302184
14 0.24992342722020539 0.44906338013809294 0.10881929806952391 0.09571243341743767
14 0.3210922674257447 0.5311880317277555 0.05184012452291096 0.03888009339218317
14 0.39408548072210997 0.6030826797953042 0.10318842854153595 0.08776286880100437
14 0.3420614516661756 0.5207227453928467 0.025441204038456375 0.03238732224632438
14 0.38552997088289814 0.38616729930095617 0.10808645504662279 0.10184391080617496
14 0.46518981704166895 0.45959128822537343 0.04332821793139252 0.0389381341762294
14 0.5187627624557306 0.5297368768584549 0.07335838253712654 0.07168098049740566
14 0.6147715851455663 0.40227994378839177 0.19538803570514135 0.21724364392201814
14 0.5988142403414498 0.809895417598667 0.10551412238935944 0.10017096554118392
14 0.6691253219030997 0.8798486988591157 0.03860698305142746 0.022538564205230795
14 0.6699973957527563 0.902586810390173 0.008218849593118534 0.006309175717070575
14 0.7094375601827274 0.9205322369332991 0.04802463670694451 0.04908350138540499
14 0.7277529798916244 0.7625924153907833 0.10352733686067025 0.09969666243891051
14 0.7983654858125722 0.8319950255404233 0.02913275419360818 0.021062076342173722
14 0.8163461177645576 0.858922401475593 0.02315235766772406 0.023489119233800097
14 0.8884229044337523 0.7346438526345574 0.15547995521036148 0.1651590514665147
