7 0.16975804464953773 0.5256235704640654 0.054961542230060764 0.03084540844957516
7 0.22416433094570748 0.49564383235098486 0.0257201646090535 0.02592842505123205
7 0.4815801261285016 0.37396422910224303 0.043033262866304135 0.03575020641560278
7 0.6068870707998235 0.31391387668813836 0.05348882235305861 0.04309776075230893
7 0.7528619154133556 0.24265681576638365 0.04155389957859094 0.04066566566566562
7 0.5654353648180808 0.08630701146133246 0.04720074164518603 0.04366775200108534
7 0.5671788478301888 0.14185075248293638 0.05285352507574732 0.046211504544837884
7 0.4231315877591427 0.23595142164570226 0.05168297228045652 0.04040006988120192
7 0.31033371411793315 0.2552518454289791 0.0439852090415697 0.034852686825311646
7 0.3074482490701684 0.3079596390728154 0.04761576942493919 0.037289457983386114
7 0.42499138705100753 0.1802971670857849 0.046157268379490635 0.040457123790457114
1 0.29360796816236184 0.2719576910441996 0.0739008593296186 0.11281258000963021
1 0.40600268198898776 0.19240591023537576 0.07570409060195603 0.12379580602636808
1 0.543328273573521 0.1006269803651807 0.08076261289810463 0.13352482885564787
7 0.15276065630404229 0.40431348119539257 0.045671320333833317 0.03178964270604972
7 0.1646795954054268 0.35619437266724097 0.04074851660445976 0.02831834984209014
1 0.1432693215100622 0.3723499383221605 0.07257257257257256 0.10062145478812141
9 0.7262495990354282 0.7540602196399298 0.01784191599006404 0.041708375041708295
12 0.6607594166993193 0.7001204808682102 0.06444599736004347 0.05060485013315196
12 0.7655887076687851 0.6791329090357857 0.07229451673896112 0.055598166581856776
10 0.5024855069709033 0.5590347428886043 0.2587513007927087 0.10293384964264381
10 0.5340528161052931 0.4660602868616127 0.31143351366774336 0.14587232715104081
