6 0.3999198684018497 0.22288259892102055 0.07828629227806183 0.04741343475911376
6 0.4918927926292015 0.27523037391458444 0.07880589156309323 0.04884233279295006
10 0.8950799877597677 0.8974646329022241 0.17072473708276178 0.1608159787172132
10 0.46750604519653033 0.7703264091217704 0.3290795471865431 0.252005653240221
7 0.2793808019906212 0.5634988994162119 0.048250231282100355 0.03319695664656905
7 0.4244325613296329 0.6234024587679842 0.04844961240310081 0.028112738061058486
7 0.5559277336480897 0.6757225571825055 0.03329664720706929 0.027514594698057202
7 0.8173665977841815 0.7759027091020582 0.038480556353079946 0.02332759115704848
7 0.8931444070332959 0.8068081609748275 0.041526374859708205 0.02048260381593712
7 0.056926747651152874 0.2717891251761429 0.06829147154817652 0.0494447992053356
7 0.07923732321082255 0.2220304296154391 0.06237879002885389 0.04367993472399602
1 0.08475205142926327 0.22631669992956857 0.114114753322927 0.13503086419753088
7 0.3954382922993237 0.38766634959912033 0.04996215883827633 0.038580246913580245
7 0.3910839319523867 0.4371049689536279 0.051735963294073116 0.040797502483326246
7 0.4684955435274722 0.41901379006264056 0.042866941015089186 0.040132325812402475
1 0.407890557954415 0.4014182833627274 0.07213471453573625 0.12061870299418193
7 0.5398850422127316 0.5092892994960103 0.04611891585071658 0.03591954022988507
7 0.5322617802514685 0.45970277606966975 0.04345820916702142 0.03458918688803752
1 0.5506324114905043 0.4766304609749634 0.07331725083960074 0.11041932737335038
7 0.6662409535972754 0.570285523390568 0.04286694101508912 0.032150205761316934
7 0.6565365266391099 0.5226715097250261 0.04198003878719076 0.033037107989215296
1 0.6741596072504014 0.5390433075171553 0.07952556643488946 0.10687171846175675
7 0.8263787965531921 0.613048227908183 0.04020623433139391 0.02948949907762166
7 0.845001024864797 0.6591826900335841 0.045232013622818215 0.03148502909039307
7 0.9268128281538245 0.7017308049891617 0.04286694101508924 0.02926777352064707
7 0.9082667171215489 0.6549551227472683 0.03991060025542791 0.02948949907762166
7 0.9789725336234487 0.6928406295823283 0.037249893571732584 0.023946360153256713
1 0.8481037748811271 0.6294873029387718 0.08514261387824612 0.10177203065134098
1 0.9303460858966818 0.6729478287944602 0.0836644434984154 0.09800269618277284
