10 0.5135125055353551 0.4542699944514737 0.3224266386938863 0.23072500605180343
7 0.3456310666499194 0.6711278954810845 0.025627312029237435 0.025209475420065058
7 0.297160853014194 0.24972345025356665 0.0524262059408025 0.037043185283557115
7 0.4513178761627016 0.3098264828663191 0.048326608905289815 0.033496028328069645
7 0.5805150098691295 0.36193501607888434 0.0414542115587221 0.030463115756020065
7 0.8377688705201244 0.458080873146114 0.035885352221042895 0.025735217601477102
7 0.9112063273709295 0.48527446985768535 0.03399582013124883 0.02559826809431869
7 0.40039381278281005 0.10668097763005165 0.05911125550501764 0.04755222246287873
7 0.39675553090649474 0.04948892624534275 0.05121471373908016 0.047473257045219354
7 0.5572694130697669 0.13195834946140947 0.04823575314531393 0.04284767773139865
7 0.5621035343257567 0.18841148563370785 0.05294602516824738 0.04324379324379325
7 0.6860553823431051 0.20187581337272698 0.04679039144059715 0.03782811267379171
7 0.6958461341696118 0.25384117668514067 0.05126446484471175 0.034869915044206994
7 0.8741695904118746 0.3460002739637192 0.04462558474904141 0.03247995146143294
7 0.941072276447054 0.3421514064999828 0.03773135046033038 0.02967711301044638
7 0.9519076095855475 0.3868969350177565 0.03722655403941947 0.029950454840805725
7 0.8624186162586508 0.2969647794595173 0.0415226972581181 0.03158284918905834
10 0.9121040972200007 0.5717348159379076 0.16103467792270998 0.15827075200736293
12 0.287339124288955 0.6417092011217126 0.04317567798638895 0.05749632365514182
12 0.409734541591006 0.6601109006393658 0.04327876315584546 0.05419204988588784
12 0.9530748547141987 0.7394071471940324 0.036598529312554855 0.03415300546448085
9 0.9792087815560849 0.7634122761894447 0.021207855028517728 0.02741228070175444
1 0.4145768946597546 0.06939217272208728 0.08171849768192942 0.1328332551961244
1 0.5801962607727538 0.1423185549464244 0.07917355588298403 0.13491251988184505
1 0.700472910661615 0.21405988311275717 0.07614800597040801 0.12045797617122216
1 0.8786007531487671 0.30584917327817657 0.0713573369097974 0.10553148320093539
1 0.9532707727825379 0.35753165353671224 0.07032480706452743 0.0979122725912782
6 0.7475097949559338 0.05968684532188122 0.059621470902032465 0.03958888081981764
