6 0.023931212565701018 0.3363142303813715 0.0525990099009901 0.03152073019801982
9 0.018323707370737075 0.30724009900990107 0.037902227722772276 0.049891707920792075
6 0.059761410032079305 0.4472878390201226 0.1267224409448819 0.045983021653543246
7 0.1361825980392157 0.841940487132353 0.04473039215686276 0.04273897058823532
7 0.1210609243697479 0.9230567226890756 0.04779411764705881 0.04963235294117645
7 0.018207282913165264 0.7274816176470589 0.03553921568627451 0.05652573529411766
7 0.009854983660130719 0.7880859375 0.013531454248366014 0.03887101715686283
1 0.043432814302191466 0.7462319862771315 0.09047001153402537 0.17219939446366778
1 0.1583672531512605 0.8799607733718486 0.11757046568627451 0.1680261948529412
1 0.3796558603682259 0.9852016990625861 0.04781327543424314 0.026242633374689815
6 0.40903907790927013 0.8576270109097631 0.0568409455128205 0.04413311298076916
6 0.5348668163178734 0.9594892268806561 0.0666065705128205 0.029015174278846166
9 0.5464529242066615 0.9231842545239969 0.034044715447154476 0.04344512195121961
14 0.7703670902684061 0.4637683451417004 0.08725071225071232 0.11284722222222224
14 0.7278850885826772 0.4843211737204724 0.007176837270341233 0.016916830708661477
14 0.8352976755754534 0.5818092016008681 0.0698260073260073 0.11103479853479854
14 0.8318706756206757 0.6553819444444444 0.018315018315018368 0.01230540293040292
14 0.5507980098668119 0.5135257948362286 0.12510394392967442 0.15783761978300462
14 0.6395719489981785 0.6334101775956285 0.03551912568306008 0.016649590163934393
14 0.6669461003477396 0.6748789120715347 0.032786885245901586 0.025870901639344267
14 0.37421580801194637 0.5646562743474869 0.13520971302428256 0.15469784768211917
14 0.497614395741307 0.728697686600974 0.043323139653414874 0.056622706422018346
14 0.46995181169493094 0.6795593550180706 0.04523445463812437 0.027236238532110057
7 0.5505374255374258 0.5346205443861696 0.054531695156695176 0.03271901709401703
7 0.3662514251658375 0.5833503381529849 0.05033426616915418 0.033378031716417934
7 0.41851290422885573 0.6361794542910448 0.04975124378109452 0.025507229477611925
7 0.4586436847466259 0.7714172316653934 0.04486169467787112 0.026424632352941214
7 0.948166032764064 0.8601091151465436 0.03930817610062896 0.02773906518010296
7 0.7871345737937205 0.8934472648967112 0.04198827901658089 0.025460977701543718
7 0.6325638460072421 0.9258638865065751 0.050743281875357364 0.028677101200686117
14 0.9451081092297478 0.8461118928889704 0.11955926294820725 0.14295629980079685
14 0.7990510635055407 0.889587143230357 0.10292164674634788 0.11796563745019935
14 0.6468258421712213 0.9221652123898771 0.10250664010624165 0.1176543824701195
