6 0.47068369801375803 0.2697703256168888 0.07523734419179773 0.05296223321242621
6 0.3903477597496869 0.21515643921175254 0.07792194606887592 0.059544286377190454
7 0.06111137863992643 0.20771075723673557 0.04611408259606867 0.04478252094055909
7 0.09229491013727567 0.2229314540092621 0.01513775355737209 0.017450465906415046
7 0.03473272317837812 0.26177028530024404 0.051069926620215124 0.054710139254550004
7 0.0671213328023364 0.27829336633100077 0.02370522083783733 0.02773510838026967
7 0.26987836145442434 0.5526081484050192 0.053159099168115335 0.032226936562656516
7 0.3760634514819376 0.42976736253664927 0.05795460671734327 0.04009650115909212
7 0.370830348104768 0.38034576648648494 0.047329547875275775 0.039467149141478655
7 0.4154765135868428 0.6102846602163879 0.03618697969594349 0.024886334622169284
7 0.5307191961979973 0.6628490575173689 0.033634061411839174 0.025225546058879337
7 0.6404253928441992 0.5654248064022673 0.04827190314307858 0.03462422479991947
7 0.6321817653424494 0.5176962044973268 0.046235574153880334 0.0318791247683884
7 0.519036090619481 0.5044806956169037 0.05260222577128812 0.0380257053768347
7 0.5144515305118943 0.45499619385568346 0.04583649866126131 0.0372436084378342
7 0.7976685137178962 0.6066768335286853 0.04170837504170835 0.029837529837529866
7 0.7881253997914185 0.7676107744762359 0.02926428177959238 0.020277413240011616
7 0.8567436114568082 0.7942779311988095 0.0285985945833519 0.02298101350447916
7 0.9779611220065673 0.5064786124585273 0.03185241654843331 0.018727632721343396
7 0.8131886606619473 0.6553095582787359 0.04206725404604414 0.031131999678637418
7 0.8827400399917874 0.6495875846924294 0.031801505048070486 0.025106451353739914
7 0.9464383238189342 0.685963078297273 0.037360954673616165 0.024983988162282696
7 0.8902387309095903 0.696707666138703 0.0407657707399309 0.02947006338479206
7 0.9599960918632978 0.730450074273802 0.038925329623004074 0.027054484418825468
6 0.10020572872942989 0.03097126445551168 0.0848513273622206 0.06117995037521181
1 0.07547510789572819 0.21524408492032437 0.1080342509308165 0.13133807911080125
1 0.3914984723599052 0.3879661045495013 0.07767913773699349 0.12335213776415961
1 0.5366508947736863 0.4677216122320762 0.07462828469460357 0.11786528033418585
1 0.6493688968808508 0.528050200373135 0.07423148058712634 0.10913665997550333
1 0.8198664209226328 0.6219200460451805 0.07861568052496076 0.10490615028525584
1 0.898417447448176 0.6628222184484258 0.07789165520040506 0.09849224224224228
1 0.965617359783464 0.6987859165336188 0.07298127817576151 0.09603337451225302
10 0.4295481038536292 0.7668936061969924 0.33886863666398487 0.24551345395119975
10 0.8742347053788194 0.8968023502389899 0.20598514307545238 0.174590455840456
12 0.2070133815876247 0.9492875624445561 0.05712518826421841 0.05887059675363121
12 0.33634029066129106 0.968826308323269 0.052045347792177205 0.04693338773000329
