13 0.33363505104177515 0.4670136091661192 0.0408296696184794 0.05672749315666059
13 0.49249687434898864 0.478771542192165 0.04284774474008797 0.05235890652557322
13 0.6544561787092945 0.49039193985087004 0.04439259907326407 0.05085301837270343
6 0.9013975288067861 0.15436453706060563 0.11301975395688615 0.028244321132803653
6 0.9503169241918364 0.058480472086342106 0.11073258793384573 0.025623107384113677
7 0.8985225237607035 0.4957892533524533 0.04898547619685243 0.04318309632843251
7 0.8786245887414297 0.4480989003444346 0.04361845447116768 0.03437023785860989
7 0.9776734288862418 0.3949612345470329 0.037501008633906284 0.04179526748971191
7 0.9652103715118485 0.3418969119565924 0.054592310175098906 0.03914760348583879
1 0.872244821439077 0.4686334452515087 0.09556962853579139 0.11132750216391053
1 0.9480429378906027 0.35964643815156716 0.1000071408169095 0.11635446912867652
