6 0.45024140394542767 0.20660130323561948 0.06314528023598817 0.10439712389380529
6 0.8137072985060425 0.13411495503853837 0.05761430678466084 0.1120022123893805
7 0.3816368414835814 0.4269190733522324 0.04361194779116465 0.06071159638554215
7 0.3296668818129661 0.44249542814113585 0.008471385542168619 0.03765060240963854
7 0.3768197791164658 0.49853058065595707 0.059299698795180746 0.06635918674698793
7 0.32679826448651744 0.504349989242685 0.009412650602409655 0.029414533132530174
7 0.7024526678141135 0.3581345471170395 0.044553212851405635 0.05647590361445785
7 0.6512881884681583 0.3733460628227195 0.020394076305220922 0.04212161144578315
7 0.6962947945628667 0.4301339975285757 0.0872238955823293 0.07247740963855423
7 0.8599095455897666 0.6581883087907185 0.07781124497991966 0.0512989457831325
7 0.532739510674276 0.7099367866201648 0.07781124497991972 0.062123493975903624
1 0.3535123576709298 0.4369198909934705 0.0870051085568327 0.1813936781609195
1 0.6826776985070685 0.3756619654732022 0.10536398467432946 0.18738026819923367
10 0.5879182979120061 0.8583481893176733 0.13632550335570467 0.14943372483221484
10 0.613954138702461 0.9794987416107382 0.10067114093959735 0.05138422818791941
10 0.7793857196122297 0.7733850671140939 0.055928411633109576 0.022546140939597326
10 0.9658944243675787 0.7856866288074342 0.05103467561521254 0.12216862416107385
