11 0.6058508701396412 0.7537636274377032 0.7968755000000001 0.3315360915492957
5 0.6546879315106325 0.4443588615023472 0.13350938967136147 0.21236795774647885
5 0.32957343735616307 0.465923605357636 0.10930164319248827 0.20686619718309865
5 0.9642492777175876 0.3884612563199711 0.074662558685446 0.2203125
7 0.6576653548743441 0.5099808409279205 0.08729460093896707 0.059419014084507095
7 0.33363593016431925 0.5304041043133803 0.08069248826291085 0.047865316901408494
7 0.6241930751173709 0.4270466549295775 0.02200704225352119 0.046214788732394395
7 0.34830729166666674 0.4611850792253521 0.06088615023474174 0.05006602112676051
7 0.9555946791862286 0.41486331181533653 0.06822183098591547 0.05171654929577465
7 0.39667693661971837 0.6916629988262912 0.07629107981220659 0.0390625
7 0.697085289514867 0.6694542253521126 0.08142605633802814 0.047865316901408494
7 0.3941191005683222 0.43747683469236476 0.06968896713615026 0.0687720070422535
7 0.9216549295774649 0.37852112676056343 0.054284037558685466 0.0709727112676056
7 0.976835876369327 0.4809022887323945 0.043119131455399064 0.061993838028169004
7 0.6707104606807512 0.4257674955985916 0.0359448356807512 0.049515845070422504
