10 0.34881433263280487 0.8049468576289383 0.4150101136918463 0.19747855199832604
14 0.9156975394845557 0.039313806232916776 0.1326872043382947 0.037137994692511826
1 0.1560276527825853 0.4410948136610131 0.07067035883235259 0.126918195454021
1 0.38484655777997806 0.4429642911766363 0.0649013499480789 0.13124495211722628
1 0.6144910177447388 0.44628262923953477 0.07115110957270873 0.13160551517249336
7 0.2133436968081529 0.6515554967987779 0.060093842544517564 0.03897747739819651
6 0.2887644038808554 0.29322606508854837 0.033652551824929815 0.07932387215876316
7 0.38401058001265687 0.49126716280143057 0.061536094765585914 0.04326756663205257
6 0.41236875504788273 0.2943420445367486 0.038940809968847356 0.07896330910349603
6 0.53939251943999 0.29638283142956034 0.035094804045998254 0.07932387215876312
7 0.16206955841064938 0.44139280842139555 0.06009384254451753 0.03425349025037492
7 0.15270703874026825 0.4918852708961743 0.0432675666320526 0.03569574247144342
7 0.6557440098457752 0.6569145333875118 0.05913234106380531 0.04543094496365523
7 0.4337573554863275 0.6508523710626514 0.05769008884273682 0.03641686858197758
7 0.6207636702617666 0.49117272962028924 0.0629783469866543 0.04398869274258682
7 0.6110132887865515 0.442128689030355 0.057690088842736874 0.043267566632052654
7 0.3854419060805353 0.4388653321026114 0.05817083958309292 0.044709818853121065
7 0.6857909311180339 0.568878360447675 0.028845044421368496 0.022715472481827616
14 0.7952819122341448 0.03440372485673627 0.05528633514095621 0.02740279220029999
14 0.6307604794356546 0.03766139267596407 0.17403176800892273 0.03245067497403946
14 0.6253193558489509 0.179158631261435 0.1586477443175262 0.03894080996884733
14 0.7685487371364838 0.17997247358618074 0.0519210799584631 0.04434925579785394
14 0.8917788876252011 0.18624627074782835 0.1471097265489789 0.036416868581977624
