6 0.34278665251311796 0.10655413408761394 0.11527267156862742 0.07999195772058823
6 0.4696900100177583 0.18005073332613922 0.10740814609537323 0.07295005341880341
7 0.8165490478888717 0.24271348452068198 0.05882012053778389 0.03607440890125178
7 0.9760948059091622 0.1435743752946723 0.039947253653936816 0.0429853253182461
7 0.3296572157741419 0.3433081510387844 0.07258360738038654 0.05601917748785947
7 0.3236775055798939 0.41876862932246384 0.0740083829602943 0.05941242514970062
7 0.5281037414965987 0.4487199344023323 0.06930272108843542 0.051817602040816355
7 0.5381023712391636 0.5248996047934725 0.06643081761006288 0.05395047169811322
7 0.7003569131037213 0.5359611601840855 0.06259897070467145 0.04713479809976242
7 0.7139053840063341 0.606205463182898 0.05938242280285036 0.046949228028503584
7 0.173780551384718 0.5973747184684683 0.06733295795795795 0.04715653153153161
7 0.366529859938063 0.678809913429054 0.040118243243243215 0.04843222128378377
7 0.5692178043361679 0.7477148452463036 0.04973313925278985 0.034798034934497846
7 0.9632529563932003 0.6566772912047301 0.045901084010840046 0.042301829268292755
7 0.97476181402439 0.7295924902608399 0.05112635501355018 0.04382621951219514
7 0.9192843039101173 0.8513578341398299 0.04993673174258859 0.03440211496746208
1 0.349059453919293 0.3598254578037222 0.10708917835671343 0.1748949844769631
1 0.5565238427013616 0.4666298986926831 0.1158482555529145 0.1678297905389751
1 0.7208654142065566 0.5552271205375314 0.10371994801819362 0.1567774810395856
10 0.416665963491924 0.8672629440225968 0.4787228870813609 0.25518092105263157
