7 0.5066670310278889 0.0424077355473003 0.0586283842303653 0.059113409352072835
7 0.5110293820855343 0.10405150563231956 0.06278505202128976 0.05624455130909193
7 0.2531246728354795 0.06885135389067402 0.05946937531299672 0.05613527990071201
7 0.2506410552413654 0.13120480833225892 0.07220457777480563 0.06275038812793744
7 0.7524422992743552 0.029545961222979856 0.05866978089200306 0.054664377064580466
7 0.7814603355030488 0.08001018736184215 0.07067178507300409 0.058211578263588706
7 0.5902437252551668 0.2857889490231214 0.058149937376990486 0.03425431533745796
7 0.3560257274957724 0.300897124927212 0.04948535233570859 0.034089909386821486
7 0.8198726585264569 0.26737492517930533 0.06541743426177972 0.03600250213093566
10 0.5059982246069532 0.41746066782270735 0.47497045830263607 0.19524146017281968
1 0.2522519688462863 0.0787453997070614 0.07493129523916418 0.15851769390255394
1 0.507731382080582 0.06261839170111531 0.06338089593395456 0.13434402747379848
1 0.7716242463714953 0.05907701284737762 0.08909368637353873 0.10823308431327082
