10 0.368076478494624 0.8572417002688171 0.575 0.25356602822580643
1 0.7284437651465082 0.34469493555849307 0.12230805243445685 0.20496839887640453
1 0.38470082938388633 0.35668829606042657 0.09429304897314375 0.1958678909952607
1 0.05113299763033175 0.33897447052725116 0.1002172195892575 0.19660841232227488
7 0.714075382803298 0.4188584163186636 0.044905771495877524 0.062389575971731406
7 0.08210321733166817 0.3304970449196234 0.03139543572008027 0.04388839743179203
7 0.6947009851161794 0.34592836492129775 0.04674617196702009 0.05769655477031801
7 0.41753472222222227 0.4136868990384615 0.02537393162393163 0.056590544871794844
7 0.41697635062511823 0.34054890238869107 0.025688989707475567 0.061069542253521146
7 0.052553100279267594 0.4123370239159393 0.08146887159533074 0.06140564202334629
7 0.7816859784890463 0.6473733979619319 0.08112980769230778 0.04607371794871797
7 0.14692749236474695 0.6409905718259161 0.0711714659685864 0.0539921465968586
7 0.46031020422093455 0.6448519605919376 0.07997936016511868 0.05055147058823524
6 0.5895946497968557 0.12815894939056705 0.04504504504504503 0.11595579954954953
6 0.21306425970795853 0.1276584663571236 0.04525667246012007 0.11434188741721854
6 0.40019120273313163 0.12580436175168874 0.04487683438155135 0.11227397798742138
7 0.36477972599296127 0.33506551659125183 0.029714209401709428 0.056590544871794844
7 0.3609107905982905 0.41553986378205127 0.028378739316239295 0.05458733974358969
7 0.775667451904201 0.4148569395367098 0.02282096584216724 0.053555653710247376
