12 0.20808392368067047 0.7174237871265573 0.06697916666666665 0.08700884205426354
12 0.379291685326168 0.7446526533811016 0.06623563218390807 0.07844827586206896
7 0.24245713465022758 0.15340174665252554 0.0802896725440806 0.0535264483627204
7 0.45848544623054427 0.23772393717246665 0.07057915758896154 0.04782815904139435
7 0.6416733308727036 0.3082755982406496 0.05085301837270346 0.0376783956692913
7 0.9887529137529137 0.4498592697811449 0.024550796425796405 0.036095935314685336
7 0.6201238854595339 0.06847324031207133 0.08326903292181065 0.0626929012345679
7 0.806746639441892 0.16015254685335084 0.07178407350689125 0.053957695252679946
7 0.794804647522726 0.08598171016194088 0.07098082595870198 0.049679993678887494
10 0.5124093907265318 0.4145453544930323 0.45812190796362534 0.21481024871355064
10 0.5322469397471477 0.5519550481250464 0.3786296738265712 0.14263872315035792
1 0.8141282388177784 0.10347903598372465 0.10831673306772902 0.17492529880478086
1 0.6382453304597703 0.052343910355090305 0.11253720238095231 0.10044642857142858
