7 0.9156246764005385 0.5922052170705188 0.0771865615615616 0.06017736486486491
7 0.7370051095034785 0.35247513193785573 0.06567861519607839 0.03978056066176472
7 0.6689788329519449 0.4082532292544864 0.06698131197559114 0.055956807780320396
7 0.6771557557891613 0.47968723927915907 0.07072487346348512 0.059483459869848154
7 0.48534309169764556 0.5161526099752167 0.06737918215613382 0.053583875464684017
7 0.48382278159166014 0.5891614225781846 0.06364416475972537 0.052202517162471464
7 0.33112867315111216 0.6095616073627185 0.0602337786259542 0.044728053435114476
7 0.3235198589458055 0.6757678047175543 0.05127134372680029 0.04019348552338524
1 0.28352264792619913 0.6312097431597229 0.13919735370304956 0.17644769957612141
1 0.4445439548823009 0.5406420771787311 0.12848627980206928 0.18324055330634276
1 0.6335239807972258 0.42720285816675796 0.14490376202974625 0.193128221148064
4 0.6941509767840747 0.8469996941531243 0.21926108617326961 0.2918811274509804
4 0.5476731579810062 0.8741740893962527 0.20802322507584367 0.23082653175313056
4 0.4389120812165792 0.9137210865068279 0.2004223352097204 0.17742187499999992
