13 0.35388416024431013 0.4672881404329549 0.029078969647445083 0.04872567857063982
13 0.46618373491758497 0.4720534274797841 0.028802903479906047 0.04644813268844268
13 0.5803167657902291 0.47730219015150044 0.028965611247419785 0.0456390933520271
7 0.8794718384937645 0.5174622906022734 0.029790359008466032 0.027538762106663336
7 0.9374387615128355 0.47283001420732906 0.030578417924097 0.027542009602194797
7 0.73638973636417 0.5012218557720167 0.030961254755804055 0.02409445609131141
7 0.730313310676693 0.4609975541579315 0.029020110257007486 0.02787968786396463
7 0.7796990568891088 0.454121298358492 0.03425536400047657 0.027667794000384945
7 0.7741430254422086 0.40999140927995187 0.03414079756569239 0.02560559817426929
7 0.8331123392070416 0.3974786543351943 0.0395895191957077 0.032036255664947666
7 0.8242051166848987 0.3475579680418815 0.039980205240402175 0.03398968588842004
7 0.9551144324806876 0.2573892234386061 0.053448510238633715 0.038580246913580245
7 0.9441861293713144 0.2040355049614309 0.049015532554627254 0.03806064762854887
1 0.9360708676961631 0.23287135138124407 0.09582231804454017 0.11681477238046582
1 0.8112089957573215 0.3680351081685674 0.07723297662811485 0.10122433710701255
1 0.7637475296644892 0.42728446121325897 0.06381183055909127 0.09719130649848513
1 0.7223057903006082 0.4729711965762645 0.05425985136153494 0.07876897098055059
10 0.869854032092042 0.6300665715821951 0.17744971404891965 0.170065898062573
