7 0.26392183919176276 0.07711883896581774 0.04315144766146994 0.06768513363028954
7 0.21130289532293983 0.09551781737193762 0.03271158129175946 0.04367344097995546
7 0.373989459250286 0.2797586374419544 0.08058562992125981 0.0493663877952756
7 0.6795588262417234 0.26670914485696895 0.07825900514579752 0.04837585763293313
7 0.6208488036303629 0.05027846534653464 0.01882219471947195 0.06110767326732673
7 0.5806914826097994 0.06466286652703732 0.032229785478547865 0.03229424504950494
7 0.5363551980198019 0.05977336014851485 0.022689768976897718 0.031133972772277224
9 0.05228321454678363 0.8362244723135965 0.041575292397660814 0.06784539473684212
9 0.32871742570958407 0.8343080342271252 0.03665123456790121 0.09073247354497357
9 0.515542328042328 0.8280588624338625 0.03660714285714288 0.0881696428571428
9 0.7052155383218056 0.8340429155313351 0.03576294277929162 0.08706573569482287
12 0.02673023123390771 0.7764919414735592 0.052083333333333336 0.09842218137254913
12 0.349961957811562 0.7688230305314739 0.07283421284080914 0.10183047493403699
12 0.6951240898704927 0.7645977006424054 0.07706081483502333 0.10814012493804004
4 0.855490001442368 0.42706485933862337 0.18878321256038647 0.3121954647676163
4 0.5969069310560722 0.4476283928963011 0.17577624305047698 0.3064996778350516
4 0.355890998592516 0.43958096992029905 0.1735260076252723 0.30160504755062945
7 0.2652034904577414 0.014570665626345241 0.09153259075907591 0.03229424504950495
