7 0.19675395513832372 0.16587914936558856 0.051035287255759704 0.06774326820258578
7 0.15958653316483584 0.18784886903756912 0.03240335698778393 0.04344075046174783
7 0.13832183014160265 0.23962662219305922 0.03280839895013123 0.04131428015942455
7 0.10240810948014213 0.24697433654126566 0.014176468682155479 0.01944201419267037
7 0.39270659349399506 0.250426398720362 0.014581510644502789 0.033415961893652174
7 0.35974476955812623 0.25902433492109783 0.02065714007971224 0.02004957713619131
7 0.5896253709027112 0.25526323098501574 0.01984705615501759 0.03736512102653836
7 0.623562101033667 0.2679732307767085 0.020252098117364916 0.01974579566443082
7 0.5728643487465301 0.18179151217208964 0.02997310521370011 0.05528822786040635
7 0.40109955391378543 0.19134182301286415 0.019442014192670384 0.03949159132886168
7 0.6298672542475401 0.41229221347331585 0.05549074884158 0.03128949159132885
7 0.41638313729302356 0.40305725673179743 0.059946210427400275 0.03189705453484984
7 0.20028133738184684 0.3929323989730042 0.06075629435209489 0.03432730630893356
7 0.9194892898596602 0.1975011870845204 0.05212620027434838 0.05684156378600822
7 0.9795096021947872 0.21502057613168726 0.03566529492455414 0.04320987654320985
7 0.9494455875628713 0.38891032235939643 0.05384087791495191 0.02829218106995882
7 0.9933127572016461 0.2725372942386831 0.009945130315500646 0.032407407407407406
1 0.14029576255453446 0.15763511788731088 0.13300999412110523 0.2210097001763668
1 0.3707879055101278 0.16651301373523603 0.085243974132863 0.2179783950617284
1 0.6124859863554958 0.1812214172921537 0.07642563198118747 0.2132936507936508
7 0.5894000261284211 0.20605219968645894 0.02204585537918873 0.03610008818342153
9 0.12216237661045215 0.7912859073670618 0.026896904166330463 0.06127450980392163
9 0.2525320446727693 0.7902366479284901 0.020508889426826965 0.0587529250383281
9 0.3894895864152702 0.7983673579171038 0.015129508593560863 0.05850076656176875
12 0.1465679550283762 0.7299303466242464 0.04740579359315744 0.06404825304607434
4 0.1643490298902176 0.5132367133983512 0.14321455293677518 0.20999929854096527
4 0.34156838573960613 0.5251527685783153 0.1321081182192293 0.21219135802469136
4 0.5132530502154158 0.5255497968031568 0.12392442947998508 0.21262976992143653
