7 0.3402579818020432 0.41644410614712424 0.0444479894270892 0.028819774190144573
7 0.20421946675633995 0.4829626913487007 0.044473457171869894 0.029724279092167773
6 0.04352265172035727 0.4772283363468473 0.09566323942500968 0.04271826076204605
6 0.008681412894375861 0.3809002057613169 0.019290123456790122 0.013233024691358007
7 0.8092705420098166 0.7417580231462167 0.04037687605906554 0.026949437182280284
7 0.671666427014 0.7904895524834332 0.04034629072402048 0.027346857597454338
7 0.5413381211724936 0.835629473441171 0.03630654070698076 0.024992578622941696
6 0.49041966827518924 0.8981395800967712 0.07272417207906325 0.037629775852300124
9 0.4736744268270383 0.8331336530916151 0.025640039485660775 0.04314737894696357
9 0.5048444655750208 0.8594941436562692 0.030589106003983273 0.03515257302093937
7 0.2851704790362198 0.9528439676491373 0.06511692468482594 0.04191414781692568
7 0.13473699547456675 0.9111145794876441 0.059741213639610796 0.04688113133508409
7 0.16258822478583013 0.8551048440403896 0.055000638400267164 0.04438109549485848
14 0.5677757101640757 0.42616019633291796 0.18878284743525348 0.20907269332262027
14 0.42126359712215233 0.27820342455618546 0.09815131499464148 0.09997895105022585
14 0.4797574628058082 0.5572325479977968 0.076601030166536 0.06886574074074074
14 0.42713449015457355 0.48853159426448245 0.046044972838577475 0.03771665844974408
14 0.35286272426057025 0.4201193320554779 0.11606881150019425 0.10444853148430011
14 0.35754873488362354 0.6276998573667786 0.10734371938075644 0.0867006964229186
14 0.29510410363321116 0.5487432451330057 0.06867648641091617 0.04655969557241314
14 0.2145022923362435 0.4752195295010054 0.10719617064932965 0.09558055415898555
14 0.1741764322522915 0.869401388345025 0.11883034236986129 0.12858925977798524
1 0.30928525592212575 0.9379935452361242 0.08047347873247719 0.0928070611105009
14 0.8311126510719139 0.7530355583843291 0.17382347944274545 0.18594438299964078
14 0.7667765871938202 0.8807870904007885 0.026937001459045318 0.025480237700387036
14 0.7560648015678054 0.8538334257574316 0.03608192861665082 0.01989679955494625
14 0.6762596794215847 0.7754666297615753 0.10426085771787313 0.10081405036762194
14 0.6658806394207675 0.9388426183448263 0.06332518669981194 0.05487234807623141
14 0.6278037707651427 0.8977257528472098 0.04197978005529908 0.023604185573808247
