14 0.679653657678146 0.3866591029077323 0.15030221193415638 0.1814477237654321
14 0.6415946916898978 0.8069572008164079 0.0811792695473251 0.09464216820987655
1 0.19750933028901724 0.7058341143392689 0.11507784990030123 0.12727504136438844
1 0.07167861093977931 0.5905867868926287 0.13576004412201398 0.11932035127911415
1 0.3897461558751882 0.8732276037383567 0.0825534315677685 0.11885205097570686
1 0.47715571562531733 0.9435916474045407 0.07518201962646404 0.10501411311596491
1 0.5436081242532854 0.9805122612022253 0.07342692154520106 0.03759707287933096
7 0.03149556879290629 0.6234528797140353 0.06879369329168526 0.05085745687039756
7 0.06628985076106896 0.5754685408299867 0.061356537260151715 0.04508775844117207
7 0.16163621550595697 0.7485052312269083 0.05992732506073804 0.046200487695409964
7 0.1878021098700111 0.6916887125220459 0.06613756613756613 0.04164217127180091
7 0.3720351245858276 0.9154492071392035 0.05362927939760088 0.0410428158655108
7 0.37790661313119944 0.8590261360651432 0.046515191314245655 0.0365281061203047
7 0.4597825125005531 0.9346375945838311 0.043143501924863936 0.03609119872560731
6 0.19220121070477325 0.4560832032161381 0.09334205434279015 0.03934674188537325
6 0.13320167203364824 0.37566337351272994 0.05910165484633569 0.03406553716837406
6 0.05245271867612294 0.2939691686367218 0.04760966640399265 0.0324238245337536
7 0.01550208560790571 0.8561499188152627 0.03378731465151219 0.04976851851851852
7 0.4538177850789858 0.9809478917761847 0.05061064648878268 0.0319967144563919
7 0.3910360633450911 0.5131258956128747 0.043402777777777776 0.024112654320987654
7 0.7578229862678288 0.7708616808265851 0.03692088145493162 0.04013590203106331
7 0.5323055984224966 0.46230991190843623 0.04742155349794239 0.02531828703703704
7 0.8927470000000001 0.74402 0.048867999999999974 0.03510799999999989
7 0.6350529890703129 0.8030291716447631 0.03775056418425599 0.040447033054559996
14 0.7615471576227391 0.7735115202411713 0.10046939300411523 0.09765625
14 0.8936163372296646 0.7461070889151563 0.12458204732510288 0.1320167824074074
14 0.5361189700502972 0.4583681627229081 0.11091820987654322 0.1115210262345679
14 0.6005801326017376 0.5446110896776406 0.03134645061728395 0.021098572530864196
14 0.6310781750114312 0.5843969693072701 0.0442065329218107 0.04641685956790124
14 0.3992084060207551 0.5084755979938271 0.11252572016460906 0.11272665895061729
14 0.4642096764974851 0.5901572145061729 0.028131430041152265 0.02531828703703704
14 0.5069873113854596 0.6371099108367627 0.051440329218107 0.0626929012345679
