5 0.8811249538770323 0.26554490908193557 0.15931519437452554 0.14233489152583
4 0.6454912390832701 0.75155078137906 0.1495257027272093 0.20369062565390253
4 0.5473713498973466 0.7831050929337592 0.13688358791936947 0.1978055032433564
1 0.5921690776188129 0.4285854732283303 0.09592926259592925 0.19429151373595818
4 0.4561037380229754 0.8188132260053667 0.1329601729790054 0.18963172211759785
1 0.46772277834245957 0.5051275333997375 0.08532562544908219 0.19421703449481226
1 0.35562761103567386 0.5765115826366234 0.09389901365210013 0.1913702723887909
12 0.8084169238683128 0.9323760609567902 0.07780349794238683 0.06510416666666667
12 0.7231337478251058 0.952634257032405 0.0805378891798645 0.06313131313131308
7 0.9017574665629192 0.2621298272770018 0.05502918939611447 0.04515982390659393
7 0.6483617874129085 0.6285500837198869 0.043250824068955605 0.037812480805847225
7 0.627722171847512 0.4862491571923462 0.04359349933737873 0.04054195438376231
7 0.6179034371868153 0.43770167729430304 0.044029434330752557 0.03890719815861062
7 0.7879980102202325 0.5679033543616876 0.04493962827296158 0.04048806132139461
7 0.4913677870896037 0.5626520681265206 0.04393079210597456 0.0377354239884653
7 0.6640437146433777 0.39621328509597914 0.044901304317500106 0.026810002092487975
7 0.4931700759965155 0.5118782103271154 0.04468174581718777 0.03632738577994053
9 0.8357959282977437 0.9719604358765579 0.04017541671862663 0.04640930914079064
7 0.3853518969090744 0.5769577363251329 0.04167793097233482 0.02985041002072635
7 0.38250661673658876 0.6248091325984 0.03454387071580905 0.03266648643777597
7 0.5274056415710978 0.6907067001071917 0.0373515766297082 0.03686010851615949
7 0.5478830996721771 0.4722701750714934 0.040541954383762374 0.028444758317639623
7 0.06966341842885052 0.7580072105535067 0.028726417615306508 0.020793249959916677
7 0.023883009994121105 0.7894944211232089 0.027056277056277053 0.019540644540644563
7 0.9105192029395305 0.3167093877233487 0.039078699716081286 0.039477461958082126
7 0.9384764428057416 0.3001892651525454 0.04067374868408459 0.020037802660541684
