13 0.021960772746936273 0.5048094375924564 0.015945115525828314 0.01773027519882869
13 0.06302999127073201 0.5051872895622895 0.016512345679012344 0.018557098765432063
7 0.4742856041963815 0.25667986852348196 0.024887497409479847 0.022759570121680436
7 0.4735907053946291 0.29424888277263633 0.02635564331850997 0.021622999245452666
7 0.5421495420151335 0.2325281262445241 0.0277263374485596 0.02546296296296296
7 0.592810624287819 0.14163421026846948 0.03461934156378599 0.030153422823175922
7 0.5957751719998109 0.18926297263369787 0.030737445179607997 0.030420564301467792
7 0.6598599921967289 0.13068574109993977 0.035852604321606404 0.033997596420031105
7 0.6550788779989597 0.08367886881831968 0.0423927926784254 0.03388973002565547
7 0.7160817626923849 0.014364195834096875 0.04296709741933007 0.03272109726548979
7 0.6503467680913222 0.2508760028463045 0.032860981518507845 0.027422720492557694
7 0.7119272516364239 0.20932243765017813 0.03659513353771375 0.025530284199187996
5 0.5722032565811338 0.15705500164866332 0.20237567379586163 0.21389837583485125
4 0.9348086296807036 0.22658224552495765 0.10010824965347417 0.2253216804509632
11 0.7129193690243845 0.5114430542660999 0.14019533847287372 0.25414508481906434
11 0.4870005685251667 0.4063157937405208 0.16719298847812894 0.21090571425001253
