7 0.13878824476650561 0.6922750044730721 0.03667919126856324 0.03332438718912152
7 0.04844493856333567 0.5010059581439364 0.05519408297186074 0.04197161642516832
7 0.023024474929892742 0.5508518669245254 0.04803931571608339 0.04431945719824513
1 0.03263219812750091 0.5011291407995919 0.07658192161714089 0.1264706253629226
7 0.40060818857964625 0.4425091039515096 0.05694617485307257 0.04884471627590896
7 0.3953875718678075 0.48865474480426496 0.059860384480889435 0.047107764312484174
1 0.39127719567370367 0.43327516920914255 0.06251358991085017 0.13099164069483704
7 0.5077036241824219 0.6374575058149938 0.05591340132402926 0.0386920737162283
7 0.7238882679799787 0.6051069129772833 0.05973107824959671 0.04239587572920907
7 0.6256431180624379 0.450266964643183 0.06460351110556874 0.04910213243546576
7 0.6157091828955228 0.4026734181708198 0.05923084678343279 0.046657180565866554
7 0.8679596041449351 0.4098606645480597 0.06750311401226693 0.04951870772432715
7 0.8420760859144774 0.3645563414886044 0.06415327099283362 0.047850100290985124
7 0.9524582181284291 0.571143381880144 0.060013717421124865 0.04420653292181076
1 0.611530507971998 0.39850952543551776 0.07605757081648064 0.13396642094522365
1 0.8481553547460926 0.3575434298095226 0.09454732510288064 0.1334876543209877
6 0.12583292877524388 0.3355655722090102 0.03233392122281011 0.04661123708742754
6 0.4575993038896839 0.28444325716837854 0.04650994622595616 0.07629767680353408
6 0.5796398782775966 0.2634701197826773 0.03668612626407627 0.07775863719016174
6 0.7041401653232742 0.23929840865071514 0.042753386204453146 0.07894898209467748
10 0.5572671141794369 0.7512605530957458 0.09898301228277613 0.10009026321919405
10 0.5790745627353865 0.8284445386862693 0.07676781955832004 0.03725497125624354
10 0.8463406354352856 0.7193895401199928 0.09539842873176196 0.09937336326225213
10 0.8592013149803698 0.7963827692635164 0.08058984910836767 0.028935185185185185
10 0.6861239969677235 0.6959623792063407 0.047497591760899294 0.019816844861769083
