13 0.3171743727293369 0.369224444397139 0.04342643051771121 0.06769414168937331
13 0.4782094647499139 0.3753420675561402 0.04200726612170757 0.06662976839237053
13 0.6434147331626894 0.38210356287672365 0.04257493188010907 0.06535252043596729
7 0.8685428019981833 0.4090493017711173 0.04314259763851046 0.0344856948228883
7 0.8635311243025822 0.35059696136629037 0.04399409627611265 0.038743188010899175
7 0.9321508418919862 0.3396415190735695 0.051373751135331484 0.036401566757493196
7 0.9231309604904632 0.27599199591280654 0.044561762034514035 0.035124318801089946
7 0.9818536179231002 0.18673365122615806 0.030086285195277066 0.04214918256130791
1 0.8503615546413796 0.37592277053409556 0.07915635313531351 0.1289836014851485
1 0.9111729107787045 0.3043142965464948 0.09106595092024534 0.1389953987730061
1 0.9630117712628647 0.21245639205974057 0.07136375255623725 0.13564033742331288
