7 0.96875 0.47343799999999997 0.0625 0.046875
10 0.4518767657892156 0.4769439004575801 0.3937034078807242 0.3334863661555241
7 0.19914534359614453 0.17535462606615354 0.06817315026697178 0.046660469107551505
7 0.4305262541022034 0.2672072784810126 0.04298523206751058 0.03916139240506329
7 0.38320806962025317 0.26218848892405067 0.030327004219409245 0.035996835443038
7 0.5994336970899471 0.33621651785714285 0.04753637566137563 0.037047371031746046
7 0.9689746082243431 0.47663706256627786 0.05335365853658539 0.030741869918699205
7 0.9811453427524857 0.24321771978021975 0.030399659863945654 0.035076530612244874
7 0.7657984246330112 0.17745535714285712 0.04804421768707492 0.045599489795918366
7 0.7579439670605083 0.1019149436090225 0.05739795918367344 0.04974489795918365
7 0.5751053151653839 0.09143566673600997 0.06507437070938214 0.05935354691075514
7 0.5683089784096894 0.02243162519747235 0.05677330173775665 0.03924763033175356
1 0.7790071770334926 0.12624217887375783 0.11133603238866398 0.16700404858299592
1 0.5899966261808366 0.0664452083539054 0.10669703103913625 0.11797823886639676
12 0.17004107981220656 0.7442781690140846 0.07629107981220658 0.0665713028169014
12 0.3499235898356401 0.7721914735391231 0.09845088067379777 0.057768485915492995
12 0.5574051874455102 0.8114783129904097 0.054054054054054036 0.0800253378378378
