6 0.07389435462834279 0.09118335440238487 0.0953587235033776 0.04203791055206149
6 0.1340740500599153 0.17138417310846477 0.09050586225638635 0.036942406242720695
13 0.8051232159599785 0.9861406787847116 0.0213035706862867 0.02546036496653765
13 0.853427728009028 0.9868761304305373 0.018878774022806955 0.02416136675395942
13 0.9023757069024556 0.9839577432170025 0.015934378074295756 0.026889263000374218
10 0.26998769946466733 0.8551340152710788 0.19363733355502905 0.17068836513280952
10 0.4659324631465937 0.9385634854579923 0.10565185462304806 0.10538382799185271
7 0.030561607358992986 0.5794980029048657 0.04198438634713145 0.027233115468409556
7 0.09700615392762045 0.368790636914488 0.05408799322198014 0.03744553376906316
7 0.08279623577826191 0.4209691206729604 0.05144032921810699 0.039431281771968064
7 0.18017731784071653 0.506785584604212 0.049170902929072884 0.03404139433551199
7 0.19105207240646596 0.45780422079668626 0.04538852578068265 0.03205564633260709
7 0.2440523231805431 0.7209266468025117 0.027989590898087613 0.02155954974582421
7 0.3010141813927217 0.7574683036794966 0.026476640038731555 0.022694262890341297
7 0.3154351246671509 0.5761619462599854 0.03706729605422413 0.027800472040668097
7 0.3090638558367317 0.62201919585498 0.03744553376906316 0.02808415032679746
7 0.36867993873712834 0.628914760348584 0.03668905833938516 0.026098402323892468
7 0.36532829718038584 0.6721571982255057 0.03404139433551196 0.026665758896151012
7 0.41463449858057694 0.6720080709051298 0.02874606632776567 0.02439633260711684
7 0.41377561491585363 0.713746901739762 0.031015492616799787 0.025531045751634014
7 0.4833877995642702 0.736584853848947 0.026854877753570584 0.022126906318082753
7 0.4829717380779471 0.7753778594771241 0.027989590898087672 0.021275871459694937
7 0.5102591224358772 0.517527864608001 0.02836782861292664 0.022694262890341297
7 0.782794470668926 0.63956451600702 0.02496368917937544 0.02496368917937547
7 0.6953982612905601 0.6507826560575919 0.028367828612926582 0.021559549745824295
7 0.6074298627833199 0.6593280587088636 0.02458545146453641 0.01843908859840231
1 0.11281452958252884 0.38814226523224865 0.10136770757685791 0.11574074074074074
1 0.20533146915163897 0.48023605426940597 0.08593560881142581 0.10711692084241108
1 0.32905154359852423 0.5956806779796526 0.06596465746792544 0.09985475671750178
1 0.38174296732505497 0.6488514456020765 0.05870249334301622 0.09440813362381992
1 0.4276463671888508 0.6892871108557386 0.05174291938997823 0.09213870733478574
1 0.4964301651048638 0.7536217856174153 0.04659888646816753 0.08260711692084245
14 0.5179820028676236 0.5123728622503132 0.07122507122507123 0.08436779270112607
14 0.6091040404765895 0.47491485910603565 0.034199339754895315 0.03561253561253564
14 0.6344202589058555 0.5211944833858414 0.04041740152851269 0.04112399945733279
14 0.7223449683767145 0.45131015369110594 0.035047257269479555 0.04578754578754582
14 0.7479146368035257 0.5079025912359246 0.02176321620766069 0.039428164428164374
14 0.7830749497416165 0.6380656380656381 0.054266720933387524 0.06677350427350429
14 0.6968828061106781 0.6450209133824952 0.04493962827296158 0.08203601953601955
14 0.6144575589020033 0.6603284832451498 0.04465698910143354 0.05999016415683085
