10 0.4688610558631523 0.5399274758551487 0.17179128814348935 0.10191008618681568
10 0.6209049317015776 0.5393955276030747 0.13830654553924987 0.05787037037037037
10 0.5127921422470686 0.44281873592670234 0.32514170354841215 0.14667773119030975
10 0.11683263452131379 0.5952822909387375 0.17810000776457802 0.10081819240624272
10 0.08772479946484138 0.6712906968410113 0.05338147371690348 0.04076403447472634
10 0.10433651681031135 0.6895915831974532 0.0194114449879649 0.01747030048916841
12 0.4340151698539498 0.7124636891793755 0.051440329218107 0.040123456790123455
12 0.5007030178326475 0.6942258230452675 0.04869684499314133 0.04552469135802469
12 0.6648436935961303 0.6641894087069525 0.05212620027434838 0.048353909465020634
12 0.7669301855461699 0.6458468702620749 0.050068587105624104 0.05452674897119347
7 0.4786299050075021 0.33976675236837833 0.04725818863126903 0.03450265984141326
7 0.6079936240279511 0.2739824851952223 0.048931044866004275 0.04234417344173441
7 0.15568968821001342 0.5003455968903123 0.03387533875338752 0.02634748569707918
7 0.22039880892636082 0.46813836193917496 0.028856770049181985 0.028229448961156305
7 0.5670765201451861 0.04188773489566262 0.055309734513274394 0.04916420845624385
7 0.57028205688481 0.10270283650169343 0.05622018281801951 0.05001775374194253
7 0.42328259101448223 0.14076994011851432 0.04734331184675335 0.04199442805637495
7 0.41973736049448923 0.19821649384702478 0.05280600167522484 0.04421364579919151
7 0.30897201281911213 0.22165717524308964 0.04142539786590918 0.0394337921992789
7 0.3035261229295972 0.27106972473245833 0.04415674278014493 0.039945919370698135
7 0.15186060949744984 0.32633068522940695 0.036645544265996574 0.030044794056593455
7 0.1446854097624337 0.3726497427333219 0.03710076841836921 0.031922593685130535
7 0.08343779529671991 0.37479622729389833 0.033231363123201865 0.027313449142357723
7 0.07640652882479333 0.41819451272806724 0.035052259732692374 0.029361957828034534
7 0.026630612913798757 0.4154110067130387 0.030044794056593462 0.026289194799519296
7 0.018304802758562527 0.45746433438561984 0.035735095961251316 0.025947776685239836
1 0.5540849915413159 0.0679312340737917 0.08635740117221599 0.12649644594089035
1 0.40574858668994457 0.1543550863574011 0.07606933532859458 0.12462588851477739
1 0.28797297906832975 0.23589420604787031 0.069834143908218 0.11597456041900485
1 0.1382978447021657 0.34280887579498687 0.06827534605312381 0.10241301907968572
1 0.07012511950783555 0.3966945691482727 0.06141663549070957 0.09539842873176202
1 0.018804024651977867 0.42473959871620687 0.04146402294550442 0.08978675645342313
