7 0.17198742868735042 0.6445259131952209 0.06140236480612069 0.03790101721439753
7 0.38525153837979864 0.6551679870892018 0.05777980641047934 0.03301056338028168
7 0.6037905140162121 0.667452134724734 0.05784454691192754 0.03176285388467447
7 0.92490014620696 0.6464100214021227 0.054893920225683096 0.027810496008375846
7 0.5890940209662602 0.527534734020463 0.022809931916285987 0.018641220221240578
7 0.5612029800782775 0.5153525142694358 0.01871987515888297 0.036810510816626986
7 0.33996059270892404 0.515571151245474 0.023629833209731152 0.017858700868123658
7 0.36982506652706887 0.5051149500501678 0.019994474254387874 0.033672512323866866
7 0.08931911709689486 0.502036127036127 0.014597931264597935 0.018351685018351657
7 0.12541807680696568 0.49477677081843763 0.038093649204760306 0.03753753753753754
7 0.1484669193002526 0.44735211401878056 0.04031809587365142 0.034617951284617976
7 0.18002197599898748 0.4370642193918055 0.0506061617172728 0.03753753753753754
7 0.8799283992185228 0.4711982507978736 0.04934028210777177 0.03439747266907762
7 0.9512368345497679 0.47923602118429415 0.05897392434387094 0.042464756900302256
7 0.972613487677451 0.5300510038990198 0.048414717521923695 0.04388040863014243
4 0.48637852429557343 0.778420161866853 0.1292725241659449 0.22995229724380603
4 0.30157251222612974 0.7709988465587955 0.13890358962598381 0.22922882435221847
4 0.1203387292397963 0.7607290191100311 0.15275477173144514 0.22648614071571643
1 0.5840357673703401 0.45542777983538774 0.08673379477395901 0.13624308909165178
1 0.3491712187455449 0.4439017715561745 0.07827102832648698 0.13559514733223654
1 0.12141791312411167 0.4326502114951088 0.11190627680279097 0.1365746296159547
5 0.9632005835333367 0.4677217106620983 0.07844450824640323 0.1431998045853035
