14 0.8114193873968756 0.4317376470071969 0.10268562401263827 0.16365521327014218
14 0.22132801831472412 0.20566410956703346 0.11700236966824643 0.13699644549763032
1 0.19494654469304537 0.8104876763474044 0.13724328593996843 0.15884182464454977
1 0.07976472579553145 0.6779289652882663 0.1481042654028436 0.17143068720379145
1 0.38338270142180086 0.9514956808663065 0.09133096366508689 0.08578569312796205
7 0.16453037483843172 0.8560875341088613 0.07800157977883096 0.05702014218009488
7 0.06169112285818447 0.6517869349252644 0.07257109004739336 0.05442831753554502
7 0.18616706161137442 0.7757331161137442 0.06615323854660347 0.04961492890995256
7 0.03746050552922591 0.7235691646919433 0.0696090047393365 0.05702014218009479
7 0.35818605186940494 0.9613663852685624 0.055292259083728305 0.04072867298578213
7 0.8153345510795157 0.4557754492496051 0.060229067930489794 0.04702310426540288
7 0.4169628751974724 0.5347304502369669 0.04986176935229067 0.047393364928909956
7 0.6087729239645581 0.49613319080980844 0.05825434439178518 0.04850414691943126
7 0.17719852553975776 0.15657089257503953 0.03949447077409163 0.034804502369668235
14 0.148054897314376 0.08791839454976304 0.07898894154818324 0.057760663507109
14 0.10871628864816067 0.015365817535545025 0.04491508688783571 0.03480450236966825
14 0.3766079891672309 0.017878300609343263 0.04788704581358611 0.048874407582938394
14 0.4357513303400682 0.12941584559740582 0.08244470774091628 0.11404028436018958
14 0.6776547101858124 0.0678829729462875 0.06072274881516589 0.12070497630331753
14 0.6150979007169767 0.48685717052497246 0.09972353870458145 0.13995853080568726
14 0.684426836492891 0.598665210308057 0.02616508688783566 0.01999407582938382
14 0.4257885430130691 0.5276382755277897 0.09478672985781991 0.1384774881516587
14 0.4954704778830964 0.6362466676540285 0.032582938388625554 0.02110485781990521
14 0.5324842022116903 0.6782434834123222 0.030114533965244897 0.026658767772511815
