7 0.35094417762587116 0.5315848532170462 0.04063663238948306 0.02835970417513778
7 0.4888406438907071 0.48612750566672985 0.04279943402136465 0.026530248533748118
7 0.7124569833054794 0.7982657420885223 0.03459305982353047 0.02400735888727152
7 0.5914281865009378 0.8249250703367765 0.0317040396405475 0.02180964978584039
7 0.8396357818874414 0.7664143184065985 0.03554514233076005 0.024593734042233716
7 0.4048246742112482 0.9482301311728392 0.040294924554183834 0.03654406721536349
7 0.31102992095899906 0.9285584701758856 0.047792078918950466 0.040632387706855795
7 0.3199333099845314 0.872524662172022 0.0432317660450048 0.03611767796164952
7 0.11300953722418003 0.7620271155058057 0.05366528440617202 0.04049463780132444
7 0.14514945608830185 0.7071991162382784 0.0527052553464211 0.04205879376644405
7 0.02803121785144696 0.5959662470735099 0.04988545780597278 0.04631692214155937
6 0.15733460146535905 0.46457922198492374 0.09162202034319433 0.03435825762869793
6 0.08535096178418786 0.38841504830740164 0.09715233669700386 0.03737729934834615
6 0.03160888191530853 0.30209808999778276 0.06646037366680489 0.03688550738507671
1 0.049057017589232275 0.5956574409563242 0.09028090168441046 0.11456648655113574
1 0.15159906991799796 0.7250734699237604 0.1152719604730384 0.12091224092517659
1 0.3399605902198953 0.888490813377752 0.08484628942690794 0.12296396889624765
1 0.4210844450977498 0.951535919944597 0.0764359821480322 0.08884324465310381
14 0.7263523414406777 0.5567390552861563 0.04705629021634486 0.07202024038264339
14 0.6808172242187162 0.4716127355155922 0.03583992901542014 0.04637448551787816
14 0.6425506843370404 0.4087306832893135 0.05442854284247494 0.058029080319667595
14 0.589010273262871 0.6051917725079194 0.044038842999674255 0.042003434289605304
14 0.5613753167561972 0.5646100403627715 0.0352804176411957 0.023037125854871634
14 0.49199821701115704 0.4711379052467068 0.09962449304704868 0.11413641364136412
14 0.4617453217285769 0.6452301273239456 0.042676663155878924 0.045550886814150766
14 0.42378431887731655 0.606956380450245 0.03267372925923084 0.02689313262721623
14 0.3592956940917449 0.524979013853634 0.10346367735124873 0.1114975340716608
14 0.8426627413347496 0.7623788800342195 0.11382251367381757 0.13109872000021475
14 0.7753892289328865 0.858101461495222 0.022553938611649022 0.011190223388087398
14 0.7150892648087651 0.7875015305563032 0.10315268821261772 0.10755228017132781
14 0.660964800491146 0.8845221444773613 0.02115185351689833 0.012249778740943034
14 0.6320178981417807 0.8561710657017169 0.04668062059505228 0.026407513835674707
14 0.5957880609786188 0.805548636392222 0.0667584327941361 0.09228266817140321
