7 0.03288233309518138 0.44265561740890674 0.05398110661268555 0.07353871457489873
7 0.04814935198943372 0.37920033122833086 0.06036404160475482 0.06628436106983657
7 0.384536740168815 0.38024275338611524 0.035224323322209906 0.06369924916573969
7 0.32632709183042885 0.3783544215795328 0.026418242491657414 0.05857202447163514
7 0.37797048896186836 0.44924226874657897 0.04537835249042145 0.07022270114942523
7 0.325660086623355 0.4510908608195902 0.0417863984674329 0.07022270114942523
7 0.655992094685977 0.3840554855416835 0.05655696148602587 0.0673752655225904
7 0.7110763888888889 0.37393880208333335 0.01854166666666662 0.036249999999999984
7 0.6803863211951447 0.4507177871148459 0.06550536881419239 0.06674544817927171
7 0.7319022968106611 0.4562241415080662 0.021160929951690832 0.04183330997757846
7 0.11121016520718609 0.6832499210074932 0.08004574042309891 0.05829223842195539
7 0.42208292762090227 0.6864654333008764 0.07924578059071727 0.05676424050632907
7 0.7373255974582126 0.6906842493783673 0.08509678477690284 0.05213459645669287
1 0.03755550751169911 0.35376185924667225 0.07687500000000001 0.1944896320093458
1 0.3549006245800502 0.38629874043659523 0.09297118380062303 0.19567757009345796
1 0.687410220154473 0.3844087779089126 0.10708333333333328 0.19297867063492058
6 0.19308153265543104 0.166054705889276 0.05479166666666669 0.11536911690283402
6 0.3762373374013829 0.16082996966861798 0.04450071839080465 0.11552131038972702
6 0.5556359649122807 0.17184950657894743 0.07437499999999998 0.114453125
6 0.8774218020541548 0.16348914565826328 0.03807773109243703 0.09245885854341736
10 0.30514886057338886 0.8048157620681206 0.028945111492281347 0.02304888507718701
10 0.346345871110022 0.802384525851507 0.02858776443682108 0.025192967409948606
10 0.496949882585589 0.913642635335558 0.24375 0.2066540948275862
10 0.1373055437976475 0.8981592806007954 0.20520833333333333 0.210625
