7 0.06663860830527496 0.9055084575917908 0.04078483245149912 0.0418871252204585
7 0.0341428119205897 0.9745751933251932 0.06025867136978248 0.0440917107583774
7 0.21015007511921088 0.9003282382912011 0.05437977660199883 0.04794973544973542
7 0.23433447453055295 0.842184095860566 0.048868312757201646 0.04216269841269839
7 0.35354590179151585 0.9461442959249977 0.04482657260435036 0.03995811287477967
7 0.34634038800705463 0.9911816578483242 0.053644914756025834 0.014329805996472739
7 0.5957408954484977 0.8223249094959619 0.03784538506760734 0.028935185185185185
7 0.7294028722600149 0.7755810657596373 0.039682539682539666 0.02865961199294539
7 0.8669302983539094 0.7261009149029981 0.041519694297471994 0.02976190476190475
7 0.2542295381801555 0.4758659122085048 0.04286694101508915 0.029063786008230424
7 0.009896139525769156 0.6373824221046444 0.01783264746227709 0.03832304526748968
6 0.08272462277091906 0.4726980452674898 0.09499314128943756 0.04243827160493827
6 0.0228297080148932 0.38828875171467775 0.05075445816186557 0.035493827160493784
9 0.5520292020866502 0.8540807763359467 0.020275750202757445 0.031117644408398683
9 0.5169779906195153 0.8252813662637264 0.019524796491544236 0.04167793097233482
1 0.2435357317552981 0.8598684682744762 0.10567199413021977 0.12979710977126993
1 0.36777607013711794 0.946940109664308 0.09012026669218749 0.10018901330270842
1 0.025573005370985172 0.614156816808332 0.053598664709775826 0.06555944055944057
14 0.5002824174937465 0.2763381104756717 0.12484996570644721 0.12297453703703703
14 0.6606521582813399 0.45757002522235496 0.11574074074074074 0.14347029320987653
14 0.5332793599576007 0.5436124848017209 0.07287379972565161 0.06671167695473246
14 0.47787708619112945 0.482052147633745 0.037508573388203 0.03576710390946499
14 0.3957333104709647 0.39619770233196167 0.11681241426611794 0.10207690329218108
14 0.25904272624951635 0.4642201184446555 0.10663151577503427 0.09725437242798352
14 0.3328520544955731 0.5449094533295922 0.05358367626886149 0.036570859053497974
14 0.3968621399176955 0.6073334619341563 0.09752229080932781 0.08077739197530864
14 0.8689085643818153 0.7192812902689447 0.1137402834933699 0.11274005486968448
14 0.9442677806875337 0.7935060481356777 0.03829446730681305 0.043295610425240126
14 0.819387288523091 0.8634259259259259 0.021147690900777307 0.014574759945130335
14 0.8046124828532236 0.844264403292181 0.031435756744398705 0.016718106995884833
14 0.7316097337928111 0.7658126735588343 0.09545038866026526 0.09859396433470502
14 0.6080610633079768 0.814900548696845 0.09087791495198906 0.10502400548696852
14 0.6774609706708472 0.890958749755046 0.03657978966620941 0.02057613168724268
14 0.7184499314128943 0.930563349544831 0.04286694101508912 0.04243827160493827
