10 0.314908763982838 0.7942206726928946 0.20854187520854187 0.16544322099877656
1 0.13422557311343203 0.3377950347383977 0.10834988884158746 0.11825647302179866
1 0.22729712225242243 0.4241993660695767 0.08870159333122295 0.10832146248812913
1 0.035351265839416834 0.21682295854816072 0.0736128849155669 0.1248314885766993
1 0.40347687410902194 0.5908034478983147 0.05666869054847196 0.09335154826958103
1 0.4483847197475859 0.6330972403049383 0.05159480468122441 0.08538631223816404
1 0.5128351152775096 0.6935584760786992 0.03992660932091338 0.07367852208405756
7 0.10293012029123141 0.3685279162709718 0.06331117442228554 0.04080603038936375
7 0.1226182939145902 0.31519567109844887 0.056386514719848055 0.03734370053814495
6 0.1538687892199423 0.11070313988946061 0.09293229287988197 0.041491963661774975
7 0.2059522222777583 0.4535261616767464 0.049132109317294496 0.03561253561253564
6 0.09957801675423386 0.026761507751637027 0.09681458187747494 0.04349376892615886
7 0.21609981441136122 0.4037833081950729 0.049461855017410565 0.041053339664450794
12 0.33222653058192564 0.9764609424908263 0.015599233409101026 0.01949904176137631
7 0.06239521414418533 0.5275077912545424 0.0363240921233124 0.02859676196664502
7 0.3325237806112123 0.5667965324158403 0.03828509748364027 0.029978749241044354
7 0.3372236839146371 0.5217735950887135 0.03676718612966339 0.02808136004857317
7 0.38970265803143767 0.6186595577818256 0.03440599069014369 0.02681643392025902
7 0.2695152926634408 0.6633823994935106 0.029394473838918297 0.02140991724325052
13 0.9071829030676765 0.91965036023678 0.014366218069921846 0.020159047936825703
13 0.8123864605346086 0.9224502280057836 0.017378489600711804 0.02050661772883997
7 0.39193860098178107 0.5727139064490396 0.036767186129663336 0.02542501517911355
13 0.8581208523338152 0.921972319541764 0.02062247432617806 0.019985263040818657
7 0.4350470399853116 0.6572048238714905 0.032285371791544594 0.023866459051644223
7 0.43597095037424255 0.615592444296148 0.03182194540219235 0.024329885440996547
7 0.5052193279228979 0.7151210257407609 0.02525590170997312 0.0199168783705486
7 0.5057322897274763 0.6791559100524203 0.024513081071444485 0.02075255158889327
7 0.5321418344395025 0.4625191385736652 0.02597996425156917 0.019355073367419026
7 0.623972409499071 0.6050753415804637 0.02032596595244353 0.015009944087958334
7 0.8048898571774389 0.5855727707749767 0.02042483660130721 0.013049201161946323
1 0.3523292803802821 0.534781576448243 0.06425824731835658 0.09904371584699449
7 0.5326023978250212 0.7426958678744929 0.031198466818202052 0.02158822480723811
7 0.5367892050603642 0.7071947918819158 0.019127631442112054 0.020891830458617453
1 0.5432720033602504 0.7277669140259393 0.04494064863098156 0.0772997726968846
7 0.5652679354043173 0.7341249944288452 0.017456285005422664 0.02130966706778983
7 0.5629567502812589 0.7702248112897933 0.022841734634755095 0.018106253064135172
1 0.5714147761881415 0.7483453670276773 0.033798339053052205 0.06936087712260995
10 0.062061039625142186 0.6332068631748119 0.16101736187206273 0.13742786178683608
10 0.4897917010429037 0.8881858164407823 0.11213420908807589 0.10798888513751838
7 0.7111442099621771 0.5970060934599942 0.023453037637434726 0.014071822582460905
7 0.5551730247316243 0.48810429803580485 0.019378206212300585 0.016911889058007737
14 0.5317711390323083 0.4457091055600321 0.05003100512993966 0.06579781836631152
14 0.5670180581393164 0.49247068605896605 0.036290095270308353 0.027217571452731265
14 0.6565528445284915 0.46752725120305033 0.04686002593156321 0.0417512261119567
14 0.626828918305326 0.41901367172485887 0.035233102204182805 0.039372991713174314
14 0.7456834416499561 0.3981088884056921 0.03311911607193184 0.04545070184339593
14 0.7686982073397599 0.45100572890241847 0.01761655110209146 0.03831599864704886
