7 0.1804785661492979 0.2628014135254989 0.07317073170731708 0.06707317073170734
7 0.2419828364950316 0.32088414634146345 0.0711382113821138 0.05602134146341466
7 0.2194319640564827 0.4016166559691913 0.07571138211382114 0.06478658536585366
7 0.060311131957473424 0.5058923545966229 0.0655487804878049 0.04458841463414638
7 0.27431207004377733 0.5917565666041276 0.05894308943089432 0.04458841463414638
7 0.44180573384681215 0.43041960847240046 0.07469512195121955 0.051448170731707335
7 0.4391848523748395 0.5061577342747112 0.05843495934959352 0.05106707317073171
7 0.621849593495935 0.520630081300813 0.05741869918699187 0.041158536585365904
7 0.6224824464153733 0.5952224223946786 0.05945121951219505 0.044969512195122
7 0.774979674796748 0.5781707317073171 0.05741869918699187 0.05411585365853657
7 0.8705762792922047 0.6516319942611191 0.05995934959349588 0.04496951219512191
7 0.8828091570389389 0.721377567394095 0.065040650406504 0.04878048780487809
7 0.9740853658536587 0.7077743902439027 0.04573170731707314 0.04573170731707323
12 0.239797165200391 0.9790826612903226 0.06440412186379926 0.031922043010752785
5 0.2724870862323423 0.346611124288425 0.18649193548387094 0.2129536290322581
5 0.4778381765800099 0.4551336855178986 0.16577060931899645 0.2003528225806451
5 0.662957056117263 0.5448689014604395 0.14504928315412186 0.1885920698924731
11 0.6128865781209532 0.8272020839403655 0.522064393939394 0.2802502185314685
