4 0.3020455095618494 0.10714717985959812 0.13919147906076013 0.20379448075526507
4 0.14244121460524 0.11205370022184416 0.15674170902929074 0.21377995642701525
4 0.0446320503510046 0.12131704533665319 0.0683853788428952 0.22194989106753812
9 0.3184179654767891 0.39624183006535946 0.016945049624788214 0.05083514887436456
9 0.43747419083828154 0.3842005211670725 0.021181312030985208 0.05673565722585328
9 0.5621318486242234 0.38649842653110633 0.018155410312273038 0.05492011619462605
12 0.3547509538794942 0.3586990351696235 0.059307673686758634 0.04856572258533043
12 0.462236746550472 0.34325829097070926 0.0393367223432583 0.030864197530864196
12 0.5750281230865621 0.33090905207398863 0.0411522633744856 0.046296296296296294
11 0.9180795209331056 0.35880381681226386 0.14574759945130322 0.45296067672610874
