10 0.4999257562258707 0.4743893070783104 0.326278659611993 0.22707231040564368
10 0.9173381783535042 0.5761399227634861 0.1705614344503234 0.15211640211640218
1 0.4305060204237157 0.08260973936899862 0.07887517146776402 0.14137517146776407
1 0.5865405050329412 0.16812293514171447 0.08058984910836767 0.13331618655692729
1 0.7090652978745371 0.23379767910084515 0.07830361225422951 0.12088477366255146
1 0.8791649375799708 0.3227448386762111 0.06899055918663768 0.10303195352214958
1 0.9602715346984885 0.36984755070228714 0.07307446849930514 0.09901364068030732
12 0.2891073384678501 0.6515224328473728 0.04514906593243922 0.05079269917399414
7 0.4108849437132265 0.07214399891167568 0.05237560793116351 0.04723157500935279
7 0.41496445940890375 0.12954545454545455 0.0564284823544083 0.04653011597456042
12 0.40952900761827804 0.6665635233748485 0.04440891731059597 0.047739586108890716
7 0.5695162216480046 0.2084499712891186 0.052337544262608775 0.04284201837496413
7 0.3132022881825875 0.26417892478767185 0.051987566762980456 0.03529682164433938
7 0.5659059279994896 0.15200318212269118 0.04964589912910332 0.04351492965834051
7 0.6999463231347289 0.26884281624619794 0.05075445816186549 0.037037037037037035
7 0.6882361288491557 0.21833219192872697 0.049075256610378024 0.0350326380019867
7 0.4598254677056884 0.32434769284651077 0.047609666403992626 0.0324238245337536
7 0.5891260914901576 0.3751686486615564 0.03940110323089049 0.03119254005778828
7 0.8713803573220918 0.36098407859078596 0.04014854963364446 0.03199337548931047
7 0.8606694891000781 0.31251233581036403 0.041078248512301255 0.0305311306510347
7 0.9505387644657052 0.4003361237950279 0.03946107446868487 0.02906730931845088
7 0.8373402642408491 0.4682017543859649 0.03909465020576132 0.03009259259259259
7 0.9393313659022152 0.3544702998821296 0.039923837602112815 0.02955899514771823
7 0.9072863713386589 0.4964823892519971 0.035493827160493825 0.03009259259259259
