14 0.24820888147736403 0.5576738234204188 0.10173476005188066 0.13436284046692606
14 0.03844028265654666 0.249257290240324 0.08187418936446177 0.12841994825513886
1 0.17119860378188212 0.9692566493120998 0.09702066842568162 0.06274942282321909
1 0.019886444236388915 0.7727957565537492 0.03655452946350044 0.06781827176781005
7 0.6188984168865435 0.4943038148636763 0.05551890941072995 0.03895943271767806
7 0.41888375842861325 0.5301437445030783 0.05414467897977134 0.03772262532981534
7 0.14296344047333492 0.982703685935876 0.057167985927880374 0.03801327506596301
7 0.2311632904928079 0.5649217486594604 0.04974714160070359 0.03813489445910294
6 0.37473007653027735 0.9172895827590283 0.0849274406332454 0.028034300791556888
7 0.6450059019580613 0.9292003714761838 0.04150175901495163 0.0212318601583112
7 0.49056972539822147 0.9455277961008501 0.040952066842568156 0.02185026385224269
6 0.146912633518869 0.6344944949203005 0.11351143359718559 0.04019624010554086
7 0.8125324818101863 0.9089128837850803 0.02995822339489879 0.0243238786279683
6 0.35601024964481437 0.8641002384818346 0.02940853122251538 0.019995052770448572
6 0.26767327369843613 0.8155789465216552 0.05606860158311348 0.02185026385224287
14 0.2278991274613845 0.1616849428133475 0.09443904020752274 0.1085238326848249
14 0.16965443765054658 0.061955716138595504 0.058771076523994825 0.05927772373540856
14 0.46278665452438106 0.10657701382564784 0.0668774319066148 0.12250729571984435
14 0.6430161889122907 0.51633951201228 0.15158884565499353 0.2346789883268483
14 0.4244157024370265 0.5205480109563794 0.11105706874189364 0.135578793774319
14 0.49577118460873326 0.6284452010376135 0.03607328145265889 0.019759241245136217
14 0.3137835062689148 0.6584387159533074 0.042153047989623896 0.0221911478599222
