7 0.19011979450809235 0.051619825763775204 0.0984909188034188 0.06310096153846154
7 0.5630777952206524 0.025637959510727372 0.09648771367521362 0.06435296474358974
7 0.919933431952663 0.023219844058185408 0.07144764957264951 0.043068910256410256
7 0.3441598511641615 0.28581937997347484 0.07144764957264957 0.05784254807692309
7 0.30040657644824315 0.29897836538461536 0.018696581196581144 0.022035256410256387
7 0.6486162173202614 0.2688198175904978 0.08179754273504282 0.060346554487179516
7 0.960522947827635 0.2550539196047008 0.06677350427350426 0.049829727564102554
12 0.09647638671411236 0.9207161685299988 0.078125 0.08888052659956873
10 0.4177649273803122 0.5022945804195807 0.21561771561771567 0.2414772727272727
10 0.5820221445221445 0.3915810751748252 0.064102564102564 0.03496503496503496
10 0.7751257230423898 0.4737377784252784 0.2236305361305361 0.2480332167832168
