12 0.20479079556383936 0.9676553644052618 0.05444210032817626 0.05610739959368656
6 0.13641294648381982 0.059873270178482776 0.08133727269529739 0.06463015722274983
6 0.9351679161501237 0.5729585020502775 0.045052314478603514 0.022063866698943002
7 0.31907270663884424 0.02997994069422641 0.04946185501741059 0.03412867996201329
7 0.7446923896576673 0.3521043722866639 0.039269179894179926 0.024457120811287467
7 0.8717077146943184 0.2909896556468661 0.039948340775763945 0.028319542947202545
7 0.8723292551746848 0.8265181357233438 0.026642401587067325 0.017215090256258832
7 0.7949372232978547 0.7957088592878763 0.0354548882658666 0.021365156657321412
7 0.5129881666584031 0.6477065670087756 0.02943874262482032 0.029051390748177863
7 0.39703027650842543 0.598104281855134 0.043235123330556215 0.030690625867858274
7 0.2602358493228787 0.5324123883155863 0.044828173610550734 0.02891417197880521
10 0.8752058686574418 0.9107401465914232 0.20251047672700087 0.14536991379940092
10 0.43586033950617264 0.7853792920524696 0.325445816186557 0.24742798353909462
7 0.10299248523886206 0.2412837996511003 0.0644122383252818 0.04528985507246374
7 0.07946709335598222 0.29255107380107387 0.06589923256589925 0.0498415081748415
1 0.1032399440639141 0.24972538081152318 0.11400289178066955 0.13284117450784116
7 0.3977640191631961 0.4041850492467776 0.04226448670893117 0.03920587253920585
7 0.396240685129574 0.45981815148481814 0.04977199421643861 0.040040040040040026
1 0.4128129377817267 0.41852948454072053 0.07702146591035477 0.11949449449449444
7 0.5336987341168944 0.4828514153110927 0.039548210097791935 0.03816540554891812
7 0.5344405761602354 0.5327299131134834 0.047291915571485495 0.03671346077260059
1 0.5505331097724567 0.5008106971965995 0.06766025284543808 0.11388703518333143
7 0.6497992319751579 0.5459175598064486 0.04258430184356108 0.03094898928232261
7 0.6574886998167421 0.5951613788915376 0.043149580186617284 0.03321010265454709
1 0.6673933849469275 0.5650481523906498 0.07424377412922653 0.1096421450086971
7 0.8310403919722914 0.6857243951529097 0.038450347092322444 0.03013675853182024
7 0.8934693402831574 0.6819858706783509 0.035679150905488434 0.027408862285405528
7 0.90537288754024 0.7271755910730534 0.03914314613903085 0.028707860497983937
7 0.9579624693436422 0.7176518593860416 0.03810394756896818 0.025330465145279934
7 0.9729241906680781 0.7602730891583469 0.03706474899890538 0.02597996425156914
7 0.8166868721151525 0.6390227526634552 0.03835928330010035 0.02704594628993256
1 0.8356401934580627 0.6522651574333741 0.07583471214628146 0.10221776759577442
1 0.9091282348924464 0.6982089959567891 0.07265283611217171 0.09850557888931316
1 0.9709323428050435 0.7254642636817029 0.05672062791268089 0.08789142343226233
