9 0.06827399083685397 0.43256351169650303 0.024823179140738595 0.04017588489523501
9 0.2700599040111342 0.41810260247983616 0.016950589032968904 0.04202333531090206
9 0.3774447747913751 0.41449101553579165 0.025544236489510163 0.04425925925925927
9 0.5619004717732439 0.4129608802141594 0.01905583045933925 0.054023660056110145
9 0.6919667944571263 0.398675743175989 0.026905608934798802 0.0564895155459147
9 0.8279454847247084 0.39736220111065207 0.023138586748665178 0.056938133920785755
7 0.3085910442896142 0.37331751337526914 0.024854337285580397 0.015126512651265132
12 0.3474442911884325 0.3751642202705317 0.05538928123460296 0.06627443712835482
12 0.5703494657161126 0.3550769932940715 0.06734153550003856 0.07432546961320871
12 0.6846295701019534 0.33765735447504214 0.03545211878545214 0.06254986723736723
12 0.8175850657140729 0.34303935188145923 0.05202685024247059 0.08050635273301344
8 0.3732580813019288 0.5295923657690937 0.013872687210395 0.06546490716438226
8 0.3498993705939505 0.5305536015429079 0.015310090634791343 0.055711795276626515
8 0.30022230414334705 0.5290351429213321 0.015258499075353232 0.05310779992544344
8 0.2773372015983605 0.533849959953188 0.014778795166207585 0.051290273065474526
4 0.5385775043310472 0.11284836221081593 0.13439231393201118 0.22074971935643473
4 0.7345514375633818 0.09407667946941288 0.1419134885873088 0.1999994179280567
4 0.9203204130579922 0.09648878315851184 0.13461343857518723 0.17949301760777167
