10 0.7365277093427505 0.07914938682215106 0.33670033670033667 0.22446689113355783
12 0.5902863894400353 0.4141097206147119 0.05599494170096026 0.061085390946502074
12 0.8767662024367006 0.4117882171043089 0.04889657667435451 0.05723443223443223
12 0.43642387801847976 0.4131491005221678 0.04742155349794239 0.05967881944444445
9 0.8276493108364456 0.4790510821212576 0.021480577036132646 0.04515160765160764
9 0.9704415954415953 0.47484264064125176 0.014131958576402993 0.042819834486501125
9 0.9035336096267993 0.4787520076498572 0.02289377289377297 0.042819834486501125
9 0.5003416365299082 0.4852428119933908 0.02143347050754456 0.0425990226337448
9 0.5820767274278077 0.4856278275693785 0.021165552126200353 0.04360371656378598
6 0.5761010679992161 0.23719388411228687 0.012056327160493827 0.012458204732510273
6 0.5757030178326475 0.32059783307613166 0.01473551097393686 0.009846000514403307
6 0.5161894147233653 0.23862597165066304 0.013395919067215403 0.010247878086419753
