6 0.1604653776978417 0.2624775179856115 0.06819544364508393 0.12027877697841727
6 0.3475119904076738 0.2718075539568345 0.03672062350119904 0.11746852517985609
6 0.5191964849173294 0.2682015571753124 0.04271582733812949 0.11578237410071938
6 0.8225719424460431 0.2783273381294964 0.049460431654676285 0.11016187050359712
6 0.9897850950009224 0.29490350027670165 0.025479616306954375 0.07587679856115108
7 0.6030368013281682 0.475840481460985 0.0479616306954437 0.06744604316546762
7 0.6599220623501199 0.4748201438848921 0.018735011990407693 0.028664568345323715
7 0.6295900779376499 0.5476126910971223 0.07344124700239808 0.06575989208633093
7 0.6763874614594039 0.5440647482014389 0.027727817745803424 0.03484712230215834
7 0.32374100719424453 0.5379758693045563 0.039718225419664265 0.07587679856115112
7 0.2698341326938449 0.5368705035971222 0.04496402877697842 0.07362859712230216
7 0.32853717026378887 0.46683902877697836 0.04496402877697842 0.06407374100719432
7 0.27482559407019835 0.47258216154349253 0.02997601918465227 0.06463579136690649
7 0.04297785547785548 0.7809085445804196 0.08226799242424243 0.06258877840909091
7 0.36047733191287873 0.7847456498579546 0.0828598484848485 0.05948153409090917
7 0.6780233400178255 0.786080589906417 0.09114583333333333 0.05548650568181816
1 0.2963969404186796 0.4877544409219001 0.10473278985507246 0.19106657608695654
1 0.6352008989608968 0.4868232157506151 0.10643115942028984 0.19361413043478262
10 0.0496031746031746 0.9343481316137566 0.0744047619047619 0.12586805555555552
10 0.21982831045331044 0.9195446562634062 0.24884259259259262 0.12744295634920633
10 0.4473525521319639 0.9346915849673204 0.11326058201058202 0.11904761904761915
7 0.8328823953823953 0.14043898809523808 0.04261363636363633 0.02485795454545454
