7 0.16204576667577725 0.07372735951029594 0.06653337578481942 0.07483482810055768
7 0.17560909955929485 0.021702693058894232 0.056355794270833336 0.0390625
7 0.4717241379310345 0.0554040948275862 0.05143678160919543 0.07327586206896551
7 0.5289080459770114 0.04983189655172414 0.0482758620689656 0.07661637931034483
7 0.8528266152086907 0.030687178387650088 0.07343481989708399 0.05789022298456261
7 0.2850036367414796 0.3195624220698254 0.07922901080631757 0.06565617206982544
7 0.6060675601248392 0.2958050302919037 0.08676412092283207 0.06320853221957039
7 0.9319070623418448 0.2783385093167702 0.1050724637681159 0.0649909420289855
12 0.051476278987540994 0.9636046878346619 0.07109116768370201 0.06766077898550726
10 0.5036849809368191 0.4111455780228758 0.024765114379084945 0.014552696078431371
10 0.5423219635076252 0.40769888684640526 0.02399918300653597 0.01589307598039218
10 0.7337730877367706 0.5226629634179554 0.2614521123242962 0.3328395949191102
10 0.34704456673533046 0.520403680686818 0.20735180576824908 0.21554687499999997
