6 0.6038626673872577 0.129095545847595 0.13456284153005468 0.07914959016393443
6 0.5010812916398021 0.21692154255319146 0.12058080808080808 0.06652462121212119
7 0.6691794179417941 0.3513726372637266 0.086427392739274 0.06265470297029703
7 0.6606051147687039 0.4249698864036013 0.0863183161004431 0.06289235598227476
7 0.5670601454799568 0.41467520130550783 0.06199971412235558 0.04274764150943398
7 0.47654147328713414 0.4766151495644987 0.06652388369678093 0.05354361370716507
7 0.4795810551784816 0.5509452378707893 0.07523148148148148 0.053742851307189546
7 0.31688500146444076 0.5830325405383817 0.05695093457943923 0.04539038161993769
7 0.3179849985947161 0.6534010065345697 0.06253513209668356 0.049668001686340627
7 0.5691268191268192 0.7409447253197252 0.07774601524601531 0.058959199584199595
7 0.7474449685534592 0.6463304661487236 0.08667452830188686 0.060436320754716985
7 0.9340186811111896 0.5428589446293282 0.058821013004791214 0.0632058521560575
1 0.2978179002441998 0.6071197108581148 0.10811736198904338 0.159458528986816
1 0.4513045155413445 0.5013440253662256 0.10471544715447152 0.16763528963414628
1 0.6360772040953643 0.36922009189343885 0.13599751548543454 0.17419183303574842
10 0.6235873523221404 0.8915684973589324 0.48084789544549816 0.2238197554443274
10 0.5432917386920196 0.9943219263180639 0.06015917602996262 0.011332514044943842
10 0.6634900372185911 0.9921568627450981 0.18958333333333333 0.017103247549019686
