13 0.15142635285332653 0.54443284863531 0.050343886422697784 0.058604706376024204
6 0.49522220398635963 0.2986635392162226 0.08168146810851556 0.044791837627878965
6 0.5787742363827468 0.23612902076897374 0.08853826134892247 0.041044094457905446
6 0.8323402646017795 0.035547761623388845 0.07629934461210194 0.06992177586695926
7 0.37515765827970654 0.5579310524314254 0.03990940978263873 0.032728477918634494
7 0.37077095322187126 0.6061439118430338 0.04068518673482087 0.034840412502449576
7 0.48394972927968744 0.48196840172655425 0.045026422806542746 0.03657719692711269
7 0.48319679892717493 0.5344791762637431 0.045874024937043144 0.038364312695780306
7 0.6099111806151565 0.39625988231993137 0.04680691721132892 0.042551742919389964
7 0.6141817265599314 0.448029472543143 0.056331230945199394 0.04307129070157767
7 0.5436915192155927 0.4353027839971376 0.04471516795732533 0.03954609454145846
7 0.8983470937616399 0.1863687930819769 0.04910352464423713 0.04778355008952973
7 0.8649876454805442 0.20949778546896344 0.016575831112171962 0.017280303934439297
7 0.9289929853044632 0.23726291496080482 0.060676843653136164 0.05312450410993687
7 0.8964644195653954 0.25751612845256705 0.021639381577922785 0.016341851312739207
7 0.5468383579468121 0.6663650253838361 0.04968383017163501 0.03694921208471343
7 0.671472344167577 0.603514352702815 0.05264260736343834 0.038580246913580245
7 0.802785909888647 0.5313530697772935 0.03391531509723234 0.04434837206487535
1 0.36167975498170757 0.5717054515712255 0.06358024691358026 0.11057961829386433
1 0.465972346814176 0.4966129555853517 0.07030946377227694 0.11639726809721757
1 0.5920033428434398 0.4106107342918398 0.092316094321487 0.1199065101923629
1 0.8795973084440978 0.1975688200678378 0.12841715690336122 0.1262154072416936
10 0.5689749147759743 0.7898250779435524 0.3451131687242799 0.26712962962962966
