14 0.5220052083333334 0.5086844308035714 0.1041666666666666 0.12137276785714288
1 0.25195215300924706 0.636912608469647 0.09448450854700852 0.14473157051282054
1 0.3328388484638483 0.7136519783004156 0.09314903846153845 0.13822115384615383
1 0.39674590455840447 0.7697097965440356 0.07645566239316234 0.1309595352564103
1 0.49050895225464186 0.8643916473253755 0.06143162393162391 0.11768830128205128
1 0.5383356960880998 0.9018323548446745 0.04941239316239319 0.11393229166666678
1 0.5740067126269957 0.9446741201015965 0.05642361111111107 0.10779246794871807
7 0.05491250455705432 0.4393854812249362 0.0676342812006319 0.04591232227488149
7 0.0405767711751124 0.5129249453153482 0.06368483412322276 0.04406101895734595
7 0.23118370570977206 0.6106479914240577 0.05331753554502372 0.03887736966824642
7 0.222588368878357 0.6762656743680886 0.054304897314376 0.04183945497630326
7 0.30964551180783406 0.6875360766800341 0.047393364928909956 0.03332345971563981
7 0.5153830963665087 0.522186018957346 0.04146919431279616 0.033693720379146974
7 0.9074471761453397 0.7034026954976306 0.03801342812006325 0.03258293838862567
7 0.7772781128823784 0.7157475226195606 0.039000789889415445 0.02776954976303312
7 0.6541271721958924 0.7295430983412323 0.03702606635071094 0.031101895734597117
7 0.30488014286695514 0.7498744333402021 0.04986176935229067 0.038507109004739346
7 0.3765139547130069 0.7509966182859401 0.048874407582938414 0.036655805687203814
7 0.3733807266982624 0.8098933649289102 0.044924960505529236 0.034804502369668366
7 0.12731042654028438 0.8194016587677726 0.05134281200631911 0.030361374407582888
7 0.2106700895208004 0.8737164296998421 0.031101895734597148 0.025547985781990513
7 0.4775386342442159 0.8398915288983287 0.039988151658767755 0.030731635071090047
7 0.47364783404007654 0.8956020828136694 0.03307661927330171 0.0288803317535546
10 0.14794415268348923 0.9526456625464329 0.15699052132701424 0.09737855450236968
1 0.07536511377768816 0.4675801338610467 0.11996445497630331 0.15439869668246442
14 0.6546068948412695 0.46067010788690466 0.050688244047619097 0.05510602678571423
14 0.6946113782051281 0.5294095552884615 0.06510416666666667 0.059291294642857116
14 0.8176676432291667 0.4319000244140624 0.04975818452380949 0.06556919642857136
14 0.8606584821428569 0.5190290178571428 0.046968005952380903 0.059291294642857206
14 0.665042030775076 0.7274351728723402 0.06603422619047615 0.08614676339285712
14 0.7841855003720237 0.7130432128906252 0.06138392857142847 0.09102957589285712
14 0.9117616136128359 0.7060364906832296 0.05580357142857141 0.08579799107142856
