10 0.2881270821085637 0.7871059303350971 0.0766246570644719 0.10890882201646085
10 0.3156078532235941 0.90027882996633 0.16986025377229083 0.07756237139917689
10 0.5527156207133059 0.9013611593364198 0.15967935528120716 0.07354359567901235
10 0.585543502380376 0.7975142217380778 0.0739454732510288 0.11895576131687248
10 0.43375985939643347 0.7627636316872428 0.0509044924554184 0.032150205761316934
7 0.28390932138265856 0.6618229267662078 0.05197897140887252 0.03898422855665439
7 0.48780265476018814 0.6760788174400739 0.06194385193803456 0.038176265270506105
7 0.7108092446875705 0.6769350295459415 0.060327925365737986 0.03514640294745007
7 0.6749029689880988 0.519997016680267 0.045554122392154485 0.04011577912904611
7 0.6590261816324484 0.4667714869447435 0.03582908502753718 0.03915607149437988
7 0.43050351807492027 0.4580844491534098 0.023288905267899198 0.04165131134451198
7 0.4663351121420252 0.45798377394075374 0.018170464549679535 0.03838830538664695
7 0.43211272481587576 0.5112013585272291 0.025848125627008972 0.04049966218291262
7 0.46215254318257815 0.5160454585781653 0.028919190057940757 0.040691603709845835
7 0.20586558140557684 0.506618996922111 0.058606146223614417 0.043762668140777644
7 0.23412600918589496 0.4575139562816916 0.03531724095571525 0.04088354523677904
7 0.5996811429238537 0.5787037037037037 0.04104281586551098 0.013133701076963477
7 0.4063238770685579 0.5767883722966466 0.043779003589878254 0.01641712634620439
7 0.2030251291480606 0.5736964801681114 0.02790911478854741 0.01641712634620439
7 0.6877895766784655 0.21313562980229647 0.04640421307087966 0.02994690494690498
7 0.7036173702840368 0.06979309863925248 0.0521597743819966 0.036691703358370034
6 0.3234591738775227 0.31428984715802344 0.02998654262477328 0.06308144637528522
6 0.44558661478751016 0.31526552717804696 0.04388274530454626 0.06381282546369434
6 0.5719804804168626 0.3183642731907698 0.039738263803561345 0.06545842841261487
1 0.21686833323096452 0.46680947116270516 0.077032532809205 0.1324396535839322
1 0.4466676194840926 0.4691456948401391 0.06116536658272425 0.12898470609913398
1 0.6763302827426653 0.4778998525889073 0.07191409209098541 0.13301547816473183
