14 0.25012014932045773 0.6737181045466734 0.13724964234620868 0.12506706008583687
14 0.5190220632081096 0.950788237924866 0.0913461538461539 0.09326923076923084
7 0.23668539421549717 0.3831471782987842 0.06840128755364808 0.04560085836909873
7 0.03733011444921316 0.4787300496244636 0.06929542203147353 0.04325375536480687
7 0.9118488137399082 0.8501150807347161 0.06035407725321882 0.0415772532188841
7 0.7117826290304833 0.920618913007593 0.06080114449213158 0.04727736051502145
7 0.524470492798014 0.9813094083580939 0.05007153075822567 0.03824771995708165
14 0.15878599476439792 0.5740346858638743 0.07962478184991273 0.05726439790575908
14 0.05250210359012714 0.4693567542772997 0.13307155322862127 0.13579842931937175
14 0.240708789465334 0.3725904331270824 0.1554319371727749 0.14725130890052357
14 0.3500988091571708 0.4872526562981213 0.06326352530541014 0.05521924083769632
14 0.4294896352104882 0.5770036553441449 0.10634816753926699 0.09980366492146597
14 0.36158376963350775 0.16524869109947643 0.11561954624781846 0.09203206806282724
14 0.5456816189025795 0.3751362834002491 0.27807582260371955 0.30713519313304716
14 0.7148450854700854 0.906266025641026 0.14743589743589744 0.14663461538461534
14 0.9122360482654603 0.831757282239819 0.15625 0.15985576923076925
