14 0.2457682291666667 0.5560302734375 0.1498624213836478 0.16177771226415097
14 0.5662646559281175 0.9541075977975015 0.07876602564102556 0.0877604166666666
7 0.22687757740965955 0.5601442912560286 0.06017596281540506 0.041396912350597594
7 0.9320456878850101 0.8989565089382776 0.050693018480492805 0.041228182751540034
7 0.4214506172839506 0.4946428571428571 0.0634259259259259 0.043055555555555625
7 0.7474834683561831 0.9448353759867052 0.051769578313253226 0.04023908132530103
7 0.2811510368781285 0.6236446404151172 0.04938579017264277 0.023966633466135524
7 0.7081346777687109 0.5018224326208178 0.030978934324659237 0.029623605947955413
7 0.5752196285140562 0.9863500878514054 0.049573293172690804 0.027833207831325348
14 0.32761630595634467 0.6689182158712541 0.046187106918239 0.04053655660377355
14 0.3939357779275232 0.7345364442946989 0.0761595911949686 0.0888119103773585
14 0.4347303252234358 0.49333862183465704 0.14642295597484278 0.16730542452830194
14 0.5225908779149518 0.6095679012345678 0.04205246913580242 0.03298611111111107
14 0.5687902576489533 0.6643392713365539 0.0613425925925925 0.06336805555555554
14 0.614531197864531 0.35987550050050043 0.10956790123456793 0.11718749999999996
14 0.7316775450313703 0.5413962887067397 0.12615740740740738 0.20254629629629628
14 0.7469664802540734 0.9279690089063797 0.11663732394366187 0.1042583626760564
14 0.7973888422818791 0.9882288171140938 0.02796420581655473 0.019924496644295252
14 0.9247424962714391 0.883428586409396 0.13352908277404923 0.14943372483221484
