7 0.6464260312944522 0.11949902204836416 0.06869369369369369 0.0361064189189189
7 0.48414940364092907 0.2840507832562917 0.06709039548022601 0.034668721109399094
7 0.33853376327769347 0.43159024089529596 0.06433358624178045 0.036987860394537185
7 0.5282523528491269 0.9282052679230096 0.06540194040194039 0.056360446985446976
7 0.07883708522649044 0.7300089064436184 0.08867719950433704 0.07420422862453532
7 0.04688832054560954 0.797760816283035 0.08756038647342995 0.06906702898550723
1 0.5548221633457701 0.9162357294891639 0.09952766531713901 0.14806743421052637
1 0.08443953470671002 0.7344480795090351 0.14779105121987068 0.19727466724537032
14 0.883941284472422 0.24539645627248197 0.05864058752997607 0.035830710431654686
14 0.9489213346436425 0.30745472413309005 0.07980310262529831 0.057055489260143186
14 0.7911856127886322 0.1890634251036116 0.045145056246299595 0.042045959147424504
14 0.6451675904132692 0.11245122834963803 0.09379957189895714 0.05509752371944996
14 0.4719145878949015 0.030240753049734115 0.05732913669064749 0.046931205035971216
14 0.7668857192958639 0.43257767954113485 0.13451443569553803 0.0847379429133858
14 0.6394675925925927 0.3606705071548822 0.06606867283950611 0.04503038194444442
14 0.46092576951951947 0.26752240521771775 0.20270270270270274 0.1171875
14 0.6322330244747063 0.5700393970237257 0.16731304693715188 0.0973299522673031
14 0.4913751214771622 0.4900464650145773 0.08138969873663751 0.056714650145772615
14 0.33695715872724696 0.4111917538066412 0.19122383252818034 0.10586503623188404
