10 0.41175384910046176 0.8317118757318405 0.4772478070175438 0.2763569078947369
7 0.18428685439298642 0.568159483990852 0.08558461978273299 0.04140759005145798
7 0.355046577305682 0.6557244246332828 0.017703591299949414 0.026199734446130486
7 0.3974474843047994 0.6532290457913059 0.05042362164896309 0.037817716236722365
7 0.5660315497601919 0.7293481620953235 0.044401978417266244 0.0373763489208633
7 0.9297016456398575 0.8761478502277905 0.04413439635535307 0.03701594533029624
7 0.9655528052805279 0.7180954874333588 0.058580858085808526 0.04285272277227721
7 0.9424122967852341 0.6481882563256325 0.053836633663366364 0.043471534653465406
7 0.7200319825614636 0.5875790630360205 0.06610920526014859 0.04904588336192113
7 0.7044203830760434 0.5192651540676304 0.06396512292738711 0.04716981132075473
7 0.5440505242227044 0.5017610606471439 0.06417208966015905 0.05406046637744035
7 0.5370437320907314 0.42875542299349245 0.06326825741142444 0.05016268980477223
7 0.3322934236418582 0.3937175508644318 0.07063589324618734 0.05693423202614376
7 0.33100075779103916 0.3198096494032396 0.06467864923747275 0.05489174836601305
1 0.7324118879454002 0.5428520402458598 0.11919514288879043 0.16225562140008867
1 0.5650332190081754 0.45569883275092204 0.10927287581699344 0.17182393790849676
1 0.3592031425364758 0.33843907828282827 0.11153198653198657 0.17834595959595956
6 0.7664172450356662 0.3358516483516483 0.07865215924426441 0.05076543522267207
6 0.47276868409803374 0.15909355296202626 0.11092198928944619 0.07761988146551727
6 0.35290788206609724 0.08162571454914254 0.10645245559038669 0.0874314263322884
