7 0.13837016287996678 0.032695948749870314 0.06503527336860669 0.05759479717813051
7 0.2567117381932197 0.019381981187536743 0.05107289829512051 0.03692680776014109
7 0.309814254920075 0.06619005626942134 0.058788947677836594 0.041611552028218694
7 0.3057731877176322 0.12915903540903545 0.056216931216931186 0.047949735449735444
7 0.1823146310993533 0.19129946538800702 0.04556143445032333 0.03003747795414461
7 0.3853615520282187 0.08790784832451498 0.0389476778365667 0.04436728395061727
7 0.4433344162876326 0.152972129397568 0.03821281599059379 0.03279320987654321
7 0.4408558690966098 0.20772094846168918 0.04041740152851263 0.03775352733686066
7 0.5475245653817082 0.20411115835222976 0.04004997060552612 0.03995811287477956
7 0.6067286622842178 0.2612559122975789 0.036743092298647806 0.02948633156966491
7 0.607888217015201 0.30801209372637944 0.04078483245149909 0.030313051146384475
7 0.6753205397385291 0.30949493995128907 0.042989417989417925 0.02948633156966491
7 0.6805594232494816 0.35199398960363865 0.035640799529688384 0.028108465608465576
7 0.7399776149776149 0.3513134242300908 0.03270135214579664 0.019290123456790122
7 0.7442603422135585 0.39044370184721056 0.031231628453850708 0.024801587301587276
5 0.3437866576331841 0.08639721784238849 0.13246725301917744 0.15709473089647383
5 0.4685418537996607 0.16369518684333495 0.11027730708195495 0.13994795449043812
4 0.6565410439679447 0.51211783667924 0.15799529688418576 0.17837101170434502
11 0.3546193502752386 0.5018717441185635 0.6316462550952744 0.7110833187057515
11 0.1429846117839799 0.5422261716692997 0.06094825736742535 0.04827101983500082
