14 0.3403438581314879 0.43616187283737035 0.14644607843137258 0.15992647058823528
14 0.5322890025575447 0.35785645780051156 0.14583333333333334 0.15900735294117646
14 0.7314425770308124 0.2306328781512605 0.05943627450980386 0.09650735294117647
14 0.6299019607843138 0.4892003676470589 0.0435049019607843 0.03308823529411766
14 0.42984068627450983 0.5495557598039216 0.048406862745098006 0.03492647058823532
14 0.49656862745098035 0.6152113970588237 0.06678921568627452 0.08088235294117645
14 0.671875 0.5494025735294118 0.05392156862745097 0.05836397058823524
14 0.8757489106753814 0.48468137254901966 0.03737745098039215 0.0546875
14 0.8089001225490196 0.34966681985294124 0.04473039215686268 0.057904411764705885
14 0.6911190257352942 0.8578239889705882 0.1317401960784314 0.1282169117647058
14 0.8655024509803922 0.8310929840686276 0.09742647058823527 0.09329044117647065
6 0.05035903250188963 0.35332813681027964 0.09693877551020408 0.04528061224489797
7 0.03864572144647333 0.695220193340494 0.06972789115646258 0.06154336734693873
7 0.01857666143380429 0.766017464678179 0.028911564625850338 0.05707908163265305
7 0.5292748917748917 0.369825487012987 0.05884740259740262 0.033482142857142835
7 0.3327356355765447 0.44264684179456915 0.05478896103896105 0.03652597402597406
7 0.29662472943722945 0.9259165313852813 0.05343614718614719 0.05073051948051947
1 0.3192220608339029 0.9359647342788788 0.10822510822510818 0.12733360389610376
7 0.8536858114152802 0.8163915727321525 0.047805958132045134 0.03170289855072461
7 0.6795155662909287 0.859375 0.03723832528180348 0.03170289855072479
1 0.05399944258639911 0.7176917851170568 0.12248168498168498 0.16912774725274735
