6 0.08399355173195944 0.6069280402449694 0.01812562781504164 0.00956911636045496
6 0.0542347344877237 0.576754252317463 0.0316358024691358 0.010115619228152095
6 0.13941173205710963 0.601207059627295 0.01584980110502295 0.009784534256169413
7 0.23881185610193656 0.11089426483749557 0.04513160959701838 0.048771255532261824
7 0.22581254724111863 0.1685599453456596 0.053539934492315464 0.05243764172335599
7 0.48213632215684477 0.09328997549311616 0.031060628382293703 0.05064232888417453
7 0.44431147586809216 0.09704911753439995 0.021975701503678197 0.04797209699755443
7 0.46786975809102466 0.14975586038212332 0.06594914002321409 0.05539727761949984
7 0.6937649684563267 0.08058535257609334 0.03693151841299991 0.05177007491822307
7 0.7331945603550543 0.06704329620996288 0.022202877141148818 0.03198533291125884
7 0.7238018040487176 0.13222092595874274 0.06768464370803551 0.0535324000236281
7 0.32337280000694496 0.3402264369200586 0.057607562148888236 0.04772597302115921
7 0.5429027701001167 0.3254176647626067 0.05911799029543637 0.04414655119464407
7 0.7687523955055271 0.3137895542090292 0.059194202372306916 0.04226806463326069
1 0.22226402586515295 0.12104175064671226 0.07698759836572926 0.15052876358800094
1 0.4632793859274792 0.10185383660087956 0.066164191566768 0.15217706889189653
1 0.7148062505967955 0.07997267740079958 0.08162512617439242 0.1554856743535989
12 0.02232702382346976 0.7835124218869074 0.03948954566238517 0.06261171384628168
12 0.1790095599444803 0.7784212824546779 0.025472060127294156 0.06140585923544119
12 0.6585312873052571 0.7599853738207131 0.03588860178007468 0.07339518135706764
10 0.4803972717036826 0.41137152753943396 0.054630047843688335 0.024151861888989226
10 0.3575525645077672 0.486676326887532 0.11852777836919157 0.16229240107590004
10 0.6095039180595586 0.45600518916215355 0.1935780810049816 0.21410574360414533
