10 0.50571840233925 0.4583951351563037 0.31536878759100984 0.2222815764482431
10 0.9211126769720441 0.5761565715811966 0.1298675465337134 0.14877136752136758
1 0.42835973592817383 0.07676910001789229 0.07518201962646404 0.13977920227920226
1 0.5923856137531349 0.15801921250639203 0.07439062994618546 0.1314696106362773
1 0.7241829583783607 0.22348912794315096 0.07320354542576768 0.12048907882241214
1 0.9091508628545665 0.31754510921177587 0.07043368154479265 0.10594729344729341
7 0.41410197788798614 0.12322596813337554 0.06212408990186771 0.04778015194681862
7 0.4145468728802062 0.06594678469678468 0.05618866729977838 0.04926400759734093
7 0.3149558886273862 0.2680230397621702 0.0534188034188034 0.03501899335232671
7 0.5788296066073845 0.20308588016921353 0.053023108578664144 0.0430318138651472
7 0.5737198329790921 0.14574288879844435 0.05262741373852477 0.04065764482431148
7 0.7136007299405992 0.2638120775375677 0.04590060145615704 0.034722222222222224
12 0.5938300382744828 0.705155184321851 0.02888572333016779 0.04985754985754988
7 0.705147989870212 0.2110042735042735 0.049066160177271334 0.03709639126305794
7 0.47109269331491554 0.3236019381852715 0.051440329218107 0.032051282051282055
7 0.9021653929061336 0.35464150047483367 0.04036087369420696 0.032051282051282055
7 0.8892304360140617 0.30658019693107413 0.038778094333649815 0.030567426400759753
7 0.6009771579947019 0.3718854650872194 0.04669199113643555 0.030567426400759753
7 0.9714724846303794 0.3474408956865097 0.0360082304526749 0.028193257359924034
7 0.9829642958297929 0.3946321912330684 0.03201171256726815 0.02967711301044638
7 0.8545772000633111 0.4390914351851852 0.03640392529281415 0.02433523266856601
7 0.850076171256727 0.39275804249762586 0.03244697689142123 0.02552231718898387
7 0.9222657486546375 0.42505045109211775 0.0360082304526749 0.024928774928774895
12 0.9568060987143111 0.7543396787056207 0.028292181069958847 0.033068783068783095
6 0.9180953333000116 0.19655620532813511 0.037986704653371305 0.0261158594491928
