6 0.8816792052469133 0.013362429269547324 0.05787037037037037 0.03737461419753087
6 0.5148937889099926 0.2774160879629629 0.06965877914951993 0.049832818930041135
6 0.585302052557068 0.21693145246385984 0.07769633058984902 0.052043145576131704
10 0.19085314738606923 0.9157450274348418 0.19584833676268862 0.1460824974279836
10 0.6091705732199704 0.7719221435249892 0.3405242626886146 0.2596129115226339
12 0.8935175808041838 0.968353447305813 0.08493012688614544 0.05922067901234568
7 0.10021104313639037 0.7645290224500295 0.03375771604938271 0.02551922582304524
7 0.1120006001371742 0.7209844393004117 0.0326860425240055 0.026122042181069928
7 0.1625212038261807 0.7269678222369195 0.038580246913580245 0.027930491255144005
7 0.17430400347665675 0.6813279919646656 0.03670481824417011 0.025720164609053527
7 0.23322295096021958 0.6807231959141681 0.04125943072702331 0.03134645061728395
7 0.24223517099474953 0.6316891828969775 0.04313485939643351 0.029538001543209878
7 0.2361796216686263 0.8066974619708996 0.037508573388203 0.029337062757201587
7 0.3012795781893004 0.7717656893004115 0.027059756515775014 0.028332368827160493
7 0.3851283519182265 0.5829363820025222 0.04608196159122081 0.034561471193415606
7 0.387142061042524 0.5337416409465019 0.041795267489711935 0.03134645061728395
7 0.49308464383695877 0.5118054407333921 0.045814043209876545 0.03697273662551446
7 0.49423286547129136 0.4607354129923574 0.041795267489711935 0.034561471193415697
7 0.5579783032039975 0.6460253734016755 0.037776491769547324 0.029939879115226366
7 0.674844540359225 0.5791683746463477 0.04474236968449935 0.038580246913580245
7 0.5604852537722909 0.41906185699588483 0.044474451303154965 0.028131430041152292
7 0.6212402120484681 0.3734916195130316 0.0442065329218107 0.038781185699588494
7 0.627732767489712 0.42416099049240813 0.047689471879286655 0.04219714506172839
7 0.8179119513031551 0.5096289866255143 0.039384002057613166 0.0347624099794239
7 0.9190844386880266 0.1713003150720165 0.049296982167352614 0.04460841049382716
7 0.9425368655692725 0.2257335746290881 0.06671167695473251 0.05304783950617284
1 0.9044606684917813 0.18179340659220897 0.1323516803840877 0.12839988425925927
1 0.6069882299627666 0.38790754213207945 0.08144718792866937 0.11694637345679017
1 0.47885634728931836 0.4786082315709426 0.06671167695473251 0.11332947530864197
1 0.37205094930789384 0.5523423616956603 0.06831918724279835 0.10549286265432099
1 0.22228700975807456 0.6516609234708192 0.07340963648834019 0.10026845421810697
1 0.1545327707557646 0.699299508254948 0.06858710562414268 0.10147408693415644
1 0.096323708576998 0.740203846405494 0.061621227709190665 0.09363747427983536
