12 0.6199595274231466 0.7906660119632176 0.04277891854893904 0.06545174537987686
10 0.5315040650406501 0.4688586462344885 0.4440789473684211 0.3238075657894736
7 0.2577421171171171 0.18272569444444445 0.08389639639639637 0.045185810810810786
7 0.4499586829392321 0.2551129862700229 0.03360983981693367 0.04505148741418763
7 0.49457316297991344 0.26131054538520215 0.016447368421052624 0.018950228832951943
7 0.6544143479482857 0.3282435708263069 0.04918493535694211 0.03570299325463746
7 0.9842571644042232 0.4233243778280543 0.026395173453997008 0.02934106334841626
7 0.6117197875166002 0.018723184186331596 0.06847609561752985 0.033615537848605576
7 0.6131492548325217 0.09645445993802568 0.06557104913678617 0.05695966135458167
7 0.7900804190644829 0.10546356241699868 0.06349601593625494 0.04575448207171314
7 0.8034787931606904 0.18105313122509958 0.059760956175298814 0.045754482071713135
1 0.8231982179954672 0.1285570207897379 0.12638888888888894 0.1701388888888889
1 0.6330649586463539 0.06498234114513185 0.10961724806201557 0.12490915697674418
