10 0.5204255913451058 0.417424583060824 0.4916067146282973 0.346785071942446
1 0.8454755892255892 0.08416944745069746 0.12716450216450212 0.14021915584415584
12 0.25089188453159034 0.7336406784936197 0.07148692810457513 0.07557189542483664
12 0.401237323633157 0.7596539773316736 0.07587243230625577 0.07579985119047619
12 0.645890231092437 0.7907284007352942 0.06390056022408963 0.060399159663865554
7 0.22816413535837995 0.11949815147881693 0.10191846522781774 0.06126348920863308
7 0.8350761806780324 0.12132109788359788 0.07716049382716043 0.05979938271604938
7 0.8169138660265206 0.0431616512345679 0.08101851851851845 0.0544945987654321
7 0.46437992463172323 0.21016668807810895 0.08618105515587521 0.05957733812949637
7 0.6339566074644449 0.02972989093663217 0.0903075822603719 0.05431866952789699
9 0.1529431216931217 0.8081331490929706 0.031622023809523815 0.08417038690476186
9 0.32410359977324266 0.8372196534863947 0.029141865079365083 0.06324404761904763
7 0.9706862052730698 0.28905256885593217 0.04909957627118639 0.041048728813559344
