7 0.043877201346628106 0.7480701262744595 0.030469451599214457 0.025905201764514295
7 0.1101879210344819 0.7022869473266299 0.026245065927605622 0.01775120822739864
7 0.8295533797466705 0.5092938992115945 0.0592343184935778 0.04039884441119006
7 0.9484609771269975 0.19731254187003533 0.06300443423613111 0.04605703895109581
7 0.9690348836590665 0.250511743158802 0.061971464749242616 0.05172296838963508
7 0.7047779136515471 0.3420865973306858 0.0463786949929843 0.02886897194677513
7 0.6538976852127079 0.37895752003117805 0.05155592546354094 0.03996740185878759
7 0.6619638675559933 0.43221208449178183 0.0476365729626943 0.04049016480957485
7 0.5262608443694501 0.45620387414565977 0.04610218184641664 0.03828907523876076
7 0.5843268377309774 0.41674021288899654 0.04056949711754843 0.026980956991850203
7 0.5293933687835106 0.5057928385779261 0.04157218442932725 0.037399218946838
7 0.42083379125911263 0.5226334956446587 0.04602154082866249 0.034802359233615396
7 0.4190693369266551 0.567123053866315 0.03613909626086189 0.0329177840593366
1 0.39289073885211234 0.5391006757527987 0.09847633776985282 0.12052576285070582
1 0.500386011266865 0.47226143870535225 0.08657983862966515 0.12822430960166603
1 0.6301601398790628 0.39121674462205186 0.09505021520803454 0.13267351218740103
5 0.9200845519055504 0.19748066027257388 0.1554471137804471 0.1477130808271159
9 0.7729599630439424 0.9308537070164978 0.024017756575896013 0.04492976876697802
9 0.8638846433896997 0.9151156055244997 0.029941819213849773 0.04720093656875269
12 0.8427807532890347 0.8755861738297555 0.07156187692673836 0.059326098513741536
12 0.777634735151075 0.8639994718426091 0.09034792368125695 0.04096520763187424
4 0.6706349548247397 0.6842122205289223 0.14550053439939828 0.20758421803364846
4 0.5818052352542079 0.7186092168161239 0.13578209672819141 0.19695294404796593
4 0.49628875098707864 0.7476765443417434 0.1302846805296431 0.18716747668521735
