7 0.41611558773254226 0.03092190919128162 0.07686421814134672 0.05066441246699346
7 0.6291324347159072 0.046354771307137485 0.06435131060210514 0.05573221044336561
7 0.6336574505367758 0.1254273273223316 0.07070135746606342 0.05850537330316743
7 0.8017230083857443 0.14421187106918243 0.06702044025157233 0.057783018867924515
7 0.8154636602624922 0.21981458283918406 0.06510416666666667 0.05471622242647056
7 0.21744017829214887 0.14547940451986235 0.06931954436450842 0.05803169964028776
7 0.43376557917888564 0.235566348973607 0.06552419354838707 0.05141129032258065
7 0.5985775089605735 0.30851814516129034 0.050235215053763466 0.04548891129032255
7 0.9849137931034481 0.5010090125391848 0.026436781609195374 0.03954741379310347
1 0.6511279100676288 0.08771090552866487 0.10440891472868212 0.15757812499999999
1 0.833282720043814 0.17987982806856473 0.11031922752583855 0.1703520114942529
12 0.19938892411836717 0.7400500185953535 0.0806702196382429 0.0890594718992248
12 0.37317312528698693 0.7661583224490829 0.06791666666666665 0.07887760440319314
12 0.5815608198924733 0.8233996975806452 0.04267473118279561 0.049773185483870996
12 0.6036146313364056 0.7824380760368663 0.041162634408602135 0.0204133064516129
10 0.51336422873698 0.48576522998370597 0.4329091442268462 0.325952743902439
