7 0.25761382821568 0.1348917527302944 0.06875197847420071 0.05490265906932572
7 0.27763720197930725 0.08428690583295846 0.03511791706236151 0.05156398385565052
7 0.25064795030072806 0.07938627730294397 0.007419278252611577 0.020773979107312438
7 0.2349438113327002 0.08893859805318138 0.009397752453308011 0.030790004748338085
7 0.5140151269671537 0.11314594066945335 0.06723696574965164 0.05498444638864587
7 0.4868604387414536 0.058629824049771545 0.021467224004406888 0.04769369106639448
7 0.5300569727259039 0.055931529800605 0.023087391853796126 0.04678234665111305
7 0.5074770746249311 0.06789515893846601 0.01984705615501765 0.03888402838534072
7 0.7435705801077513 0.034246958310967975 0.04299119301803154 0.05125395121369356
7 0.772563453722874 0.025533786604640073 0.01441323234130538 0.023297250551678896
7 0.7690577722112879 0.08928438301425419 0.051440329218107 0.05274497524900101
7 0.8063747904282883 0.08905762310888454 0.014661736347189864 0.038393868909166816
7 0.82333300897021 0.2683843263553408 0.0643625375241049 0.035411820838551905
7 0.5901496798795065 0.28602811077314566 0.05765292936522129 0.035598198842965355
7 0.3616199230631597 0.3028642571718256 0.05665891334168306 0.03708922287827282
1 0.26234906547246517 0.08118614829444322 0.07301208018053894 0.15100225673702375
1 0.5136631996056163 0.06565594950293825 0.06969334926324175 0.13772733306783483
1 0.7703713888168957 0.0570439800328291 0.08766980839860174 0.11179974777645027
12 0.06880829946515328 0.7645607651809586 0.04514906593243923 0.05856425970334845
12 0.21585425262483615 0.7594177183505719 0.046259288865204126 0.058286703970157165
10 0.4254198194610381 0.49471561241647866 0.13689765033851056 0.045113998407009186
10 0.6536963168510169 0.48743191248827733 0.18626377273330685 0.09427270011947436
10 0.6824555290057083 0.39728320390282756 0.07881985928580912 0.0970728793309439
10 0.5725847935749369 0.4143487405416169 0.008711668657905246 0.02737953006770212
10 0.5275596897460697 0.3669568185697218 0.04397318465418819 0.009333930704898467
10 0.3951552562663673 0.4056300007240868 0.09043541749634942 0.08556103146156908
