7 0.28386424731182797 0.7714490927419352 0.0328125 0.02421875
7 0.6493124535950073 0.8228357714767324 0.026206278971765685 0.017284292035398253
7 0.19593086586391037 0.1160844314993074 0.08155954368391762 0.05164858096828047
7 0.4158078585765013 0.20344705303381194 0.07020997375328081 0.04798228346456692
7 0.5956403390825914 0.28018940096439177 0.08098417408506424 0.04346717359050443
7 0.8104748241791427 0.1850467327522975 0.06918676561533701 0.04913613172541742
7 0.7956932773109247 0.109722866419295 0.06609461966604827 0.04797657699443414
7 0.6200603505291006 0.09539827215608467 0.07354359567901234 0.05985966435185184
7 0.6201609195402298 0.019004310344827587 0.0815 0.037125000000000005
7 0.39992939916252795 0.007219848573376181 0.068379345603272 0.015337423312883436
10 0.5029818131916242 0.4816555977349415 0.45360520094562645 0.3267213356973995
12 0.20534300238433537 0.7250153000477144 0.06724442426299107 0.07759268228610834
12 0.3735538817506031 0.7562652303943287 0.06644144144144146 0.06447072072072065
12 0.5950070403775162 0.7888701383339041 0.07569595083152574 0.06016133405639916
1 0.8193024051979078 0.1268724596827062 0.10891951837769334 0.1702115019011407
1 0.6392990106079152 0.07576308139534885 0.11101973684210525 0.13548519736842105
1 0.4149878929093567 0.005679481907894737 0.09430372807017544 0.015625
