10 0.8321260603006635 0.837852733686067 0.25 0.2152777777777778
13 0.10993100944081337 0.3932007988380537 0.12242798353909465 0.11496913580246913
1 0.8413518810083138 0.4291825985904933 0.10017327268789267 0.13300032488628982
1 0.6070199223106802 0.4796510230375754 0.07307411253413328 0.13052382600669205
1 0.3838235286986973 0.5212720035144528 0.06524139315467226 0.13957894208571714
7 0.8639801773604591 0.47251887579334034 0.06846635367762133 0.04713854112328287
7 0.9594539976484421 0.6357473544973545 0.0668724279835391 0.04292052469135803
7 0.7322124756335284 0.6786062378167642 0.06023933290015165 0.04467186484730348
7 0.6172401790641712 0.5168348019564832 0.0650970537892859 0.051042008084780884
7 0.8279432410750102 0.4267388502622157 0.06499680587125438 0.04387284396309661
7 0.5085199346895254 0.7122897610836207 0.06023933290015165 0.04619476933073423
7 0.6054666858817314 0.46853533170005285 0.06344974459976627 0.04533554306576356
7 0.38959943156585847 0.5603073097077893 0.059581964058382925 0.05440092370548005
7 0.3928455398884747 0.5152822186695087 0.05588122094916656 0.049127364774846784
6 0.7021437840750407 0.31322109007224774 0.04100316097095486 0.0640208445160136
6 0.45393617442228557 0.3584206953347578 0.04896723646723649 0.07382181861348532
6 0.5812945627760442 0.3319067121150454 0.03313944286166508 0.06380579297245967
10 0.5607567443987197 0.8608396204846821 0.2006172839506173 0.17746913580246915
