7 0.49604313069802547 0.31161116972378006 0.04532713067334645 0.03656736446591517
7 0.5267034635376461 0.3118138112637881 0.013973947700981862 0.016707980946826108
7 0.514600130175527 0.25751330624842533 0.03424981103552531 0.03533242000503905
7 0.48692252106603967 0.2575051046653229 0.02138972873099862 0.03149407911312672
7 0.7506101062302613 0.24121626471432672 0.004336539381758911 0.006056201550387623
7 0.7236879022100783 0.25817917082762454 0.03992606948033303 0.046008897016753515
7 0.7437108825997714 0.3092249446416114 0.05672339005672347 0.04535785785785783
7 0.7635599420027239 0.2943066715926234 0.005131204909536942 0.009139958745112513
7 0.25241208253427655 0.3174988661863002 0.030119429459026435 0.03265677412940489
7 0.2845298691894122 0.31790000659596346 0.026220124612253235 0.029330986854384976
7 0.28550722013660423 0.2705075438320656 0.050758235909421336 0.045600420580233246
7 0.32091816862667455 0.25790899419108887 0.04746639820554941 0.03410957452445294
7 0.3034167208143816 0.43922595841455486 0.0503573749187784 0.02710769980506824
7 0.5119869504006932 0.4344998781676413 0.05144032921810705 0.021320662768031202
7 0.723088585661685 0.4288346734892788 0.05915637860082305 0.02538174139051336
9 0.036718619097122304 0.8549694340809617 0.02798521691117029 0.04690545808966853
12 0.06079746445859685 0.8053435201583345 0.07901210966345065 0.07921585747256249
5 0.7506738865995006 0.2638833080871842 0.10075553061177853 0.1613338587982485
5 0.5067736104642975 0.2615646446536755 0.07273466353165213 0.1535929624523768
5 0.27123914734173205 0.2661829331916985 0.07620096288146525 0.1522427053162161
11 0.46128569110470447 0.5302246748879041 0.7367921682328 0.4416411912474037
