11 0.7184029933020534 0.5584851369862347 0.14286894355831903 0.19670293773091832
11 0.5041369418601476 0.4295873491860157 0.18347669771656938 0.18992763069929128
4 0.9558655809225913 0.2213933339449381 0.07683612487221837 0.2265668003459935
7 0.6776369841942012 0.08336513210450473 0.038546315298001003 0.031963581875631135
7 0.6816180272768406 0.13323819565638934 0.02989464158748623 0.032116540624394035
7 0.7373582986644749 0.021524364842118296 0.04486075222509329 0.02856134558330941
7 0.6116461623539381 0.14294217137439938 0.025585504061362146 0.02949065994441212
7 0.615462669475015 0.1877209724431946 0.02550090513053478 0.02112663570996902
7 0.7330930355101027 0.21086852814139978 0.034929687240833236 0.020954127716641062
7 0.6660201733818228 0.25218284943535263 0.02452387788305093 0.017383541487223653
7 0.5651925940596965 0.23534638322220025 0.02416136675395936 0.02525252525252527
13 0.08340573115235972 0.5107307594964178 0.01488120789619785 0.01588282765844203
13 0.044095117628317027 0.5079732510288064 0.01488120789619785 0.01631209327083225
7 0.49460677354195864 0.2580318986568987 0.018524642367234986 0.02135692239858908
7 0.4936969763501151 0.2973740098968098 0.020486410182792632 0.021757464829170264
7 0.5435556138321812 0.21133506986470862 0.02357681755829912 0.01834452916969255
13 0.0059524864918124734 0.504036003786695 0.01180480434073387 0.023714051271484828
7 0.08021447726789986 0.26197390394038417 0.023542484768012354 0.015449755629008105
11 0.9439382847947663 0.43841751741057294 0.09991294713516927 0.30456137226970553
5 0.5408658044953082 0.21358325997191313 0.0800934950545087 0.0996656378600823
5 0.5928235724396578 0.1633610953780317 0.08868098422496566 0.10850694444444445
5 0.6532268759645062 0.10313392503107853 0.10422025034293557 0.11835294495884775
