6 0.8273507578338133 0.14375903370434814 0.04564034578948817 0.03366061811251969
7 0.40627868209089774 0.08161317150108571 0.042069766322527895 0.04657614626547376
7 0.4115890750426406 0.1354738061827614 0.05393556906823906 0.0480813524967754
7 0.5024247037032007 0.12463022310839579 0.04835390946502058 0.04569187242798354
7 0.5688934230244929 0.16500839207165274 0.048108353611092114 0.043740509781089676
7 0.5772381091571785 0.21876671317503715 0.052212279393487465 0.04286246937253649
7 0.7023764731347142 0.2309267024014868 0.04900168313316069 0.041177845141973625
7 0.7144561469254945 0.28455213144082964 0.05558731973826315 0.03904347457806576
7 0.8914419125863265 0.3270606734834191 0.04395720170571848 0.032887016842955544
7 0.9062304365125348 0.37580565670275784 0.048087231309651965 0.03327176166744961
7 0.9745647149044642 0.3727848705125851 0.0395928518194485 0.02847951297754449
7 0.9840420763965515 0.4149870488344818 0.028626152853246812 0.030187579372514785
7 0.30726894396485044 0.28768874346359724 0.056313623565085576 0.04000162443144901
7 0.45434522718205533 0.34595402455127683 0.030350910080965503 0.036236978120564506
7 0.4890178802567329 0.3464794897030074 0.01238584933451167 0.02435325781312764
7 0.5862894712068641 0.39045164104736546 0.025089768417655117 0.02817870975550713
7 0.6127240848328357 0.399694825203744 0.030889413378520227 0.024774570321955954
7 0.8729977116704805 0.49490069779924856 0.04131706076786171 0.030193236714975796
1 0.4281672108849115 0.09197753894484524 0.07395689649586457 0.1380785647164742
1 0.5909327652958153 0.17771613377837972 0.07803497942386822 0.13067129629629629
1 0.7276988268471429 0.2496061165503074 0.08703703703703707 0.12390001666190613
1 0.9119516411843054 0.3391107302863196 0.08301391826215733 0.106184710351377
9 0.37826447635347693 0.775376545662697 0.01717027140693153 0.04343872201034298
12 0.32860473596503575 0.7072244216610861 0.06045741530809236 0.0526211381108432
12 0.42579942731960435 0.7225878708310299 0.060173668693569195 0.05009673852957432
12 0.6006201949124876 0.7453897997574571 0.05923854503272854 0.04849579432912759
10 0.9360522873517553 0.5891904151022485 0.11210598607989401 0.14832640223532434
10 0.5147340661259897 0.4777532012785537 0.3227169522737791 0.24059145561471051
