14 0.5614387426582529 0.515052546916326 0.11599577613850963 0.13446031693220278
14 0.6960260778082742 0.7341832564031106 0.0731504132564203 0.08530806730895062
1 0.11599170918367348 0.4605937101403062 0.12223639455782313 0.15784438775510204
10 0.18645726262964818 0.9529567613191998 0.15701388888888884 0.0971874999999999
1 0.2898298460798461 0.6348349567099568 0.09248737373737376 0.1434659090909091
1 0.36733412578960567 0.7114789286447285 0.0790460878885316 0.13766077170418
1 0.43254668462447726 0.777914876568467 0.07645566239316241 0.1314603365384615
1 0.022253807518942535 0.306479733344049 0.04883130081300813 0.13592479674796748
1 0.5270673757228989 0.8609070747969731 0.05917774086378742 0.10719476744186043
1 0.5743542781290533 0.9018573686770427 0.051475356679636874 0.10214007782101167
1 0.6173835709731641 0.9441089049730481 0.0473151408450704 0.098756602112676
7 0.08938402924594786 0.5089686839323466 0.07328003875968993 0.05677688953488369
7 0.10118182447397564 0.4373929350083056 0.07328003875968993 0.0499636627906976
7 0.2664640783744558 0.6765494602685053 0.058962264150943404 0.04348466981132075
6 0.030509259259259257 0.02456018518518519 0.06944444444444445 0.03854166666666666
7 0.2790313558297049 0.6080483490566037 0.0751768867924528 0.03979952830188678
1 0.6736979166666665 0.9768973214285716 0.04761904761904757 0.04916294642857153
7 0.3479860515532685 0.748228898656375 0.050117924528301924 0.04073756432247002
7 0.35043648453878407 0.6856973516116353 0.051591981132075485 0.0390625
7 0.16321994424044606 0.8138578641370868 0.04320090439276487 0.03936531007751931
7 0.41694618366129993 0.8092715787119855 0.0476421188630491 0.03694282945736429
7 0.2533976843569866 0.8704392143709005 0.04400839793281651 0.03603439922480618
7 0.417024013722127 0.7492562714408232 0.045695754716981146 0.03390330188679247
7 0.5170935012874532 0.897093354985955 0.039208801498127305 0.03335674157303377
7 0.5151824379681649 0.841283905372191 0.03745318352059925 0.032259480337078726
7 0.5523182866932868 0.5197447189634687 0.04222972972972976 0.032345188595188645
7 0.5630169319600498 0.935744382022472 0.034819756554307094 0.03138167134831456
7 0.5656747425093632 0.8822391810042134 0.024578651685393284 0.02874824438202257
6 0.22642195767195766 0.2789310515873016 0.06666666666666667 0.029513888888888885
7 0.9536377696175731 0.6995544797042478 0.024563318777292644 0.019872407205240174
7 0.6040409557497572 0.973937200894715 0.0316011235955056 0.03116221910112369
7 0.6051944346910112 0.9220697638693821 0.026041666666666668 0.026773174157303358
7 0.8155236486486486 0.7153673986486486 0.035208333333333404 0.0265625
7 0.6604653047989625 0.980134362840467 0.035262645914396866 0.024623054474708184
9 0.25443121693121695 0.24598214285714284 0.03101851851851851 0.04513888888888888
9 0.21198559670781894 0.19347993827160492 0.024074074074074078 0.039583333333333345
7 0.5852727727727728 0.5605829043329043 0.028153153153153098 0.024634009009009007
7 0.7396080290817134 0.5377844950213371 0.021208708708708692 0.024352477477477485
7 0.6905226934523809 0.7311367831387362 0.03568209134615389 0.024883563701923083
7 0.4614468895291435 0.9866478993887661 0.03443238731218698 0.029373174040066806
7 0.792940186374175 0.8948426631888712 0.027212078651685328 0.015142205056179848
7 0.9672732843137254 0.7241314338235294 0.016354166666666597 0.015546874999999983
7 0.9377269701004721 0.9665238015978697 0.021360408344429635 0.009362516644474007
6 0.6956148564294632 0.8589604790886393 0.033356741573033706 0.01755617977528079
6 0.701542283792986 0.8789461504085804 0.033941947565543036 0.01470330056179776
6 0.6161489072142723 0.7641204826582589 0.045426065162907155 0.01860119047619051
7 0.9310095909440024 0.6996130140767112 0.008656580595263226 0.009978848253275085
7 0.9431175099866844 0.9769439358632935 0.017337993786062947 0.005617509986684333
14 0.6915387426900585 0.4597450657894736 0.044956140350877284 0.053865131578947345
14 0.7275219298245612 0.5246994101633394 0.07072368421052626 0.0625
14 0.8953944937176644 0.505958980044346 0.026422764227642285 0.05983231707317076
14 0.8213333048042909 0.7181762987846627 0.06397637795275593 0.08273868110236222
14 0.9431302549045777 0.6975729430802081 0.08694225721784778 0.09596456692913388
