10 0.5427104051317886 0.4256649913096453 0.3232826843937955 0.24157169990503324
10 0.12504224009035908 0.5627768751128331 0.17578821165872785 0.1534096432390396
1 0.40850362866823775 0.12849090781189548 0.07320354542576762 0.12642450142450143
1 0.2972337029457531 0.20906481147091485 0.07043368154479265 0.11722459639126302
1 0.5530492244381134 0.05047483380816714 0.0811174422285533 0.0875474833808167
1 0.14901402156304114 0.31245199290542425 0.07122507122507124 0.10208926875593544
1 0.08309042066758118 0.3615537947135169 0.06331117442228554 0.09971509971509972
1 0.0266622951808137 0.39898758648758637 0.055397277619499835 0.09259259259259259
12 0.7805504680504681 0.6167910985619319 0.06805951250395699 0.0537155745489079
12 0.6808613197502088 0.6384410342743675 0.06093700538144988 0.05015432098765432
7 0.5675846786957898 0.06571699905033238 0.05421019309908203 0.04599952516619183
7 0.4219261105835179 0.16307573599240263 0.04590060145615698 0.04095441595441594
7 0.6108695289981841 0.2443051182086269 0.04669199113643555 0.038580246913580245
7 0.42576764798987016 0.10784404806143935 0.046296296296296294 0.04036087369420704
7 0.3088140165434851 0.24102977001527726 0.04550490661601772 0.03798670465337132
7 0.31396736836551653 0.1887340732826844 0.04392212725546064 0.03501899335232669
7 0.5678927553927554 0.017191527608194274 0.04720639442861663 0.031160968660968656
7 0.4836709929302521 0.3082133058984911 0.03640392529281415 0.03561253561253559
7 0.1597288171362245 0.34303916248360694 0.040360873694207024 0.03145773979107313
7 0.16590026823944953 0.2937253211376018 0.042339347894903456 0.028193257359924034
7 0.09327092660425992 0.3869188938633383 0.03798670465337132 0.028193257359924076
7 0.10100631445660685 0.3437078272604589 0.03363406141183919 0.02492877492877494
9 0.7398035687509372 0.6893056180336883 0.020180436847103425 0.040064102564102554
7 0.17249967413366107 0.46575610301100495 0.02928141817030705 0.02670940170940173
7 0.03489309044864601 0.4240184969351637 0.031259892371003475 0.024038461538461564
7 0.04241354067742957 0.38563553537511874 0.032446976891421335 0.02492877492877494
