7 0.9067617746399661 0.5057733932274001 0.07380700281134764 0.04815573770491808
7 0.7034023656445764 0.6023753297065612 0.06868749313111332 0.045437685459940716
7 0.5381348866018677 0.6794730917667238 0.06420335429769389 0.03783411949685531
7 0.6921735968514715 0.42360754620123203 0.026309034907597468 0.035132186858316226
7 0.7287317476614191 0.4099289869952088 0.058393223819301926 0.04940965092402463
7 0.6994741100323625 0.33390776699029123 0.06128640776699032 0.051122572815533965
7 0.783877447850149 0.2805798345040443 0.06844667943805867 0.040559147509578564
7 0.6140983034665101 0.38777334569623967 0.05824183558558561 0.03378378378378381
7 0.5217525786211161 0.44552228913381053 0.07493229935992117 0.04915989660265874
7 0.5319109084681908 0.5174485187087935 0.05306889859291601 0.05287936681222707
7 0.3672038612739606 0.609842927400619 0.053254942058623085 0.047752104445431785
7 0.36638221829860446 0.5378682373299586 0.06392916819263862 0.051805723803755296
7 0.2512727892502914 0.6052690176156232 0.049633282751643915 0.030941767830045475
7 0.15705990972310568 0.6672939247333516 0.0516640482359023 0.04703413525604407
7 0.13954213996358028 0.7327961963949815 0.050860159433113374 0.042817242833052306
7 0.036440332181259597 0.7925592237903225 0.0480510752688172 0.04649697580645169
5 0.6743762606622222 0.3505205472224596 0.17866512704765444 0.17848873517006494
5 0.4913625370023508 0.4612149101183861 0.15663583278565174 0.1731417184285347
5 0.3315179304834519 0.5516306438949787 0.13902807474353152 0.1631982104121475
1 0.12479225263336931 0.6830257580397715 0.10832613461204742 0.15268142783963495
1 0.03544197994939572 0.7431489608256444 0.07970230257709761 0.15961745689655168
11 0.3427266678949635 0.8331257586203812 0.4550783148634198 0.25302888560054565
