6 0.4575846262641754 0.19157661946510585 0.029820480706148983 0.07958340788453512
6 0.7187608972364743 0.14112844728786755 0.029074968688495243 0.081260809924256
6 0.13626588626125893 0.2585191457769057 0.0583984413828751 0.06504592354028749
6 0.5827236844540693 0.16362623086604844 0.02616361572300268 0.08547520221370797
7 0.06303326165830812 0.4192711062833694 0.05570165826576083 0.041319672729929084
7 0.03187474127645068 0.46738256994667254 0.06209365183724158 0.04451566951566955
7 0.4217346044269121 0.34972194827964054 0.03287310979618672 0.039949959821754664
7 0.3860155355881852 0.35142267514062386 0.008827038741568653 0.017577982321572046
7 0.41816827785488747 0.3979111117198725 0.04687461952419218 0.04748338081671411
7 0.3829543359457889 0.40243469730649223 0.012783987142961462 0.016893125867484815
7 0.6147848253111412 0.3121143176811193 0.0249592129934011 0.036982248520710054
7 0.6481568447380414 0.30457631953358444 0.026176735578444986 0.039949959821754706
7 0.6628734074128187 0.35161037653915145 0.02708987751722796 0.04771166630140988
7 0.6248282423496098 0.36047908644062493 0.03378625173496969 0.04360252757688655
7 0.8568894964906362 0.2674092684776445 0.04291767112279932 0.04497224048506096
7 0.888554746579438 0.3087180704702073 0.055092896973238895 0.04497224048506096
7 0.8935601172068409 0.2556036476976648 0.015523412959310442 0.024426546862444307
7 0.9236811186597513 0.29816937869822485 0.019175980714442223 0.026252830740010228
7 0.9669470714835607 0.4788902656259659 0.057527942143326787 0.03652567755131864
7 0.7436425029017623 0.5132770837899042 0.05235347115688997 0.03629739206662287
7 0.5186341831640976 0.5477824348016656 0.051744709864367966 0.03743881949010156
1 0.0423376388470675 0.4228340171133193 0.08782495232359731 0.13142376794138316
1 0.40600453158166705 0.3587318216289159 0.0631503228612533 0.13205108902940885
1 0.6337292066668179 0.31244131512402334 0.07193281809361299 0.12828716250125463
1 0.8743764973881617 0.261488340192044 0.09451637726253806 0.12954180467730603
10 0.6355681227048213 0.7364771164573 0.15432098765432098 0.06402679275019701
10 0.882283731722266 0.7028753228701513 0.1811356273531214 0.06648936170212766
10 0.5902412952747862 0.6497932810174241 0.09138866999387094 0.09809232991857099
10 0.7184447196267528 0.5973488686254643 0.04815690394886614 0.019290123456790122
10 0.8780325067208876 0.6221026812207533 0.09904999562209957 0.09275676385605461
