7 0.025122450287021886 0.5904487814619009 0.04562976290043187 0.04913837627944268
7 0.0034799503033480076 0.6401627728244016 0.006219485648536866 0.021573840843362255
7 0.20265130646434057 0.677354085477292 0.05018185021582916 0.04613112092724728
7 0.24220932216038726 0.6840247793129917 0.010128147721699845 0.029984647860295515
7 0.1921709097526074 0.7357310486759959 0.06485954553587403 0.051558041641947036
7 0.0928939308917244 0.9053305768834449 0.06267026024459514 0.04482916014606162
7 0.18081972697526782 0.8263975586072965 0.032251352476071554 0.028696767928977702
7 0.40160911914806874 0.986077033512662 0.052088192306496216 0.03092930777124729
7 0.4010306484375821 0.926829379598055 0.03527066690873883 0.041346110203340496
7 0.538160476833279 0.890423579114138 0.05701602923825141 0.04678949031024808
7 0.5333758839427508 0.8305184596683365 0.04823584969304453 0.04422194414964685
7 0.708675753846335 0.9608678943635711 0.056563138507583016 0.04018311579303361
7 0.695304597547055 0.9051826910052986 0.05095124976753186 0.04127373437777256
7 0.849276384801267 0.9704883009084073 0.055727023319615876 0.04247211392679215
7 0.4035799084108262 0.4762869753811783 0.0454621287954621 0.04108274941608274
7 0.5024318164175774 0.3712698132933157 0.04719787851902189 0.031815830389727455
7 0.8860658833820401 0.7371138247748554 0.041897775392139396 0.03097602433351225
7 0.9868499451832784 0.6612118070451404 0.023912801690579452 0.03128128128128126
6 0.0350285620753457 0.4110354028117188 0.06577089910423242 0.062001103667770355
6 0.1370362509999361 0.470170183315359 0.07237122179650916 0.06267368369747414
6 0.2453236147203193 0.5237726505149135 0.07129780924715563 0.06162910766158311
6 0.8600110281122392 0.8145562998519487 0.04773753697095646 0.04687843300592141
1 0.0036353589553432502 0.6400893363496425 0.006725414067385013 0.021675827771234144
1 0.0380676650104268 0.5717609814178256 0.07016460905349794 0.0838042032020241
1 0.21536373559529925 0.6915502929583972 0.10866483767718334 0.13558737662464576
1 0.5550219739910971 0.8389325043385196 0.07901988195214324 0.13931730614056315
1 0.7148014187776242 0.9091733509037864 0.08597148736037634 0.13453036350357966
1 0.8574070847366824 0.9611224303263615 0.08091504659193044 0.08369923097098117
14 0.4031563550338742 0.47124154077412844 0.13365130511030401 0.07299599764922056
14 0.5098679020234922 0.5219040823380562 0.05358367626886149 0.03752059215671195
14 0.6025432882492073 0.5762093363361692 0.11117953696993758 0.06259691797317542
14 0.4933853282080762 0.3667837514739527 0.14042017854654015 0.07945866618252231
14 0.6085201441830402 0.4239073464317265 0.04528197994551677 0.03124456616240652
14 0.6985397548026617 0.4785564678772462 0.09338795010080082 0.06041666666666663
14 0.6083786700991879 0.25584062954081993 0.07065227957616407 0.04066358024691357
14 0.7160091402816271 0.3101313828000336 0.019106407995296868 0.018738977072310443
14 0.8108019118453776 0.3735119573323913 0.09089506172839508 0.0748070987654321
