6 0.7930620838229537 0.08141769486878181 0.05180180180180175 0.12119932432432431
6 0.6061078659331933 0.12077629657460442 0.052765647743813676 0.11821097161572051
6 0.4300356506238859 0.15792267033075855 0.05403297682709448 0.11280080213903743
7 0.6803663060814091 0.3871835669336384 0.09510869565217384 0.07222540045766594
7 0.659065847511027 0.31783218087752474 0.08557398932112896 0.06686212814645306
7 0.3390409193980623 0.3720670385379033 0.08252164502164501 0.06623956400742115
7 0.3395790134235513 0.4504386982065552 0.08696660482374767 0.06044179035250456
7 0.5133624878522837 0.6632880830903789 0.06866496598639457 0.05532525510204076
7 0.8213149788568095 0.6110222550306212 0.08612204724409445 0.05075049212598426
7 0.9714664918955702 0.26379671840200447 0.042434576837416554 0.0765625
1 0.6599888106480543 0.3200060711357907 0.11323556579904874 0.19420044921360158
1 0.333272870185622 0.3807260490356129 0.09309309309309312 0.19101914414414417
10 0.7308697114630713 0.8057556321392612 0.5180186170212766 0.3015625
