6 0.23217431934537222 0.21970240103463792 0.046861946532999174 0.11111763784461155
6 0.4136202503600309 0.21672450097623802 0.04008374183006538 0.11153875612745097
6 0.591961796229504 0.2248054718875502 0.05451610049539989 0.11071855095541401
7 0.7481790400959046 0.08181274484618842 0.06985475135401273 0.04927529542097488
7 0.09747908195182982 0.43379902056615566 0.05732913669064747 0.0619660521582734
7 0.05186191955526488 0.418139919882276 0.025292266187050362 0.034706609712230205
7 0.06934060527055697 0.5073661912430028 0.07495590828924162 0.06834215167548496
7 0.016294148238592685 0.5092274623524624 0.018555261610817168 0.03417107583774257
7 0.37904036213445447 0.43866768309547516 0.037902883799830416 0.060631361323155185
7 0.43379330593071064 0.439879379526326 0.03538486005089059 0.058941634860050926
7 0.37807091010608596 0.5105671587102178 0.04152707984366278 0.06582391122278057
7 0.42961017207248364 0.5134871802192782 0.04431881630374092 0.0662164991624791
7 0.7069889419071422 0.4453799562599408 0.05463957055214728 0.07093558282208585
7 0.7571681152010907 0.43170852505112467 0.025083077709611365 0.03678585122699385
7 0.730401330838012 0.5190869333541277 0.06481986899563322 0.06533160480349345
7 0.7800496320556365 0.5113567442988842 0.02479075691411931 0.05458515283842793
7 0.16344599462799975 0.7410436614758863 0.07590303708635257 0.05802175222597219
7 0.46429777695897817 0.7511917372881356 0.0849223163841808 0.05534957627118642
7 0.7831483931020969 0.7530037477954147 0.0865299823633156 0.0520833333333333
1 0.07228464736853997 0.42996237543217414 0.11870805369127517 0.19263842281879198
1 0.4078017912772584 0.4469392523364485 0.09124999999999997 0.19226562500000002
1 0.7345427133072138 0.44220855928355707 0.10593749999999993 0.1967164756186317
10 0.3829399486191394 0.8695568400770712 0.07562620423892105 0.0427203757225433
10 0.1808341793810464 0.9138090787625461 0.12060209349308489 0.15167539739884398
10 0.577425120502882 0.9239466402057246 0.10673344017094012 0.14585937500000004
