7 0.1838394888090153 0.5981566130124498 0.05860290670417254 0.038091889357712155
7 0.4087014760883074 0.6049184868629314 0.05231965108508319 0.03792075551334805
7 0.6254909547090617 0.6099196299813584 0.052759312018571265 0.03561253561253564
10 0.1956749778100541 0.7122895058624906 0.0874925257641307 0.09529650733354442
10 0.35363394416892363 0.6781220322886989 0.03956948401392845 0.017476522106151724
10 0.4940567612035377 0.7207691428370442 0.07166473215855929 0.10189142133586582
10 0.20197666802605072 0.8058405627850072 0.1552478404330256 0.060129574018462924
10 0.45392614837059286 0.8122488808252697 0.1761020279538798 0.08445945945945939
6 0.24986607251564516 0.23701740448535322 0.0328426717315606 0.06914767331433996
6 0.5085637956008326 0.25250726639615534 0.03165558721114277 0.0679605887939221
6 0.7408611696051309 0.25869410380279945 0.022554605887939203 0.07241215574548905
6 0.860108684182758 0.26993582549138107 0.04787907565685345 0.06796058879392214
6 0.9759530592863926 0.27832044498711156 0.04985754985754985 0.06172839506172839
7 0.9711340614118393 0.41003383190883186 0.05025324469768922 0.044218898385565066
7 0.990122467553023 0.45730205365622034 0.015788224121557535 0.0330603038936372
7 0.9834291794168337 0.620835311807534 0.02686767964545745 0.03392094017094016
7 0.5188185871056241 0.5085198045267489 0.052126200274348444 0.020061728395061727
7 0.31912056089010826 0.504601051668953 0.04458161865569277 0.024434156378600795
7 0.1125318440133255 0.49478248089359206 0.031207133058984905 0.018775720164608996
7 0.15206164770434918 0.3786310820624546 0.041838134430727016 0.04218106995884775
7 0.12602064145274022 0.4278488144228886 0.05281207133058984 0.047839506172839504
7 0.3517232510288065 0.386107896090535 0.020233196159122103 0.037294238683127555
7 0.3475019854162155 0.43360136452241715 0.027777777777777776 0.03986625514403289
7 0.38045989459244817 0.4351987221139268 0.030521262002743504 0.040123456790123455
7 0.38630128444943257 0.3853582117471006 0.024691358024691357 0.036008230452674914
1 0.13427831123304373 0.38752857796067675 0.08436213991769549 0.12834362139917693
1 0.3690756137846085 0.39684639287813883 0.06893004115226338 0.12371399176954735
7 0.5851123113854595 0.3968460648148149 0.0360082304526749 0.03986625514403289
7 0.5989540466392318 0.44005915637860094 0.046639231824416934 0.040637860082304494
1 0.6002582102799968 0.4021272089082548 0.07098765432098765 0.12448559670781892
1 0.9757128159905936 0.3917824074074075 0.05075445816186561 0.0815329218106996
