11 0.49186959804123415 0.35582276784401173 0.1831997689697495 0.22048272687892573
11 0.6970860656807942 0.4982362029894146 0.1381330770341493 0.19579475308641975
4 0.9474571755716537 0.13335852208958265 0.08525065469509915 0.219205948372615
5 0.650367579379925 0.052592726203837314 0.1284449432597581 0.09750280583613917
5 0.5819727675073587 0.09256171074829356 0.11472752213492952 0.11199962588851478
5 0.5342312008978676 0.1441077441077441 0.1016336201521387 0.10194537972315751
7 0.668412520264372 0.06438543686018433 0.028370120962713484 0.032500935278713054
7 0.6635802469135801 0.01578282828282828 0.03179947624392077 0.027824541713430597
7 0.6037344000306963 0.06917465250798584 0.042087542087542056 0.03437149270482604
7 0.6104819236132367 0.11631466176920723 0.027434842249657143 0.026889263000374107
7 0.7216541270039211 0.14016190713721577 0.03678762938022197 0.029461279461279466
7 0.660529456825753 0.18251296029073805 0.030864197530864196 0.025486344930789377
7 0.558891382965457 0.1652637485970819 0.028993640104751278 0.025720164609053506
7 0.5320800598578375 0.1387719790497568 0.024940765681506428 0.019407033295922187
13 0.03097996678619985 0.4475090505324245 0.013565343285307147 0.01702036170193365
7 0.4828832448859884 0.19317862064775643 0.023298831940807268 0.023477893848264222
13 0.07230616918963802 0.4486570481235116 0.009942088758710237 0.017262735758670808
7 0.48244793615163983 0.22649332834518018 0.030864197530864196 0.021043771043771028
11 0.9445045695045695 0.4332712041045374 0.12206055261610825 0.31084656084656087
