7 0.782289953801582 0.18838797101071003 0.045060133346093656 0.033795100009570304
7 0.6558700858469377 0.2556780443065166 0.03709639126305789 0.031037314023425116
7 0.9415783423170311 0.10527565352126754 0.05914596557871404 0.045140450842205214
7 0.8026691815272065 0.03519018632830362 0.046639231824416934 0.04153806584362141
7 0.7757668000723557 0.05297364672364673 0.020208700764256286 0.020138040971374307
7 0.6395124223778925 0.07668408488766926 0.056778476589797296 0.04246253591117323
7 0.6542380948561007 0.13306800952999784 0.045343697607072034 0.03534141137021794
7 0.530154640868798 0.16024958776104695 0.04766734016890218 0.03736830198435784
7 0.5341650650944114 0.21455639163056345 0.03651041836324742 0.036340760285351326
7 0.4496445014871857 0.216557419630852 0.03667033370003669 0.023873915169294716
7 0.38410733047662865 0.26440004448550786 0.03097192596901728 0.028177719604421156
7 0.3765664528314812 0.31341289763802654 0.0271613807293884 0.0286025968497233
7 0.32582619009111 0.31267293226525605 0.030886660556723657 0.02939848509353606
7 0.263773526385863 0.3912075536233012 0.018249969740982794 0.02113403231663039
4 0.08530472215159478 0.6227336679897542 0.042258760158582175 0.08130985676752264
4 0.3425027182395922 0.5117440739886822 0.06354164314417489 0.12856730816160872
4 0.32121162782193574 0.5310967412730669 0.05101014287600841 0.11727703037034201
5 0.6188325646907675 0.09320128749808874 0.12507531061859822 0.1344775143292551
5 0.5020335941096291 0.17459491741154026 0.10306543090837283 0.12702808298136878
1 0.36182000637578493 0.2829715365646779 0.06558001499759676 0.11545683077204895
1 0.3061821809132301 0.32469421229285994 0.07716800565720014 0.10757789413699677
1 0.24841223224506692 0.36782129851891004 0.06221562586670866 0.098308696618515
11 0.5347985147066784 0.397964461871575 0.32991017162664277 0.34585196147271174
11 0.8210377458460065 0.6221754988001593 0.3495939950704675 0.4039479052836068
