14 0.38797851634960584 0.5158531409687214 0.10487834112429581 0.11311878221263336
14 0.6215290263294577 0.8101457572373941 0.07241599744296623 0.09326681049982018
1 0.1732303298846825 0.7091940050308905 0.11719448917516552 0.12280556344921231
1 0.3645809370447051 0.8707633617053907 0.07917337627482555 0.1271470746108426
1 0.0543451948680707 0.589622437294006 0.11498426531106269 0.11483297022512712
1 0.44764816781582073 0.9482964283506693 0.07161467845228531 0.10153910073781869
7 0.13729891507669284 0.7498129442573886 0.05455792492829528 0.04302282080059857
7 0.05258344764517603 0.5794156011169899 0.09332745443856555 0.04739858906525566
7 0.33817656087361697 0.9180337705978732 0.04955606807458659 0.041265319043096875
7 0.16844067919336736 0.6959529584977613 0.05611672278338944 0.04161990273101388
7 0.35023587979253007 0.8611675832529689 0.04745107919711091 0.03842277651801465
7 0.02408713828466915 0.6302175191064079 0.04629629629629629 0.04712301587301586
7 0.42820527704954636 0.9372048505700602 0.04244529897231783 0.03605039465695212
7 0.08435468479751893 0.17070361424226158 0.03891572732152441 0.0389157273215244
6 0.03984868236075965 0.2967180430948546 0.06262300948291286 0.030864197530864196
6 0.18112052680574928 0.45627601588366173 0.07788500550628875 0.03260302556077205
6 0.11089200350001215 0.38012850982558455 0.08352139475198019 0.03692088145493165
7 0.2517526309796841 0.10091860635338892 0.03265342637323315 0.03723832528180354
7 0.738259501331397 0.7848583877995642 0.03782377148390219 0.025417574437182233
7 0.4264343529962984 0.9828784606806438 0.0439461470700377 0.02450770125823367
7 0.8666268650294213 0.7543784789081203 0.03747091074034623 0.023419319212716394
7 0.3748113823638888 0.518043770435899 0.0414754486889449 0.029086678301338
7 0.513655178027229 0.47167849285521063 0.044707301833537993 0.028076724193652598
7 0.6139176349552167 0.8136602441902687 0.036310820624546075 0.023602033405954913
14 0.516078675125743 0.4617305384087792 0.10448816872427984 0.11634355709876543
14 0.5817365397805212 0.5530840084876543 0.029738940329218106 0.022907021604938273
14 0.611038350119125 0.591331120045484 0.042599022633744855 0.043402777777777776
14 0.4453928755144033 0.5951003086419753 0.03134645061728395 0.024715470679012346
14 0.7426901410217807 0.7850433322041553 0.09002057613168725 0.09464216820987655
14 0.8726490162037037 0.7537163628472222 0.10609567901234568 0.13020833333333334
14 0.6377665544332211 0.3630949811505367 0.09041027559546078 0.09995791245791243
14 0.7075877083593133 0.46052734131437834 0.037411148522259643 0.046179386457164254
14 0.4905736695860153 0.6407948190355598 0.05381449825894266 0.060838081671414974
