6 0.0803771357976949 0.31851443861118345 0.08495174469327411 0.031923795861589284
6 0.13231944305039756 0.3945353014486935 0.08821063862216125 0.03315043438500231
9 0.16565172384312687 0.3648443619550676 0.029287194737316384 0.03435613228800573
6 0.19536699266021795 0.4631759249167683 0.08180113514806008 0.029731566428814124
7 0.40646984055071017 0.5543686525465321 0.03775437006833544 0.03173726733869447
7 0.44206827877826854 0.5936225790010193 0.03382162318621714 0.025956129421980525
7 0.5369119194432184 0.523482329160146 0.038761374833362304 0.02404473135106934
7 0.6874356047034629 0.4851133424692842 0.02123315769906284 0.022354909426560533
7 0.6595659782316063 0.489196929925772 0.004246631539812544 0.010276047075112564
7 0.05497666438709524 0.5520124716553286 0.05605946082136558 0.039210128495842815
7 0.024346851363372262 0.6034619063044718 0.04556143445032334 0.042517006802721156
7 0.16301795792760687 0.6543316855220832 0.05433837593462008 0.03640671187619546
7 0.14062156634041614 0.7098272393799552 0.05078294481915356 0.03944306393720662
7 0.2500435473686503 0.7405042921375229 0.03728743440677598 0.034497681102619394
7 0.2426543809763764 0.792510566836964 0.04514151339548165 0.03790537378972764
7 0.09177508670923053 0.8746240813110113 0.04619131603258587 0.03606072058453016
7 0.16850276099258707 0.9102818713089711 0.025914279058933155 0.011938038667598277
7 0.3176721987003623 0.9420783129550491 0.035777408462593675 0.027822293447293502
7 0.307368465367897 0.9897609954251875 0.038075929960461545 0.023256576293068626
7 0.3773953175492859 0.9885220992170609 0.03455237207857756 0.02579053109713485
7 0.445632110869039 0.9699092985959815 0.035584604212055226 0.031681190994916446
7 0.3819605699394971 0.9149051579008478 0.041240953597275455 0.032593656875266115
7 0.3857369734276052 0.8621204163483576 0.03594404465864161 0.029915164719086274
7 0.44608733438749804 0.9190500319237291 0.03397002872893859 0.02898481672066584
7 0.5005649801146737 0.9662436717292833 0.031456316428338765 0.027570536163661653
6 0.5208074003321407 0.8180518732760237 0.046530623175597925 0.019834096569454646
6 0.6488637503510644 0.9689694236938333 0.04288476510698738 0.01828751828751814
7 0.5912872857743903 0.7923805451275467 0.03170159823906598 0.025794932529428667
7 0.6998220222050501 0.769938380441368 0.030678268630075892 0.023822140413505832
7 0.8137786054762048 0.7469742563933358 0.028756175130834817 0.024144876130770748
7 0.7247987613183595 0.9699333351176059 0.024955033854093093 0.013595784953527128
1 0.07103031906610864 0.5614840421478668 0.11455365622032287 0.1176909510242844
1 0.17436372859974156 0.66911322473754 0.09973600434816368 0.11955283656672543
14 0.4178150259314741 0.5524446787239354 0.09239762739419798 0.10744200657818542
14 0.47791703038616606 0.6261768923805962 0.03367003367003369 0.018471754582865735
14 0.5001713564574949 0.6619071005352064 0.028650309944262115 0.033208313799031136
14 0.5405351309623304 0.5176127242354739 0.08571700742482628 0.10838588255160579
14 0.6003986334022738 0.5965588931881259 0.025354475064848954 0.01755309812181857
14 0.6145448642273597 0.6214140913518295 0.022428958711212484 0.02029576970335265
14 0.6871377220187598 0.47656613143793114 0.06015874921586838 0.07729557872531728
14 0.6446073388203017 0.44358281893004115 0.0022119341563785772 0.004012345679012381
14 0.6470936213991768 0.4495016718106996 0.0025205761316872896 0.005015432098765432
14 0.6529878257887517 0.470190329218107 0.0027263374485596474 0.0033179012345678663
14 0.6549554183813443 0.47441808127572005 0.002263374485596638 0.0030864197530864196
14 0.6597855333966444 0.4892732075023743 0.005298353909464997 0.011419753086419718
14 0.6626379941351503 0.5065362637074313 0.006220112360109634 0.01539477809127144
14 0.7169889706893234 0.5319981904231625 0.011914909217557041 0.015982017652396263
14 0.7397070885156347 0.5758045573639052 0.031842830789191034 0.04752155172413799
14 0.820145607486264 0.7510765125148995 0.0962788142786371 0.12532975192173293
14 0.7017093690362979 0.7613217482104133 0.08926388095606007 0.10385962663932684
14 0.603330382707983 0.7836712518287459 0.07606905934407199 0.10534457138854157
1 0.26194092103645966 0.7566482399441359 0.0876659131745204 0.11220874630499034
1 0.3982528317168354 0.8759213493075968 0.0635619117467302 0.10328810658843661
1 0.4573443810707794 0.9332743640817078 0.06777357243699499 0.09884428223844267
1 0.5189872475931131 0.9602490154209383 0.05089885206844275 0.06345435347628327
