4 0.3823602264685068 0.8714105626326963 0.1864384288747346 0.2473128980891719
4 0.6363259172871624 0.8720605880505967 0.18909235668789806 0.2707006369426752
4 0.8902822009907994 0.8548412066525124 0.20567940552016992 0.2891122611464968
7 0.7033354534570487 0.707801743489973 0.08673800259403373 0.055933852140077886
7 0.3924733887919853 0.7320667851871732 0.07822632944228278 0.0504620622568094
7 0.9035691124698907 0.47255709190290895 0.034452010376134844 0.049854085603112885
7 0.9526214706175796 0.48076923076923084 0.03283073929961091 0.029182879377431893
1 0.9146568192071283 0.38257261355946526 0.14388780804150456 0.20276021400778213
7 0.6153624441562184 0.41989232057933423 0.020265888456549894 0.04772616731517507
7 0.6180029353539492 0.5014047460577513 0.021076523994811917 0.0474221789883269
7 0.5795368568958064 0.519642712386511 0.030398832684824958 0.028574902723735373
1 0.5771901257542434 0.42320131428692276 0.09889753566796369 0.19820038910505838
7 0.2788286016236729 0.5409190805591584 0.04377431906614785 0.061101653696498025
7 0.23313878080415046 0.5497628891050584 0.01783398184176394 0.01854328793774318
7 0.2901474756208868 0.46791684680789747 0.04904345006485083 0.04924610894941628
7 0.3326167904728218 0.4311199537937743 0.06849870298313879 0.07538910505836575
1 0.2529254617035685 0.46871502789160147 0.1240272373540856 0.2003283073929961
