6 0.20944648692810458 0.19751072303921569 0.08910334967320263 0.03484987745098038
7 0.5432417285095856 0.4428701878478664 0.0423237476808905 0.03739564007421148
7 0.1649660588502613 0.7385195658657121 0.0538407464212679 0.034149731595092006
7 0.2500159642401022 0.7886793582375479 0.03448275862068965 0.02618534482758621
7 0.08763643996641475 0.3602015113350126 0.06612090680100755 0.0476227959697733
7 0.07556750298685783 0.4351805182198326 0.06703629032258064 0.0512852822580645
7 0.2668267387470286 0.5312332259796029 0.051072898295120545 0.039820326278659654
7 0.2564444444444445 0.5991249999999998 0.05166666666666666 0.04500000000000002
7 0.34035836556844956 0.6105463018540749 0.04391339869281049 0.03720238095238102
7 0.3398371742032855 0.6721734051198698 0.048397863818424605 0.03702853805073429
7 0.40762909648779205 0.6689854766451233 0.045167450058754416 0.03442641010575791
7 0.4084649460708782 0.7285788231895225 0.04855225988700565 0.03389830508474576
7 0.5065405339484967 0.759206613671555 0.038016068097145174 0.031179405120481896
7 0.5021785034499167 0.806137357244825 0.029331727337616027 0.02626472162740905
1 0.09558078788848019 0.38734407484407485 0.12105855855855854 0.15056522869022873
1 0.2763939362181413 0.5600935534322498 0.0929800092980009 0.14260854176498344
1 0.3532006986709458 0.6324465242790909 0.08496103374437419 0.1345763053364804
1 0.419185540503987 0.6916509772346436 0.07465024038461537 0.1255617599985169
1 0.5161124616495704 0.7808703158817814 0.06421784745381161 0.10650951557093417
1 0.5622163808915432 0.8219893850289524 0.05456349206349209 0.10114440300149638
1 0.6593855215429919 0.914519016049508 0.05215878955154262 0.09338153020437936
10 0.21117860491535628 0.9007817249070327 0.26855068495112094 0.18291414818045873
