11 0.12271175278622083 0.687547967325228 0.24670086119554202 0.5601728723404256
11 0.37047983719179367 0.4283861518915867 0.5316558441558441 0.5194805194805194
4 0.7221798780487808 0.5192281042128604 0.21951219512195125 0.24885670731707316
7 0.5613451589061345 0.0667093957871397 0.05945121951219505 0.05754573170731707
7 0.40831074977416437 0.06686144986449866 0.059959349593495935 0.05221036585365855
7 0.650067750677507 0.14718834688346885 0.05132113821138221 0.04687500000000002
7 0.657187562713225 0.2160078642384106 0.054842715231788 0.04009726821192054
7 0.7607169523438516 0.2177730570705103 0.0482891832229581 0.042425496688741716
7 0.7623449490171345 0.2804714601072217 0.051393487858719666 0.0400972682119205
7 0.8524334299116998 0.33642901490066224 0.04966887417218544 0.036734271523178784
7 0.848941087196468 0.28089645419426046 0.0462196467991171 0.028973509933774854
5 0.44791216767444086 0.06417250035991937 0.1241721854304636 0.1283112582781457
