6 0.11254399303396888 0.3277469054072832 0.0759153676257409 0.06731973519413131
6 0.444035805305281 0.2621416301579682 0.03424779096438174 0.07829065315948049
6 0.569745612183884 0.23462093533466996 0.03363406141183912 0.0753468924765221
6 0.6960221942491446 0.21022183588672955 0.03091892128535151 0.08434298660362491
7 0.03759450947278515 0.48095077560854876 0.058476978026244276 0.043493768926158825
7 0.022047430983489685 0.5309416227262139 0.04246253591117323 0.04531359189378054
7 0.5007464649277514 0.612381648565859 0.05820879358891053 0.04243827160493818
7 0.7249727320149854 0.5782714666224057 0.0581420622500434 0.044965006085898165
7 0.6037987254229538 0.4982946995027433 0.04586762688614544 0.02657750342935529
7 0.9514446839549722 0.5453491410281536 0.06153787532388352 0.03915180612711479
7 0.38560583020084377 0.46234495488166466 0.06052525609672256 0.050274021037744185
7 0.39071527997675776 0.41363009923693556 0.05869301271099936 0.04412049124842858
7 0.6199974096257301 0.41876522649130443 0.06343759449900728 0.047701455449059245
7 0.6070959120639766 0.372989212355626 0.05936280942306493 0.04535898877908998
7 0.872895914259708 0.37028864274450984 0.0693883568580695 0.04999807699703855
7 0.8413105252100457 0.32778370376649557 0.06297834698665442 0.04531075727856623
1 0.383476659584929 0.413994100055481 0.06417433228435407 0.13011377390462361
1 0.6059889489975658 0.3712861746147991 0.07345679012345677 0.12687227668845316
1 0.8450972947036328 0.3196272702359609 0.09827955564389669 0.1278876521124583
10 0.5694239166135359 0.7180997507679825 0.10070712339882917 0.10120522517822993
10 0.6064180808073637 0.8047719705521122 0.1533941348756164 0.06603826048270485
10 0.7019835826420188 0.6608653406492913 0.041342783112330354 0.016003657978966638
10 0.874536108401875 0.7754688884363496 0.20583823274855084 0.07642780429238749
10 0.8557725315188223 0.6850446509063217 0.09824917551185192 0.09200205221113612
