10 0.3754322919685465 0.4754245638439692 0.08983944821190519 0.0869414014953921
10 0.6677083534586576 0.4677326648505575 0.07752274966672461 0.09454877412623891
10 0.39798875557873997 0.564328733342818 0.14272880078826872 0.04999130585985047
10 0.6397945284877994 0.5459648322030951 0.1709847562742712 0.05379499217527388
7 0.8008083321072367 0.3425407621417011 0.060858981046774514 0.038036863154234025
7 0.5720537215059908 0.3584392155401545 0.05578739929287652 0.03776517127456094
7 0.35455186537606986 0.37267069495160265 0.05723642265113311 0.042655625108676695
7 0.27231978979501154 0.15750883904248536 0.04021039819161883 0.047817770822465654
7 0.26183852083695586 0.20807975424563846 0.04238393322900363 0.05189314901756217
7 0.513481186407634 0.1378712793032042 0.01956181533646321 0.04455746826638847
7 0.501603585849804 0.18999025014283236 0.061945748565466925 0.05379499217527388
7 0.7565180480121102 0.17019098980228503 0.06158349272590275 0.04428577638671536
7 0.7245116791282676 0.11939813142864786 0.0369500956355416 0.045372543905407764
1 0.744715675271231 0.12480536981710691 0.07969628470410943 0.14263823682837767
1 0.49409501026611086 0.1446553432077689 0.06919086535674956 0.15187576073726308
1 0.254771026263782 0.15954448314739095 0.07607372630846808 0.1478003825421666
12 0.9759647145099607 0.7868608974708632 0.03712188706461333 0.07437635229731443
12 0.1884731237537652 0.8273408001357602 0.046137202494590815 0.0632397861779305
12 0.0435264324153213 0.8340798504028745 0.040834075771074625 0.058069237622502205
9 0.14065070543370148 0.9064811279396998 0.03287938568580033 0.05011454753722785
