7 0.3572644776348481 0.35777033751570797 0.05045109211775879 0.03820928300094967
7 0.5846779199175712 0.3384827488687783 0.05836498892054441 0.03709639126305794
7 0.8206614808659561 0.31793152995409946 0.06512477577292386 0.037343700538144994
7 0.7654600825897124 0.14060200692145136 0.07353329112588375 0.05168763849319404
7 0.732789872450366 0.09089739992517767 0.04138308536456688 0.04735972617917062
7 0.7663290070697479 0.08111744222855334 0.03264482431149103 0.02769863880974992
7 0.5201738419331012 0.11184561965811968 0.032150205761316816 0.04562856125356125
7 0.48122950080897586 0.11908456823098028 0.027698638809749963 0.03981679328901552
7 0.5055697712590718 0.16427106415532333 0.06479503007280785 0.047730690091801184
7 0.2765809191218664 0.1366755201416556 0.041398193235289316 0.04503590575967733
7 0.26047450055123067 0.19033480742201414 0.0502106799140885 0.059637991244896965
1 0.25721690769537214 0.14439876428093767 0.07398389979177941 0.15032462741626085
1 0.5028598401875319 0.11715269270320386 0.07336907513977013 0.14479120554817765
1 0.7568628093934274 0.08879239069588782 0.0920187562507172 0.15263021986129555
10 0.38693816471594245 0.4921236171236173 0.15398695954251512 0.13878868045534712
10 0.6571056686797427 0.47329695767195773 0.15966543744321512 0.14705587622254285
