7 0.65248283998284 0.7440141033891032 0.08133133133133133 0.04598348348348349
7 0.33271982038429404 0.727061795112782 0.07936507936507937 0.052455357142857116
7 0.04432364113736663 0.7073016172280878 0.06707027540360873 0.05519943019943021
7 0.2651338313103019 0.5232405462184874 0.032906681190994914 0.028764978213507587
7 0.3121709331880901 0.507591230936819 0.02814088598402324 0.0464665032679739
7 0.040754938338971945 0.404803967041362 0.0701530612244898 0.0376855287569573
7 0.6277729552469136 0.5386646412037036 0.032552083333333336 0.026222511574074136
7 0.5874829019360269 0.5223458543771045 0.02724729938271603 0.05063657407407405
7 0.5860008800154001 0.44690645367543935 0.03162555344718522 0.041508538899430736
7 0.6118885726333544 0.4594599936748893 0.013045540796963925 0.014824478178368138
1 0.6181437044302407 0.441090625587123 0.12729040442774248 0.19823222639772994
1 0.2854339317203779 0.4240818871639001 0.11623008578431371 0.1950252757352941
4 0.48052118479891986 0.8714845425711152 0.18608716570332665 0.2551019668376817
4 0.2186498922140129 0.8692472190056041 0.20077302775315548 0.26598627167630057
