14 0.34123929295266225 0.5247873008093451 0.1489054153881123 0.16132515058529381
1 0.05614452468717877 0.7955163784510646 0.12243285939968421 0.17217120853080575
7 0.04010207801676997 0.7857482398377689 0.07207740916271722 0.059611966824644466
7 0.3262108645698693 0.5325694743644982 0.06269747235387045 0.04183945497630326
7 0.028098670352817275 0.8663084394747236 0.05134281200631911 0.07119742298578195
7 0.8515391410709433 0.9157974313672191 0.05226737338044754 0.0416850706713781
6 0.05620359703020994 0.4413282450076804 0.08618551587301587 0.0390625
7 0.5276202636350473 0.46106164622247015 0.06467219589257502 0.038507109004739346
7 0.6696327081557261 0.956455136402387 0.03864734299516902 0.038496376811594325
9 0.07659556878306878 0.40333581349206354 0.036582341269841265 0.028831845238095212
7 0.38886041613088906 0.5952341999155003 0.04788704581358611 0.019623815165876836
6 0.5566626409017712 0.9850826539855072 0.03442028985507252 0.02264492753623184
14 0.5323039649744196 0.4517137691853601 0.14948593073593072 0.16690340909090912
14 0.42961309523809527 0.6390354437229437 0.040584415584415605 0.03703327922077922
14 0.6281610750360751 0.5819354256854258 0.043290043290043316 0.033482142857142794
14 0.6721049783549783 0.638088474025974 0.05817099567099563 0.06290584415584419
14 0.49301497113997106 0.7109205898268397 0.07575757575757572 0.09030032467532471
14 0.7206672705314008 0.3223505434782608 0.11581262939958586 0.11548913043478262
14 0.8065294715447157 0.4452172256097562 0.05081300813008127 0.06288109756097562
14 0.8772670419011883 0.5682018058161351 0.05284552845528457 0.08574695121951219
