7 0.691839833643185 0.06630745941740346 0.05110557653339045 0.03799442971532631
7 0.67262387708411 0.21006841655154265 0.04815107193240218 0.031042365633839896
7 0.2698490922027183 0.6669413671583542 0.055376632671318704 0.04128645553766329
7 0.47825969244097893 0.6732643574748836 0.058000533146732015 0.03959551656920083
7 0.6979799262371255 0.6774084763708184 0.0650616001948643 0.03966193607938149
7 0.22313456013665658 0.4523984950222303 0.04231695007376351 0.04411250873515029
7 0.1899322293007345 0.44184980298589416 0.01794860407969919 0.024286126654232108
7 0.20309116409490996 0.5040365146767304 0.050822465967132344 0.046775649505430436
7 0.16599483012556787 0.503433487195429 0.012427168642790198 0.02924154039192138
7 0.41674160397685645 0.4567019157511307 0.026335362887458625 0.04342493335602057
7 0.4533934656705072 0.45598363472112274 0.02497179841062772 0.04171156863857228
7 0.45288062300280335 0.5081608952677412 0.03018971507225908 0.04559033549431219
7 0.41457267257208547 0.5085959346197126 0.028540209077417375 0.04698941565960497
7 0.644299370714886 0.4605528495396194 0.03847982137877749 0.04493269218677864
7 0.6790981988014902 0.4523314846294293 0.01602591619590535 0.025541303937224227
7 0.6583585556198641 0.5140389828212001 0.044815333978124296 0.04735332435021634
7 0.6981005796716667 0.5151956391875746 0.0144364794902429 0.02924631620868178
1 0.2049190991148438 0.45226904706812665 0.08235237299405179 0.1342850077237434
1 0.43466802926878007 0.46208253578224673 0.06276115859449198 0.1336290005708245
1 0.6637611439252072 0.462937534027543 0.0744855967078189 0.13528885967586238
6 0.31401336685866366 0.30874018879273185 0.03321927891492515 0.07748397272670272
6 0.4406016694486788 0.3037174280340921 0.0298737315645528 0.0768010505329346
6 0.5648055566010907 0.31232604778304723 0.04005821539696884 0.07716049382716049
10 0.417683060609264 0.7572269906002361 0.05183062003159793 0.030592527246759198
10 0.28327026936067234 0.8270344564855837 0.16558891882575102 0.19580276124284146
10 0.553549757690616 0.8448676055610282 0.1695658515049746 0.24165734346461773
