4 0.2975171911144912 0.836120947808727 0.1851114649681529 0.31946656050955413
4 0.5545983446125263 0.8450064689490449 0.17515923566878985 0.31946656050955424
4 0.07433501582341866 0.8050193035692821 0.15127388535031847 0.3179737261146497
1 0.6835500101794489 0.34854615653084375 0.107484076433121 0.2761743630573249
1 0.3634050808990409 0.3220060948824951 0.11677282377919322 0.27169585987261147
1 0.05771291511436926 0.3174276679485639 0.12690419320594482 0.27468152866242035
7 0.6713331564048127 0.4578025477707005 0.07630042462845002 0.05374203821656058
7 0.3614649681528662 0.45412022292993626 0.06369426751592352 0.030851910828025454
7 0.06655771594591574 0.3635182701977874 0.05440552016985137 0.05224920382165603
7 0.10662545272886227 0.6362401648557513 0.07829087048832273 0.04826831210191083
7 0.40905874026893135 0.6539941613588109 0.07696390658174099 0.047770700636942644
7 0.7194987867758569 0.6680078480436761 0.07231953290870478 0.04279458598726116
7 0.038924274593064405 0.43045761298149826 0.04843418259023354 0.059713375796178345
7 0.1073182059447983 0.3362609474522293 0.0603768577494692 0.04130175159235665
