6 0.34027344231717854 0.08373580859230487 0.1069750816993464 0.10493259803921569
6 0.45893080306423883 0.16807069517479795 0.10864008179959098 0.07572852760736196
6 0.7490647364996748 0.34312225520494477 0.08451257861635225 0.05409787735849059
7 0.16300734206139614 0.5765982328482326 0.08770790020790019 0.05165020790020787
7 0.3634318310657596 0.6617594954648525 0.07006448412698413 0.0455729166666667
7 0.536031601191048 0.7343082136682357 0.0670264623955432 0.04047701949860718
7 0.905149383566483 0.8825947501589655 0.05517433234421366 0.04393082344213646
7 0.31678354212055204 0.3280781930827886 0.06621051198257083 0.058210784313725485
7 0.3155029372860254 0.4017583595938376 0.07838031045751634 0.06031709558823528
7 0.5211404640306079 0.4338317077344286 0.06716290212183432 0.05775154004106779
7 0.5272230190489016 0.5068200665644584 0.07388559187574148 0.056147330595482624
7 0.703499827039059 0.594755335469025 0.07042988313856427 0.04982262103505848
7 0.687456232492997 0.5255424435399159 0.06931678921568624 0.04523782169117654
7 0.9271786300727185 0.653874912033779 0.058460884353741464 0.04272959183673475
7 0.9470631968065003 0.7241853564342404 0.060482568027210824 0.044642857142857116
10 0.40716739191402723 0.8440064615661618 0.4725430405181027 0.22349517880744144
10 0.4410737078857266 0.9644458153784166 0.39052775429202186 0.06693674628942485
1 0.34525112566891253 0.34122054012745123 0.11260384215991692 0.1781542056074766
1 0.5465614211943834 0.4503926255732213 0.1094760381905821 0.17051725508905852
1 0.7148055310836543 0.5482811341364132 0.11315222737299552 0.160318622912368
1 0.9542962423770842 0.663221538134045 0.10104166666666667 0.150703125
