7 0.11841334894613587 0.9402352898126465 0.07547814207650272 0.054815573770491885
7 0.21644017831463905 0.8905980371009491 0.05122950819672131 0.04866803278688518
7 0.5932462236608277 0.6952708492003046 0.0714212046204621 0.0566599628712872
7 0.7685501308751566 0.6035016217138955 0.0754950495049504 0.05832301980198018
7 0.9624258151103232 0.49597716275118203 0.0701139553782505 0.059834653885933876
7 0.02368317610062893 0.8265571397941682 0.04638364779874214 0.04938089622641506
7 0.024885145482388977 0.7602420807101129 0.05040837161817254 0.04582216692189896
7 0.11579311258491316 0.7576223469476558 0.06254183400267738 0.04957329317269075
7 0.12415402350141307 0.6919983173434479 0.060868473895582344 0.045651355421686725
7 0.34354431715694744 0.5433759930343676 0.06538675570395101 0.05256156093489146
7 0.34413545893564035 0.6066462774417618 0.06338899196042048 0.04681702226345079
7 0.4952449492695409 0.43762691912880475 0.06954982296408704 0.05311077389984824
7 0.5001425647300521 0.5091543551164689 0.07479455572675911 0.05982761941448382
7 0.6945305480682838 0.37886623989218327 0.07802672955974851 0.06264740566037737
7 0.6856012583932009 0.3041636586138893 0.07732896652110632 0.06021424672489082
1 0.6595579098194359 0.32383478202982363 0.13404088050314467 0.17570754716981135
1 0.4682068545445071 0.45609743882895587 0.11280487804878056 0.1672065548780488
1 0.3172708543419882 0.5614025505650835 0.09655708874458871 0.15169861094094586
1 0.10013608384747243 0.7154543963774009 0.11106004901960784 0.14806410845588233
6 0.6246151693254967 0.07835786628883287 0.12043450881612093 0.07517317380352646
6 0.5285661139455783 0.16391634778911562 0.13137755102040818 0.06345663265306123
6 0.5126488095238095 0.17881590136054418 0.10969387755102046 0.06138392857142856
10 0.6691228482596087 0.8471062017998234 0.4967153795278796 0.21972138524557883
10 0.6673096155590134 0.9722204596853509 0.4058573829392675 0.06342174727520433
