10 0.442354803775822 0.8537328462491013 0.4773681055155876 0.26397631894484413
7 0.18501048218029353 0.5880905160091482 0.06859276729559749 0.04245283018867925
7 0.37264996907854064 0.6697820037105752 0.04734848484848489 0.042758580705009305
7 0.42084589517625237 0.6665446718460112 0.01140228818800247 0.02029220779220777
7 0.5747526283240568 0.7398654916512061 0.0517934446505875 0.03667091836734695
7 0.9195974636446262 0.8403297013462849 0.052828902522154074 0.030035787321063444
7 0.9705673076923075 0.7147964743589743 0.0517761752136753 0.04306891025641031
7 0.9604414682539683 0.6513188959478021 0.06243322649572652 0.04532251602564106
7 0.8206186153092639 0.22771699202350965 0.055100755667506364 0.036799433249370274
7 0.9786069129582984 0.1321199922034305 0.03227329974811077 0.04722921914357683
6 0.34124596326571804 0.09613183091129272 0.11381698455949134 0.080466621253406
6 0.4738055427769323 0.17121204748929547 0.1067211625794732 0.07280313351498635
7 0.3336720867208674 0.33445768257024666 0.07029132791327915 0.055047425474254744
7 0.3275825913021035 0.41103489159891604 0.07029132791327909 0.057799796747967536
7 0.5394405729771584 0.4382863917924894 0.06775067750677503 0.05356537940379402
7 0.5441012427801046 0.5141673339081876 0.06577461607949418 0.0520833333333333
7 0.708919337756596 0.5273090715820951 0.06379855465221324 0.04700203252032518
7 0.7221534129403793 0.5969932990345529 0.06436314363143628 0.04551998644986446
1 0.3554226953167661 0.35126811828513305 0.10773966578715921 0.17624505277044858
1 0.5636637432993011 0.45595681482393485 0.10468362282878416 0.16671836228287837
1 0.7359469386607546 0.5496813638178109 0.10842745217745212 0.15839629120879115
