6 0.08145340954565276 0.41585910078223154 0.09408743976645212 0.04369130526537935
7 0.2466313985848358 0.4186624658606448 0.04857225330846436 0.03087807531752374
7 0.38831358646639913 0.3469617812606897 0.04729400545241575 0.030222813073358827
7 0.5394851399847715 0.2695592909096608 0.05082939894235757 0.025659071581478544
7 0.588612776389676 0.7606010169951544 0.03746322417443427 0.029300365696059844
7 0.7185810229756319 0.7158582512175784 0.040585947823460616 0.03067542568052246
7 0.8538615020096502 0.6654368151281731 0.04122154327915645 0.029357359604273228
7 0.037589936887960515 0.9075459113307089 0.05088240807691277 0.04293203181489519
7 0.22802880170147638 0.7827047538947121 0.049294911300636846 0.04202333531090198
7 0.21020190434946381 0.8382481121159523 0.054330235353955716 0.0455160216396171
7 0.3524513392366995 0.8798118570386494 0.04468553851269905 0.046350260935283855
7 0.3389476305024704 0.9371130437622653 0.05878894767783653 0.04398964661310346
1 0.24500534808423474 0.7979167288476988 0.10841180726534758 0.12583443149495882
1 0.3692608329808625 0.8946747099811052 0.09693961465858221 0.13176681547689087
7 0.45832557030797394 0.9662038475744441 0.04672496570644715 0.044470527555693744
1 0.47886643955685243 0.9554378883293128 0.07277407114434263 0.08022548010973933
14 0.2509296481442719 0.40407826927665885 0.11466906721536349 0.09695323505596044
14 0.33026383871794496 0.48486892689791244 0.05588922255588922 0.03962295628962296
14 0.39795219387998965 0.5560241746162863 0.0963018507322404 0.08616600748394729
14 0.39026799827843395 0.34294738117771045 0.11796879689992093 0.10507042858331785
14 0.46788657459578115 0.4275740967683369 0.04103879206003388 0.0349633487654321
14 0.5228915546934573 0.4860312355799868 0.07745308267011639 0.06775234149958684
14 0.5072588020118883 0.2199074074074074 0.016575217192501115 0.00793038408779149
14 0.5322686690946306 0.26178687565589565 0.05692847411924974 0.04256400482815577
14 0.6000621634574338 0.3263965092995605 0.060414343038088195 0.07097082804507518
14 0.668280366861927 0.42181026223579415 0.059101654846335616 0.08221191731830028
14 0.5924482592053116 0.7490129176904754 0.09406823965421592 0.09658873272636208
14 0.6648340282074702 0.8237032341111994 0.03142893622872409 0.02191431686260632
14 0.7065974060303601 0.8626775456864857 0.048646445522554774 0.04560604267739517
14 0.7149975251695885 0.7049566068021849 0.1038510561026331 0.09640955147491088
14 0.7956348316147092 0.7778791940537347 0.026327727552574426 0.017695270730047646
14 0.8125950024098172 0.8004879879879878 0.019880992103214267 0.019602936269602945
14 0.8431541965366554 0.6507530888041435 0.11547361736943015 0.10961810346816027
14 0.9314016866784107 0.7342562872180612 0.033971331510481366 0.043292733449333036
