7 0.614843199117241 0.3271205433461258 0.049654981566285526 0.0276852769480617
7 0.49997142203932327 0.43606395747599447 0.04643918609967995 0.024969993141289417
7 0.3972502099076406 0.5331556892744969 0.04366597215743589 0.02818204434493265
6 0.2407299912325963 0.5648866529911949 0.07283447225683039 0.05863725601238341
6 0.1544676377156884 0.5018647119341564 0.06335282651072124 0.060916179337231945
6 0.12165450121654502 0.5123020928743682 0.05425640563515664 0.0552654996845994
6 0.03742939711495577 0.45105552620445777 0.07083060907913799 0.0608149686550517
7 0.028888590684081828 0.6490307811261916 0.048756485954553584 0.048309178743961324
7 0.21440477199439825 0.7404985894688413 0.061092747972992065 0.04749696301946488
7 0.1880461701293363 0.7972575737317015 0.0662967419886794 0.05083678744930249
7 0.08380251435806992 0.963618509191426 0.059919504363948814 0.054054741554741464
7 0.5215508785540084 0.8873404541685057 0.047274387063119414 0.044149930446878816
7 0.5259652910604918 0.9486303106706082 0.05542514345331252 0.046731003303773236
7 0.6827033812104969 0.9633709857128904 0.05067395282903181 0.04552060879221361
7 0.8713340036869449 0.7925918943075807 0.041031227305737106 0.02886710239651405
7 0.9261256354393609 0.8134667755991285 0.035463568143306735 0.025780682643427803
7 0.9775682868822827 0.7157667626762342 0.04254690912332308 0.03189486116682265
14 0.5062878209477 0.43206910429686 0.14570125681236798 0.08308067363512253
14 0.6081849212770831 0.48512145572869086 0.045857657830095364 0.03334649248731932
14 0.6930973243326665 0.5372257862245177 0.09053549704069837 0.05846239461968358
14 0.4081887225263807 0.5233143069231181 0.14033719684237567 0.07677428981292853
14 0.5027441204689881 0.5791242212373164 0.056689342403628155 0.03829393710346087
14 0.6001662091218971 0.6309626004615958 0.11443638467438869 0.06915548308092168
14 0.725764107173445 0.3897606430847552 0.2612137676286793 0.1640543048495119
1 0.0436490522431547 0.6315889141551307 0.07470931035435137 0.10455505841411877
1 0.22135758422924118 0.74190094198036 0.10964289445810319 0.14238609599302557
1 0.5436897207936593 0.8974336232218485 0.07628628429662017 0.14106981161244725
1 0.701608851842269 0.94399949709423 0.08025658184862197 0.09342015361417391
