6 0.6127053875360041 0.0862842448939513 0.10608552631578938 0.07401315789473682
6 0.5004291975799329 0.17655235658452567 0.10135135135135134 0.07231841216216214
10 0.6303488973574346 0.8514057293477567 0.48961519736177317 0.27532169117647054
7 0.9351693019093077 0.5138956220167066 0.05717979315831343 0.05332637231503572
7 0.746008534745981 0.6173737377221056 0.07777149321266966 0.05249575791855206
7 0.5701459196195736 0.7102256385181775 0.0625 0.0439268867924528
7 0.19951723040775368 0.8940071405844632 0.03651365705614567 0.04244119878603936
7 0.10355014695816724 0.9468610339412974 0.046842915811088306 0.04106776180698155
7 0.6568904842342342 0.31339738175675674 0.0640625 0.0578125
7 0.6623149671052632 0.3867752878289474 0.06848958333333334 0.0591796875
7 0.5613382033984006 0.3757303850145703 0.06307965084560826 0.046158960720130926
7 0.4752517826596705 0.4434471040189125 0.06156422379826634 0.05115986997635931
7 0.47726634974084725 0.5161495988907594 0.07070994684889899 0.05249857630979502
7 0.3240461973338687 0.5439858372221387 0.06054305283757338 0.04189090019569477
7 0.3190127034305117 0.6177437716393195 0.06523157208088713 0.05320450097847358
7 0.11525314116777528 0.6940486026858553 0.057711549456832455 0.03805746140651802
7 0.10044739344687471 0.7654993732169102 0.058472738537794305 0.03804600371747204
7 0.021078269029088704 0.7634274783352654 0.04363995142683667 0.03856443533697638
1 0.09007494562734791 0.7191363824630301 0.10636543535620054 0.14532486807387857
1 0.3064764470717981 0.5707842224979319 0.09822167080231597 0.1576070099255583
1 0.45573698229291704 0.46799579206682695 0.10013640873015876 0.1613653273809524
1 0.6372307509715599 0.3369813402556968 0.1148897058823529 0.16659007352941177
