6 0.05416142372717554 0.4396113832604617 0.11336515513126491 0.050093478119972265
7 0.3340527577937651 0.527570443645084 0.05995203836930454 0.04159172661870505
7 0.5296047963672482 0.45746860366113234 0.061781609195402314 0.03556034482758621
6 0.4566848484848485 0.9253795454545456 0.050999999999999976 0.046624999999999875
6 0.5734737076648843 0.9772868779109884 0.05299975562072336 0.02840909090909083
9 0.5733966482353744 0.9554033125127994 0.033506268914829225 0.04073443579766547
7 0.6876433956079974 0.9582462717141921 0.04775073746312681 0.03221792035398234
7 0.8654902023497304 0.9125677653041644 0.05127374784110543 0.034407383419689276
7 0.04863569031513817 0.7834277613682333 0.08203133778287154 0.05895322085889569
7 0.026361196319018405 0.8609193933197 0.043669052488070896 0.06310710633946837
1 0.0656743733369454 0.8076057393583256 0.1321224300087489 0.1763691737288135
14 0.34160004557211543 0.5160402361963472 0.15114653243847875 0.16013003355704694
14 0.4395145176207166 0.6334797568633177 0.044660241433021795 0.0390625
14 0.5027722666873823 0.7112717959619279 0.07686769343401807 0.08772851006200959
14 0.5317351633581471 0.4425868486352357 0.14946236559139786 0.16419858870967743
14 0.8177562182280321 0.44206046886347145 0.038126361655773405 0.0483813316993464
14 0.7423620928121447 0.3359215679012268 0.056079323797139105 0.079266041131237
14 0.6396245021446078 0.5741254021139707 0.04346660539215688 0.03303079044117654
14 0.6800868785014006 0.6298663996848739 0.0536151960784314 0.06318933823529412
14 0.8872245783093093 0.5552111694857944 0.05538561364479051 0.0766885080645161
14 0.6848641813358433 0.9327562591316507 0.11990539522484932 0.12810870132127955
14 0.868387409251944 0.9045850887502033 0.1546663851351352 0.14085002321997225
