14 0.6492546197458408 0.5356854809890423 0.09412485771823834 0.17114854215918046
14 0.7602948636087036 0.771560987204262 0.09352787130564905 0.1252605419272086
1 0.09348512069283212 0.6796289578342853 0.11030239747763239 0.12130704502180456
1 0.18865229945529718 0.7640122349193115 0.0923878549638638 0.1094066703519439
1 0.32630579461488174 0.8966708723604948 0.06793087097156598 0.11370853020372913
1 0.383279277625635 0.9463607042592836 0.06308320208640286 0.10589722095209059
1 0.4464982942603225 0.9740453902690983 0.052498772206133894 0.05096402987349492
7 0.056200479086051226 0.7147902462993673 0.05169625125401797 0.03896412996744667
7 0.08400977568298854 0.6634509389375409 0.04785742071535327 0.03877218844051346
7 0.15902710953690627 0.8003001965481233 0.0440185901766886 0.03723665622504777
7 0.17871355670208625 0.7494716809471161 0.04478635628442153 0.0351252994287821
7 0.31094635689971767 0.87211090426111 0.035817710714830024 0.030435528120713227
7 0.30625487506388016 0.9261612738373811 0.0360082304526749 0.0320073159579331
7 0.24386763645008436 0.9533720826570262 0.03750430377256406 0.02935787713344161
7 0.3695871225592305 0.9823912132296906 0.03598706159291438 0.03080069095158265
7 0.3743183627157107 0.9296489991363103 0.038103947568968115 0.029054260021338173
7 0.4772408879973891 0.5381832509492084 0.038853865686016974 0.025036117677961676
7 0.43179493003318276 0.9804575312825936 0.0345052414096767 0.027942894883909872
7 0.3470854128360038 0.5670749058751422 0.039948340775763945 0.03037168374047805
7 0.7530186597646915 0.7658250589798208 0.030062530062530107 0.024551066217732835
7 0.6385156124739458 0.7861038459996794 0.03240072684517131 0.024050024050023957
7 0.626929012345679 0.503390136590491 0.02681463969880053 0.025856973995271863
7 0.3848904065610133 0.6052447246300674 0.037212153051396545 0.021342264250065673
6 0.03449140023214098 0.3234607470718582 0.08032605254827477 0.03531576448243115
9 0.12111088499977389 0.37261735178401845 0.028094333649889218 0.03294159544159543
7 0.2829877598396117 0.233707264957265 0.022554605887939203 0.027599715099715105
6 0.14792392107206923 0.4693600295452146 0.08823994935106047 0.030270655270655224
6 0.0892408245349422 0.3984414278531926 0.10050648939537828 0.03561253561253559
7 0.1212145193626675 0.2826745014245014 0.029677113010446336 0.0261158594491928
6 0.595349665734792 0.9840476266439083 0.04139819323528928 0.018444739560277448
7 0.5295299938157081 0.8043874115302686 0.029060445727112347 0.023047939714606547
7 0.6653085873242285 0.9872546849638484 0.022133687472332936 0.017368796419261315
6 0.46599459969395796 0.8312406683157285 0.053668791133692835 0.02270245576503097
7 0.7615832964438543 0.9781399094978112 0.02069909661764464 0.01383355467020813
7 0.8594337783752962 0.9655650375179664 0.014345908546882478 0.015216910137228873
6 0.45564399490687213 0.7915300095168432 0.028970004902616215 0.016852743236618128
6 0.5731873602981762 0.9403871140950599 0.022953453675011778 0.01306502385519643
7 0.5149505297259435 0.5791141318623587 0.025172927064179982 0.02298397688468604
14 0.47853098129746724 0.5255539245207267 0.09033423667570009 0.11103583258054801
14 0.5385551540700593 0.6092071916089531 0.03554819498812279 0.014114724480578197
14 0.5558064839907658 0.6373059486767707 0.027183913814446858 0.02195623808089936
14 0.3544026877943013 0.5579818716347257 0.0932617350864867 0.1038216400682525
14 0.44220162219258874 0.6714800117577896 0.030111412225233346 0.037639265281541684
14 0.41606324352485147 0.6348489410820035 0.03722105122285792 0.013173742848539545
14 0.6347202180535514 0.7731915718026829 0.06847576292020739 0.07866362033028705
14 0.6739295512443662 0.815592265245043 0.027390305168082982 0.019791165624499004
14 0.5334790057012279 0.7908544366877699 0.051440329218106935 0.07866362033028705
14 0.5534010742344075 0.823024390732724 0.016367377478488557 0.009770322270322282
14 0.5676517204479429 0.8344574510466498 0.03607503607503608 0.02058864110656932
9 0.454512051734274 0.7774170274170275 0.021043771043771028 0.025302629469296158
6 0.38619989626558016 0.7576700873557068 0.03774517663406551 0.03006253006253008
9 0.4829494807683736 0.8055802775549317 0.02525590170997306 0.030502072469581424
9 0.5737973053894554 0.9184528786675754 0.02541275228304889 0.03735059760956164
