6 0.0829084638811011 0.019818488392110572 0.06865541947436592 0.045035905759677336
6 0.3824951775207993 0.20458256210037226 0.07117661879566638 0.058736457545981356
6 0.46992559338238366 0.25683034910143965 0.07343669895110222 0.052479527788169764
6 0.6797409204141981 0.37561704544602736 0.05386512588158686 0.03455335245458704
7 0.033680329259653634 0.185629304831484 0.03874596023696059 0.03346791284334554
7 0.07028294065331102 0.20588978922312257 0.02093242833983575 0.02371599593821816
7 0.017279223282612294 0.23723145886363028 0.030931439791280022 0.047657952069716764
7 0.04441944614527809 0.25529315252285045 0.02880210154477886 0.026812851340810663
1 0.05757785615767376 0.19362330876856848 0.10213204657649101 0.16302579528118497
7 0.9798442331866 0.48952929410246465 0.03341112114824854 0.023210880256950662
7 0.36335013394850857 0.36292134417631633 0.04579294223950816 0.039132708683225784
7 0.3641517451436804 0.414511524135863 0.05254525275739805 0.041526709685023096
7 0.5078014845404186 0.43792318231592214 0.04376940293119629 0.036211284383799
7 0.5118151973756822 0.4888723753670952 0.04680872869463754 0.03695425949576652
7 0.6259618504095917 0.5013157940334004 0.04090803629214449 0.03188308239000617
7 0.6366324395674502 0.5505485831743693 0.040278748350027226 0.034139878872583254
7 0.7989249093157568 0.592843112159899 0.04039349062246152 0.02912348357033822
7 0.8134049687547631 0.6416823845450391 0.03843735711019659 0.031078532235939683
7 0.8788605462761235 0.6376867233518921 0.035008001828989534 0.02764917695473245
7 0.8942151254313159 0.6835086886542467 0.028764232118529798 0.029320366312960797
7 0.9641862127581884 0.7172820771160849 0.03009937728829289 0.02618275749770558
7 0.9463743456941053 0.6726617616582116 0.030346093495573916 0.026090238919975153
7 0.8601326568411337 0.7826574610490689 0.03333205133135904 0.025900446136687023
7 0.7879935238841764 0.7529271996864589 0.034171075837742454 0.026363168724279892
7 0.5286427463112343 0.653575283584391 0.03626121567833771 0.02947277878971873
7 0.4057053376906317 0.5964109023238926 0.041038792060033934 0.03276484204793031
7 0.26087836470350134 0.5355908048303313 0.04708336144280285 0.03330972137893817
1 0.38236144938084976 0.37127809128510353 0.07602426165567615 0.12488224502950071
1 0.5251990954898162 0.44800420883156894 0.07342337589251169 0.11755434209137909
1 0.6440155736719687 0.5173679651748507 0.0790656912056089 0.11173982624599905
1 0.965747385427679 0.6815936945653928 0.06963855889432416 0.09954431632890748
1 0.8962318621834942 0.651856873077673 0.07861635220125777 0.09772449336128586
1 0.818924249027549 0.605820533520434 0.07740313688950996 0.10518576752853483
10 0.4303270506974213 0.7429103783270453 0.33732985121874015 0.25002967711301055
10 0.8668058547285602 0.8789543119253264 0.20809951365506918 0.1786215327881994
12 0.3290466392318243 0.9740226337448555 0.04146402294550438 0.050972689861578706
12 0.33514153884524256 0.9483726150392816 0.011223344556677917 0.007716049382716049
12 0.2024039061076098 0.9537954329620996 0.05050505050505051 0.06383277216610551
