8 0.3108559767870702 0.5442649012908125 0.019931662870159468 0.07839194191343965
8 0.27692941542288546 0.5463910914179103 0.01895833333333338 0.076953125
8 0.20536458333333327 0.5522920185810811 0.020729166666666674 0.07507812500000002
8 0.17270833333333335 0.549877049180328 0.019687499999999976 0.07335937499999998
8 0.14039240867579908 0.5516449058219176 0.023541666666666662 0.07484374999999996
9 0.1567107749653259 0.39786270154299586 0.035312500000000004 0.061159739077669875
9 0.3158246527777776 0.3856423611111112 0.03406249999999999 0.06382812499999994
7 0.21669604700854705 0.3172736378205129 0.035312499999999976 0.02515624999999999
9 0.5810664140116002 0.37972938451506594 0.03622960617014795 0.08160913379073756
9 0.756575371853547 0.36465301039533904 0.028842486651411172 0.09528747139588098
9 0.9630830435383221 0.35526826074568907 0.03730660312197808 0.08168158153750515
12 0.2509977099415013 0.3143913095758846 0.12688779973242767 0.10323287427042441
12 0.5967366446341715 0.2968788841318447 0.08952886710239648 0.10744205699632037
12 0.9513924015062102 0.27400861394127696 0.050107486090035395 0.11155633535660092
