7 0.321700827653513 0.17918363392666067 0.04801097393689983 0.05945529709926729
7 0.2921972438109249 0.20548266675834684 0.037421552067454913 0.039365670360757485
7 0.2459731001228703 0.26736634096731426 0.013570806352639263 0.015609109283075254
7 0.2815523301575133 0.25728541265408955 0.0338911829029894 0.04357120353411097
7 0.5252492507543771 0.188639572645985 0.017576204187544648 0.0366463999504935
7 0.49607977621775723 0.2539716160812748 0.021181312030985267 0.018965919701213824
7 0.52931666493758 0.24211266296642114 0.01563382554667957 0.036851160217173294
7 0.7320617815211217 0.22814833204604804 0.023487848435437473 0.037342767295597455
7 0.7671834424687907 0.23817843000232938 0.022129047286279936 0.021473911017936175
7 0.36241061547921455 0.4044330906734852 0.0574305060719615 0.03412850114113473
7 0.5766444880325116 0.3972042741945824 0.05752983859595143 0.041044094457905446
7 0.7998552193240304 0.387621493935456 0.060779198510680005 0.03685791446208115
7 0.07909221046837986 0.7393017848246953 0.02994845329491644 0.03550294509181762
1 0.26153114529571425 0.19810669344662868 0.0955589927675208 0.14718211165236217
1 0.4956552238315278 0.17998198630604362 0.06921461507013467 0.14556579075044412
1 0.7487180697502028 0.15869966097611765 0.08944321194258675 0.149190017335796
12 0.11537493650787671 0.7485930614757316 0.05866807663676534 0.06490250290451091
12 0.3637209338002353 0.7456393985873064 0.04513800198666096 0.046783205619412536
9 0.022082391468150473 0.8071096331072852 0.03096707818930041 0.04749228395061734
9 0.142731325601696 0.8035914702581372 0.029835390946502057 0.04876543209876538
9 0.34117225770320264 0.7999333875029645 0.02232849455071677 0.0608321462488128
8 0.011729046501861507 0.9277931615888307 0.022599424873573595 0.06121649337961062
8 0.03417019839076224 0.929952091394878 0.02710905349794239 0.06662808641975301
8 0.09348542978158392 0.9281598647453072 0.026436825542432693 0.06880734502146581
8 0.11990562279214158 0.9309101694612776 0.025148605395518973 0.07135011812223752
4 0.34578055987504286 0.5088926280835062 0.12820825211176087 0.21130655609822274
4 0.5081407654318237 0.5080606196574264 0.12474911725825905 0.21417254898366703
4 0.6896452009510574 0.50170374431246 0.13392857142857145 0.21686678558662595
