6 0.019381483149156782 0.11061517326835099 0.04096265677472013 0.02538446406960804
7 0.6992148741179889 0.49953533004601164 0.04074290799129019 0.02803880398366144
7 0.5549929269547325 0.523677607698661 0.038217991074016126 0.02574280559902627
7 0.4230220525273841 0.5494873257059214 0.03661206195464077 0.024248803037807493
7 0.7025170227663403 0.7991345766773315 0.02861770749268813 0.014487714418173337
7 0.5923486687210813 0.8113656656192584 0.03276727507912802 0.014219423410429428
9 0.34597939100888225 0.5298750863501525 0.018094142727661546 0.033816936989489475
9 0.3658007837029898 0.5741901410474857 0.02242644099988734 0.022679494077799234
7 0.14616188275975397 0.8624565849302999 0.025359601553786387 0.013115481135341016
7 0.08135460730965882 0.790851401648962 0.0392990003842342 0.03556821838030754
7 0.10807625403095279 0.737821183939201 0.036970122787647615 0.032861520511799754
7 0.24450020877899145 0.7680624862750524 0.05457429885534463 0.03849919597468619
7 0.2567456666838329 0.7153932844328337 0.04222320538209805 0.04002865208781022
7 0.15284544026611963 0.6784909191357494 0.05071141767048198 0.040610786224821324
7 0.17340037866998653 0.6236950798838052 0.05025158211432724 0.03566241311339348
7 0.0834353491358322 0.521019905077876 0.07282923949590615 0.038820872154205495
7 0.04650805715517417 0.5729045082481328 0.058318144823870606 0.042009507467275956
7 0.37856352150640954 0.8384227326881296 0.04273192702764005 0.030378147176047372
7 0.3725052486122317 0.8898914459840496 0.04441068766066726 0.03202673377464118
7 0.4284444385051929 0.8949637813648155 0.036204124513166985 0.02829580873774579
7 0.42671713975113557 0.9448108761637146 0.04017032216598376 0.030378806138025363
7 0.4789851342235418 0.9427184823961396 0.038782767894753906 0.028403567609604212
7 0.4739173264666009 0.9866154669939596 0.03619875019051971 0.02337601978196522
7 0.28869455875628713 0.9864210720692197 0.03657978966620941 0.021776406035665257
6 0.42442136430427 0.722380657269105 0.04306632213608955 0.015978972697319002
6 0.3400014448536955 0.5993210304785929 0.03509418050418195 0.016663063842052236
6 0.5071468346129148 0.7920493768953616 0.04925757125977153 0.016588960483350016
7 0.778405952541787 0.9427532665547258 0.026847922887526816 0.012278013515637239
7 0.6861552348419935 0.9535763036353087 0.02378694962209846 0.011094972968611163
14 0.6006528419309584 0.23113118454620105 0.03914159561527118 0.08976819213866051
14 0.5607080791941971 0.1169859131332264 0.029368152588327246 0.0506447505302798
14 0.5097967999861168 0.03873258713684694 0.052556546825618604 0.050014586294440916
14 0.43752531686161916 0.2786995537781406 0.056865537308280326 0.07580010637794089
14 0.40301648780225396 0.20003416747357383 0.0341359537642218 0.03803653019849917
14 0.33902902982776456 0.09736604421511777 0.10377162611394275 0.12717011719509283
14 0.29240065761440137 0.33009502189406614 0.08416010144335048 0.09278832171159278
14 0.239596997650221 0.24278565895630802 0.054543662930115644 0.040640912920833806
14 0.1815742617932301 0.15009249477633838 0.10959853127858878 0.1217051467051467
14 0.7047702010952536 0.5041885753470149 0.10676967221816316 0.16024877976538063
1 0.08910449773660145 0.5349839161644363 0.12263280251859458 0.11296069673503106
1 0.1859625608689584 0.6362653770575271 0.10387031653686166 0.10858188247575656
1 0.25730500769568476 0.7336747479573408 0.08213538538576759 0.10818126520681273
1 0.38667657611458667 0.8508701741028789 0.0662518290323128 0.09982274934035885
1 0.43442786376324943 0.9070883808209477 0.058158610394246 0.09531735647930871
1 0.48760464406555326 0.9495579438707797 0.053608032585883585 0.08746141975308636
10 0.0502401427529064 0.9472955353195118 0.1440329218106996 0.10680045202683
