11 0.5002859676196665 0.5447556245938922 0.7346322016460906 0.44246720679012347
5 0.7462190767919308 0.26520530862174313 0.09793793575067468 0.15741347706277237
5 0.27538471604547654 0.27727262129370844 0.07578875171467767 0.1512824193702747
5 0.5095374180765128 0.2672725194330132 0.07338820301783269 0.154320987654321
12 0.06801074339200701 0.8094894979596778 0.060896272089082534 0.07517474582425568
7 0.742773540392588 0.3228286264000549 0.06088855295204497 0.03952506928697405
7 0.7364691300104544 0.26853046454852697 0.06634752666498699 0.048658352229780794
7 0.5104381001371742 0.3290114271017049 0.0688014403292181 0.047984182098765434
7 0.5132049663299663 0.271091996352413 0.062049897119341564 0.0431616512345679
7 0.27683586588235926 0.33303135770629855 0.06320593643288677 0.042684528500131304
9 0.039792810551390806 0.8626740744779114 0.03125488357555868 0.06055633692764497
7 0.2974819445378026 0.27764007453713035 0.049465493590653234 0.04552469135802469
7 0.7371309930167236 0.43972794161209316 0.05742176284811936 0.034243707531821245
7 0.3300588628602813 0.26956734902213625 0.050619472900796755 0.03037168374047805
7 0.31099499761436156 0.44784887166756127 0.06290257648953299 0.03061258722490606
7 0.5170538882602518 0.44616217144336917 0.057222381727118875 0.03379510000957033
