7 0.6182065217391305 0.7878170289855073 0.07095410628019323 0.04340277777777786
7 0.321658615136876 0.7692859299516909 0.0644122383252818 0.0445350241545893
7 0.020799785292538914 0.7503019323671498 0.03774154589371981 0.042647946859903384
7 0.6199965493443753 0.5119694616977226 0.05704365079365085 0.06622023809523814
7 0.6366016313932981 0.5503058862433862 0.04960317460317457 0.0494791666666667
7 0.656277557319224 0.6223751653439153 0.07142857142857141 0.05580357142857144
7 0.3674068986568987 0.5183436355311354 0.04613095238095237 0.054315476190476185
7 0.3151351686507936 0.5995861235119049 0.05952380952380949 0.05803571428571432
7 0.31840277777777776 0.51953125 0.023809523809523784 0.04501488095238102
7 0.36527777777777776 0.5922619047619048 0.015873015873015876 0.0234375
7 0.09561011904761905 0.47492559523809524 0.061507936507936505 0.06584821428571423
7 0.04380580357142857 0.5033714657738095 0.06994047619047619 0.05059523809523805
7 0.023164682539682537 0.5678943452380951 0.029265873015873016 0.04278273809523814
5 0.03507307394502514 0.48427518873403014 0.07390873015873016 0.20461309523809526
5 0.34383443093549476 0.5229625759878419 0.10615079365079362 0.21428571428571425
5 0.6696428571428571 0.5515321869488536 0.11904761904761899 0.20870535714285712
11 0.3275909019975031 0.840774520131086 0.6331928838951311 0.2249912219101124
