6 0.44087621607782884 0.06203197004608295 0.03808243727598567 0.11214717741935483
7 0.38882488479262667 0.2803379416282642 0.0526433691756272 0.0613239247311828
7 0.3696651400504447 0.3564005874153724 0.08792562724014334 0.06846438172043015
7 0.676025487853445 0.4032258064516129 0.06496415770609319 0.034442204301075294
7 0.8586876832844575 0.5260645772238515 0.07280465949820787 0.056283602150537605
7 0.5366076762246116 0.5726716509856631 0.08400537634408606 0.0558635752688172
7 0.730510752688172 0.28749439964157697 0.03752240143369174 0.05796370967741935
7 0.6824036738351253 0.29560558542413384 0.052083333333333336 0.0541834677419355
7 0.7127609108159394 0.22209539057558506 0.03640232974910387 0.05418346774193546
7 0.6662363233352196 0.23342441284663265 0.029121863799283075 0.04998319892473115
1 0.6894453009698505 0.22764221616065777 0.10024641577060933 0.18565188172043007
1 0.36086074214632086 0.290473296173308 0.0935259856630824 0.19069220430107525
10 0.6902263374485597 0.8420138888888887 0.22453703703703703 0.08796296296296298
10 0.9759534832451499 0.8158564814814815 0.07596450617283956 0.0596064814814814
10 0.6326003086419754 0.7165798611111109 0.13425925925925916 0.14293981481481488
10 0.815869341563786 0.6392746913580247 0.055555555555555476 0.019675925925925864
10 0.9906378600823046 0.650173611111111 0.009259259259259285 0.0885416666666667
