7 0.22390572390572394 0.1342112646937208 0.06051007147498374 0.04802225471085122
7 0.21461395744193937 0.18897616376720974 0.05942711717565519 0.05177875243664715
7 0.4600804952745622 0.11336455526936479 0.0626659166493965 0.04894232761938596
7 0.4596144592581178 0.16753776808985657 0.06686009217317504 0.051255292062646174
7 0.7082584339528782 0.09105103144454998 0.06355848369737262 0.04896723646723647
7 0.7215721758797099 0.14390130289024602 0.06901470603327069 0.051664819432899245
7 0.4365001854614043 0.2475572694293839 0.04456773462621417 0.024600764732343683
7 0.6432900817393222 0.22928626795533266 0.05378413318727726 0.025165053142671045
7 0.31683013949392436 0.35987461585904024 0.05831897789262132 0.045907503110345485
7 0.5333724902120527 0.348763618691155 0.058385362224670626 0.044936717800943576
12 0.16409764451486297 0.811202893814385 0.07040191042624132 0.06913467603856903
12 0.02373628115826404 0.8157644578436487 0.04841442749939482 0.06036673928830784
9 0.04065219469285339 0.9007072133143599 0.03277939833230207 0.05119479065382007
9 0.1237113484717379 0.8995900357844897 0.025044933557264493 0.04088217095377005
12 0.957504364179534 0.7823932421017351 0.06653124212648012 0.055606733434114416
10 0.4791854327083608 0.4927133185977985 0.40654204368960345 0.2113326561855973
