7 0.34071557971014493 0.4069972826086956 0.0570652173913043 0.03804347826086953
7 0.5583786231884056 0.30010190217391297 0.06793478260869558 0.03464673913043481
7 0.13327157444005266 0.502161561264822 0.05978260869565215 0.03192934782608692
7 0.9815217391304347 0.8637115036231883 0.03342391304347837 0.045516304347826164
7 0.8031954508856681 0.9397644927536228 0.06612318840579702 0.045516304347825984
7 0.6109148550724637 0.9926403985507244 0.055253623188405855 0.012228260869565234
14 0.13665130749842466 0.4892781190926274 0.15398550724637677 0.13790760869565216
14 0.337578661327231 0.39673913043478265 0.16213768115942032 0.1426630434782609
14 0.5090126811594202 0.23335597826086954 0.030797101449275388 0.029211956521739156
14 0.5571708937198067 0.30027173913043476 0.07427536231884062 0.060461956521739114
14 0.7275884894091416 0.5036057692307692 0.08333333333333333 0.11548913043478262
14 0.5266002415458938 0.6033740942028986 0.09239130434782604 0.09646739130434785
14 0.4524003623188405 0.515625 0.05887681159420287 0.04619565217391299
14 0.24945148953301116 0.6014492753623188 0.0797101449275362 0.05230978260869561
14 0.33313707729468595 0.6878774154589372 0.11413043478260866 0.10054347826086954
