7 0.7879409545368795 0.1484815496028003 0.04981589776911416 0.035432910981156585
6 0.7084086442154759 0.275640039332619 0.030900551120417646 0.07934170920036641
6 0.5823910548423048 0.2998876379323964 0.03144585496371912 0.0762062121013829
6 0.461824966294614 0.31849350112458985 0.037625965187802604 0.07593356017973217
6 0.13695438078154126 0.37421508953347815 0.043017351334440346 0.07242256876759805
6 0.03068741898268848 0.39435635970483035 0.05625345943734508 0.06791025918706227
10 0.8564467082985597 0.7998323692768139 0.18830278089537347 0.20505985783763553
10 0.7006991208380098 0.7382856341189673 0.0486344930789375 0.031098017209128283
10 0.5924055368499811 0.8276748971193416 0.1702207257762813 0.19617471006359904
7 0.9636546811722843 0.6126135370949238 0.06262300948291281 0.04156229498419518
7 0.7329780968569214 0.6457764880419873 0.06013796942406717 0.04156229498419518
7 0.5166471371753808 0.6730219373489245 0.055664897318144724 0.04156229498419509
7 0.1375883845914263 0.7216059322876285 0.04348820102980061 0.03988489294447422
7 0.8540800797111835 0.4075046577810536 0.06244497676227917 0.04664179104477612
7 0.8878731627641393 0.4531355567839813 0.06500419712138888 0.041075486763712345
7 0.6251269679902991 0.4393648033998911 0.05669249496409985 0.043793793793793806
7 0.6400896129760012 0.4885995348372281 0.061635709783857996 0.04831220108997892
7 0.4036809554068541 0.474593772694263 0.057104889280815176 0.04363242210464432
7 0.4020306682343721 0.526826640185395 0.06123848716441308 0.045584398883010004
7 0.05280515273639703 0.5322746314453245 0.05594904333284146 0.043959962618661176
7 0.029840343700643254 0.5827160750004096 0.05451445247815322 0.04688037971570506
1 0.8596942791148707 0.40516616482658646 0.09394184712946105 0.1343351548269581
1 0.6263847912239724 0.4443704943979066 0.07298965632298965 0.1332582582582582
1 0.4020223741933952 0.48092822379734007 0.06209282246218365 0.13098361758670568
1 0.039123503450827476 0.5297641611107395 0.08005614149837845 0.13145388766249694
