14 0.8371160912839083 0.47804676019112335 0.16852981029810293 0.273755081300813
14 0.2239653906955736 0.20499872967479676 0.12618563685636858 0.14608739837398377
1 0.08378133378133377 0.6469624946187442 0.15224358974358973 0.15625
1 0.18824034490317096 0.7919251138652862 0.14332851549476236 0.15184265510363604
1 0.3833541452819123 0.9443169776239098 0.12406899943788646 0.08938527613827993
7 0.06391392718275007 0.6457118239660655 0.11775362318840579 0.060461956521739066
7 0.05048309178743961 0.7169610507246377 0.09239130434782608 0.056385869565217385
7 0.17499759370788984 0.8498892675934329 0.08876811594202898 0.0625
7 0.18093297101449268 0.7752632472826086 0.10054347826086954 0.049592391304347935
7 0.3595722300140251 0.9598965638148668 0.08605072463768118 0.04687499999999982
7 0.8186728395061725 0.4494263285024154 0.06702898550724636 0.05434782608695654
7 0.4208619374523264 0.5350042906178489 0.05163043478260866 0.05230978260869561
7 0.6167753623188403 0.49874999999999997 0.0570652173913043 0.05842391304347823
7 0.8334398976982098 0.9045316496163682 0.04619565217391302 0.02649456521739122
7 0.6743659420289855 0.9123156055900621 0.04800724637681159 0.037364130434782615
6 0.31480763550435675 0.6124510781273077 0.05686936936936941 0.028012387387387427
6 0.5385678871090772 0.8985918972332014 0.05434782608695657 0.025922482837528626
7 0.03439800919117648 0.9833783005514706 0.05508528431372549 0.03170905882352937
6 0.44501797147678157 0.7941110186533529 0.026220442410373756 0.02198941647597259
14 0.6146461666229566 0.4753270062942564 0.12618563685636855 0.14227642276422764
14 0.6958559168925024 0.5934535907859079 0.03726287262872627 0.02604166666666661
14 0.7165843979868372 0.6301720383275261 0.033028455284552886 0.027311991869918728
14 0.43633813531117766 0.5201090251034088 0.10670731707317073 0.14354674796747968
14 0.5060128726287263 0.6306106029810298 0.04234417344173439 0.02032520325203251
14 0.5464181286549707 0.6844044180573384 0.07113821138211383 0.0724085365853659
14 0.15258017163504967 0.08431783536585366 0.07537262872628728 0.060340447154471545
14 0.4414504622987407 0.12777977044476324 0.08468834688346885 0.11242378048780491
14 0.38750967866821534 0.021595528455284556 0.04403794037940377 0.04446138211382114
14 0.6843947606142727 0.06341039972899729 0.060128726287262894 0.11115345528455285
