7 0.10119578134284016 0.4360238413547236 0.07080610021786495 0.04493464052287584
7 0.21193199502023027 0.19474109088079677 0.07012527233115469 0.06331699346405228
7 0.2724673202614379 0.25679125816993464 0.07284858387799567 0.054636437908496746
7 0.2581472403776326 0.3329532044299201 0.07352941176470588 0.05667892156862746
7 0.39997158283603296 0.2952276925262859 0.05923202614379086 0.06280637254901963
7 0.30977668845315903 0.5274714052287581 0.06604030501089327 0.04799836601307188
7 0.4696955942870975 0.4341412490922294 0.05855119825708061 0.04850898692810457
7 0.4749114923747277 0.36302593954248363 0.07012527233115472 0.05208333333333335
7 0.56965436637618 0.3783062704248366 0.04833877995642707 0.056168300653594815
7 0.6437765164545352 0.45321637426900585 0.06263616557734213 0.046466503267973816
7 0.6562329793028323 0.5276628880718953 0.05582788671023972 0.046466503267973816
7 0.8021287218591138 0.5088124659586055 0.05310457516339871 0.051572712418300616
7 0.9019177846577228 0.5848490712074305 0.06263616557734213 0.04901960784313726
7 0.9113306781045751 0.6444993361928106 0.06331699346405226 0.044424019607843146
5 0.30597993827160497 0.28097511574074074 0.17395833333333333 0.20625
5 0.5144097222222223 0.3861848958333333 0.16197916666666667 0.19140625
5 0.6928772522522523 0.47757601351351353 0.15364583333333334 0.184375
11 0.6747341047218325 0.7828152393057503 0.5643115942028984 0.34636548913043486
