6 0.420833 0.8652339999999998 0.02916699999999993 0.03046900000000008
6 0.06336122047244094 0.4460199311023622 0.1287729658792651 0.04306102362204731
7 0.3625840715223097 0.5845918430118109 0.05905511811023618 0.040600393700787406
7 0.5526027996500437 0.536622375328084 0.05823490813648296 0.03690944881889759
6 0.025665342003853564 0.33629312680635837 0.05298651252408478 0.03161127167630058
9 0.021947254335260114 0.3030843569364162 0.04455684007707129 0.04696531791907517
7 0.11615645250513668 0.9264146959459459 0.06052927927927927 0.05841779279279287
7 0.13219185094185093 0.8492547945672946 0.057244744744744745 0.05313907657657655
7 0.6210451522951524 0.9302606177606177 0.04504504504504503 0.03096846846846848
7 0.7798423423423422 0.9000563063063064 0.04973723723723727 0.03167229729729737
7 0.9486396118340561 0.8690982649315984 0.04269894894894897 0.030616554054054036
6 0.4030401575044432 0.8626140489979773 0.05583708708708705 0.04539695945945947
6 0.5179607961620156 0.9676702235772361 0.05771396396396398 0.02604166666666661
9 0.5006569069069069 0.8790626564064062 0.023460960960960973 0.04434121621621614
9 0.5448528886028886 0.9267247157872157 0.03003003003003002 0.04680461711711707
14 0.3760751810114868 0.5798321901028908 0.13070594479830142 0.15425955414012743
14 0.4623732012267044 0.6855980184005661 0.05307855626326964 0.027866242038216527
14 0.4527158527954706 0.7163946390658175 0.019240976645435205 0.008459394904458595
14 0.492932171192312 0.738822075092189 0.04511677282377917 0.05025875796178347
14 0.5565543455927674 0.5279818163139512 0.12208067940552023 0.15724522292993628
14 0.6272143686191786 0.9153619458109319 0.12300531914893612 0.15043218085106372
14 0.7820995862884161 0.8843408318557924 0.12632978723404248 0.15126329787234044
14 0.9386720881069283 0.8504298366748495 0.12245124113475174 0.1387965425531915
14 0.7648694908001712 0.4611280487804878 0.04996612466124652 0.11115345528455282
14 0.8135162601626018 0.5539888211382115 0.016090785907859128 0.02096036585365857
14 0.7322719060523938 0.5004022696476965 0.022018970189701885 0.06796239837398374
14 0.8355916892502259 0.6010755420054201 0.01693766937669376 0.020325203252032596
14 0.852981029810298 0.632177337398374 0.028794037940379387 0.03239329268292686
