7 0.8357926820196971 0.24572449901812013 0.0829855842185129 0.0659142640364188
9 0.8247041420118343 0.8022336778346393 0.030318780318780252 0.05944646569646581
9 0.7017464058011701 0.8253224778236679 0.026421836982968353 0.05522124109229383
7 0.6082207987072945 0.03741776315789473 0.0726425438596492 0.059416118421052634
7 0.6128231095679014 0.11673538773148144 0.07306134259259262 0.06311487268518519
7 0.4088594596883468 0.15335207063008124 0.06504065040650406 0.047383130081300816
7 0.4045427925388652 0.22576360441955728 0.0648433487416538 0.05525327426810478
7 0.2468029792017988 0.24250661654487535 0.06235947161326587 0.04466167790893762
7 0.23994023422377087 0.30897484756097565 0.053014905149051474 0.03938008130081298
4 0.619052342462046 0.48062549115271525 0.23605510752688172 0.2803679435483871
4 0.4621926690959713 0.5339250711390437 0.18410852713178294 0.26299055232558144
4 0.33966487347253715 0.5636815815736018 0.1843584656084656 0.2506510416666667
1 0.5875110668437362 0.08647700863213813 0.13197211155378483 0.15500498007968128
1 0.20325649978537638 0.26752457611832614 0.14678030303030307 0.17933238636363638
1 0.3702967609723508 0.16524172255627506 0.13741134751773057 0.18977171985815605
