6 0.10528842420875968 0.05556899424823953 0.07934428138830653 0.07534067085953877
6 0.3887032495077784 0.22914547525794107 0.08154401264143452 0.05585025477222605
6 0.47904615898630887 0.2780640393063103 0.0742545055829673 0.05081142131451295
7 0.7185820870554384 0.32020475760313166 0.03931212151627681 0.02797852052594599
7 0.8407229939180766 0.2509529825572007 0.041235906186222394 0.03004868011643079
7 0.07382441432057087 0.23694252598864762 0.06591067911822628 0.04413897888740657
7 0.050593977377313 0.28568680813926783 0.06678524098486434 0.05080822347771503
7 0.3830398505323215 0.3927692741039771 0.05282720083918337 0.03962040062938758
7 0.37499921644586104 0.44502814330578355 0.04863912317157643 0.0408721427698325
7 0.5237070605111604 0.46452543722809264 0.04808744326564036 0.03738909006204607
7 0.5277363671730156 0.5163384781260826 0.04703332907829877 0.036585699436511764
7 0.6399695865104671 0.5238532557714948 0.04420515426804734 0.03381561950744336
7 0.6500360846986 0.5728226315128127 0.043914072398663906 0.03229745861213201
7 0.27006561557359204 0.5672170911465619 0.061935711250012945 0.03799717013402995
7 0.4184186937212239 0.6207599926659332 0.05042170883755044 0.033232489915658234
7 0.5424106110747811 0.6715233603498272 0.050862347990937286 0.02947704258565681
7 0.7841606138251841 0.743444005039917 0.04736392577063438 0.027588516189145144
7 0.8581417912944563 0.7733175248419151 0.04934925892468804 0.026661146241092004
7 0.8160877427673294 0.6109541477758532 0.04297430008024319 0.03285187393714522
7 0.8308663915428505 0.6595641145813507 0.04348373153329186 0.030600519584332544
7 0.8953107348906643 0.6521314640825465 0.04094423263132415 0.03070817447349311
7 0.9093369211208175 0.6983175101677376 0.0433181719731428 0.0294804225928333
7 0.9818244936946487 0.7306678627233376 0.03389816471211813 0.0287798979659445
10 0.4441961369105964 0.7501099308108761 0.32011331333104814 0.1545720521678583
10 0.45716171570689856 0.8558365872590649 0.27245228381952624 0.10218244735032414
1 0.08330413238726668 0.2340888328151566 0.11024844736134766 0.13400367523358442
1 0.3999896688402229 0.40033754308558955 0.07436951474456996 0.12307134821737624
1 0.5439810019970532 0.47815018267064296 0.07098727690933322 0.11638300000904168
1 0.6599766152462414 0.5391143506116841 0.07652404142780982 0.11091119018096214
1 0.8394698180107664 0.6251722762985685 0.08456881302770027 0.10126602476430147
1 0.9167029217401733 0.6671899133316405 0.08026807155627487 0.09689691834079156
10 0.8747729000891493 0.881306809478269 0.18604010896655646 0.11696335419926973
10 0.934002728248959 0.9641632361452063 0.1280472803721596 0.051759889700238974
