7 0.07037146843979539 0.9522637545865514 0.06060498557305709 0.04523201362281815
7 0.02263712353112098 0.6397415820308541 0.03961496617946171 0.047670994749538745
6 0.23474703593899382 0.5581329591741515 0.07240714695004427 0.058700578215346126
6 0.030088454212967845 0.44603212161577954 0.062048646138572645 0.056744487678339846
7 0.6091661530917211 0.31761918252122223 0.04915409236396896 0.0288637402834934
7 0.4894683892348592 0.4277542199278926 0.04575002731344913 0.024411395170982217
7 0.3908230266296893 0.5255947089148326 0.045010288065843625 0.02632298096707822
7 0.9735871397470804 0.7120582785660177 0.04171529185348968 0.02936705362078489
7 0.9157161459352678 0.8119058429951123 0.035739666484869516 0.019677475333432497
7 0.8621905003728593 0.7869722436322166 0.0388384814980085 0.02726957211562293
7 0.6733536441719353 0.9539640888668165 0.04809763634472821 0.04484779605116555
1 0.6882016157988882 0.9446327060647163 0.08301020635557331 0.10014150733163983
7 0.513439746063239 0.8808941093538265 0.0452354646042497 0.041582600758994975
7 0.5184779152569899 0.9419313313066019 0.05404236921746646 0.04518542537349268
1 0.5295106587445151 0.8981183038546998 0.07525900305839775 0.13900898304270543
7 0.20596574561674483 0.7354948720185206 0.059905193519820786 0.04883575558681047
7 0.1778028170370491 0.7881385236828656 0.06320381535713147 0.04919729160685237
1 0.20374994931987275 0.7440164388911692 0.10999963256907702 0.13468639770723115
14 0.5198474105866915 0.27004652136040924 0.08587919369463626 0.05035049173467252
14 0.6411571274912539 0.3349529465534521 0.1408070028597336 0.0787952500523122
14 0.8003239086227226 0.4352616124287054 0.07919103313840148 0.0626929012345679
14 0.4926118188981634 0.422682981133316 0.14288980338363058 0.08069071249899135
14 0.5983042429402583 0.48123314885767005 0.045764154959557254 0.03139633886760327
14 0.684477581029305 0.5296172609391001 0.09188307081027383 0.05800340570455516
14 0.37773275380294924 0.5082114007011127 0.13244406603282718 0.0749432382574145
14 0.4942223765743292 0.5717485230743952 0.05557920628163287 0.03591954022988507
14 0.5785942096014941 0.6169965285989837 0.09578544061302685 0.054322761458776736
