7 0.5976118939079985 0.633454206382097 0.01525590551181108 0.016535433070866096
7 0.5746847507331377 0.616217008797654 0.015846774193548414 0.01827956989247309
7 0.5469296906796905 0.5960554877221544 0.017032967032967007 0.018986568986568954
7 0.4603790775613016 0.533607483173373 0.021334126644256855 0.02388573290939204
7 0.4133216911764705 0.5010416666666667 0.02357536764705884 0.026102941176470572
7 0.35283955304838355 0.4653919866927027 0.02678997613365158 0.03221957040572791
7 0.21916751333502668 0.4455846245025823 0.015501968503937008 0.018897637795275615
7 0.40455555555555556 0.6615121328224778 0.014034482758620697 0.016643678160919537
7 0.3742101926977687 0.6469895199459094 0.014655172413793138 0.018620689655172402
7 0.3391943277310926 0.6317563025210085 0.014889705882352928 0.01950980392156862
7 0.2295126461465044 0.584138630398473 0.019192913385826786 0.022637795275590556
7 0.17235899596701382 0.5582736411244206 0.02188195991091314 0.02598366740905711
7 0.10345990566037737 0.5293993710691826 0.025235849056603768 0.02761006289308178
7 0.217580189419706 0.6690126105384335 0.012594840667678284 0.015174506828528061
7 0.17769881826892367 0.6564271265836262 0.014653465346534632 0.017161716171617172
7 0.05326708153416306 0.618243586487173 0.018553149606299214 0.020603674540682352
7 0.188045623499227 0.7225014528030875 0.017644978783592648 0.020273455917020327
7 0.08792864955285336 0.6871935919706619 0.012181528662420376 0.014225053078556205
7 0.02391772510060363 0.7101829728370221 0.012877263581488933 0.012206572769953104
7 0.4249695616883118 0.8201073232323233 0.015848214285714278 0.030456349206349084
7 0.29932920819187386 0.7768919066914904 0.016561712846347634 0.027120067170444902
7 0.29657839177528916 0.822523101401383 0.018436754176610975 0.027684964200477377
7 0.20349220489977732 0.7807512991833704 0.01971046770601336 0.025463994060876
7 0.19831855320844957 0.8261193038395115 0.01819948186528495 0.02564766839378232
7 0.15447644460802354 0.7825450864924551 0.018421052631578932 0.021727395411605965
7 0.14792299257759783 0.8274544534412954 0.018016194331983797 0.024561403508771947
7 0.10913937547600913 0.7851078954049253 0.018811881188118818 0.02270627062706262
7 0.10363960396039607 0.8276620462046206 0.023316831683168317 0.02402640264026407
7 0.03579432706898563 0.7885276837477142 0.016767830045523523 0.022407688416793158
7 0.029116748884190746 0.8291284942447734 0.015568475452196385 0.024203273040482295
7 0.5379790016968324 0.9386217948717946 0.015349264705882434 0.020772058823529428
7 0.45913646783397555 0.9342779105496757 0.01439179632248937 0.020273455917020178
9 0.4475485588972432 0.92469089390142 0.01151315789473682 0.04456140350877195
9 0.39280553796557477 0.9219407825302706 0.011769616026711163 0.040456316082359535
12 0.3719287258080361 0.9237646134197859 0.026816239316239318 0.042022792022791994
12 0.41935474669100853 0.9252472234900353 0.02531948881789134 0.044408945686900854
12 0.29092911632372725 0.91188723385989 0.01450437317784258 0.044974349629961885
12 0.23525481189851266 0.9124613589967921 0.021899606299212622 0.045406824146981765
12 0.1691512377782401 0.9089355800568615 0.026029748283752867 0.04027459954233412
12 0.1294238945578231 0.9087783446712018 0.028252551020408162 0.04090136054421767
6 0.2447686887254903 0.4488306781045753 0.031204044117647045 0.019607843137254954
6 0.20162077965816286 0.4607729224551656 0.027725856697819323 0.018847352024922125
13 0.3416377001806778 0.7015861947083342 0.06223967362411298 0.10645920172998732
13 0.4049404155563754 0.7225130191432055 0.05305655755624457 0.09277116402116402
13 0.4495838354623603 0.7375533595779438 0.042841648590021694 0.08235719450469985
