11 0.4088539764889646 0.3150428871848967 0.1018987341772152 0.21097046413502107
10 0.9196159420289852 0.2314816709292412 0.08297101449275363 0.08859903381642513
10 0.814772485080989 0.216958653026428 0.058913043478260874 0.07178743961352654
1 0.9381950821344759 0.07017764627192237 0.03299663299663291 0.09326599326599326
10 0.7417212092878291 0.2009412498052049 0.0418840579710145 0.05758454106280192
12 0.06914872003250712 0.07590410402275498 0.01728971962616822 0.028971962616822423
12 0.057359813084112116 0.06477673935617859 0.0516355140186916 0.052024922118380064
1 0.8675947789584155 0.08379319894471414 0.02550505050505046 0.0797979797979798
1 0.9002159273898408 0.07991265310105891 0.028787878787878755 0.08439955106621773
12 0.029290906393710136 0.06072788409237007 0.057710280373831774 0.05981308411214953
1 0.5432194616977227 0.06462190673370798 0.01979591836734687 0.0820408163265306
1 0.8174129506446578 0.09207111768087374 0.02398989898989896 0.06958473625140292
10 0.6916715518645171 0.19240188894316881 0.03326086956521738 0.04473429951690821
10 0.6539420289855074 0.19038424377554816 0.028623188405797008 0.03797101449275363
1 0.7944023569023568 0.09514920446292996 0.018771043771043765 0.06543209876543209
9 0.051554958315050456 0.12713909609477841 0.018867924528301886 0.05125786163522012
1 0.7732483565816897 0.09311456718864129 0.01590909090909088 0.057575757575757565
8 0.16737870508362315 0.19953358723850526 0.009357923497267762 0.03087431693989072
1 0.7239612244897958 0.10183401360544214 0.015612244897959045 0.05061224489795919
1 0.7408891171603037 0.10016739903745554 0.01717171717171709 0.05084175084175083
9 0.10351448312516608 0.1300026574541589 0.01485849056603773 0.04433962264150944
12 0.8916537621600158 0.1692435973793925 0.020869565217391254 0.02937198067632848
9 0.12483218432510888 0.13053942912433475 0.013207547169811321 0.038050314465408804
9 0.16202134683098593 0.1355780516431925 0.010299295774647874 0.03990610328638496
12 0.8094253750317825 0.16712941774726672 0.023333333333333258 0.02647342995169085
12 0.8311153119092627 0.17003570678428903 0.025144927536231876 0.027632850241545895
7 0.8201113701113701 0.11048087714754382 0.013383838383838338 0.016947250280583602
7 0.8243367003367004 0.07631874298540965 0.01405723905723903 0.01728395061728395
7 0.8739478114478114 0.0674485596707819 0.015572390572390531 0.020987654320987655
7 0.8705277411799152 0.10393305030986191 0.014898989898989839 0.01885521885521886
7 0.9033232323232323 0.1019618406285073 0.016750841750841686 0.021436588103254772
7 0.9081879400061217 0.06282012039587798 0.017424242424242495 0.021661054994388317
7 0.9411195286195286 0.09996114996114992 0.015572390572390531 0.023569023569023555
7 0.948155162738496 0.05714552936775159 0.01893939393939388 0.02368125701459034
9 0.1894123360854784 0.14266634288489558 0.008274647887323936 0.024530516431924883
7 0.08173751268857853 0.07838918641417855 0.015594875564422978 0.022118380062305286
7 0.10536629484473918 0.07648477539945732 0.017757009345794387 0.03271028037383177
7 0.1262694704049844 0.08107995846313602 0.012850467289719617 0.02834890965732088
8 0.00342990342990343 0.2255762015762016 0.007898351648351648 0.04064835164835165
7 0.03569434597660405 0.1890228051518374 0.01373626373626373 0.017582417582417558
7 0.5373051948051948 0.04820655534941249 0.010714285714285779 0.019047619047619042
7 0.5388204081632652 0.0947972789115646 0.012040816326530602 0.018231292517006798
7 0.7989818823152155 0.07990486879375769 0.010858585858585911 0.016610549943883286
7 0.7970099546186502 0.1118528277948568 0.011616161616161661 0.016835016835016838
7 0.45491212480252763 0.12513164823591366 0.014454976303317551 0.016271721958925754
7 0.45630985915492966 0.09173708920187792 0.012323943661971782 0.022065727699530507
7 0.4560935054773083 0.04727438706311946 0.011795774647887357 0.018075117370892017
7 0.7772727272727273 0.0838608305274972 0.011026936026936027 0.015937149270482592
8 0.12710928961748633 0.21164298724954464 0.005669398907103812 0.023588342440801435
8 0.13048605119355763 0.21145623621896278 0.0032786885245901657 0.01766848816029142
8 0.13599299863387979 0.21021174863387979 0.004098360655737707 0.018488160291438967
7 0.7451728826728827 0.08864715531382197 0.010690235690235682 0.014478114478114474
7 0.7758627946127948 0.11375327347549567 0.009764309764309814 0.016161616161616165
7 0.7436623176206508 0.11636737747848859 0.010437710437710508 0.015039281705948383
12 0.7320874240299207 0.1677014181081502 0.008478260869565133 0.015748792270531414
8 0.04966422466422467 0.2110263193596526 0.008791208791208788 0.038369963369963365
8 0.09894686404045343 0.22270342277682625 0.01256830601092895 0.053278688524590126
8 0.05538639601139601 0.21135531135531133 0.0092032967032967 0.03782051282051282
8 0.04387755102040817 0.2119047619047619 0.010233516483516489 0.03919413919413917
1 0.2660753317720531 0.1930965391621129 0.008128415300546464 0.02049180327868851
1 0.30269320843091335 0.19238550611501432 0.007172131147540995 0.022313296903460848
1 0.2240960837887067 0.19602610807528842 0.008196721311475414 0.026320582877959926
1 0.24497620306716023 0.19375697749574006 0.007650273224043701 0.021584699453551896
8 0.11343161809350334 0.22059805707346686 0.007855191256830594 0.026320582877959926
9 0.17406737723639132 0.1300057099352874 0.012323943661971839 0.028403755868544597
7 0.845 0.128333 0.010999999999999887 0.02
7 0.13051083138173303 0.17766068175904237 0.010245901639344268 0.01256830601092895
7 0.11350819672131145 0.17676867030965396 0.014275956284152997 0.00765027322404372
7 0.7268547418967586 0.1159343737494998 0.009387755102040842 0.009387755102040823
7 0.7287308673469387 0.09073129251700679 0.0089795918367347 0.012517006802721085
7 0.715139634801289 0.09247404224847834 0.00948979591836735 0.010748299319727891
7 0.7137152133580705 0.1178602350030921 0.008469387755102047 0.01183673469387755
7 0.17608583003580186 0.17138056654732745 0.008469945355191272 0.011930783242258637
7 0.15198087431693988 0.19689617486338798 0.006693989071038232 0.009380692167577422
7 0.17710772833723656 0.19660421545667445 0.006352459016393425 0.008196721311475396
7 0.19270264116575586 0.19644049787492407 0.005601092896174862 0.009836065573770498
7 0.30262295081967217 0.19018214936247727 0.006967213114754145 0.009107468123861547
7 0.2659949908925319 0.19129857316332727 0.008060109289617458 0.009198542805100185
7 0.24529013791308873 0.1911787665886026 0.007650273224043701 0.009016393442622946
7 0.2253464090554255 0.19141295862607338 0.004713114754098342 0.009289617486338783
7 0.06583706460429145 0.13788645306351882 0.005522765598650927 0.010511523327712212
7 0.07212013723323833 0.1385997557713555 0.006197301854974711 0.010511523327712192
7 0.19635127635960037 0.13768960414354417 0.005778301886792463 0.011320754716981128
7 0.20051591981132075 0.13804048742138367 0.003891509433962284 0.010691823899371058
7 0.2040625 0.13772798742138365 0.005188679245283026 0.011792452830188684
7 0.11336520947176684 0.18444899817850632 0.01106557377049181 0.00482695810564663
7 0.2210997267759563 0.1919854280510018 0.0017759562841530112 0.007377049180327845
