13 0.7435889175257732 0.7279410080183276 0.0649484536082474 0.10893470790378001
13 0.8149861256937154 0.7357057147142643 0.061440677966101705 0.09858757062146893
10 0.5960236610418195 0.9685450232330639 0.08273936170212767 0.06260992907801423
10 0.3728319985656227 0.9404633835365367 0.05452127659574467 0.07234042553191466
13 0.8638317191283291 0.7375383373688463 0.06483050847457628 0.08954802259887007
10 0.4626743137891828 0.9556204861675057 0.06897872340425533 0.07334042553191497
1 0.69475814809264 0.7977885912353596 0.03195754716981139 0.09276729559748431
1 0.5605837264150942 0.8148486635220125 0.021816037735849024 0.08820754716981127
1 0.6044350678066038 0.8123206564465411 0.025117924528301843 0.09119496855345915
10 0.3066560283687945 0.9315319148936168 0.0429521276595745 0.0578014184397163
12 0.8430304276315789 0.938029970760234 0.03240131578947376 0.04846491228070181
1 0.5232697255574618 0.8147712978845056 0.020518867924528193 0.07044025157232711
1 0.4655885821309658 0.8180493895671478 0.01945754716981128 0.07845911949685523
10 0.25529078014184403 0.9240638297872337 0.03563829787234044 0.049645390070921926
1 0.4384082257530618 0.8265006068630696 0.019929245283018874 0.0712264150943397
1 0.41522881496193287 0.8224428997020852 0.019575471698113175 0.05943396226415098
10 0.2128191489361702 0.9208313632781719 0.03138297872340428 0.046808510638297926
12 0.7840809409888356 0.9332535885167466 0.028618421052631675 0.04385964912280694
1 0.3727127091491635 0.8264536608520232 0.016037735849056673 0.05393081761006291
1 0.30845047169811324 0.8331981132075472 0.015919811320754717 0.05031446540880506
12 0.6480434484649124 0.9159402412280704 0.024671052631578958 0.04144736842105264
7 0.7188403263403265 0.45931623931623927 0.032692307692307736 0.06564102564102571
12 0.5503067211948791 0.9070827406353721 0.02088815789473688 0.03223684210526304
10 0.18306013894919673 0.9155304675061514 0.026196808510638304 0.039184397163120596
10 0.1567935796939156 0.9112075401269126 0.022872340425531917 0.03563829787234044
1 0.27911966776045943 0.8376743232157504 0.01391509433962267 0.04198113207547158
12 0.586810776942356 0.9119621971595657 0.022697368421052716 0.03771929824561403
7 0.7835935143288084 0.47971342383107085 0.033076923076923094 0.053846153846153814
7 0.8441272189349112 0.8275049309664693 0.02538461538461536 0.03128205128205127
9 0.8750212404418012 0.9395072217502121 0.013551401869158895 0.04485981308411207
1 0.25619247583985283 0.8372718208314162 0.01261792452830187 0.04292452830188677
12 0.4381041426927503 0.9029487917146145 0.01898734177215192 0.031856540084388145
7 0.8415064102564102 0.5036271367521368 0.02788461538461536 0.051025641025641034
7 0.7030047169811319 0.8334339622641508 0.01945754716981128 0.027515723270440353
1 0.2443780166739798 0.8405660377358494 0.015212264150943384 0.04025157232704411
1 0.21736781483106632 0.8417580810296915 0.013089622641509436 0.03427672955974837
9 0.8095050977060323 0.93338997451147 0.013084112149532758 0.041433021806853654
7 0.6969031993437242 0.7843587640142194 0.019811320754716918 0.026886792452830224
12 0.38876087816455684 0.9031975210970463 0.01962025316455697 0.029535864978902888
6 0.6058486584262888 0.4787157069641243 0.03200934579439252 0.01775700934579436
1 0.1867629716981132 0.8466705974842766 0.012853773584905638 0.03679245283018842
7 0.6074348607367474 0.7917340521114105 0.021462264150943385 0.021855345911949674
7 0.5871168753726893 0.733742794673027 0.015406976744186068 0.037080103359173035
7 0.6097641509433963 0.8381996855345912 0.018985849056603797 0.0212264150943397
7 0.5628183962264152 0.7965094339622643 0.018278301886792407 0.021069182389937244
7 0.557656403537504 0.5811660661644283 0.02160852713178292 0.04470284237726097
7 0.5014692307692307 0.566579487179487 0.02096153846153845 0.049487179487179525
6 0.6382009345794393 0.4585981308411215 0.021495327102803684 0.019626168224299134
13 0.09356018518518519 0.8432530864197529 0.01490740740740742 0.02197530864197521
7 0.5663089622641508 0.8386713836477986 0.016273584905660415 0.021069182389937092
7 0.525454009433962 0.7997562893081761 0.015683962264151093 0.020440251572326967
7 0.6083892892237143 0.5950867998689813 0.020445736434108425 0.04250645994832038
7 0.42018624359479706 0.6398392677265362 0.015406976744186068 0.03824289405684749
7 0.5268867924528301 0.8404638364779873 0.016037735849056618 0.02044025157232712
7 0.36915712136989476 0.6328628176944733 0.016666666666666687 0.04018087855297153
7 0.46585697600496745 0.6488552298066039 0.01472868217054264 0.03755172476102712
6 0.570510680907877 0.5001001335113484 0.028037383177570176 0.017757009345794435
13 0.11894444444444444 0.8423139329805996 0.011759259259259252 0.021358024691357967
7 0.4698270440251573 0.8405136268343816 0.013089622641509379 0.02028301886792451
7 0.057228260869565215 0.7142439613526569 0.01652173913043478 0.019613526570048178
7 0.7528365384615383 0.6383799533799535 0.02 0.035897435897435874
7 0.7865480769230769 0.6483141025641027 0.02 0.03512820512820516
7 0.7160242474916388 0.6260590858416943 0.018653846153846187 0.03743589743589746
7 0.4420990566037735 0.8099606918238994 0.014740566037735846 0.018867924528301803
6 0.4869505374856533 0.5431917629939335 0.014781688084112147 0.016118250259605324
7 0.4706645394006659 0.8073066962634111 0.013679245283018872 0.019339622641509475
7 0.04660144927536231 0.7230144927536233 0.013550724637681163 0.017584541062801842
6 0.46478644775159145 0.5577091516547023 0.02415186915887847 0.015264797507788141
7 0.441941823899371 0.8428022361984626 0.013561320754716973 0.017924528301886768
7 0.6022511766334441 0.6799395533407161 0.013953488372093033 0.030749354005168015
6 0.4057875359195403 0.5899724616858236 0.021354166666666684 0.013541666666666667
7 0.2875174418604652 0.6717131782945737 0.0125 0.029844961240310035
7 0.4179952830188679 0.8124339622641507 0.014033018867924511 0.01776729559748431
7 0.31050064322469983 0.825621783876501 0.012382075471698159 0.017138364779874186
7 0.4161143867924528 0.8445047169811322 0.012382075471698159 0.018081761006289374
7 0.3553242924528302 0.847696540880503 0.011556603773584926 0.01525157232704396
7 0.5661821705426358 0.6707108380868803 0.012112403100775168 0.03229974160206719
6 0.3867655763239875 0.5989868651782624 0.01999532710280374 0.01200589719626161
7 0.018457223001402526 0.7515817360137135 0.01253623188405797 0.01487922705314016
7 0.30960804132973935 0.8497529200359389 0.0125 0.014779874213836593
7 0.2811320754716981 0.8274213836477988 0.011084905660377387 0.012106918238993633
7 0.35819228634850164 0.8186366999630043 0.0125 0.015566037735849175
7 0.33189134147943766 0.679321595935707 0.012403100775193764 0.029586563307493634
7 0.25703124999999993 0.8528203616352201 0.010495283018867922 0.010534591194968622
7 0.2803562562065542 0.8516799073154584 0.010377358490566053 0.011477987421383659
7 0.34058747855917665 0.8223198970840481 0.012382075471698159 0.01572327044025148
7 0.3370593346573983 0.8490400529625951 0.009905660377358514 0.01572327044025148
7 0.2176336477987421 0.853490566037736 0.010613207547169793 0.008647798742138396
7 0.024067966016991505 0.7451907379643511 0.009565217391304347 0.015458937198067513
7 0.25871947835738063 0.830530891601924 0.008254716981132077 0.010377358490566015
7 0.21982816711590294 0.8333670260557053 0.009080188679245283 0.009119496855345915
