1 0.46536099999999997 0.48576400000000003 0.009036000000000072 0.035417000000000025
12 0.554217 0.525347 0.012048000000000095 0.017360999999999963
8 0.697504 0.582639 0.00516399999999994 0.03888899999999996
7 0.013728031459334029 0.44977606251191166 0.011366219595362584 0.010839527348961297
7 0.045154890574304066 0.45568556181763725 0.011366219595362582 0.012268915570802364
7 0.06402612521771836 0.4591620897367038 0.011735252699108124 0.013102725366876278
9 0.0903049421321895 0.49249678041300043 0.0074492568386138195 0.030609339407744882
11 0.2585376550812705 0.5954433900662679 0.060299656793047204 0.1326139596538201
7 0.5966972501931235 0.30310039370078734 0.01219727052190762 0.018318022747156625
7 0.6251418779730847 0.31531092793088367 0.011689050916828151 0.014080271216097983
7 0.6487349603824404 0.3284643767355168 0.010672611706669216 0.016130796150481193
6 0.5624543130676445 0.29466205144394836 0.007411209288125671 0.011603827477863465
6 0.5480778894392955 0.3061784643163179 0.012610117296213837 0.009283061982290756
6 0.5323470940316537 0.3182154429091688 0.01249950223221207 0.00990788346186804
7 0.5362867186704955 0.30826906598114817 0.0063603661801078515 0.008390459868608957
6 0.4949532825178263 0.34053571428571433 0.007271944922547372 0.01090277777777781
6 0.48404331612162943 0.34809413580246923 0.006368330464716085 0.0075000000000000075
6 0.45931456920117436 0.3652614379084967 0.00761617900172119 0.006944444444444444
6 0.4519363166953529 0.37151851851851847 0.006110154905335648 0.007152777777777826
7 0.6209402138591734 0.4039142260973247 0.0074024179500409805 0.0093617259110217
7 0.6070887852541631 0.3975113306099222 0.006363482097403703 0.008663089649005131
7 0.5913884107860011 0.39176851851851857 0.006411359724612776 0.00951388888888884
7 0.5463676759600434 0.37633583609303023 0.008358201562674075 0.010616506794564313
7 0.5238889783182059 0.36777453037569935 0.008435592317884112 0.011615707434052701
7 0.5007344109092718 0.3574277492353176 0.009755080659817674 0.013155624568668065
7 0.48542991843149 0.40325785024154587 0.006196213425129029 0.007291666666666667
7 0.46547858099062916 0.3975964506172839 0.0067125645438899035 0.008611111111111095
7 0.4440512048192772 0.3913159722222223 0.007013769363166934 0.00916666666666662
13 0.6461710051555168 0.4437692784847545 0.01707559415024794 0.037033911157742946
13 0.6266230973176001 0.44325441563322066 0.021490374446731964 0.04078980333208067
13 0.600004890842496 0.43663416909124214 0.027025370237277746 0.04691358119479613
7 0.5804273367749377 0.48754823846064715 0.006640594853718457 0.012093036728073199
7 0.5799495571184742 0.464392265421984 0.006057299359810667 0.01216545012165445
1 0.5774945252976601 0.47145636694817 0.011671125635178659 0.046675774134790515
7 0.525359601671994 0.4916121031746032 0.004259896729776189 0.008958333333333318
7 0.5262842579107639 0.4712286324786325 0.005335628227194434 0.00923611111111108
7 0.5123198149741824 0.4730078125 0.006497418244406255 0.009027777777777777
7 0.5118703384968445 0.490837962962963 0.00580895008605852 0.008958333333333318
7 0.4892811848899357 0.47464181286549717 0.006024096385542169 0.011388888888888874
7 0.4884562057754829 0.4913811728395062 0.00580895008605852 0.012083333333333317
7 0.4768179862306368 0.4762905092592592 0.004259896729776189 0.008541666666666715
7 0.4772673110022508 0.49243055555555565 0.004216867469879498 0.009097222222222237
7 0.46705613663445 0.49253205128205124 0.0038296041308089894 0.007152777777777746
7 0.4673592328497664 0.4767017704517704 0.0042556410886875635 0.00892857142857145
7 0.5431601584944907 0.4691071166467467 0.006138916867697231 0.011558784676353974
7 0.5426594091027254 0.4890466754733599 0.0062526005133953485 0.010366211654190494
1 0.5416490735652221 0.4824686369483945 0.0098904771757345 0.03752018200499047
1 0.5250324606697467 0.4816595441595442 0.008478099790718688 0.029614634877792728
1 0.5107880916378063 0.48242177737791764 0.01085893603331776 0.027271704903283872
1 0.4875060869375771 0.4809240794366328 0.010744148125988793 0.03544471644226851
1 0.4760138096913421 0.4821351009549067 0.007689439345070439 0.028919913640690867
10 0.4030352616724618 0.5310241954851104 0.013801356103706749 0.022291666666666682
10 0.4207322556118727 0.5374429349069119 0.01674049016155195 0.028274295549151417
10 0.4473374616772415 0.5350879108083719 0.02219664991790965 0.038024335574767795
10 0.4838916921582702 0.5432619733772471 0.028272827828398753 0.03762407941082289
10 0.5349675612860918 0.550921820734501 0.03534103478549854 0.0484309958373359
10 0.6126613569063482 0.5602967717521032 0.049601452330524244 0.06384085814921545
12 0.6085682013769363 0.5304658564814815 0.01153184165232356 0.01902777777777784
9 0.6173073245362403 0.5301466049382716 0.0050344234079174035 0.017152777777777732
9 0.6194779116465864 0.5242592592592593 0.0027108433734940544 0.003888888888888905
12 0.6318816080649127 0.5325223214285713 0.010283993115318456 0.022222222222222223
9 0.6430818512143814 0.5347608024691358 0.004432013769363147 0.01881944444444446
9 0.6422710519514249 0.560342494485717 0.00743880579995228 0.023579480101219255
9 0.6605293301768642 0.562888198757764 0.0072606308107318355 0.02379514607775472
