6 0.2195860118330723 0.1572160162993295 0.07866132723112129 0.05077231121281464
7 0.2002813544676752 0.42081586303284413 0.08258258258258258 0.11918168168168168
7 0.23408281909494044 0.35242582500756886 0.06875851498637602 0.08685286103542236
7 0.494553918466962 0.5798325499412454 0.05327442827442823 0.05695599445599437
7 0.9025801809210524 0.5935307017543859 0.054893092105263185 0.06880482456140342
7 0.6909950657894737 0.5694672880116959 0.052837171052631596 0.040296052631578996
7 0.6781455592105263 0.6064624451754386 0.017064144736842035 0.015899122807017583
7 0.21957053505078022 0.8473649987614567 0.07067438692098091 0.1126816530426885
7 0.24836123858693054 0.7589342623133671 0.06918426430517713 0.1001930063578565
1 0.25803554963615444 0.8009013864889969 0.15553343763134542 0.21926711187907652
1 0.2444973277999516 0.388703686905338 0.17653245192307693 0.164596688034188
14 0.8883417270937379 0.6116490187604047 0.0829721715328466 0.2566149635036496
14 0.899606523722628 0.404648532542579 0.054459397810219023 0.16727493917274938
14 0.9298015510948903 0.4257273925385239 0.008838959854014661 0.028132603406326003
14 0.6671435095637223 0.669572498029945 0.031028368794326244 0.116725768321513
14 0.6825184479564465 0.5218915952792282 0.062333776595744704 0.14036643026004725
14 0.49312142370236633 0.52218378457812 0.054985177994857894 0.15754784024435212
14 0.49417032512566 0.9255901253419865 0.061647022332506206 0.08400537634408613
14 0.669289981617647 0.7997855392156862 0.014073988970588225 0.058976715686274515
14 0.6691126326505838 0.9322211012118551 0.04739200367647056 0.1148897058823529
14 0.8713627049180328 0.8012978142076503 0.032786885245901766 0.055327868852458904
14 0.8549526880424301 0.9265810832529732 0.044057377049180245 0.10894808743169407
