8 0.5683072243755384 0.08543409827324555 0.016005675526024367 0.08467146548541897
8 0.5580357142857142 0.018953528495995634 0.012371954595791834 0.05121816168327797
12 0.6585491071428575 0.151796875 0.030781249999999982 0.03656249999999999
11 0.8954420491977337 0.3305508354845411 0.1614583333333332 0.21126863222119238
7 0.13928030303030303 0.15881944444444446 0.0125 0.016979166666666677
7 0.18236328124999995 0.2671354166666667 0.0069531250000000044 0.018124999999999978
7 0.17343749999999997 0.2666087962962963 0.003515625 0.01687500000000002
7 0.2277754934210526 0.26683662280701753 0.006640625 0.019166666666666644
7 0.21869140625 0.26732421874999995 0.00390625 0.01729166666666666
7 0.2730078125 0.26728298611111106 0.005624999999999991 0.01895833333333332
7 0.26424005681818186 0.26743371212121214 0.004062500000000036 0.015000000000000006
7 0.2916979166666666 0.2833611111111111 0.013203124999999982 0.014895833333333346
7 0.35177246093750003 0.26595703125 0.0057031250000000085 0.018229166666666696
7 0.34331249999999996 0.2668611111111111 0.004453124999999991 0.018124999999999978
7 0.553671875 0.2660208333333333 0.004296875 0.01708333333333334
7 0.545234375 0.26654296875 0.005234375000000036 0.018229166666666668
7 0.6211371527777779 0.2668287037037037 0.00625 0.018333333333333326
7 0.62984375 0.2660208333333333 0.003593750000000018 0.014479166666666644
7 0.8719767992424243 0.08113005050505048 0.012343749999999964 0.015000000000000006
7 0.8915625 0.06803273809523812 0.0125 0.016041666666666673
7 0.9096800595238097 0.055342261904761894 0.009531250000000036 0.016666666666666666
7 0.9279385080645162 0.12194892473118281 0.013671875 0.021250000000000005
7 0.9282692307692308 0.08326121794871795 0.011953124999999964 0.021458333333333326
7 0.9544447544642859 0.06771205357142857 0.01484375 0.018958333333333337
7 0.9541759072580647 0.11030241935483871 0.013671875 0.0203125
7 0.9537410714285717 0.027577380952380947 0.017109375000000072 0.016458333333333335
7 0.9806881009615385 0.05404647435897437 0.013437500000000036 0.022291666666666664
7 0.980435267857143 0.09635416666666667 0.015078124999999965 0.022604166666666668
8 0.38213433159722227 0.018365805041152268 0.01967592592592595 0.07857510288065844
1 0.17709284855769228 0.26456330128205124 0.015781250000000014 0.03760416666666663
1 0.22304413377192991 0.2660891812865497 0.01570312500000002 0.0375
1 0.2684172453703704 0.26604745370370364 0.01570312500000002 0.04052083333333334
1 0.34810697115384615 0.2684895833333334 0.01460937499999999 0.04770833333333332
1 0.5495220588235293 0.2693688725490196 0.014296874999999964 0.04833333333333331
1 0.6255085227272729 0.26578977272727283 0.015078125000000053 0.04677083333333334
1 0.9224660011574075 0.10542824074074078 0.02421875 0.08041666666666665
1 0.9476369121287128 0.0880754950495049 0.024921875000000072 0.08520833333333334
1 0.9748601466049381 0.07018647119341564 0.026406249999999964 0.08791666666666667
