7 0.8549515032856243 0.017576777087646656 0.02224055383022776 0.027281746031746032
7 0.9102389705882352 0.030906862745098036 0.014921874999999928 0.026041666666666668
7 0.909515625 0.08105555555555556 0.013359374999999929 0.027604166666666666
1 0.9102389705882352 0.030906862745098036 0.014921874999999928 0.026041666666666668
1 0.9093582508992805 0.08103307354116707 0.013359374999999929 0.027604166666666666
1 0.8613092672413792 0.04509159482758619 0.02937499999999993 0.093125
12 0.16710565476190473 0.22122023809523805 0.019374999999999986 0.06895833333333332
9 0.5013657407407407 0.2729899691358025 0.014999999999999947 0.061249999999999985
9 0.9056702302631578 0.2942982456140351 0.00929687500000007 0.0609375
10 0.5626258389261742 0.22378285794183464 0.11859374999999997 0.136875
10 0.8213041742700729 0.24550410583941604 0.1155468749999999 0.12291666666666663
10 0.2452046130952381 0.20283730158730148 0.12640625 0.15656250000000002
