7 0.02992381795835743 0.4244385000963948 0.033052884615384616 0.046359890109890084
7 0.20436081188548288 0.3482715201465202 0.036916208791208785 0.04922161172161168
7 0.41670243818681313 0.363213795133438 0.03927712912087915 0.040064102564102554
7 0.4551399886877827 0.2550803975436328 0.04035027472527473 0.05179716117216119
7 0.13752033760423021 0.8660387431360586 0.015520134228187921 0.03789149888143181
7 0.16282049601510068 0.8620010137024608 0.014681208053691285 0.0373322147651006
7 0.70206132629108 0.274623435054773 0.0484154929577465 0.04511443661971833
7 0.7430002600832266 0.150614863422962 0.0489656690140845 0.06198650234741785
7 0.9367320459213614 0.07946987480438185 0.04538952464788722 0.06418720657276995
7 0.8556842356220657 0.31492994424882625 0.0503411091549296 0.0616197183098592
2 0.28537811661449014 0.37818649373881935 0.06313590116279069 0.11597625968992246
2 0.314037343470483 0.278911374478235 0.04791969476744189 0.09326550387596898
2 0.41604590600775193 0.3259750484496124 0.05382449127906978 0.1277858527131783
2 0.4449852321854503 0.22906417710196778 0.05178052325581399 0.10265261627906976
3 0.36491768612726105 0.40503371285529716 0.050872093023255835 0.18350290697674415
2 0.7278279049295773 0.20026408450704228 0.0660211267605634 0.09859154929577467
2 0.733237969483568 0.11412363067292648 0.049515845070422504 0.1176643192488263
2 0.9214969302997474 0.07577193932827736 0.07724471830985902 0.1936619718309859
10 0.8819556147582185 0.7333660065011226 0.21128386699507393 0.36432676518883406
10 0.2877586594691859 0.8101148972859501 0.26220900809716596 0.2838225371120108
