4 0.5344512648809524 0.9207829034391534 0.07660590277777776 0.16302083333333334
4 0.47115162037037034 0.9370147011046134 0.06987847222222224 0.14537037037037034
4 0.40398742926954745 0.9402381258573391 0.06987847222222228 0.12384259259259262
13 0.22882934269893354 0.9855875717801476 0.020047169811320754 0.027260220125786105
13 0.17655594863731655 0.9722855520614956 0.025147405660377365 0.046324685534591126
13 0.12598466981132073 0.9652358490566036 0.03080778301886793 0.05699685534591185
13 0.11717633928571429 0.9370386904761905 0.009375 0.011458333333333333
7 0.048065752788104085 0.9435989776951674 0.018151719330855028 0.03853004956629498
7 0.03680610165856448 0.9317659184062531 0.01190752788104089 0.027881040892193336
7 0.03288857677902621 0.838053995006242 0.01913623595505618 0.03323970037453184
7 0.011865051498127343 0.7444795568039947 0.022998595505617975 0.028792134831460696
7 0.04972978749389349 0.7248412310698582 0.02317415730337078 0.027621722846441918
7 0.08813202247191011 0.7025481540930979 0.01825842696629214 0.03043071161048682
7 0.11664325842696628 0.7392790262172284 0.0293188202247191 0.039325842696629226
7 0.10516883192883894 0.8051459113607989 0.02861657303370787 0.036750936329588056
7 0.15900983146067416 0.783689138576779 0.027914325842696618 0.042837078651685324
7 0.16929559204840103 0.7115654710458083 0.0273876404494382 0.041900749063670396
7 0.17402725759467327 0.6567571785268416 0.02650983146067416 0.032771535580524376
7 0.22762640449438196 0.6262453183520599 0.024929775280898882 0.036282771535580474
7 0.23083125260091547 0.6814832154251629 0.028792134831460682 0.04213483146067413
7 0.21941323345817726 0.7582969205160217 0.027738764044943798 0.04517790262172288
7 0.32553058676654184 0.7500130045776111 0.021945224719101118 0.045411985018726495
7 0.604266718013773 0.4152244170593209 0.0384480337078652 0.04681647940074907
7 0.5774139747191012 0.4577247191011234 0.036165730337078636 0.053838951310861444
7 0.5038381441301822 0.4717971070644454 0.03581460674157304 0.043773408239700315
7 0.4143697331460675 0.520883493846977 0.03353230337078652 0.041198501872659145
7 0.5444790978189029 0.6241600572813397 0.027563202247190954 0.04634831460674154
7 0.5179198434991974 0.6800595238095238 0.02826544943820224 0.05969101123595498
7 0.4144245962078651 0.7191889044943819 0.024754213483146083 0.051264044943820274
7 0.5775230738362759 0.7498550918494737 0.01860955056179776 0.023642322097378234
7 0.6484375000000001 0.5788021669341894 0.030372191011236005 0.046348314606741665
7 0.9763464239412272 0.46789469893402474 0.030547752808988804 0.039091760299625494
7 0.7601357677902622 0.6374063670411985 0.0231741573033708 0.02434456928838943
7 0.8174282704654896 0.6731875334403425 0.02334971910112351 0.02411048689138582
7 0.944717540574282 0.7487255513940906 0.011938202247191044 0.016151685393258456
7 0.9357833957553059 0.7509103204327923 0.014747191011236005 0.019897003745318286
7 0.9828624675885912 0.7770995390377415 0.02159410112359552 0.01638576779026207
7 0.7456109550561798 0.835973262588431 0.018609550561797673 0.020833333333333332
7 0.7874979345670854 0.8592614011896894 0.01773174157303368 0.018726591760299626
7 0.9305543363764045 0.9123361423220973 0.018258426966292162 0.03206928838951306
7 0.9342191889044942 0.9723929073033706 0.018960674157303358 0.03323970037453184
7 0.7934405723314607 0.9343691479400748 0.01983848314606753 0.030898876404494402
7 0.7937308478038816 0.9846569628873 0.01738061797752808 0.024578651685393284
1 0.7858706954382826 0.9396981589147284 0.03157144454382834 0.10450395050685751
1 0.9237433222464201 0.9379163881461677 0.03390762463343115 0.12667705278592375
1 0.09882656458055919 0.7670724747955101 0.0648094207723036 0.14910674656014203
1 0.15360954757858963 0.7455784480317186 0.06264602803738317 0.15848909657320873
1 0.21246394932827103 0.7169961424260124 0.06512850467289719 0.1641355140186916
3 0.3024722899613316 0.7298631306094038 0.06014457749953017 0.17121917646542167
2 0.33113749701385575 0.6322608098423314 0.08163259973721929 0.07663043478260873
2 0.3559625836120401 0.5659788354761179 0.04219085941232681 0.03726210383819068
2 0.35639370819398 0.4729584726867333 0.03695652173913042 0.10923913043478262
3 0.38209076249570795 0.6855571003171957 0.04321120689655174 0.19031531531531531
3 0.48767177412123397 0.6465363711541525 0.06989123774509806 0.2047589869281045
2 0.5225654279930595 0.5327019471756314 0.0877833104395604 0.09100274725274721
2 0.5540715402820071 0.3983516483516484 0.06889594780219781 0.18629807692307696
2 0.4212482829670329 0.5938301282051283 0.08370535714285712 0.08356227106227104
2 0.454519438894439 0.5146936396936396 0.06288633241758249 0.05351419413919416
2 0.4432954538860982 0.4120679347516274 0.04019147398843934 0.09937750111160515
1 0.3444318653207964 0.987770787241888 0.025 0.024585176991150468
1 0.026814303664072635 0.9356085170773886 0.03678258754863813 0.1009241245136187
1 0.049221986047525625 0.9427685124627571 0.018360311750599524 0.03672062350119904
