7 0.2721234709480122 0.5350316732197467 0.05184441896024468 0.06817023445463809
7 0.27891902247956407 0.6921501286709051 0.026609332425068112 0.056198910081743846
7 0.27131694089289454 0.8576992943477959 0.024267711171662133 0.0746480472297911
7 0.7001056763285024 0.5431763285024154 0.05570652173913038 0.07246376811594199
7 0.6846217105263159 0.696580800593032 0.0253080985915493 0.056729264475743335
7 0.6792618082230758 0.85057588798786 0.023290786384976593 0.0806924882629108
6 0.9533221350050877 0.8179670158917453 0.08061981434780367 0.0357139313215163
14 0.7054235185390997 0.42760473056600623 0.06257731628938687 0.31734603048493404
14 0.6836706578496833 0.7119482251897506 0.02714512711864403 0.0868055555555556
14 0.6823127763448785 0.8914553140096616 0.041048728813559254 0.16242937853107348
14 0.488757243098942 0.4626791436250583 0.06555000454517908 0.261462087087087
14 0.5089474020837517 0.6863296533902751 0.009094815564825076 0.050047695267659384
14 0.4557152703664176 0.6890094470137157 0.004669156883671288 0.033684631803628545
14 0.5068514296570722 0.8484680266616001 0.015061716300940376 0.07053291536050163
14 0.27447730535169373 0.4579450719331918 0.056390200816782254 0.26875605101601097
14 0.28494520260549877 0.7009770620204602 0.03504136029411762 0.08463541666666667
14 0.27531714785651795 0.880168841742004 0.05136564960629921 0.16547736220472445
