7 0.11997872240927794 0.1902123082678638 0.052346380471380474 0.06278058361391693
2 0.09573321288020917 0.1530409070875599 0.10753216776285693 0.2940168787040896
7 0.36044947762357715 0.4119345253564808 0.02934712692967407 0.03912950257289882
7 0.41490505735420236 0.4075319825614638 0.03082118353344767 0.04109491137793023
7 0.299288310852955 0.40981210042101984 0.02023477701543741 0.03912950257289882
6 0.32915979227839637 0.4105766248994584 0.01916273584905661 0.06074899942824471
7 0.4335448123529734 0.5433432262888195 0.023425960118168464 0.031696208764155645
7 0.011680127003068528 0.4282269291964995 0.018086217183770882 0.05543953858393002
7 0.09084843594836148 0.8524137853209353 0.018224699828473412 0.03305460263007435
7 0.08223684210526315 0.9162472540699947 0.026131003430531728 0.03412664379645515
1 0.08243276158421227 0.8750909880717573 0.032255690737833596 0.142747260724177
7 0.13093216226708074 0.9829273421325051 0.024626358695652172 0.032026397515527924
7 0.2928376049160671 0.8532673860911271 0.02332508992805753 0.03484712230215822
7 0.28851137839728214 0.9175576205702106 0.026275854316546755 0.03484712230215834
1 0.2888783374708683 0.8815290830715711 0.028314410971223048 0.1495053956834532
7 0.47471348326720697 0.8519313150480133 0.02588892961876832 0.0336021505376344
7 0.4733523266344661 0.9177609826921971 0.02714901026392962 0.03375488758553272
1 0.47417715063014504 0.8757673185394089 0.02858467243510505 0.14665739596209318
7 0.5778557331279482 0.8522070857803021 0.0262121522094926 0.03443807965084555
7 0.5797201053600655 0.9185228280141843 0.02595642389525361 0.032221767594108046
1 0.5782601706803835 0.879418011066947 0.027490793780687372 0.16025641025641021
7 0.6822773054534312 0.8534815836056645 0.027860753676470562 0.03599877450980386
7 0.6861377363445379 0.921429118522409 0.025419347426470562 0.035041360294117634
1 0.6844925638628295 0.8783549114688978 0.03058938419117645 0.1439950980392156
7 0.8696800595238094 0.8545965608465607 0.02529761904761916 0.035962301587301584
7 0.875768849206349 0.9164847883597884 0.027157738095238138 0.036458333333333336
1 0.873544538429407 0.8798210804789747 0.033482142857142884 0.15104166666666666
7 0.9701564777696792 0.8512701955782311 0.027702487244897968 0.03454506802721084
7 0.9776121386054422 0.9192885487528347 0.02989477040816322 0.03348214285714282
1 0.9777068589532592 0.8824421905859118 0.03786670918367356 0.14907525510204078
7 0.3238146551724138 0.5662769940787182 0.022041536050156775 0.042450365726227804
14 0.46627941024492736 0.5049691687622723 0.1278409090909091 0.06792058516196443
14 0.42796856896161783 0.42618722970228556 0.21145099765258218 0.08729460093896714
14 0.4191634475111482 0.34563794090365374 0.20868417371526565 0.1388888888888889
14 0.41212194337194336 0.5554080866580867 0.07143862612612609 0.06334459459459461
7 0.754079273058885 0.40502866076081295 0.03140470297029703 0.041666666666666664
7 0.8100556930693068 0.40829207920792077 0.032023514851485226 0.041666666666666664
7 0.7184423707957341 0.540819736882083 0.02374868972746329 0.03472222222222226
7 0.7359391378406708 0.478380503144654 0.028498427672955982 0.03974493361285815
7 0.854256747903564 0.48739408630328435 0.024567610062893052 0.020964360587002122
7 0.8793744897201808 0.4072110269922561 0.030373246492986006 0.04467267869071474
14 0.7989437207287016 0.4539118288081744 0.2935153128996125 0.28403458598915526
6 0.959971153846154 0.41132371794871797 0.031015625000000036 0.06041666666666667
