11 0.771218098958333 0.6962222222222226 0.18828125 0.23718750000000005
4 0.9806431021341467 0.5875215955284551 0.032265624999999964 0.09322916666666661
9 0.9903124999999999 0.2038125 0.008671875000000107 0.020833333333333332
9 0.9435888671875 0.21276041666666665 0.00929687500000007 0.014270833333333321
9 0.9137779017857144 0.21473958333333334 0.008750000000000036 0.018333333333333326
9 0.8115625 0.2302157738095238 0.008984375 0.01875
9 0.7676897321428572 0.2378794642857143 0.008281250000000018 0.01697916666666665
9 0.7398995535714287 0.24012648809523807 0.008046875000000054 0.01885416666666666
6 0.9497233072916667 0.24725694444444443 0.016015625 0.022708333333333316
6 0.9036284722222223 0.2536400462962963 0.011015624999999928 0.022395833333333334
6 0.8227890625000001 0.26345312499999995 0.01484375 0.021249999999999977
6 0.7791498161764705 0.27167892156862744 0.010546875 0.02312499999999999
6 0.7343002717391304 0.27754981884057967 0.013749999999999929 0.02354166666666663
6 0.5704248046875 0.29901041666666667 0.010781249999999964 0.017604166666666643
6 0.49990699404761907 0.31219246031746034 0.015156249999999982 0.022291666666666644
6 0.4198883928571428 0.3239186507936508 0.015078124999999965 0.019583333333333345
7 0.45087239583333333 0.31270833333333337 0.011093750000000036 0.012604166666666632
7 0.6082074652777778 0.29057291666666674 0.011875000000000035 0.012916666666666703
7 0.9409090909090908 0.3635227272727272 0.015546875000000071 0.019270833333333334
7 0.6798129111842106 0.37227521929824564 0.015390625000000036 0.027708333333333356
7 0.5987311422413791 0.40429238505747145 0.016093749999999928 0.02802083333333331
7 0.5413029233870967 0.4099630376344086 0.015234375 0.028854166666666656
7 0.4933473557692306 0.3957024572649572 0.014453125 0.028958333333333346
7 0.3955354420731708 0.3691412601626016 0.025000000000000043 0.04624999999999998
7 0.3441825457317073 0.3752718495934959 0.02523437500000001 0.046145833333333344
7 0.2948177128868684 0.3818776592644403 0.024957925336597287 0.046282129742962044
7 0.17820312500000002 0.18613233024691364 0.0390625 0.07229166666666667
7 0.10607204861111105 0.19965277777777785 0.038203125000000004 0.07010416666666668
7 0.03739123774509804 0.20757148692810462 0.038046875 0.06572916666666666
7 0.08516304347826086 0.36422554347826086 0.031328125 0.03687499999999998
7 0.12092329545454546 0.3826420454545455 0.030546874999999994 0.0375
7 0.1513586956521739 0.3974954710144928 0.029609374999999983 0.03364583333333335
7 0.14979296874999998 0.5146354166666669 0.03257812499999999 0.04083333333333332
7 0.12755468750000004 0.5125 0.011640625000000005 0.016666666666666666
7 0.1330078125 0.5277864583333334 0.00859375 0.011250000000000012
7 0.18089711128423808 0.5315113990487124 0.03273894948335245 0.042814772292384264
7 0.3333644254182704 0.48448014033985304 0.032388952164009145 0.04876138952164008
7 0.37090285433070863 0.49902982283464575 0.030310039370078767 0.04572916666666664
7 0.40301411290322575 0.5174596774193548 0.0265625 0.04229166666666663
7 0.4492242667827888 0.5409389417192355 0.02581854345165242 0.03824969400244793
7 0.5027633101851852 0.5686419753086421 0.022109374999999966 0.033749999999999974
7 0.698203125 0.44459375000000007 0.005312499999999965 0.01895833333333332
7 0.7075213068181819 0.4422916666666667 0.006562499999999982 0.019270833333333334
7 0.6989275568181819 0.4822253787878788 0.0046875 0.020833333333333332
7 0.708703125 0.48221875000000003 0.007421875 0.0230208333333333
7 0.7596428571428571 0.4381696428571429 0.005546875000000018 0.01854166666666668
7 0.7709161931818181 0.43742424242424244 0.0067968750000000355 0.019375000000000024
7 0.7732924107142857 0.4771279761904762 0.006484374999999964 0.01875
7 0.7615625 0.4787109375 0.005624999999999947 0.01729166666666669
7 0.824640625 0.4301979166666666 0.005937499999999929 0.020937500000000022
7 0.8353053977272726 0.429280303030303 0.005703124999999964 0.021979166666666692
7 0.8266232638888887 0.4700578703703704 0.005859375 0.01864583333333331
7 0.8371428571428572 0.46944196428571433 0.006718749999999929 0.019374999999999965
1 0.3761118437106135 0.5068948204170137 0.13992187500000003 0.16848432139037317
1 0.4582725694444446 0.5432677469135804 0.05687500000000005 0.10802083333333332
1 0.5085541213768117 0.5731657608695655 0.047734375000000016 0.09541666666666669
1 0.7032594476744186 0.46159641472868207 0.01828124999999998 0.08635416666666665
1 0.7662455778301887 0.4563423742138365 0.019296874999999946 0.08729166666666661
1 0.8311162860576923 0.4534455128205129 0.019765624999999964 0.0855208333333333
