7 0.005464638157894738 0.3709758771929825 0.009296875 0.013333333333333345
7 0.005431385869565219 0.34029438405797097 0.00953125 0.013333333333333286
11 0.5396085552865215 0.4398120123755717 0.14751059322033902 0.2447033898305084
11 0.06189603031145716 0.5497862208008899 0.01364363181312569 0.07879124953652207
11 0.02102065566679026 0.5321241708894656 0.021204115684093437 0.0747358175750834
12 0.2174583333333333 0.5187291666666666 0.010859374999999982 0.017708333333333333
12 0.7303373579545456 0.4858143939393938 0.012031249999999983 0.03447916666666669
12 0.875767463235294 0.47562499999999996 0.01484375 0.03666666666666665
12 0.9386514945652176 0.4785801630434782 0.018828125000000105 0.04187499999999999
10 0.9815295410156255 0.47674153645833345 0.03507812500000007 0.08479166666666664
10 0.8014566296728971 0.48173091900311527 0.07664062499999993 0.08447916666666669
7 0.7551358695652175 0.4978894927536232 0.012109375 0.013020833333333334
10 0.6289918154761904 0.4886081349206348 0.061406250000000016 0.07833333333333338
10 0.24871537642045444 0.5072372159090909 0.055703124999999964 0.05770833333333331
4 0.08141544117647063 0.4656699346405229 0.021171874999999996 0.06083333333333331
4 0.1018800951086957 0.4621784420289855 0.02164062499999999 0.06520833333333335
4 0.12124348958333334 0.45847222222222217 0.021718749999999988 0.07291666666666667
4 0.3620100911458335 0.43864366319444453 0.029765625000000018 0.08187500000000002
4 0.391624177631579 0.4328453947368423 0.02523437500000001 0.08718749999999999
4 0.4187251838235295 0.4211004901960785 0.028125 0.08739583333333331
1 0.00465811324529812 0.33974527310924363 0.009765625000000002 0.013567927170868365
1 0.005281409438775511 0.37000737795118055 0.009191176470588236 0.013458508403361335
9 0.24358552631578947 0.15883223684210523 0.009296875000000027 0.01416666666666666
9 0.2615147569444445 0.15428240740740737 0.010468749999999982 0.012395833333333309
9 0.2849045138888889 0.14914351851851854 0.006328125000000018 0.01416666666666666
6 0.2701140202702702 0.1818384009009009 0.01859375000000001 0.017812499999999995
6 0.29488839285714286 0.17330853174603175 0.009296874999999982 0.012812500000000011
9 0.3489935661764706 0.13031862745098038 0.009843750000000017 0.01479166666666667
6 0.3490643601190478 0.16265128968253972 0.018671874999999984 0.019374999999999993
9 0.36704503676470596 0.12696691176470587 0.008125000000000026 0.010729166666666663
9 0.39840401785714286 0.11684027777777778 0.010859374999999982 0.014583333333333334
6 0.3790791223404254 0.15598847517730496 0.01640625 0.019479166666666683
6 0.4072012867647058 0.1447610294117647 0.012265625000000035 0.01541666666666668
6 0.6051667668269232 0.10013020833333336 0.019296875000000036 0.026145833333333344
6 0.644504716981132 0.0895381289308176 0.019062500000000072 0.02416666666666667
6 0.6858559782608696 0.07750679347826087 0.016718749999999984 0.023125000000000003
6 0.7647380514705879 0.059571078431372555 0.016093750000000018 0.023125000000000003
6 0.8090511067708335 0.04883463541666668 0.014687499999999964 0.026250000000000002
6 0.8568212890625002 0.03739366319444445 0.013046875000000036 0.02770833333333333
6 0.9487319711538463 0.012550747863247863 0.01671875000000007 0.021249999999999998
9 0.6046267361111111 0.06065393518518518 0.00859375 0.017604166666666664
9 0.6321981534090909 0.05340435606060607 0.011015625000000018 0.0171875
9 0.6737024456521741 0.043029891304347825 0.011953125000000054 0.017500000000000005
9 0.7726025390625 0.018092447916666667 0.008203125 0.01583333333333333
9 0.8132578124999998 0.0076093750000000016 0.01062499999999993 0.016770833333333336
9 0.84349609375 0.005729166666666666 0.010781250000000141 0.009375
7 0.2042045454545455 0.2618970959595959 0.012031250000000004 0.017604166666666674
7 0.2374175347222222 0.27265624999999993 0.009921874999999991 0.011874999999999976
7 0.26812500000000006 0.2810887096774194 0.009296874999999982 0.0125
7 0.2633842329545454 0.3271448863636363 0.00843750000000001 0.006666666666666643
7 0.9945187500000001 0.258725 0.008359375000000035 0.016874999999999987
7 0.9515624999999999 0.22789299242424244 0.014921875000000107 0.013229166666666655
7 0.871122532894737 0.1647149122807018 0.01328125 0.015625
7 0.8488843749999999 0.1478125 0.013437500000000036 0.01541666666666668
7 0.8243892045454547 0.13371448863636362 0.01515625000000007 0.01781250000000001
7 0.7736783854166667 0.25625868055555556 0.011328125 0.013645833333333328
7 0.756267755681818 0.24413825757575758 0.010781250000000053 0.011458333333333333
7 0.6470419034090908 0.15859611742424237 0.016171875000000037 0.022604166666666654
7 0.588185096153846 0.17133279914529914 0.017578125 0.02229166666666667
7 0.5314662063953488 0.18296027131782944 0.015078124999999965 0.022604166666666654
7 0.5034145220588236 0.22281249999999997 0.011406250000000017 0.015000000000000006
7 0.44283511513157886 0.2027878289473684 0.015156249999999982 0.018020833333333344
7 0.3941426282051283 0.21409455128205127 0.014140625000000018 0.017708333333333333
7 0.6626220703124999 0.16326171875 0.004609374999999982 0.014375000000000011
7 0.9929782196969696 0.3053093434343434 0.00867187499999993 0.019999999999999987
7 0.9898121675531917 0.34345301418439717 0.014375000000000072 0.018333333333333358
7 0.9336101017441862 0.3492369186046511 0.014140625000000106 0.021458333333333357
7 0.9361989182692309 0.3129887820512821 0.00859375 0.019062500000000013
7 0.841810461956522 0.3232336956521739 0.008515625000000072 0.01864583333333331
7 0.8412421875000001 0.35623958333333333 0.007578125000000035 0.0183333333333333
7 0.7909476902173914 0.328179347826087 0.007890625000000017 0.017291666666666632
7 0.7904687499999999 0.36303124999999997 0.007890625000000017 0.019270833333333334
7 0.7409147135416666 0.3343880208333333 0.008750000000000036 0.017812499999999964
7 0.7413671875 0.3681534090909091 0.007890625000000017 0.0171875
7 0.660659375 0.3760374999999999 0.008906249999999982 0.0171875
7 0.6610546875000001 0.34344618055555554 0.008749999999999947 0.014999999999999977
7 0.6189605978260869 0.34978260869565225 0.009296874999999982 0.016979166666666677
7 0.617717927631579 0.38007127192982454 0.008046875000000054 0.01604166666666664
7 0.5773394097222223 0.3547743055555555 0.008203125 0.01593750000000001
7 0.26494140625000007 0.3914149305555556 0.007578124999999991 0.0140625
7 0.23661718750000005 0.3958541666666667 0.00703125 0.013124999999999965
7 0.23588169642857143 0.4202083333333334 0.007578124999999991 0.012291666666666678
7 0.210175 0.3999666666666667 0.009062500000000018 0.017604166666666702
7 0.2100546875 0.4237395833333334 0.00859375 0.014895833333333346
7 0.14063802083333332 0.40682291666666665 0.007109374999999996 0.012604166666666632
1 0.9894106158088235 0.3141390931372548 0.015234375 0.0734375
1 0.932171630859375 0.321826171875 0.015078124999999965 0.0707291666666667
1 0.8377834821428571 0.3319791666666666 0.015390624999999858 0.06510416666666667
1 0.7860838607594938 0.33853902953586495 0.01687500000000002 0.07010416666666668
1 0.7383835827464791 0.3477948943661972 0.013359375000000017 0.06687499999999999
1 0.6580750512295082 0.35379781420765016 0.015078125000000053 0.07291666666666667
1 0.615375 0.36273557692307684 0.015390625000000036 0.06572916666666669
1 0.5740926339285715 0.36376339285714276 0.013906249999999964 0.058333333333333334
1 0.26049682617187503 0.40095540364583326 0.015468749999999965 0.05281249999999999
1 0.2341760023584905 0.40604363207547167 0.012265624999999992 0.04864583333333332
1 0.20729003906250001 0.4096565755208333 0.013749999999999974 0.049479166666666664
1 0.13952592329545455 0.4132267992424242 0.010234374999999995 0.04250000000000001
3 0.3144765625 0.327125 0.021015625000000027 0.07062500000000001
3 0.29325827205882354 0.2664675245098038 0.023125000000000017 0.026979166666666672
3 0.3574241394927536 0.324753925120773 0.023984374999999992 0.06947916666666666
3 0.3412121975806452 0.25522849462365593 0.025859374999999973 0.029270833333333326
3 0.4013833598726114 0.2954208687190374 0.042296974522292974 0.11223903043170559
2 0.3668185763888889 0.27841435185185187 0.029843750000000037 0.027187500000000024
2 0.41589613970588246 0.2678553921568627 0.026250000000000016 0.030416666666666654
2 0.42880108173076914 0.22348157051282042 0.022578124999999984 0.038333333333333316
7 0.07302372685185184 0.285474537037037 0.010078125000000004 0.011979166666666667
7 0.10439867424242424 0.2787847222222222 0.011796874999999995 0.015208333333333357
7 0.13739783653846155 0.27065705128205125 0.013515625000000009 0.014791666666666684
7 0.12665482954545454 0.2965530303030303 0.014921874999999996 0.02010416666666668
7 0.045438988095238095 0.3763244047619047 0.00703125 0.010104166666666655
7 0.07750312500000003 0.37255 0.008906250000000004 0.013437500000000036
7 0.109640625 0.36965104166666674 0.009296875000000005 0.016458333333333346
3 0.0393130896226415 0.37920794025157245 0.019921875 0.04989583333333331
3 0.07027209051724138 0.3726472701149426 0.022421875 0.051041666666666666
3 0.10235991379310343 0.36768139367816094 0.021171875000000007 0.055000000000000014
2 0.03862723214285714 0.3408035714285715 0.02515625 0.02062500000000001
2 0.0723153409090909 0.3352083333333333 0.025625 0.0203125
2 0.10592329545454546 0.3295738636363637 0.028203124999999996 0.019791666666666666
2 0.12009698275862069 0.2908656609195402 0.026640624999999994 0.031458333333333324
