7 0.27719018203211515 0.29062077027193306 0.02119670542635661 0.02410944998154303
7 0.32971153846153844 0.3125560897435898 0.020781249999999973 0.02333333333333337
7 0.30282421875 0.35886979166666677 0.016874999999999973 0.027291666666666655
7 0.3015992647058824 0.41083946078431377 0.015781250000000035 0.028125
7 0.35550575657894734 0.37921600877192974 0.016484374999999975 0.027291666666666655
7 0.3560567434210527 0.4272532894736842 0.018906249999999993 0.0265625
7 0.5845349702380953 0.41748511904761904 0.016171874999999947 0.01895833333333332
7 0.6329817708333334 0.033849826388888886 0.04312500000000004 0.05229166666666667
7 0.7690314288083588 0.025914254913342726 0.03765665167095111 0.04940552699228792
7 0.7732956387808042 0.11124525199184729 0.03891050583657583 0.059716817985300485
7 0.8234617456896552 0.08426724137931034 0.034843750000000104 0.05041666666666667
7 0.8266975308641975 0.16639803383630547 0.03290037722908092 0.05272633744855965
7 0.8680555555555557 0.13572255291005286 0.03255208333333322 0.05063657407407409
7 0.8710937499999998 0.2115625 0.03237500000000004 0.04666666666666665
7 0.9412136947465866 0.18577393350304708 0.02810402684563762 0.04544183445190158
7 0.935542505592841 0.24467281879194627 0.02621644295302019 0.04194630872483221
7 0.9718708053691275 0.2211241610738255 0.02810402684563762 0.04670022371364654
3 0.656360815602837 0.041757592289507185 0.07364975450081834 0.07075150027277687
1 0.7858780752802492 0.06826313891531281 0.06283967391304346 0.15064268461007593
1 0.840429761650018 0.10606983725057702 0.05942785449886099 0.16823059035687168
1 0.8862945642605633 0.17368764671361506 0.0546875 0.16822916666666668
7 0.935457042841246 0.3079922931091329 0.02920994065281892 0.04760138476755689
3 0.9440262871298302 0.2663957167148187 0.054329885563380385 0.1718383215962441
2 0.9513074665005028 0.1738882092441843 0.041445623342175074 0.07280614500442087
2 0.9853477538060209 0.23932185745872447 0.022161787974683555 0.01431118618618618
2 0.9638053797468353 0.24193037974683543 0.0095925632911392 0.011339662447257363
10 0.4754525000396968 0.3276761644126004 0.26358054797789693 0.36137630221470274
12 0.3908739098837208 0.552248062015504 0.026250000000000016 0.03239583333333336
4 0.2913301550528362 0.5733673000453121 0.030675947187141218 0.11930096378390621
10 0.7785481536505798 0.482412392213322 0.14985914023372277 0.23615748469671669
10 0.9310151996763254 0.5507510121882145 0.0897300918836141 0.17291985706993362
11 0.4890414354700067 0.7400751398147232 0.08056133056133055 0.2240106693231694
11 0.39024156441717783 0.7466555896387184 0.026600843558282204 0.18724437627811857
11 0.5611782898178693 0.6664701709583597 0.076656380790239 0.20095144356955372
