7 0.1457898248056619 0.04535159724639363 0.041890554298642545 0.0815422322775264
7 0.7446459166190749 0.04351085094231868 0.040958737864077666 0.07584951456310679
7 0.7991415619645915 0.1316093184846754 0.04171723300970864 0.07059061488673138
7 0.8458033547156727 0.208550046232085 0.03686286407766985 0.06512944983818772
7 0.809501499250375 0.44604572713643176 0.02737068965517233 0.04640804597701151
7 0.9878683943089431 0.6799966124661246 0.01994410569105689 0.04437669376693769
7 0.9816410392364793 0.5961249558147755 0.026168699186991874 0.04573170731707314
7 0.9807051716350497 0.420872854561879 0.02324695121951219 0.04776422764227644
7 0.6515986316494642 0.5236866481407966 0.01688728165938862 0.024677037845705917
7 0.5918189080695051 0.5415207271955361 0.016546124454148447 0.02342612809315862
7 0.613330965909091 0.43667140151515144 0.0203125 0.02624999999999999
7 0.542337627482555 0.45829978529253895 0.020158179012345734 0.033693415637860075
7 0.4747088396990741 0.47886123971193423 0.019965277777777856 0.03986625514403291
7 0.4392781340317919 0.2950347723988439 0.025921242774566443 0.03925818882466281
7 0.3558894230769231 0.32869391025641026 0.02468750000000002 0.031562500000000014
7 0.2810724362479009 0.3570394163054373 0.02521588335220839 0.03645243488108723
7 0.11266002703562339 0.4235382209499575 0.024650127226463113 0.05049300254452926
7 0.051183261810871405 0.4833041766540375 0.02772703549060542 0.03762178148921365
7 0.08242942724879734 0.5630691960908898 0.022263178496868475 0.03620824634655537
7 0.08010729484502972 0.6296755393180237 0.023323329853862207 0.03555584551148231
7 0.1621129261363636 0.5917234848484848 0.02046874999999999 0.03447916666666669
7 0.16243359375000002 0.6551250000000001 0.017656249999999995 0.0359375
7 0.26447187499999997 0.5538500000000001 0.016718750000000025 0.029791666666666692
7 0.3233750000000001 0.5295078125 0.019140625 0.04281249999999996
7 0.28095439189189186 0.6375716625716625 0.019256756756756754 0.030180180180180115
7 0.28170045045045045 0.6956081081081079 0.020608108108108113 0.03096846846846842
7 0.33900760135135133 0.7145270270270271 0.017905405405405396 0.02871621621621626
7 0.3384334992887625 0.6588074917022285 0.01689189189189193 0.028716216216216138
7 0.39203734984984984 0.6792354854854853 0.01706081081081079 0.02713963963963965
7 0.39182233704292524 0.7299748277689453 0.015202702702702676 0.02882882882882877
7 0.47315020161290333 0.6068581989247313 0.014531250000000018 0.029791666666666692
7 0.6719715073529412 0.7097242647058825 0.011328125 0.016145833333333335
7 0.5841943359375001 0.7310286458333334 0.009921875000000035 0.014270833333333262
7 0.6614973958333333 0.7815625 0.010781250000000053 0.020520833333333263
7 0.6618489583333333 0.8173697916666668 0.012421874999999982 0.022083333333333264
7 0.6355156249999999 0.8102222222222222 0.009140625000000036 0.020729166666666642
7 0.632734375 0.7701838235294116 0.011406250000000017 0.020937500000000022
7 0.6043198529411765 0.7594607843137253 0.011796874999999929 0.021562500000000047
7 0.6074627976190475 0.7965029761904762 0.014218750000000035 0.028541666666666642
7 0.5455587464731962 0.7377233642348515 0.01634295646916568 0.02355401047964527
7 0.5098199440749698 0.7238922057638051 0.011714026602176464 0.023176138653768656
7 0.5113649923630116 0.7715612337979167 0.012186366384522352 0.023428053204353105
7 0.4714228874742158 0.7565808971714442 0.012469770253929901 0.022798266827891923
7 0.4692223397823459 0.7090727766318136 0.014075725513905724 0.02405783958081417
12 0.12957453028381166 0.9603581998837272 0.013792958221024266 0.0290599730458221
1 0.009020532370251471 0.543372124130551 0.017731741573033706 0.152621722846442
1 0.08926063402889248 0.5891949476419783 0.03686797752808989 0.1404494382022472
1 0.16835025929127057 0.6136740132526648 0.034234550561797736 0.136001872659176
1 0.2887679463171036 0.6620682480233041 0.03300561797752808 0.11938202247191007
1 0.3471230277312933 0.6831221611283769 0.03318117977528088 0.11516853932584266
1 0.3991321140693698 0.6983848314606742 0.030196629213483206 0.10955056179775274
1 0.477871742768348 0.7322844449756951 0.02966994382022472 0.10276217228464428
1 0.5167157243605067 0.7467826121603313 0.02615870786516856 0.10416666666666667
1 0.5547523815339522 0.7580046002279758 0.029845505617977518 0.09550561797752811
1 0.6099045771301871 0.7777784062627267 0.026524814471243018 0.0829081632653061
1 0.6372498674794593 0.7898555526106549 0.022756261595547313 0.08000927643784787
1 0.6677429110464824 0.799512987012987 0.024205705009276456 0.08213512677798392
6 0.03676470588235294 0.05104739737621667 0.031662170263788966 0.025729416466826537
10 0.06330395718774547 0.8738555811169711 0.1166000939849624 0.1609492481203007
10 0.3055813905423281 0.9082502020870074 0.12496383101851852 0.13720100308641983
10 0.6173536411968348 0.953361976590834 0.07256120178041545 0.08268422354104837
10 0.48073017745824487 0.9287857513918293 0.0944309059633027 0.10918386850152899
