7 0.48322482638888886 0.056105324074074085 0.023046875 0.03041666666666666
7 0.5414951508620688 0.021734913793103446 0.024374999999999945 0.029270833333333336
7 0.5848276654411766 0.11359068627450983 0.026328124999999945 0.03729166666666668
7 0.5838433689024389 0.18838922764227647 0.026484374999999984 0.039791666666666656
7 0.9574618902439023 0.12550813008130082 0.01953125 0.024687499999999987
7 0.9423409598214286 0.09992559523809524 0.012890625 0.018437500000000002
7 0.903396875 0.081175 0.012421875000000072 0.019166666666666672
7 0.8701521381578947 0.20537828947368422 0.009765625 0.022395833333333334
7 0.8728245192307693 0.2494871794871794 0.01320312500000007 0.022395833333333334
7 0.936205357142857 0.18676339285714286 0.014375000000000072 0.0234375
7 0.9359526209677421 0.23486559139784943 0.014374999999999893 0.02364583333333332
1 0.9284432164634147 0.24129319105691055 0.024687499999999928 0.06989583333333332
1 0.9352549342105263 0.18635416666666668 0.015546875000000071 0.024062500000000025
1 0.8671604567307692 0.2120913461538462 0.021484375 0.08677083333333334
11 0.8933611298562664 0.29744174459729833 0.15173185847217638 0.2888209759114431
11 0.6492685241291906 0.3231629882877726 0.418892037985096 0.5390674535433838
