7 0.012060030606566501 0.06483027267668336 0.02191151919866444 0.033388981636060105
7 0.34992788461538454 0.01599358974358974 0.023984374999999992 0.03208333333333333
7 0.5211888586956521 0.026123188405797103 0.02273437500000002 0.030729166666666665
7 0.7001078869047619 0.04268849206349205 0.02156249999999993 0.03291666666666667
7 0.49209375 0.31591666666666673 0.01687500000000002 0.01875
7 0.7225082236842105 0.32452302631578944 0.016328125000000072 0.01708333333333337
10 0.2227639263118356 0.23760455567231772 0.07390624999999999 0.10625
10 0.29539746093749997 0.24584635416666664 0.04703124999999999 0.10666666666666667
10 0.21412313136132313 0.305442907124682 0.053673664122137386 0.01948155216284988
10 0.28706789120069354 0.30972312527091456 0.04876462938881665 0.01652579107065453
12 0.6777941559835613 0.30277530720317325 0.02680200729927007 0.05159454292665971
