7 0.18966919404314267 0.23733837984035883 0.050805214723926365 0.06582310838445808
7 0.2796139213246554 0.4384810490045941 0.03457599540581931 0.02951123021949975
7 0.3364937775294726 0.39425304713477577 0.0482407756024096 0.05970841700133871
7 0.41927131256900985 0.5717281621886884 0.03906249999999996 0.03605769230769233
7 0.4721223958333334 0.526201388888889 0.044140625 0.05656250000000001
7 0.07970168606198616 0.9700182123775161 0.0490458833619211 0.05806353630646086
7 0.6252267779390421 0.9468941043233493 0.050251929674099485 0.07790165809033726
7 0.8027227282674106 0.7969299925232963 0.048467503692762114 0.081548498276711
7 0.812551365156651 0.9154841748550555 0.05827496664760821 0.09185606060606068
7 0.9718038425047435 0.6419592030360531 0.006522770398481903 0.029846616065781126
7 0.987557321315623 0.6465119650010541 0.020606024667931776 0.04032258064516133
7 0.9943906292355651 0.5998833807716635 0.010870789848197403 0.056038504111322024
14 0.19852099141506524 0.20222714782890752 0.17859375000000002 0.24197916666666666
14 0.07315389215998085 0.36700731724338276 0.059628928269447566 0.09154769574120518
14 0.19463254051620651 0.5394032613045219 0.035533744747899186 0.04486169467787112
14 0.23212499999999997 0.48750520833333333 0.034218750000000006 0.047604166666666656
14 0.34947775004822523 0.3498558579971341 0.167927414021164 0.21811618165784832
14 0.3248458344525024 0.6584351777240578 0.03686263318112633 0.04851598173515974
14 0.3637586508341225 0.6206570004978025 0.036225572776280315 0.06189100404312668
14 0.48282744328004473 0.48394161406683384 0.17448336693548389 0.21296706989247305
9 0.5137078220858895 0.5507732617586912 0.013779716257668717 0.01725460122699379
9 0.5140233576175868 0.5997216541695068 0.028038726993865025 0.04840874233128834
1 0.6090389326973 0.9163514894859811 0.07581288940809969 0.1537805036344756
1 0.9716207578658871 0.5871177980373741 0.06191357543640894 0.2202852244389027
1 0.9968001712013972 0.7413879377700157 0.005238087714863582 0.029155080889787754
1 0.7820106907894737 0.8244125939849625 0.105078125 0.2730208333333334
6 0.533490349264706 0.5963970588235294 0.025 0.04822916666666662
6 0.4697595592199855 0.7204985921399472 0.06525627920560746 0.09929906542056072
6 0.38521995192307695 0.7848573717948718 0.06320312499999999 0.0944791666666666
6 0.19689390537132914 0.9685875481641821 0.032838581183611514 0.04734288062721295
