7 0.920777206024019 0.06820906385802665 0.021579579025110717 0.0272341211225997
7 0.8379715401785717 0.08209449404761907 0.022265625 0.025624999999999995
7 0.7586979166666669 0.09679783950617284 0.01953125 0.025520833333333333
7 0.2105096968709257 0.1236283137766189 0.03866525423728813 0.04943502824858756
7 0.2887731917055547 0.17062917105725325 0.03501100782778863 0.04586594911937378
7 0.4478203693003996 0.2699786942077134 0.02387873754152823 0.03552971576227388
7 0.48861583867123504 0.29593543621828294 0.02509124087591248 0.03334636774417798
7 0.6158900669642858 0.36549479166666665 0.018203124999999966 0.025729166666666654
7 0.3318290875288915 0.03187493719224198 0.042348130841121503 0.05613966770508827
7 0.4067354979322678 0.09435192429492194 0.034644119537275087 0.05917952013710368
7 0.4061309523809524 0.01988095238095238 0.03953125000000002 0.0309375
7 0.4567051630434783 0.010516304347826086 0.022343750000000016 0.021354166666666667
7 0.49338205645161304 0.050900537634408605 0.02734375 0.034687499999999996
7 0.5017196060264261 0.10176643570737995 0.03139602803738315 0.04064447040498442
7 0.5023363512071495 0.17498666133119914 0.03207533013205284 0.03989095638255303
7 0.5445621077888521 0.1432378183831672 0.026128183831672213 0.03979789590254706
7 0.5472070312499999 0.21000434027777776 0.02921874999999998 0.05041666666666667
7 0.5847102732793522 0.1777960526315789 0.02672697368421053 0.04048582995951415
7 0.5832841435185185 0.2448533950617284 0.026406250000000055 0.04250000000000001
7 0.6382426808266359 0.23484022196708762 0.02296211251435132 0.03336681974741674
7 0.6400219028483953 0.2914115320831738 0.02394876578645242 0.03049655568312287
7 0.6670889945652175 0.2603713768115943 0.023593750000000035 0.03677083333333334
7 0.6666420544044588 0.3155859990306556 0.022761609414758244 0.03313189143341819
7 0.688548177083333 0.2826605902777778 0.019218750000000017 0.024374999999999977
7 0.6892343750000001 0.3352864583333333 0.019218750000000017 0.028541666666666642
13 0.789082991803279 0.2778654371584699 0.020703125 0.06031249999999998
13 0.865167910447761 0.27164023631840795 0.020781249999999928 0.06322916666666668
13 0.944927089126808 0.2647612247628787 0.02780867630700783 0.0696559835001854
1 0.34438413268667 0.03773608916021977 0.05840289087947883 0.0822814875135722
1 0.4169588908070783 0.06821185800604226 0.05086385951661634 0.13437814702920442
1 0.5137383780991733 0.1267656680440771 0.04695312499999993 0.165
1 0.5538202136075949 0.16707542194092825 0.04156250000000004 0.13874999999999998
1 0.5934819240196081 0.2078308823529413 0.040234375 0.13447916666666668
10 0.2406937905716267 0.3453146683619878 0.20432104705183268 0.19960873983739835
10 0.23269554803973097 0.4911244629270894 0.16630353412256266 0.03418665248400625
10 0.49081174254458837 0.4362737798795766 0.1328695255474453 0.14261817865832463
10 0.4883340966741825 0.5427999342352499 0.09327437993235624 0.026893085306275804
10 0.6242875744047619 0.48272817460317446 0.09007812500000005 0.11187500000000003
10 0.6281904450261779 0.5661649214659685 0.04965641361256541 0.015379581151832512
