7 0.765859375 0.4706129807692307 0.034531249999999944 0.04458333333333329
7 0.8365817458246345 0.4480864581660511 0.03580049582463456 0.04458072372999305
7 0.8973207735999331 0.4277706167560922 0.036390216297786715 0.04778672032193162
7 0.9374380387931034 0.5064116379310345 0.034375 0.04479166666666667
7 0.9751009114583334 0.5718402777777779 0.032265624999999964 0.041875000000000044
7 0.4283854166666667 0.9805972222222222 0.017031249999999963 0.03093750000000005
7 0.6636510416666666 0.9623819444444444 0.021953125000000018 0.03927083333333338
7 0.7621875000000001 0.955639880952381 0.02273437500000002 0.03687499999999998
7 0.8518191964285716 0.9420684523809525 0.004375000000000106 0.025937499999999978
7 0.8677179276315788 0.9403673245614035 0.017734374999999858 0.03937499999999995
7 0.38361772676597183 0.3001242448865688 0.05011079850497211 0.06894330727957491
7 0.2865052775142315 0.5589322422517393 0.0360383064516129 0.07022849462365587
7 0.2328145800882658 0.3669821434752509 0.045430944963655226 0.06371149186569743
7 0.13735560986334733 0.6131260429351013 0.041673361182519277 0.0656062553556127
7 0.014640280941533787 0.6436740698557326 0.026783171981776766 0.05967634776006072
1 0.6549218750000001 0.9511321271929821 0.030703125000000053 0.08145833333333338
1 0.754713101790346 0.944783297484237 0.03123368997912319 0.09168623869171881
1 0.859155505952381 0.9301116071428572 0.02960937500000007 0.10604166666666662
2 0.08239243989959304 0.41356810457949983 0.07304687499999998 0.07629135704175513
2 0.03208229825202721 0.47194383742272394 0.0764256709039548 0.12846410481200074
2 0.15175851327350212 0.4204560053305141 0.10392961638491546 0.1271944083224967
2 0.20760970519204683 0.3345268883415435 0.08091517857142858 0.11853448275862064
2 0.3029995057382575 0.3503602667541159 0.10882058789424862 0.1409405921459493
2 0.3596860532407407 0.2154185956790124 0.08093749999999997 0.2263541666666667
3 0.10917156526024804 0.5342675350354883 0.094609375 0.27909059584393553
3 0.2540647624186353 0.44067987438107953 0.099609375 0.3383980067854114
4 0.19289733762146305 0.8802136571474853 0.32038380723594134 0.2372556584362139
