7 0.8050370525727069 0.12399328859060407 0.028523489932885848 0.03355704697986577
7 0.1757540729359926 0.6303025471552257 0.054788961038961026 0.056238404452690224
7 0.6509822187905643 0.7704771123345717 0.03808161004431314 0.04877523387493845
7 0.8742697328158213 0.836282586055101 0.031555997552019655 0.04105467156262747
7 0.9378406781226902 0.8548749692042376 0.028677591463414663 0.039380081300812955
7 0.05824693049112143 0.24197517286123107 0.05825109649122806 0.08145363408521303
7 0.054120765887290166 0.3678530389973734 0.06491681654676258 0.08187200239808158
7 0.2521597573704416 0.32966817453046277 0.05623898354876613 0.06876817403254395
7 0.2505693939918122 0.4488692604124622 0.055961879432624116 0.07350768321513002
7 0.5195046792637752 0.45673170300218474 0.042059706518094056 0.05920031055900618
7 0.5289287216952264 0.5590511525907792 0.04436964504283969 0.062219502243982025
7 0.6398513326508949 0.5125003159437873 0.042545780254777024 0.05573248407643317
7 0.6517610200645915 0.6066045946998329 0.041599025974026024 0.05604514533085959
7 0.7422780749367622 0.5626569965570545 0.04176327993254638 0.05181984260820691
7 0.7547266953656464 0.6458156179138322 0.03766741071428568 0.058726615646258536
7 0.8580522629310344 0.5512033045977011 0.024531249999999893 0.03604166666666663
7 0.8920558405269599 0.6294523985913375 0.03834531823745415 0.05189208486332101
7 0.9034267356348119 0.708673887364731 0.04115226337448572 0.04958276177411977
7 0.9598916053962341 0.6629613303169428 0.03269200379266764 0.042799199325747966
7 0.9748863594110212 0.7403409372598599 0.03614886219974718 0.044774546986936295
1 0.06844000006707822 0.269601205569947 0.08167584527144642 0.2789130747032631
1 0.2688993231389273 0.36086801326778845 0.07205696546887848 0.257230255839822
1 0.540607494368534 0.488952964514813 0.07296874999999999 0.22385416666666672
1 0.6604834254143646 0.5368916896869244 0.07312500000000002 0.20989583333333334
1 0.7640094082858665 0.588939409291418 0.07421095914127429 0.19910664819944598
1 0.9128488281250003 0.6600296875 0.07281250000000003 0.17875000000000002
1 0.9742686298076924 0.6775584935897432 0.05625 0.17229166666666665
