7 0.2995086255656108 0.20380320931791518 0.023743872549019596 0.037785947712418305
7 0.3837018919793014 0.18087672488141437 0.022841203104786566 0.040426908150064673
7 0.4861799568965518 0.1465876436781609 0.02424568965517242 0.04295977011494254
7 0.7880713717110776 0.07841740684877939 0.02468001089324625 0.05514705882352941
7 0.8272909858387798 0.24401195663450564 0.01736111111111125 0.01747458242556279
7 0.9564902349828822 0.22139874468305842 0.01957380174291945 0.017701525054466226
7 0.9556610838779956 0.25469771241830064 0.013276143790849737 0.021332607116920834
7 0.9727706669087389 0.3010772210118616 0.013446350762527181 0.02155954974582427
7 0.9214627208908256 0.3600066569837812 0.009191176470588225 0.02269426289034134
7 0.9270322712418302 0.3363289760348584 0.011403867102396603 0.012708787218591115
7 0.6554850061199511 0.3672225622195023 0.013769889840881256 0.02218482252141983
7 0.6582241092071264 0.3244424044607643 0.01252677478580173 0.020909832721338204
7 0.6776020223656392 0.2646647008642113 0.015586750305997566 0.031109751121991044
7 0.6464334892463718 0.2575024042664802 0.026009791921664683 0.04768461852305184
7 0.5545169263302486 0.2930704164256796 0.01360070850202435 0.015920209176788092
12 0.437379009955752 0.01795920248630425 0.048223174778761015 0.058536135693215335
12 0.5039348066564061 0.034488425035269964 0.05479120575221241 0.03410766961651917
12 0.3496745234853641 0.05554019174041296 0.034050055309734484 0.05070058997050147
12 0.39388020833333337 0.06683259587020648 0.03180309734513274 0.04194321533923303
7 0.3392791297935104 0.31451265978367743 0.024889380530973428 0.03387721238938054
7 0.10830603301565689 0.43648598820058987 0.019704092920353976 0.026272123893805302
7 0.16061821198712786 0.4444053365513543 0.017457134955752206 0.021202064896755187
7 0.2096200528515241 0.45558833169452634 0.014173119469026529 0.023045722713864278
7 0.08263043879056046 0.4549993854473942 0.016938606194690266 0.020049778761061947
7 0.18149946994837757 0.4716115105703048 0.014000276548672553 0.01797566371681416
7 0.13973389872173056 0.4634750901343822 0.008469303097345126 0.016592920353982344
7 0.23602935366624528 0.47890657922461016 0.016420077433628322 0.01797566371681416
7 0.26432003595132747 0.48387375553097345 0.007432245575221241 0.017053834808259557
1 0.21422583826429978 0.45760190664036815 0.021794871794871808 0.05715811965811965
1 0.16196485805860805 0.4499427655677655 0.023798076923076915 0.05950854700854696
1 0.10884449602122018 0.44231874447391667 0.02516025641025641 0.07371794871794872
8 0.27205188679245296 0.39544382504288167 0.05387006861063463 0.1157804459691252
8 0.35220501040813534 0.38358315702065704 0.063696509009009 0.10651276276276272
8 0.4534456331331332 0.3660326993660327 0.08833051801801801 0.12926989489489493
13 0.5029939795564795 0.41464541464541466 0.013548704954954971 0.02744932432432433
13 0.5295490803303304 0.4222190940940941 0.014252533783783772 0.025337837837837836
7 0.5642556619119118 0.4386417667667668 0.01214104729729728 0.010088213213213256
1 0.6527026314203039 0.33969084076842704 0.021344496021220218 0.08316755083996466
7 0.6621234369079196 0.30681602879878744 0.006424071618037175 0.01478227232537576
8 0.7135829091251883 0.237340529160382 0.02450980392156863 0.18229166666666666
8 0.7518479971645521 0.2300998013584519 0.02680759803921564 0.18280228758169934
8 0.7947593099739897 0.22006198312658395 0.02565870098039209 0.1879084967320262
8 0.892322545750193 0.2012997005107853 0.030157059585492262 0.1969991364421416
8 0.9426566960079799 0.19185267152184637 0.029145077720207267 0.2032059585492228
8 0.9870462273316061 0.17977367587795046 0.018608322538860023 0.20453367875647668
4 0.839062275115141 0.50274509451161 0.03116904145077708 0.07097366148531954
4 0.8785062762151492 0.5075715519368369 0.02995466321243523 0.07313255613126082
4 0.9207368180432794 0.49841892715635494 0.032181023316062075 0.07960924006908462
7 0.8544972474093264 0.3655008635578583 0.011131800518134583 0.022938255613126065
3 0.8449591551061341 0.3409051339907515 0.028537888601036166 0.10821459412780658
2 0.8606399773316061 0.31510866436384577 0.023275582901554338 0.03130397236614849
2 0.8732299517192652 0.2928246192494897 0.015382124352331595 0.058020293609671855
3 0.9114125532013324 0.3403439581791265 0.028537888601036166 0.11658031088082901
2 0.9251335816062177 0.3057804404145078 0.01801327720207251 0.029414939550949922
11 0.5262896825396826 0.5615630511463845 0.07146990740740744 0.14891975308641972
11 0.5401785714285714 0.7091600529100528 0.05671296296296298 0.04282407407407405
11 0.6575728422625213 0.5856986140688627 0.0960648148148148 0.22791131969591086
4 0.5032103089080459 0.519980697782422 0.021429271159874565 0.09649294670846391
4 0.5316418495297806 0.49843260188087773 0.017633228840125435 0.03853187042842213
7 0.5617598397770812 0.48311781609195403 0.011388126959247647 0.01698014629049111
4 0.4712425983977709 0.5312717694183211 0.011020768025078365 0.09747257053291539
4 0.48473011363636365 0.49152625391849536 0.005632836990595624 0.04359326018808781
7 0.9808708639705881 0.02655228758169935 0.026424632352941124 0.06050857843137255
