7 0.02033780042262844 0.6534165648284874 0.026096033402922752 0.04653792623521215
7 0.08206758720930232 0.6874830426356588 0.023906250000000007 0.04572916666666664
7 0.13886242378048777 0.7213033536585366 0.024296874999999996 0.044270833333333336
7 0.26809430803571427 0.7883147321428573 0.01484375 0.044583333333333405
7 0.3068125000000001 0.8146458333333332 0.02171875000000001 0.043229166666666666
7 0.34588900862068966 0.8361548132183909 0.01929687499999999 0.04010416666666667
7 0.08185319767441859 0.8336821705426354 0.02046875 0.0398958333333334
7 0.12666992187499998 0.8546447172619046 0.01976562500000001 0.03843749999999998
7 0.3497426470588236 0.5953033088235293 0.023828125 0.0318749999999999
7 0.675244140625 0.4958203125000001 0.027890625000000037 0.03958333333333333
7 0.012136314655172413 0.9643588362068966 0.017349137931034483 0.027729885057471294
7 0.060990953947368406 0.9569627192982458 0.0165625 0.025833333333333285
7 0.11337053571428568 0.9487450396825393 0.017734375000000014 0.02645833333333331
7 0.10488839285714287 0.989903273809524 0.02031249999999999 0.014687500000000023
7 0.27296093750000006 0.9225156250000001 0.01773437499999999 0.02666666666666657
7 0.26884672619047617 0.9769940476190475 0.019609374999999974 0.030104166666666644
7 0.3360379464285714 0.9118055555555556 0.01851562499999999 0.030416666666666595
7 0.7910386029411764 0.8335355392156862 0.017343750000000036 0.035208333333333286
7 0.7950732421875 0.8975000000000001 0.016406250000000087 0.035000000000000024
7 0.9472518010616783 0.9483116363329962 0.02504107684529817 0.034546680148298016
7 0.997278862126246 0.7944573643410853 0.00591517857142847 0.03356866002214834
7 0.27953759628851543 0.538734243697479 0.03356420693277311 0.059195553221288576
7 0.3485399711016749 0.30998122591806243 0.04221403927813161 0.05717002830856336
7 0.4349487190709618 0.4868648848428261 0.02604166666666661 0.06621051198257083
7 0.5039381347285498 0.24385638129587453 0.04671483485193617 0.06074411541381926
7 0.982997214147287 0.7998223514211885 0.009603405315614566 0.025609080841638963
7 0.673883620689655 0.1703735632183908 0.05129310344827589 0.06752873563218391
1 0.05354545454545455 0.9537215909090906 0.02859375 0.07197916666666669
1 0.1019316123188406 0.9600935990338166 0.04046875000000001 0.08229166666666667
1 0.2647677951388889 0.9356452546296298 0.031640625 0.10895833333333335
1 0.3284450604838709 0.9185198252688175 0.02749999999999999 0.09125000000000003
1 0.7845281366359318 0.8503963405663353 0.03273437500000007 0.13864583333333336
1 0.9877500864620533 0.8142170995131314 0.02062500000000007 0.14531485257214552
2 0.2897414319158888 0.36286819993007774 0.0883001860605451 0.11108631700693952
2 0.3270882139124142 0.2776394725557461 0.06804687500000002 0.11510416666666666
2 0.45026677786827396 0.28764695246241384 0.08677917099792101 0.11785516285516286
2 0.4817967222553602 0.20616556759563018 0.06630023486430066 0.12656576200417533
2 0.6340268705712752 0.20142259262382603 0.08790376752336453 0.14351052642022344
2 0.6561843297101451 0.12478109903381646 0.06968750000000004 0.13885416666666667
3 0.23102902478912646 0.41166927263975006 0.12560239530456854 0.31886400433954853
3 0.3916032491467173 0.3498876763958025 0.11642214266595285 0.34920480906495366
3 0.5643408512166325 0.2816429510608787 0.12125059001073932 0.3754771415889924
6 0.12168658088235293 0.6242279411764708 0.033203125 0.02958333333333331
6 0.15936480978260872 0.6035778985507246 0.022343749999999996 0.02802083333333331
4 0.3909940885766175 0.826364703854761 0.123203125 0.2725
4 0.49357983967797 0.7924494866099686 0.12569086393360163 0.2790708836351442
4 0.6081529786736101 0.7775153673004449 0.12492187499999999 0.2949305555555554
