7 0.4863527913318024 0.1668116747990815 0.036584654850746204 0.04547574626865671
7 0.5662430037313433 0.16947294776119398 0.035564365671641784 0.047807835820895525
7 0.6458309040733832 0.17041258550995025 0.03702192164179099 0.048779539800995024
7 0.4742553971215351 0.4015191897654583 0.02415378464818767 0.03242714996446339
7 0.5275202431718957 0.40112997935492606 0.023320895522388075 0.03176083866382372
7 0.5822811167377399 0.4014192430703625 0.0218216950959488 0.033093461265103014
7 0.3194727728544776 0.3838300684079602 0.01070312499999999 0.012708333333333321
7 0.6529969642195032 0.4856862563341985 0.013035317018909965 0.017843900630330013
7 0.9067312204532815 0.4659691323692992 0.011036568409343772 0.014136077122728944
7 0.9771080521567173 0.4852227783957483 0.014599555061179182 0.015410641453466786
13 0.20509447945958587 0.5891091818195927 0.025850183823529393 0.03599877450980386
13 0.2177691823257081 0.6027170706245462 0.010244332107843146 0.028211805555555476
13 0.22489659926470593 0.6100509008427932 0.009957107843137258 0.028722426470588282
6 0.28046875 0.39170955882352937 0.009609375000000009 0.021145833333333287
6 0.3254017857142857 0.3873660714285714 0.005703124999999964 0.015625
6 0.36509375 0.3911666666666666 0.008515624999999982 0.02041666666666669
6 0.5973945312500002 0.392203125 0.011171875000000053 0.022708333333333344
6 0.6390624999999999 0.39190972222222226 0.011015624999999928 0.02020833333333337
6 0.6791817434210528 0.3927247807017543 0.010078124999999983 0.019166666666666703
6 0.7516562499999999 0.39285416666666667 0.012968749999999928 0.019791666666666666
6 0.7924424342105262 0.39316885964912274 0.011562499999999965 0.019895833333333356
6 0.8336225328947368 0.39197916666666666 0.01171875 0.016874999999999987
9 0.8297109375000001 0.36065625 0.007968750000000035 0.015625
9 0.7880924479166667 0.3623090277777778 0.007656249999999964 0.013541666666666667
9 0.762890625 0.36118055555555556 0.00703125 0.016354166666666656
9 0.6717578125000001 0.3606249999999999 0.008046874999999964 0.016354166666666656
9 0.6326562499999999 0.3610416666666667 0.007578124999999947 0.01552083333333331
9 0.6058451704545456 0.3603503787878788 0.006406249999999947 0.016770833333333356
12 0.4700125742084433 0.5076750769569042 0.023602407651715042 0.024461301671064226
4 0.8974447091886608 0.6827762596640895 0.02634714076246336 0.0824780058651026
4 0.9307058347659014 0.6852626655880272 0.025316165689149628 0.08003421309872927
4 0.9678055759204953 0.6868288055284022 0.025316165689149628 0.07850684261974586
3 0.8699347527472527 0.5783882783882784 0.019791666666666607 0.07777777777777786
3 0.9295194003527337 0.5724720752498531 0.020982142857142883 0.07579365079365084
3 0.9860629251700679 0.576343537414966 0.019494047619047626 0.08273809523809525
2 0.8934275793650794 0.5509038800705467 0.025744047619047628 0.025
2 0.9571603641456583 0.5500116713352008 0.025595238095238136 0.02638888888888881
11 0.6978108436395759 0.8744662838633687 0.033955388692579455 0.10011778563015312
11 0.6718381919905771 0.8287936788378484 0.014907243816254478 0.13177267373380452
11 0.703732332155477 0.75813457008245 0.021808745583038913 0.09717314487632507
11 0.6776170494699647 0.7303813309776207 0.013803003533568869 0.03607184923439336
11 0.7820692750484445 0.7781510030776244 0.08999558303886923 0.2101737338044759
