2 0.9472134739148294 0.2282547507112754 0.07119648318042807 0.1497196738022426
2 0.9242850487385322 0.3469833078491335 0.07430237003058107 0.09556574923547405
7 0.9661398604740061 0.28448065324498817 0.040854357798165174 0.057020897043832855
3 0.8762916025658638 0.4520279891578071 0.062461797066014665 0.2169926650366748
7 0.8203940810708181 0.32437622618821593 0.03769787117903931 0.05071870451237264
2 0.803540446757753 0.30381153762741264 0.056393678160919516 0.09099616858237548
2 0.7794247009148486 0.3940349128157009 0.07309626436781613 0.08477011494252877
7 0.7663178351549529 0.4775194267662793 0.02079586330935257 0.030350719424460416
3 0.7342679652680519 0.49218051789022865 0.04730381646655228 0.18671383647798745
7 0.644100413602941 0.4594630821078432 0.02225988051470589 0.028722426470588223
7 0.6824793198529411 0.4508501838235293 0.021541819852941214 0.02814797794117645
6 0.5311789153590498 0.4584633004612983 0.033482142857142884 0.028195488721804492
6 0.5705437971809392 0.44585680093575525 0.028861464968152895 0.02554405520169851
6 0.4253779853620954 0.48247303543913705 0.027084938366718082 0.021346944016435585
7 0.46378081664098614 0.5214368258859783 0.01781587057010787 0.023112480739599366
7 0.5150242068216837 0.5493080846990709 0.016732473035439187 0.021346944016435523
7 0.5625859312880996 0.576064029507907 0.016171647230320652 0.02095481049562681
4 0.9487768397898824 0.7824683241917468 0.09164605698991526 0.2410523504273505
4 0.8577395920193174 0.7821493612906217 0.08380074786324787 0.2290331196581197
1 0.738607657499341 0.7733710667877264 0.023737479131886462 0.10381886477462435
7 0.7424018219227099 0.680065203562341 0.013567509541984712 0.018686386768447843
7 0.6681586480514262 0.6375447803669478 0.015803912213740466 0.019282760814249282
7 0.5002885615814799 0.659254833745177 0.01397085121602295 0.019074868860276577
7 0.5379844583170763 0.6784787250184245 0.014194384835479213 0.017286599904625652
7 0.5714965707312969 0.6977404695783893 0.01028254649499285 0.01594539818788737
1 0.6200176841571181 0.7781171937654697 0.027736032531824596 0.09738920320603484
7 0.6289257332688155 0.7614410407206134 0.015249292786421531 0.024752475247524806
7 0.6236739745403111 0.8072201652938403 0.013370756718529008 0.023131777463460543
7 0.5371306973253276 0.7658694959970889 0.013532569141193652 0.02153081028626881
7 0.5334022830000765 0.8062163231951786 0.017171579330422126 0.020924308588064024
1 0.5307016213812067 0.7812752709040921 0.026269104803493447 0.08915574963609897
7 0.490983592157965 0.7674267444311714 0.01408127503337786 0.021417445482866053
7 0.48649295551964017 0.807933970440119 0.01460280373831777 0.021556519804183338
1 0.483319546835394 0.7848367065910747 0.027223798397863774 0.08859034267912781
7 0.4470869076797387 0.7716333061002179 0.016773897058823463 0.0268075980392157
7 0.44175767733564025 0.8070573817762399 0.013097426470588314 0.022058823529411718
1 0.4400521927521007 0.7849592962184874 0.029296875 0.0836397058823529
7 0.3398318558107079 0.4423052524739913 0.025532859680284226 0.03182356423919478
7 0.2799955595026643 0.46201894612196565 0.02081483126110122 0.027753108348134957
7 0.3078860457371226 0.48060674462206426 0.02303507992895204 0.03404381290704558
2 0.2958933440018967 0.44372579816658764 0.04771959459459461 0.11467717717717717
2 0.2617312870586955 0.5303529982411287 0.055991779089376026 0.053225126475548085
7 0.2633232780291604 0.6221719457013575 0.021701388888888885 0.038283475783475754
3 0.24699034025374855 0.6053981641676279 0.047334558823529396 0.11795343137254903
2 0.23681296668075516 0.4825449657180426 0.045930631868131844 0.06438873626373626
2 0.2064548175039247 0.5474882260596545 0.055374313186813184 0.05465888278388273
3 0.18963495231183913 0.6158478903172301 0.045930631868131844 0.11675824175824184
2 0.1559094005449591 0.5659722222222221 0.053218664850136245 0.04910308810172571
2 0.18908311523017357 0.5033029183995412 0.041723433242506824 0.05932107175295188
7 0.20348478618421048 0.6315618146929823 0.019942434210526307 0.03207236842105263
7 0.1521623452012384 0.6404476264189886 0.020353618421052634 0.03536184210526313
3 0.1382571460980036 0.6248393073200241 0.04461348684210527 0.10910087719298253
7 0.09788686421435057 0.5730585831062671 0.022351839237057226 0.03065395095367845
7 0.08556496934604904 0.6281647366030881 0.023629087193460484 0.031221616712079955
1 0.08507678738460289 0.5947781528325673 0.04981267029972754 0.11608764759309717
7 0.05618248456790124 0.5847111992945326 0.02066798941798941 0.027741034685479112
7 0.04734782558247469 0.6357618583495775 0.02066798941798942 0.02718988830099948
1 0.04381613756613756 0.607671695221298 0.04670965608465608 0.1118827160493827
1 0.012914159839563066 0.6080240987275037 0.031277557319223985 0.09810405643738977
7 0.020182980599647262 0.5942754262198705 0.021494708994708994 0.030313051146384495
7 0.010740793230872599 0.6440364211528232 0.02066798941798942 0.02718988830099948
4 0.1914151887871854 0.7988534515636915 0.05667191075514875 0.13324752097635392
4 0.2263695884998138 0.7968325927305628 0.05488415331807781 0.1396834477498093
4 0.2657182187806473 0.7930981495859215 0.058638443935926786 0.15184019832189175
12 0.5498356219122349 0.9777136006974717 0.0305461711711712 0.040540540540540584
10 0.49218669100134604 0.950562631597114 0.08586711711711717 0.07826576576576573
13 0.03683755449075909 0.7336475183437209 0.027349519940915806 0.052929591334318
13 0.08002319280740362 0.7405338427837902 0.02319516248153618 0.05246799606105365
