7 0.6745443872987477 0.02541534154906248 0.031026386404293404 0.033169350029815144
7 0.5785147709202942 0.07451716027297423 0.028370974955277274 0.03410107334525939
7 0.8634044471153848 0.19624198717948713 0.02546874999999993 0.03135416666666666
7 0.7791172714494871 0.22782960205663993 0.02340786978508218 0.029009391367166366
7 0.3821672046965239 0.17857142857142863 0.025232919254658405 0.028036576949620428
7 0.5960249894531456 0.29848696584576984 0.018947259136212667 0.02503229974160206
7 0.5323199728260869 0.3233740942028985 0.01984375000000007 0.025833333333333344
7 0.9556908378889825 0.16388509251471828 0.026009908536585337 0.03252032520325203
7 0.9871392234219272 0.3043797460844803 0.02206187707641192 0.024570874861572573
7 0.7472806831065759 0.37876879146720416 0.01891121031746028 0.024939373897707225
7 0.9127056646245247 0.3276613601906 0.02036340852130323 0.024018379281537192
13 0.9537040319531103 0.5048382086810903 0.02500346068660022 0.06321520856404574
7 0.08578639506074168 0.17871177003410063 0.03145105698529412 0.05112591911764707
7 0.08765725528492645 0.272775288500817 0.0356158088235294 0.05380667892156866
7 0.2889600212191358 0.26684096671075835 0.028831845238095212 0.04298941798941799
7 0.29139951376641193 0.34731407995296876 0.035135582010582 0.04643408289241625
7 0.38147220491878925 0.3067369955087979 0.028291112956810638 0.042797157622738995
7 0.38654267154751654 0.3803508196273054 0.030886627906976737 0.042566445182724226
7 0.46544918330308527 0.34572746521476094 0.02693965517241379 0.04137931034482758
7 0.4674892241379309 0.41270833333333334 0.02693965517241379 0.04267241379310344
7 0.5854226878612717 0.3954238921001927 0.02917268786127165 0.033959537572254325
7 0.5890942569457395 0.4580031387904778 0.027727601156069426 0.03636801541425818
7 0.6427189205721816 0.42161227962858405 0.02660778985507246 0.03838854382332642
7 0.644093471509587 0.48234633330332766 0.024343297101449314 0.03299689440993785
7 0.6944133718407637 0.4434964475539647 0.025448462414578633 0.03820235383447225
7 0.6980419810649203 0.5040159927866362 0.025448462414578543 0.03298215641609724
7 0.77125 0.48002976190476193 0.023203125000000036 0.029062500000000036
7 0.7754282407407408 0.5325 0.022265625 0.02822916666666663
7 0.8117261904761903 0.49805555555555575 0.022343750000000107 0.02822916666666669
7 0.8151290760869567 0.5479166666666667 0.020781249999999928 0.028854166666666715
7 0.8466319444444445 0.512690972222222 0.02039062499999993 0.026041666666666668
7 0.8512968749999998 0.5641666666666666 0.022109374999999966 0.030312500000000023
10 0.3347523671888855 0.6482302375590995 0.17920960521571933 0.16374150409272398
10 0.2960237717245989 0.768316204322638 0.14083563112745096 0.02667994281045741
10 0.6066133187267533 0.6899688512682984 0.1320329087048832 0.128494338287332
10 0.5984258150268755 0.7843862792448911 0.1016227506426735 0.024903598971722354
10 0.7853994048505344 0.7143791658272972 0.10089335372636254 0.10520949202817947
10 0.7803034322426299 0.7939191361835677 0.07865556027164695 0.0168010752688172
1 0.10181486029581821 0.21513751069211492 0.05761610122358175 0.20022246941045604
1 0.3029563737623763 0.2973422029702971 0.049609375 0.1723958333333333
1 0.3968181195175439 0.34098044590643295 0.05132812499999999 0.16166666666666665
1 0.47897513440860207 0.3724081541218638 0.04343749999999993 0.15010416666666668
1 0.5966318633177569 0.42647488317757015 0.043828125000000016 0.13583333333333336
1 0.7035255142405064 0.4725830696202531 0.042343749999999944 0.1219791666666667
1 0.7812644675925923 0.4991965663580246 0.03757812500000002 0.11489583333333328
1 0.8212854287790703 0.5178161337209302 0.03624999999999989 0.1125
