13 0.28182896205357144 0.3335770089285714 0.0203125 0.04968749999999999
13 0.34431941105769226 0.33338741987179493 0.02437499999999999 0.047083333333333324
10 0.2861775651618984 0.44477024607053095 0.1325 0.19375
10 0.44856879410039224 0.5306153812925936 0.07820312499999993 0.1464583333333333
7 0.07327087204771608 0.029304290053151105 0.0390625 0.05208333333333334
7 0.16108514430117146 0.1020798588512854 0.03336773917995446 0.048168185269552015
7 0.30589267418032795 0.05125853825136612 0.026015625000000007 0.029999999999999995
7 0.28732812500000005 0.19954967948717955 0.027890624999999992 0.04145833333333331
7 0.3493838778409091 0.1827249053030303 0.019062499999999982 0.03447916666666666
7 0.34339226973684217 0.24274488304093575 0.02749999999999999 0.03885416666666665
7 0.38943402777777775 0.27895138888888893 0.024296875000000016 0.03562500000000002
7 0.45751116071428577 0.32958035714285716 0.021796874999999983 0.03104166666666668
7 0.4898918269230771 0.3579674145299146 0.016953124999999947 0.02791666666666668
7 0.5216051136363636 0.3799715909090909 0.013125000000000053 0.02666666666666669
7 0.45674768518518516 0.20596643518518526 0.02023437499999998 0.023541666666666662
7 0.47237642045454536 0.2326098484848485 0.01945312500000007 0.030520833333333344
7 0.5026578776041666 0.26113932291666664 0.019765624999999964 0.02822916666666666
7 0.5298786569148934 0.28981826241134745 0.01796875 0.026145833333333358
7 0.6018336397058823 0.13435661764705883 0.018984374999999963 0.022708333333333316
3 0.30309511274896894 0.16371998479131925 0.0610632183908046 0.14559386973180075
3 0.35332523148148154 0.2177345679012346 0.04117187499999999 0.13145833333333334
3 0.39954554718379437 0.26103934568128195 0.04012891809909003 0.1263902932254803
3 0.46886168573943665 0.30013204225352125 0.047578124999999985 0.121875
