7 0.41953637328018517 0.021310166730958806 0.027625530410183875 0.03403465346534654
7 0.5737353307254623 0.023307847321005215 0.039273648648648685 0.03772522522522523
7 0.4967438655761024 0.21774241346609766 0.02048141891891886 0.04701576576576576
7 0.5133287584459459 0.21769425675675672 0.0040118243243243866 0.03068693693693693
7 0.49526292596944765 0.31014982373678024 0.029771959459459475 0.04898648648648649
7 0.7434351965601966 0.0390177108927109 0.021326013513513507 0.02759009009009009
7 0.8136261261261261 0.06661348848848848 0.020692567567567544 0.02899774774774775
7 0.8817332957957957 0.0925613113113113 0.021326013513513507 0.026182432432432443
7 0.8807596659159159 0.24282094594594594 0.01520270270270263 0.021396396396396403
7 0.8273105694980696 0.22492358429858428 0.013302364864864913 0.023085585585585586
7 0.6918691528066527 0.17987699237699234 0.010979729729729737 0.022804054054054036
7 0.6336438978040541 0.15976914414414412 0.019425675675675703 0.022240990990990993
7 0.8461051195426196 0.28176975051975056 0.01520270270270263 0.020551801801801814
7 0.8668103448275865 0.3318582375478928 0.015732758620689503 0.024712643678160912
7 0.8651939655172415 0.38042196007259527 0.01584051724137936 0.03405172413793102
1 0.8598182007786427 0.3526093807934743 0.0255387931034484 0.10129310344827586
7 0.8186310016556291 0.34149814727215394 0.01694432947019866 0.027593818984547505
7 0.8142619803164092 0.3945820302918813 0.018367135761589458 0.024144591611478992
7 0.7645263196338139 0.40293062589274115 0.01565086920529799 0.024661975717439274
7 0.7659871688741723 0.3568964837590665 0.01409871688741724 0.02586920529801328
1 0.5561440213579293 0.03363114025858643 0.06607225836431221 0.058472738537794305
1 0.8082772415544829 0.38397071585809844 0.025067667322834542 0.07976541994750655
1 0.8133065398075239 0.332936898512686 0.023991141732283516 0.04470144356955383
1 0.7597049797578367 0.37504487941365827 0.02737450787401574 0.09555446194225722
1 0.4851650921869293 0.25216871272970665 0.05882906626506026 0.18511546184738956
11 0.830684650997151 0.5029261633428299 0.14178240740740736 0.35262345679012347
11 0.4515041392027622 0.5916542425193552 0.4872685185185185 0.7179783950617282
13 0.6666358951146685 0.34021424941236256 0.029749142367066918 0.06039165237278444
