7 0.028110766700404854 0.023564018218623483 0.050290991902834 0.04681174089068826
7 0.17872590212555606 0.8316255423738123 0.022430847338935567 0.037640056022409024
7 0.16899728641456582 0.9000423085901027 0.01794467787114844 0.03836951447245565
7 0.21766675420168063 0.9050099206349205 0.011488970588235281 0.028740662931839366
7 0.22309334918177792 0.976238082952479 0.025056897759103646 0.036327030812325016
7 0.2763735702614379 0.910380355846042 0.01750700280112043 0.03968253968253978
7 0.28531231571576 0.8403975625337853 0.020133053221288534 0.039536647992530406
7 0.2009879032258064 0.645524193548387 0.02359374999999999 0.041354166666666595
7 0.23273437500000002 0.6917137096774194 0.022812500000000034 0.03958333333333333
7 0.2582087053571428 0.7338467261904761 0.020156250000000007 0.03729166666666662
7 0.3183192319579663 0.9126616185030649 0.011083101529902661 0.028975428836346732
7 0.3257415404918447 0.9880413136932609 0.028902990264255912 0.028716098748261486
7 0.3876477746870654 0.9219981455725544 0.01619002086230874 0.04128998609179414
7 0.36859160098902793 0.9230444805027557 0.00543289290681499 0.02086230876216959
7 0.39457742958970793 0.8486359816875289 0.015320757997218326 0.03853732035234122
7 0.37837629599190803 0.8485717747713575 0.008040681502086233 0.03274223458507185
7 0.5940663667041619 0.9406519497562803 0.013164370078740184 0.03723753280839901
7 0.5758880637079457 0.9377982581722738 0.009965551181102317 0.03461286089238851
7 0.5812691382327209 0.8623140857392824 0.007997047244094446 0.033464566929133945
7 0.5990403543307086 0.8647590926134234 0.010949803149606297 0.03576115485564309
7 0.7012132798304057 0.8724510397738744 0.00910433070866148 0.03772965879265087
7 0.7201790581465779 0.8755173632142135 0.01045767716535435 0.03740157480314963
7 0.7177042322834646 0.9530566491688538 0.01205708661417324 0.03625328083989506
7 0.698560531496063 0.9520177165354329 0.008735236220472498 0.034448818897637776
7 0.9080677454102659 0.7548928541692685 0.01501127919320595 0.03118365180467085
7 0.8271195696553976 0.8851019380477981 0.010864516985138017 0.037486730360934216
7 0.8465455556916544 0.886760642931025 0.00986929405520165 0.036712668082094876
7 0.8191099389596603 0.9324271275654635 0.009122876857749419 0.030741330502477026
7 0.8454951944949954 0.9666537129713881 0.00978635881104033 0.036380927105449365
7 0.8263986709946106 0.9636139691872175 0.012108545647558344 0.03837137296532198
7 0.8877015485312899 0.523001809280545 0.02963362068965516 0.04454022988505747
7 0.9036907327586204 0.4436901340996168 0.03286637931034484 0.047892720306513446
7 0.9796515804597699 0.4509818007662835 0.015086206896551779 0.031609195402298874
7 0.9190553160919542 0.34853927203065127 0.036997126436781616 0.04932950191570882
7 0.9831261545566503 0.35190116995073883 0.029031968390804685 0.04932950191570882
7 0.5531784551922495 0.5098899989908164 0.02618358310626707 0.040020435967302426
7 0.4298662646876933 0.5124201195629767 0.02406076066790357 0.02879560915275198
7 0.40437400609594487 0.44089307801042504 0.026234925788497197 0.030534941249226993
7 0.3751504660305681 0.3491456106252025 0.03565630797773656 0.04271026592455165
7 0.4508856099257885 0.3494897959183673 0.035221474953617896 0.042130488559060035
7 0.513806983832494 0.345611729540301 0.034641697588126165 0.04734848484848489
7 0.5331262303149606 0.4357939632545932 0.03125 0.041994750656167965
14 0.9273169525065965 0.32770585971855765 0.1313077176781002 0.10801451187335094
14 0.9184454361807391 0.41613415237467033 0.14120217678100264 0.1019678979771328
14 0.8917037708883028 0.49474585898563467 0.09482189973614777 0.08959982409850488
14 0.983643737631926 0.47539509124890067 0.03141696899736157 0.014921394019349185
14 0.4690999377888375 0.3145366749614885 0.27586206896551724 0.10883620689655173
14 0.5072159790640396 0.401926826765189 0.26589439655172414 0.09410919540229887
14 0.5407976683410263 0.47646563037378953 0.26427801724137934 0.09231321839080457
1 0.8361225328947366 0.9147546600877194 0.03227796052631575 0.1661184210526316
1 0.709658817394095 0.8993635002139494 0.033922697368420976 0.1661184210526316
1 0.5882375616776315 0.8900710434941522 0.035361842105263094 0.1641995614035088
1 0.3826266763663968 0.8761281207827262 0.03618421052631575 0.15953947368421062
1 0.27379842836257307 0.8649853801169592 0.03967927631578947 0.1551535087719298
1 0.16636597073039744 0.8565890171858216 0.04358552631578947 0.15076754385964908
