7 0.021834526244035445 0.35169563735514653 0.018812308282208586 0.021088957055214703
12 0.05087352362204724 0.17445866141732283 0.037370816929133854 0.0393700787401575
7 0.39807249882019813 0.23217516123957838 0.013899539877300615 0.02412448875255624
7 0.41861879313650296 0.12628410979038854 0.01833301380368102 0.029556492842535795
7 0.41760927914110424 0.07352377300613497 0.01833301380368093 0.02891743353783231
7 0.4499517886142187 0.10395051425478162 0.019890720858895695 0.03227249488752556
7 0.4486675613496932 0.04868566802999317 0.01881230828220861 0.030515081799591
7 0.37871253514826164 0.05896653459441035 0.017614072085889543 0.03259202453987729
7 0.3564174225195685 0.0807032737465623 0.015816717791411028 0.029077198364008173
7 0.4021746655589638 0.031668938877527836 0.01857266104294473 0.02204754601226994
7 0.48385451365756155 0.07910004441483456 0.022646360759493687 0.03217299578059073
7 0.4818217779056386 0.017638808975834287 0.022151898734177243 0.03243670886075949
7 0.543649975481455 0.06275447277698527 0.019949179743223945 0.02986804564907275
7 0.592108929208274 0.028883588920589634 0.021286554921540635 0.034028768426058016
7 0.3980281823340268 0.28351774793518697 0.017710008038585245 0.0304796355841372
13 0.4865521435212858 0.22079984946093736 0.015036610878661084 0.03733728498372851
13 0.5310332887804122 0.2208517356268402 0.014382845188284499 0.03661087866108786
7 0.8324760665099094 0.14771232224834843 0.012793395196506551 0.022516375545851522
7 0.8329090737319449 0.18982336804389208 0.016546124454148447 0.02365356622998543
7 0.9111456058951966 0.16323559991682265 0.01637554585152845 0.027520014556040775
7 0.9097809770742356 0.12108806404657933 0.014328602620087238 0.023653566229985445
7 0.9594477802037845 0.10058451601164482 0.018081331877729312 0.023198689956331883
7 0.9611251364628819 0.14622376880155263 0.018763646288209656 0.024335880640465806
7 0.9791723526200873 0.18688591703056767 0.018934224890829653 0.022516375545851522
7 0.813205058224163 0.054003922044315054 0.012622816593886555 0.018649927219796213
7 0.8545866149407362 0.05099487939280514 0.014499181222707592 0.023653566229985445
4 0.6611473880597013 0.18639465639900357 0.12126865671641793 0.18967661691542284
7 0.6873556325515281 0.03990464344941956 0.015491737739872048 0.022654584221748396
3 0.5683882176419489 0.04019255573981942 0.034981343283582066 0.07840262970859985
1 0.40913820321469563 0.0965809687824613 0.03181636460554369 0.11660447761194029
1 0.4422515538882408 0.06844567593300342 0.033482142857142794 0.10527718550106609
1 0.47598603976868886 0.05198910749283882 0.03581423240938166 0.11393923240938165
3 0.5249422530206111 0.05002125228200733 0.047308102345415735 0.10905294953802415
7 0.6463386194029852 0.007818052594171997 0.023654051172707913 0.013992537313432835
10 0.71091716629485 0.3629469542046229 0.04038055981595097 0.07732617586912068
12 0.939194648334794 0.34495508326029795 0.018093366564417224 0.016296012269938605
10 0.9729564081671779 0.3090402039309247 0.0654332822085891 0.10704243353783228
10 0.836443793114616 0.33361536634603967 0.05270028054862834 0.10065980881130503
1 0.8303310577152399 0.17325999682009696 0.020737687813021745 0.07460350584307178
1 0.905936978297162 0.14125587398751005 0.026345993322203574 0.09286310517529216
1 0.9540788862118681 0.11856487453837203 0.031041318864774504 0.0979062326099054
7 0.8178309792636851 0.10656466918548456 0.016172787979966508 0.020346410684474122
7 0.855810546875 0.22454427083333334 0.013671875 0.021321614583333332
7 0.8188809481534092 0.23723070549242425 0.015380859375 0.019205729166666668
7 0.9174161124546554 0.021702438532849654 0.006140417170495738 0.0084391374445788
11 0.37888081868489587 0.4605238172743055 0.2215576171875 0.321044921875
4 0.3827613543371523 0.288360797004414 0.04922770049099841 0.07842334969994544
1 0.39152255624017196 0.2577239979461506 0.030815261865793753 0.08132160392798692
