9 0.050425801508722314 0.030926562043959497 0.011050212164073554 0.021069071192833567
6 0.03618777056277057 0.07800333604789052 0.012486739745403114 0.036981376709099484
9 0.08930781471004243 0.03620786185761434 0.011271216407355022 0.019595709570957093
6 0.09740583793402383 0.0838057596082189 0.0159123055162659 0.035508015087223004
9 0.14703092515592514 0.043269230769230775 0.010388513513513508 0.01948198198198198
6 0.15532094594594592 0.09040259009009007 0.019341216216216206 0.03231981981981981
9 0.27488873839009287 0.06419897504456326 0.01180230614973259 0.019078654188948312
6 0.2589162497843712 0.10674971968259446 0.015875668449197855 0.03189059714795008
6 0.31510776047955835 0.11546920821114369 0.014726771390374305 0.03147281639928698
9 0.36678301227515797 0.07678303759520337 0.010131183155080237 0.01963569518716577
6 0.36849828709893045 0.122576871657754 0.02109792780748663 0.029383912655971473
6 0.6502579743378336 0.1660461541104125 0.02059205271565494 0.03278088391906282
9 0.6677551212178165 0.12579872204472842 0.00898562300319492 0.014809637912673068
9 0.6981395556583152 0.1294420155820862 0.009859225239616621 0.016473642172523974
9 0.8398665364583333 0.15378038194444446 0.016015625 0.016145833333333335
9 0.8761800986842105 0.15998903508771928 0.012578125000000107 0.015625
9 0.9060230654761904 0.1635218253968254 0.009921874999999858 0.01895833333333332
7 0.014201964999394457 0.15845772274030118 0.010663300835654598 0.02756499535747447
7 0.028530915554903974 0.15942646483897766 0.009031162952646244 0.02843546889507893
7 0.017978086530685597 0.22947273639440496 0.02665825208913649 0.031191968430826358
7 0.015314893802228413 0.29079515685104124 0.026114206128133706 0.031046889507892257
1 0.01806672223629048 0.25936594355814413 0.02905205431754875 0.13318245125348188
7 0.11218559451219515 0.16857215447154464 0.009408346036585358 0.026359247967479682
7 0.1259845020325203 0.17117632113821138 0.0053591844512195005 0.023818597560975617
7 0.11877796764358772 0.2433645997246263 0.02465224847560976 0.03239329268292682
7 0.11659587677025965 0.3012719643325466 0.025604992378048762 0.030329014227642285
1 0.11866242084896803 0.26621339788260523 0.028344131097560975 0.13481326219512194
7 0.23834393299870715 0.19971417344791742 0.018127566735112934 0.023528405201916503
7 0.21472568744814505 0.25102104816087867 0.024797765793528503 0.02889060092449925
7 0.2136801007960966 0.3104669577127204 0.026483050847457612 0.03097714432460196
1 0.21523322487285856 0.27790440793778254 0.027937633832976472 0.12736438258386867
7 0.3658399532315796 0.19773516467436567 0.02287241676234215 0.027267508610792184
3 0.3605513904599002 0.3253487644954525 0.03451363216266175 0.13131546518792359
2 0.3915693582649966 0.17543902578668694 0.02884392393320967 0.053693540972302056
2 0.39811832540421843 0.2333474726639608 0.023901706700379322 0.04490623683101559
2 0.4034981914459362 0.289609601777939 0.03962590144230767 0.046574519230769225
7 0.44948979298777686 0.20898910179824165 0.021590099715099776 0.026709401709401705
3 0.4496122367216115 0.3311388447079237 0.0343406593406594 0.13144841269841268
2 0.4804432806085486 0.19452829429284393 0.03078589108910883 0.057549504950495045
2 0.4846786762009535 0.2511994254981054 0.029857673267326756 0.035478547854785464
2 0.49168785121755415 0.2952122914994202 0.042079207920792075 0.04641089108910889
7 0.5294155181214906 0.21946784073506895 0.024286944869831562 0.027756508422664646
3 0.5331106309482857 0.3401720702901042 0.03228557504873297 0.13178200129954518
2 0.5658910603715172 0.20928147574819403 0.028125 0.05220588235294115
2 0.5654852941176471 0.2601470588235294 0.029779411764705888 0.030637254901960807
2 0.5756975867269986 0.31048265460030167 0.049448529411764766 0.04558823529411763
7 0.6307944373401533 0.27636431988254245 0.014680351307189542 0.020254629629629612
7 0.6835104965899403 0.23513723122099084 0.015701593137254923 0.021446078431372553
7 0.7103236448564935 0.24042844794922796 0.016850490196078472 0.020424836601307207
7 0.7421555861928104 0.24507372393401808 0.016467524509803867 0.023148148148148154
7 0.9203764212272875 0.2669504587821419 0.02099540311173964 0.022247760490334775
1 0.023042883651436273 0.4201147901805798 0.017328477443609023 0.08693609022556388
7 0.09072214412080622 0.4060110886459846 0.018851290516206477 0.019382753101240505
7 0.08939513305322129 0.44603257969854604 0.01894507803121248 0.020133053221288517
1 0.09071045697690841 0.4233825883294495 0.02025810324129651 0.08628451380552218
7 0.15659725371915817 0.4123862330672472 0.017008345428156747 0.020561199806482775
7 0.1543538844541203 0.44613100037628334 0.02426523947750363 0.02464320270924046
1 0.1565139546503605 0.42488024142060615 0.02369829462989841 0.08466376390904694
7 0.2670490307150051 0.4191842900302115 0.016521903323262865 0.020927744209466265
7 0.2663861876888217 0.45872867887713986 0.015931835347432033 0.019511581067472326
1 0.26700779378060224 0.4350550838629025 0.017111971299093653 0.08198011077542795
7 0.32656602105835725 0.42470439298572793 0.014448480845442545 0.019677454865697955
7 0.32680012590819024 0.46208477818141785 0.014551684280052869 0.018851827388815502
1 0.32825683406485695 0.438836539963921 0.014758091149273423 0.08214993394980183
7 0.5404996247270741 0.4395905355409994 0.014214883551673907 0.021379184861717644
1 0.5420987991266377 0.4550549750467871 0.017057860262008707 0.07823871906841338
7 0.6827671553808948 0.4517097800426096 0.010013603385731517 0.01889359129383313
7 0.6842566001612254 0.48588438801558514 0.009257859733978257 0.01813784764207978
1 0.6872112926663696 0.46339018646980207 0.017476571946795617 0.07431479242241033
7 0.732365406518311 0.45495115647450496 0.010677676537585423 0.01672835990888378
7 0.7337565845671983 0.48972718536446463 0.009787870159453238 0.016491078208048588
1 0.7375058695999679 0.4701424689285858 0.01921981776765378 0.07367596810933943
11 0.11893021971266102 0.6572371582413498 0.2505512284625973 0.42332273217813
12 0.22587864721485404 0.5971546812064051 0.01454741379310347 0.04561781609195397
10 0.33481243932257027 0.609214129900639 0.08570125130344111 0.0863529718456725
4 0.39715735068912705 0.5112000879133344 0.038883039816232756 0.1285732516590097
4 0.44822026408393356 0.5128199906595854 0.03852411944869836 0.12570188871873403
4 0.5025672949290138 0.5118518589768254 0.04549050632911387 0.12281494876431592
10 0.5398036206144239 0.613048893009895 0.07908802003081661 0.07977015921931177
10 0.7211197214354441 0.6110695135227923 0.07645003828483912 0.07752679938744259
12 0.8489341517857143 0.6190451388888889 0.01851562499999986 0.03791666666666664
10 0.9145658230894551 0.6274020660545027 0.04646771327014232 0.07701421800947869
4 0.9550133501967399 0.5343264005995876 0.04479342327150082 0.11049044406970208
4 0.9870447758572233 0.5328530775716697 0.01705707209106233 0.10697723440134907
8 0.9802556098316346 0.2820518234885599 0.04126868770764123 0.1806478405315615
