13 0.10273400000000002 0.814583 0.06640599999999999 0.1020829999999999
7 0.187698966995842 0.3988543832293832 0.037032224532224524 0.04829348579348576
7 0.30304608199828786 0.3648253740165506 0.03833160083160081 0.05024255024255027
7 0.4329449641949642 0.32488016863016855 0.04060550935550929 0.05349099099099099
7 0.21046452869256557 0.5635188654440281 0.03592733188720174 0.046321402747649995
7 0.32964579600113164 0.5362868999339808 0.03253796095444685 0.04971077368040492
7 0.46445347390583136 0.5052688103440942 0.03321583514099782 0.05422993492407808
7 0.48451547688849805 0.6926426756571876 0.03895943271767814 0.07063544415127533
7 0.47348398689837146 0.8200554241348982 0.04596800791556728 0.07228452066842574
1 0.4652276620560202 0.7476373474507805 0.07662579957356082 0.2669687277896233
7 0.6718284970238095 0.3350177744708995 0.03428819444444446 0.0703125
7 0.6641459668803418 0.45182291666666663 0.03559027777777777 0.07262731481481483
1 0.6548584264032072 0.37096100610920174 0.06553819444444446 0.25318287037037035
7 0.7055651872399444 0.2404935275080907 0.04884708737864081 0.060477346278317155
7 0.8907595792844522 0.18153250147232036 0.051623233215547695 0.06551825677267376
7 0.8686395759717314 0.28512956419316837 0.057144434628975206 0.0725117785630153
7 0.8802451413427559 0.40678371613663133 0.031746908127208505 0.07435217903415783
7 0.8458692919271542 0.40406700190269096 0.012974823321554751 0.04085689045936392
1 0.862821346048932 0.3145487533022587 0.05990503533568905 0.2784558012846851
7 0.6285317946623092 0.8989278581803091 0.015975140056022408 0.031220821661998126
7 0.6251641281512605 0.9610323295985062 0.016741071428571352 0.032387955182072756
1 0.6223242137764197 0.9152625696743342 0.02680759803921573 0.11963118580765636
7 0.7181540215588721 0.8959866466279711 0.015304337686567138 0.03226057213930342
7 0.7153846652155887 0.9584672125483692 0.014429804104477561 0.03400963930348257
1 0.7109339665309813 0.9188580063696666 0.028276585820895494 0.13409514925373134
7 0.8146816363134658 0.9552290286975718 0.0150041390728477 0.03633186166298756
7 0.7991428669977926 0.9537113686534213 0.006036147902869793 0.026214128035320052
7 0.8144430647534951 0.8900386313465785 0.015866445916114812 0.03357247976453278
7 0.7988880945213729 0.8888554418355742 0.005863686534216317 0.021385209713024267
1 0.8073501803453171 0.923620966046463 0.027593818984547536 0.13428991905813098
1 0.9906283673087918 0.8788240716306756 0.016291005574614027 0.12757289879931394
