11 0.07683697608266574 0.6451125237044779 0.13020833333333331 0.3644079685746353
11 0.009407803525450585 0.5901952531854492 0.023674242424242424 0.12240460157126823
7 0.19140546069913117 0.2334085449361262 0.025415487977369165 0.034771334276284774
7 0.13535896000314313 0.2585831499816648 0.024752475247524754 0.033003300330033
7 0.25373497171145687 0.2065579325789722 0.02663101131541725 0.03653936822253655
7 0.051282840722495907 0.2865592501368363 0.027478448275862072 0.05215517241379312
7 0.019081564986737402 0.3308134394341291 0.017349137931034483 0.03218390804597699
7 0.16315632038288289 0.3609586148648649 0.025205869932432436 0.02973676801801801
7 0.22158291103603603 0.3415564001501501 0.027317356418918904 0.03431165540540544
7 0.28011130550193053 0.3136814269626769 0.011217271959459475 0.025337837837837836
7 0.38565245640509727 0.27865107310529846 0.01909896881287727 0.04411887994634472
7 0.4359359280684106 0.3048139094986586 0.019727741448692094 0.04191817572099262
7 0.4807307385982563 0.3289808294209703 0.019334758551307906 0.03814553990610327
7 0.5814270704874409 0.387158299257913 0.017920020120724356 0.035525653923541255
7 0.6175062226809132 0.40657739540692434 0.017055457746478896 0.036154426559356106
7 0.6509787894030852 0.4268981947238988 0.017212650905432624 0.03416331321260901
7 0.9131033331049604 0.09715846807344479 0.034234550561797764 0.0637874531835206
6 0.9684298578982157 0.02805546375853712 0.022823033707865113 0.03306413857677903
6 0.8987666783707866 0.05270511470037453 0.02545646067415728 0.02808988764044944
6 0.827152095037453 0.07727970245526423 0.022164676966292162 0.030430711610486893
7 0.8774249473314606 0.04610935549313358 0.02062851123595504 0.02457865168539326
6 0.7147437773096129 0.12245435393258426 0.021945224719101118 0.031015917602996254
6 0.6591822209715692 0.14349200209253798 0.022321354457194343 0.02647261623325452
6 0.6055711339808818 0.16334326926371331 0.02207077423167849 0.02647261623325452
6 0.5189679373522459 0.19600201930654057 0.01809988179669029 0.021793735224586275
6 0.474208154473062 0.21483321927750815 0.018746306146572068 0.02388691883372734
6 0.43235528303125814 0.23198083574117853 0.01689937943262416 0.023640661938534268
7 0.5999279161007082 0.20220127502344687 0.027181163287086463 0.05047136250444681
7 0.6514736430858362 0.2315997103216954 0.02259538420490923 0.04746976165065811
7 0.6973484816902348 0.2655061866328708 0.024262940234791853 0.04302294557097121
7 0.7952696017513 0.3317504397369226 0.019656718415417627 0.03747323340471092
7 0.8298709239130433 0.35918025362318845 0.016953125000000034 0.03687499999999998
7 0.8619270833333335 0.38103174603174605 0.018828125000000105 0.03260416666666668
7 0.8818520220588237 0.4016544117647059 0.021953124999999928 0.027187500000000024
7 0.920620720425408 0.5666035353535354 0.018028846153846166 0.024038461538461557
7 0.9443518720862472 0.5104379127816628 0.02328725961538467 0.030548878205128163
7 0.9425763039044286 0.45422676282051283 0.022285657051282114 0.027877938034188077
7 0.8626984994172494 0.4669896076146076 0.021534455128205288 0.026709401709401764
7 0.8634940905448719 0.5163762019230769 0.01552483974358978 0.02904647435897439
7 0.9082657251602564 0.5146011396011395 0.010391626602564052 0.01769497863247865
7 0.8454777644230769 0.5742066093628593 0.018529647435897446 0.024372329059829074
7 0.8340636685363247 0.5222522702991453 0.011142828525641057 0.019197382478632483
7 0.7900766225961539 0.5275774572649573 0.017653245192307664 0.026041666666666668
7 0.7908486912393162 0.4798232727920227 0.016902043269230747 0.028211805555555535
7 0.6703600761217947 0.5437199519230769 0.015524839743589692 0.026375534188034244
7 0.6719501201923077 0.4961271367521368 0.014398036858974362 0.02537393162393163
7 0.6064007968304843 0.597789797008547 0.015650040064102554 0.023036858974359
7 0.6641376201923076 0.5912459935897435 0.01640124198717947 0.02337072649572652
7 0.6101353074009324 0.5499556866744367 0.015650040064102554 0.02754407051282044
7 0.6108801860754985 0.5078310481956315 0.014898838141025638 0.02537393162393163
7 0.5548565204326923 0.5163678552350427 0.012144431089743613 0.02337072649572652
7 0.5533575943732193 0.5608417913105413 0.013897235576923083 0.02587473290598285
7 0.46229522792022787 0.5310904855175688 0.014022435897435858 0.02120058760683759
7 0.4612630208333333 0.572799813034188 0.015024038461538502 0.02153445512820511
7 0.48954368656517094 0.46726150730056987 0.01552483974358978 0.01736111111111113
7 0.4547468256903353 0.45200525969756733 0.014272836538461587 0.01769497863247859
7 0.41548620650183155 0.4275253103378103 0.015399639423076917 0.030548878205128225
7 0.4157105914918414 0.5402128253690753 0.012770432692307664 0.020365918803418856
7 0.4137620192307693 0.5801448985042735 0.014773637820512775 0.022035256410256446
7 0.3713942307692308 0.5464576655982907 0.01289563301282053 0.02136752136752129
7 0.37016170316951563 0.5861600783475784 0.0146484375 0.023036858974359
7 0.2602038261217948 0.5650206997863249 0.010892427884615374 0.01969818376068382
7 0.2580239494301994 0.5998486467236467 0.010892427884615419 0.019197382478632483
7 0.22352013221153846 0.604801014957265 0.01289563301282053 0.0232037927350427
7 0.225750089031339 0.5704683048433049 0.014398036858974362 0.019197382478632483
7 0.2430495936355311 0.5181862408424908 0.009515224358974362 0.015024038461538443
7 0.13894346338757396 0.587555473372781 0.012394831730769228 0.01736111111111119
7 0.1362179487179487 0.6200754540598291 0.011518429487179493 0.017194177350427373
7 0.1663229348776224 0.615454424048174 0.011894030448717952 0.016192574786324816
7 0.1681127303685897 0.5813189992877492 0.013396434294871784 0.019865117521367517
7 0.2317174776727081 0.32527799667279567 0.011358599290780137 0.014036643026004707
1 0.9399726562500004 0.4668854166666667 0.02570312500000007 0.11010416666666666
1 0.7843513071311066 0.49393298643396993 0.02348332111436946 0.10752688172043007
1 0.6655758025929926 0.5137069442300766 0.023826979472140762 0.1018756109481916
1 0.6047576845361562 0.5282690198602867 0.023139662756598244 0.09576612903225801
1 0.5473655209038274 0.5324413489736071 0.023254215542521984 0.09378054740957964
1 0.45640980113636365 0.544026454056696 0.021192265395894427 0.07927052785923751
1 0.4096808559384164 0.5538474462365592 0.022452346041055726 0.0853800097751711
1 0.36561112638481585 0.5617583767785381 0.023941532258064502 0.07713220918866082
1 0.2546940104166667 0.5767418981481482 0.018046875000000018 0.06927083333333334
1 0.2199129464285714 0.5833244047619048 0.023359375000000026 0.06968749999999997
1 0.1333923611111111 0.5993402777777778 0.02109375 0.06343750000000009
1 0.163037109375 0.5951927083333334 0.022187500000000006 0.05770833333333331
10 0.14841810565128505 0.736582152940031 0.06735543224299065 0.07483936915887858
10 0.24276020370911217 0.7362246884735202 0.018983644859813076 0.012169003115264825
10 0.4373916379246402 0.7230667124066658 0.08843823014018688 0.09893399532710288
10 0.6261032188676767 0.7138048428058504 0.10633319467554081 0.1116195230171936
12 0.6919717138103161 0.745268302828619 0.014299084858568989 0.03397115917914597
12 0.8008712843745032 0.7402108832723998 0.014864985693848264 0.03174177396280401
10 0.884617613937467 0.7025232953541776 0.12774493243243246 0.12922297297297297
