7 0.19040281752146154 0.06832092107515836 0.019019645608628656 0.034026707755521315
7 0.21120834938366723 0.09174370826913197 0.021066063174114014 0.03627375449409349
7 0.23062992210237976 0.11137148319351707 0.019621533127889102 0.033866204417051876
7 0.3398084170854271 0.11621300949190398 0.02277010050251258 0.03978224455611389
7 0.441433634220485 0.11068071840684905 0.020938023450586218 0.03768844221105527
7 0.4584445453067419 0.19949847351687258 0.019323786039453773 0.0384104704097117
7 0.5374609374999999 0.06171401515151515 0.010312499999999947 0.013541666666666667
7 0.5544279233870968 0.17008736559139784 0.01414062499999993 0.022916666666666665
7 0.6105326704545454 0.35624053030303027 0.0033593750000000533 0.016770833333333297
7 0.6089453125000002 0.3195610119047619 0.005781249999999983 0.018229166666666668
7 0.5996732954545456 0.31953598484848483 0.00625 0.01843749999999999
7 0.6002790178571428 0.35703125 0.0046875 0.016458333333333346
7 0.660611563654686 0.2136081485835853 0.004605622270742326 0.01466975982532753
7 0.6512406750363902 0.21484375000000003 0.004690911572052414 0.015238355167394453
7 0.661141341430131 0.2530249272197962 0.004776200873362413 0.016602983988355174
7 0.6508504118697898 0.25386231308720386 0.004520332969432328 0.01580695050946144
7 0.7101857357298814 0.21369437512996467 0.005032068777292587 0.016944141193595344
7 0.7202041825873362 0.21320430009704022 0.004776200873362502 0.018195050946142644
7 0.7102040120087336 0.25064440805434257 0.00622611899563319 0.01796761280931586
7 0.7203351625857766 0.2509130016635475 0.0048614901746724115 0.016716703056768565
7 0.7698614526306021 0.20970585506170547 0.005183202653799767 0.017591475673502218
7 0.7796793325291513 0.20993541415359873 0.005748642943305171 0.019099316445516656
7 0.77049406915963 0.24899477281865695 0.005937123039807002 0.018219742661841565
7 0.7802206087037208 0.24866807398472054 0.004806242460796195 0.017214515480498585
7 0.798552378242704 0.13688601687868962 0.013699644549762979 0.028510071090047395
7 0.8747497321975107 0.1484869159355234 0.013677055702917685 0.0297026967285588
7 0.9356556697612733 0.15136632404951372 0.012951757294429633 0.02307139699381079
6 0.9071107609710548 0.04882508558979146 0.008096988795518279 0.01444327731092437
6 0.8638910109498343 0.04890687335540276 0.008753501400560105 0.022029645191409892
6 0.8200588474025974 0.050445367540955764 0.007987570028011249 0.0220296451914099
6 0.7439710259103641 0.05564309056956116 0.0071122198879551846 0.0196953781512605
6 0.7010929371748699 0.05798152594371083 0.007987570028011159 0.021300186741363216
6 0.6578827183047131 0.06129988227174928 0.007331057422969245 0.023488562091503275
6 0.5804615880443086 0.06470959595959597 0.008096988795518189 0.019841269841269837
6 0.4971155128718154 0.06984043617446979 0.007768732492997188 0.0169234360410831
6 0.42708059210526317 0.07448464912280704 0.01218749999999993 0.01968749999999999
6 0.34561383928571426 0.07958829365079366 0.011874999999999991 0.022604166666666668
1 0.4598273968678381 0.21861471861471873 0.07106748949579833 0.08862920168067229
1 0.6045743686841006 0.3371995951979072 0.01619562298603654 0.07720193340494094
1 0.6557116596638657 0.23265806322529023 0.014981617647058876 0.08088235294117645
1 0.7148284313725489 0.2320790080738177 0.016176470588235237 0.08112745098039217
1 0.7746457567401962 0.22906198937908492 0.015625 0.08051470588235296
3 0.8690684086134454 0.24516806722689077 0.018152573529411777 0.08318014705882353
3 0.9301052807486633 0.2466623960190137 0.016659007352941124 0.08011642156862744
2 0.9575827205882351 0.21655433006535946 0.024931066176470652 0.02527573529411766
2 0.9568589154411766 0.1830703635620915 0.01286764705882355 0.014705882352941183
2 0.9529383042279413 0.14585886437908493 0.020795036764705975 0.042126225490196074
2 0.8953895436851212 0.2184706603229527 0.0211397058823529 0.02665441176470589
2 0.8961725315126049 0.183703168767507 0.012293198529411775 0.022671568627450997
2 0.8888832720588237 0.14447916666666666 0.01769301470588225 0.03783700980392157
4 0.9029731931279621 0.3592474657714586 0.02604166666666661 0.08524223275408106
4 0.9398449842022117 0.35329225309971746 0.025671406003159446 0.08524223275408106
4 0.9767090615126387 0.3572192601369141 0.028263230647709213 0.08441943127962084
12 0.81365234375 0.42108072916666667 0.008984375 0.028854166666666656
12 0.586171875 0.42920928030303024 0.011875000000000035 0.0296875
9 0.6663385416666668 0.02711805555555556 0.006796874999999947 0.019479166666666665
9 0.6940264423076925 0.027419871794871795 0.007109375000000018 0.015208333333333334
9 0.7355703125 0.023812500000000004 0.006093750000000053 0.01625
9 0.8589127604166666 0.01767361111111111 0.00703125 0.0153125
9 0.9027278645833334 0.01612847222222222 0.007265624999999965 0.02041666666666667
11 0.7208211243686538 0.4323073403375391 0.1686569478908188 0.20885028949545076
