8 0.0302860383064516 0.3021522177419355 0.047031250000000004 0.07729166666666669
8 0.09515408986175121 0.27976429260703445 0.05289062499999999 0.08488896520146519
8 0.1472411598523397 0.2719576229709594 0.017031250000000008 0.07375000000000001
8 0.25138335129310346 0.18066451149425292 0.01749999999999998 0.13281250000000003
8 0.27312088815789476 0.17152229532163746 0.017656249999999974 0.13489583333333333
8 0.2967472956730769 0.16672676282051282 0.018203124999999966 0.13781249999999998
8 0.34672387295081963 0.15583674863387975 0.017812499999999964 0.13989583333333336
8 0.3711533368644067 0.1468979519774011 0.018671874999999984 0.1421875
8 0.39750162760416674 0.1345746527777778 0.019062499999999982 0.14166666666666666
8 0.45813292572463754 0.12425573671497579 0.020390625000000016 0.1471875
8 0.48665150316455713 0.1179997362869199 0.020000000000000018 0.15375
8 0.515565185546875 0.10616699218749998 0.021484375 0.16135416666666666
11 0.2500415422742676 0.48751934251425505 0.04776209677419354 0.18352362495225527
11 0.2756174253100338 0.434575817361894 0.004580045095828611 0.02536640360766628
11 0.3099267433234421 0.5655909990108803 0.008461609792284852 0.06243818001978241
11 0.35090646381919965 0.5625388762181215 0.05264487870619945 0.08661837376460019
11 0.30943359375 0.4807552083333333 0.004843749999999991 0.017291666666666632
11 0.34281836980871966 0.44816617841346423 0.05522466827503014 0.08267993566546039
11 0.38577008928571427 0.5398363095238096 0.013984375000000026 0.05833333333333339
11 0.40824218749999996 0.52109375 0.016250000000000053 0.0183333333333333
11 0.38439967105263156 0.44919407894736835 0.01640625 0.06895833333333332
11 0.40215625 0.4350520833333333 0.019296875000000036 0.07427083333333334
11 0.41871093750000005 0.44989583333333333 0.00234375 0.017083333333333308
13 0.24163707386363636 0.33703124999999995 0.014921874999999973 0.025104166666666632
9 0.24648784722222228 0.12063657407407409 0.01781250000000001 0.0746875
12 0.12685546875000003 0.03926432291666668 0.027890625000000013 0.049479166666666664
12 0.081586097980859 0.020812665343915345 0.04368894432773111 0.04897058823529412
12 0.0662421875 0.06051562499999999 0.038593749999999996 0.053125
12 0.01871527777777778 0.0445775462962963 0.035546875 0.023020833333333334
10 0.7388977581521737 0.4328283514492754 0.07007812500000003 0.07395833333333333
10 0.9450208333333332 0.44365277777777784 0.009453124999999929 0.04697916666666669
10 0.8960670230263161 0.43247532894736834 0.05031250000000007 0.07208333333333337
3 0.842957890415518 0.1703307539941159 0.04580397875391036 0.13354166666666664
3 0.9175280070754719 0.15963443396226412 0.038203125000000074 0.1375
3 0.9861879595588237 0.1306648284313725 0.027187499999999965 0.14416666666666664
2 0.8690337171052631 0.14711622807017546 0.029609374999999893 0.03854166666666667
2 0.8798645833333332 0.11253472222222223 0.02507812499999993 0.02635416666666668
2 0.8680883789062499 0.055458984374999985 0.03171874999999993 0.05895833333333333
2 0.9420703125000001 0.13321969696969696 0.031015625000000036 0.03895833333333334
2 0.9531901041666666 0.09228009259259261 0.025390625 0.03625
2 0.9394937499999999 0.030712500000000007 0.03132812500000011 0.05145833333333334
4 0.9898721590909092 0.321266571969697 0.015546875000000071 0.11145833333333334
4 0.9553505859375001 0.3276731770833333 0.04273437500000003 0.10697916666666665
4 0.9103556034482754 0.3327370689655173 0.03914062499999993 0.1082291666666667
4 0.54694140625 0.3648732638888888 0.036171874999999964 0.08687499999999998
4 0.5140701593137255 0.36592524509803925 0.02531249999999998 0.08624999999999995
4 0.4812369791666667 0.35375868055555554 0.019374999999999965 0.08322916666666665
4 0.48994791666666665 0.33298611111111115 0.0048437500000000355 0.004791666666666691
7 0.5614615091463415 0.14320884146341462 0.018359375 0.037395833333333336
7 0.7109375 0.11403125000000003 0.013906250000000054 0.015833333333333335
7 0.7383042279411763 0.10662377450980394 0.01328125 0.016666666666666666
7 0.05075148809523809 0.14713789682539685 0.01875 0.032395833333333325
7 0.11867187500000001 0.12184210526315788 0.018828124999999994 0.03239583333333334
7 0.29688878676470587 0.07792892156862745 0.019062500000000027 0.03770833333333333
7 0.39598772321428577 0.04276785714285714 0.019765624999999964 0.04041666666666666
7 0.24113281250000002 0.1972172619047619 0.018203125000000007 0.033958333333333326
7 0.3219347426470588 0.1747058823529412 0.0203125 0.035416666666666666
7 0.8531584821428572 0.3098511904761905 0.008984375 0.01885416666666663
7 0.7708489583333332 0.28868750000000004 0.008281250000000018 0.016249999999999966
7 0.7703776041666668 0.3193229166666667 0.008906249999999982 0.016250000000000025
7 0.7277734375 0.2959049479166667 0.008984375 0.0160416666666667
7 0.7284988839285715 0.32636160714285717 0.008906249999999982 0.016979166666666677
7 0.6860096153846154 0.3006169871794872 0.01015625 0.0171875
7 0.6864322916666665 0.33069444444444446 0.009843750000000017 0.01593750000000001
1 0.8486718750000002 0.2603869047619048 0.005234374999999858 0.00791666666666669
1 0.8509495192307692 0.29824118589743587 0.014374999999999893 0.05333333333333332
1 0.7683487409719272 0.3008506541608114 0.015209340991535748 0.06978033051189035
1 0.7249205972478394 0.3094489063094439 0.015525477707006363 0.07187964437367303
1 0.6833060213414636 0.31467733739837406 0.01570312500000002 0.06770833333333333
1 0.45572265624999997 0.3298046875 0.013515624999999965 0.016458333333333346
1 0.4545529513888888 0.3586689814814815 0.011953124999999964 0.030625000000000034
1 0.37303292410714284 0.35809151785714294 0.012812499999999982 0.047604166666666656
1 0.3489441184497816 0.34468249636098974 0.009211244541484698 0.01580695050946144
1 0.3478848508373501 0.37960620468215717 0.011721791573971085 0.027012537078235137
1 0.3459862810530219 0.36510474601408976 0.005735539488320329 0.026186503522432326
1 0.32260706018518526 0.3614891975308643 0.0109375 0.04208333333333337
1 0.26789375 0.34937499999999994 0.016328125000000027 0.04729166666666664
1 0.27230468750000003 0.38760416666666664 0.010546875 0.016874999999999987
