7 0.5873153409090908 0.04819444444444445 0.026953125 0.04510416666666666
7 0.26754908018667345 0.495210379725305 0.014710103329506286 0.025621624782072475
7 0.47296570034443164 0.47381282689118503 0.0028702640642938705 0.01566685801760427
7 0.48567489843680994 0.47279320851364476 0.01175014351320316 0.023799272866437054
7 0.5703255208333334 0.41046875 0.012109375 0.026041666666666668
7 0.8055245535714285 0.3846205357142856 0.007968749999999858 0.028541666666666642
7 0.82021484375 0.3819791666666667 0.011328125 0.03093749999999999
7 0.8072591145833332 0.4395659722222222 0.006953125000000071 0.02666666666666669
7 0.8219623161764706 0.4410845588235294 0.011562499999999965 0.029374999999999988
7 0.903169642857143 0.3752827380952381 0.008984375 0.031354166666666634
7 0.9199879807692308 0.3728766025641026 0.010468749999999893 0.03208333333333328
7 0.9052539062500001 0.43473958333333323 0.009609374999999965 0.03135416666666669
7 0.9208052884615385 0.43375 0.008515625000000072 0.028749999999999963
1 0.912455965909091 0.38763825757575743 0.027578124999999964 0.13041666666666665
1 0.8136394457547171 0.3971521226415095 0.028046875000000072 0.1265625
1 0.26191456330128204 0.45591991631054135 0.023046875 0.10479166666666663
3 0.1810838983406086 0.1422774010352131 0.07960672669491528 0.24738331116643367
3 0.041091579539290664 0.16101592406408474 0.08235762372634643 0.2682291666666667
12 0.9117941810344826 0.6730783045977012 0.018828125000000105 0.052187500000000026
10 0.21916931152343752 0.6823681640625002 0.09757812500000003 0.12135416666666667
11 0.5951076232649111 0.48416549280253496 0.4795403836116911 0.7587499999999999
4 0.038509158572635115 0.4787079127118187 0.08985114020270271 0.21062500000000003
4 0.11880010666072335 0.47247752695703865 0.09671875 0.2157291666666667
4 0.1999398900388519 0.4589818876219942 0.09599850227206345 0.22222354296996163
