9 0.12673549107142856 0.27963541666666664 0.010546875 0.016145833333333335
9 0.1518821022727273 0.27989583333333334 0.01109374999999999 0.01541666666666668
9 0.6822109375 0.26087499999999997 0.009062500000000018 0.017812499999999995
9 0.7882031249999999 0.2558564814814815 0.009140625000000036 0.016041666666666673
9 0.8285728503184713 0.2553631457891012 0.008625265392781323 0.018024593064401982
9 0.8610546874999999 0.25201822916666666 0.00859375 0.019062500000000013
6 0.053637923481308414 0.31784219236760125 0.016336886682242986 0.013507593457943952
6 0.125734375 0.31287916666666665 0.019687500000000014 0.025
6 0.16257812500000002 0.3114120370370371 0.015703124999999995 0.021979166666666692
6 0.6908333333333334 0.2950347222222222 0.011640624999999983 0.0234375
6 0.7708437500000002 0.29206944444444444 0.01062499999999993 0.022812500000000034
6 0.8166562500000001 0.29092361111111115 0.013749999999999929 0.02312499999999999
6 0.8638100961538461 0.29125 0.014921874999999928 0.021354166666666667
6 0.9519205729166667 0.2844965277777778 0.012187500000000106 0.017604166666666643
8 0.20945503112466582 0.47277549158868093 0.018095128676470562 0.13652726715686275
8 0.24135632520053477 0.4740041499554366 0.018415670955882348 0.1335615808823529
8 0.2736688701923077 0.47113782051282055 0.01937500000000001 0.1345833333333334
8 0.3453985969387755 0.4708886054421768 0.01882812500000002 0.13270833333333332
8 0.3788713430851064 0.4712987588652482 0.019374999999999965 0.12989583333333338
8 0.41358806818181826 0.4702632575757574 0.017890624999999983 0.1332291666666667
8 0.48937575173582637 0.46397761649627334 0.01740097588978191 0.13932740145426717
8 0.5238655598958333 0.4632617187499999 0.01867187500000007 0.13718750000000005
8 0.5578627232142859 0.4659709821428572 0.01726562499999993 0.14302083333333335
4 0.11776678884395012 0.6218858836085832 0.027252906976744186 0.08541877317155375
4 0.150482421875 0.6192864583333334 0.030781250000000003 0.08770833333333326
4 0.656478717257319 0.6267153794298921 0.018417758089368342 0.08522727272727278
7 0.6742338220499468 0.39881445535960863 0.014618963782696249 0.019282360831656634
7 0.7891874999999997 0.3969010416666666 0.017343750000000036 0.022395833333333334
7 0.8566840277777776 0.39571180555555546 0.017812499999999964 0.02302083333333336
7 0.941513671875 0.3823437499999999 0.015078124999999965 0.018020833333333344
7 0.9243336397058826 0.39431372549019605 0.018984374999999963 0.021979166666666692
7 0.6900651041666667 0.5473524305555556 0.013124999999999965 0.01750000000000007
7 0.68912109375 0.5750520833333334 0.016093749999999928 0.021354166666666667
7 0.7770596590909092 0.5473958333333333 0.012968750000000018 0.017083333333333308
7 0.7763828125000001 0.5765208333333333 0.013203124999999982 0.01875
7 0.826514423076923 0.5744070512820513 0.01640625 0.024062500000000025
7 0.8277994791666666 0.547204861111111 0.0140625 0.018124999999999978
7 0.8794401041666665 0.5464756944444444 0.015078125000000142 0.018020833333333406
7 0.8783528645833334 0.5700347222222221 0.015078124999999965 0.02166666666666662
7 0.9703013392857143 0.551875 0.0140625 0.021250000000000095
7 0.9701136363636363 0.5797727272727272 0.014453125 0.022083333333333382
7 0.4602734375 0.54840625 0.011249999999999982 0.019270833333333334
7 0.46034722222222213 0.5768055555555556 0.01171875 0.016250000000000025
2 0.15319730077120824 0.44051922664952875 0.016769762210796936 0.05355612682090829
2 0.15675687048598358 0.4018494715795486 0.02209190231362468 0.057037275064267354
2 0.1448673540753062 0.47253043248147597 0.02349775064267352 0.0160668380462725
3 0.12531924472472153 0.4946354612967723 0.017071015424164514 0.10242609254498714
2 0.6822946412881119 0.3980912998271973 0.029867487479131948 0.08416805787423484
2 0.6865016504780697 0.4701491121566247 0.01604236227045073 0.02695464663327769
3 0.6593922563246435 0.47854419045988333 0.016564065108514204 0.12051335559265439
3 0.5919206215369791 0.4819320645627561 0.020947512647554768 0.11611157953906695
12 0.298479427549195 0.23050089445438285 0.08469364937388195 0.10584376863446635
12 0.43169596912521435 0.21463907947398514 0.05498231132075473 0.10480989136649516
12 0.5618389079473984 0.21452073142324712 0.046499785591766776 0.1082761578044597
1 0.6895335477941176 0.5595986519607844 0.0171875 0.0683333333333333
1 0.7772678571428573 0.5588869047619048 0.014140625000000018 0.06593750000000001
1 0.8275368923611112 0.5605179398148147 0.01765624999999993 0.0672916666666667
1 0.8792824835526318 0.5520723684210526 0.01640625 0.06520833333333335
1 0.4599450231481482 0.5600347222222223 0.012734374999999964 0.06687500000000005
11 0.8689429257063569 0.6899679164628602 0.15686073648756366 0.2498164902894344
1 0.970760959843998 0.5586932447397562 0.015324823053589575 0.0688827098078867
