7 0.21810536622375332 0.4062346210629922 0.030296505905511806 0.03280839895013123
7 0.24782501901622717 0.16349333375591615 0.02728630514705883 0.03350949754901959
7 0.3738841747165983 0.13893024127740283 0.02752001455604076 0.03366084425036389
7 0.5057974718840039 0.11412925612665364 0.029165262803234525 0.03439465408805032
7 0.6084265867516632 0.3405164449371767 0.02667682926829267 0.035696138211382095
7 0.7374665178571428 0.3182787698412699 0.026328125000000036 0.035000000000000024
9 0.2008406920842653 0.2795021227701177 0.027614877892030855 0.0890370608397601
9 0.4517277516146433 0.23210993114880443 0.029082416977126168 0.08922955974842767
9 0.5867290151447128 0.2109662611116099 0.029069767441860427 0.0932078257659653
9 0.8122963571468059 0.17837357529185208 0.03032615681233928 0.11139674378748927
9 0.9533614038418063 0.14396329716128017 0.03128870311394198 0.1046642781316348
8 0.29966435860058305 0.4631768348573197 0.015234375 0.10919681508967223
8 0.3249384855540269 0.4619007302360037 0.015279394644935973 0.10574311214590608
8 0.34998859328934445 0.4589446160325705 0.013424821002386667 0.10267501988862365
8 0.4136756088677799 0.43240455544376066 0.02493351063829783 0.13456180344478216
8 0.43666666666666665 0.4453533496732026 0.016484375000000016 0.10552083333333329
8 0.46474066295315486 0.4402534268813604 0.022353361945636595 0.11102169766332856
8 0.5237701883312843 0.4290544316530681 0.021288560411310976 0.1093883890317052
8 0.5516295710796615 0.42651212263151433 0.015753600823045312 0.11274005486968447
8 0.5783931413243208 0.41903875180469874 0.015586034912718195 0.10741375727348294
8 0.7940597573567372 0.4357827109504961 0.022441275167785334 0.05872483221476514
8 0.82063531205165 0.42715208034433305 0.022518382352941124 0.057965686274509785
8 0.8459310413354528 0.42450980392156856 0.024080882352941126 0.05539215686274511
8 0.7968489583333334 0.47765046296296293 0.01054687500000009 0.008333333333333333
8 0.82349609375 0.47153645833333335 0.0049218749999999645 0.002291666666666714
8 0.8518145161290323 0.46692505561735254 0.007734288097886654 0.003128476084538375
12 0.25946248961630863 0.14760277048112977 0.09679985855728428 0.13569660537482317
12 0.38523919987830857 0.18472391238211136 0.020321531791907564 0.0309489402697495
12 0.39001959688802257 0.12886012484877 0.07101743135838148 0.13154985549132947
12 0.5155766697216178 0.10108387113198664 0.06099460132890364 0.13508213362864527
12 0.5100792497231451 0.15923772609819123 0.02656076965669989 0.03056939830195642
12 0.7985708390935924 0.0643835254099356 0.04789224220546888 0.12668686287872336
12 0.9334362238386932 0.0621251276161307 0.05359877488514542 0.11485451761102604
8 0.9204069730188328 0.4244396908933706 0.027085641384438298 0.06694515852613539
8 0.9457397460937502 0.4122569949127906 0.024868277616279143 0.053748788759689956
8 0.9627144781622237 0.32789530747778417 0.0244140625 0.07630813953488372
