7 0.055078 0.267708 0.027344 0.041667000000000017
7 0.10703100000000002 0.251042 0.02812500000000001 0.03541699999999999
7 0.109766 0.205208 0.027344 0.03125
10 0.31865347490347484 0.3934939403689405 0.09501689189189189 0.10862424924924922
10 0.08635740497851203 0.42150378597607485 0.09189073226544622 0.10059115179252474
11 0.836761105478321 0.410422500084442 0.45862165178571435 0.706895924749691
11 0.723360104091888 0.09046721703756881 0.33644786432160806 0.17221524288107204
7 0.5774253731343284 0.10671253109452736 0.021426072761193994 0.029928482587064664
7 0.5788246268656716 0.1633240049751244 0.02186333955223878 0.030900186567164194
1 0.575784711695429 0.12705029539800994 0.02463269589552235 0.12029695273631841
7 0.06357635218463706 0.30541607939863746 0.015897529069767435 0.022206072351421174
7 0.05461396040974529 0.263531284606866 0.01726017441860465 0.02382105943152455
7 0.11368189102564104 0.25069568674219833 0.018622819767441866 0.02382105943152455
7 0.11546526768410854 0.2940285852713178 0.01695736434108528 0.020591085271317824
7 0.05315693269908386 0.21583935283063188 0.016200339147286823 0.024022932816537453
7 0.11028343023255816 0.20356912144702843 0.014837693798449614 0.024830426356589157
1 0.05048467424760601 0.236031549247606 0.025436046511627907 0.10053294573643413
1 0.1074665200755317 0.2255288047439211 0.028312742248062017 0.10457041343669247
4 0.3020925679669032 0.18320281717888096 0.07341533687943262 0.22864952718676126
4 0.21832652608915898 0.17892102541371163 0.08421985815602837 0.2179373522458629
4 0.14283339665653494 0.20770669748395815 0.07341533687943262 0.2120271867612293
7 0.40261423892701187 0.1733403514244126 0.012793395196506508 0.02092430858806405
7 0.36501384123518404 0.20453186733208564 0.01245223799126638 0.02547307132459971
7 0.36083771151746724 0.1505071870451237 0.01194050218340612 0.02956695778748181
1 0.3579353165938865 0.17305312954876273 0.02575736899563319 0.1118995633187773
7 0.9226140673806336 0.03620965342852893 0.024159136546184713 0.03137550200803213
7 0.8299343206157964 0.0527805667112896 0.01443273092369477 0.0305388219544846
7 0.9250753012048192 0.09533969210174029 0.022904116465863388 0.030538821954484607
1 0.9233113007585898 0.06606673608012295 0.026982931726907643 0.1188085676037483
7 0.6660496151271752 0.08548081213743863 0.014746485943775057 0.03137550200803212
