7 0.042377563649222065 0.7615806223479491 0.01779084158415841 0.021511079679396517
7 0.09291847153465346 0.7677134900990097 0.017348833097595485 0.02195308816595952
1 0.09337931561013242 0.7737559470232735 0.01856435643564356 0.05937647336162186
1 0.042461894215737386 0.7669816558723539 0.019006364922206503 0.05068363979255063
7 0.17968359374999998 0.7747604166666665 0.015546875000000005 0.021770833333333427
1 0.1800443892045455 0.7751420454545456 0.01578124999999999 0.04739583333333333
7 0.23679418103448274 0.667507183908046 0.014453125 0.02010416666666662
8 0.364621517595308 0.7298512559349251 0.022566898826979466 0.09286412512218961
8 0.3546615619763301 0.735098864509147 0.01408999266862172 0.0847690615835777
8 0.3469456136101802 0.7357643616464176 0.014548203812316718 0.08293621700879766
8 0.3339213709677419 0.7475905730694038 0.01821389296187683 0.07774315738025414
8 0.3201353837694564 0.74611460448154 0.01351722873900294 0.06369134897360702
8 0.3082258665448777 0.7507050943063636 0.016839259530791795 0.07713220918866076
12 0.4107853500808358 0.47397064005306144 0.05578830369357046 0.04887710898312818
12 0.4359505989336701 0.44083301179744405 0.04189466484268119 0.052439580483356174
12 0.4848197151922785 0.4484043294320312 0.035589090287277705 0.03619471044231647
12 0.5411177589202474 0.34540356527389326 0.05542048054919908 0.09558543096872617
12 0.5667779519896194 0.25140570934256057 0.022594975490196133 0.017616421568627447
12 0.6156069902623212 0.2887078254725314 0.05553002450980395 0.10442197712418298
12 0.7188654745170704 0.21041209649365675 0.19613363363363367 0.13169419419419418
7 0.47439664616440524 0.5185125301374442 0.023527004909983697 0.03750681942171301
7 0.5300321784696784 0.4800739384072716 0.025040064102564142 0.04199311490978156
7 0.5981764891317402 0.4295806479591156 0.02858735138705413 0.045959929546455315
7 0.6572094298245612 0.3886591478696741 0.014489348370927324 0.029370300751879696
7 0.6707075305451127 0.389580722639933 0.011258615288220586 0.027151211361737697
7 0.8193274652978598 0.27368300559090036 0.03305288461538467 0.04027496626180834
9 0.8313218503611631 0.34810664914571604 0.04330133555926548 0.12364357262103501
8 0.4341033923732095 0.6508682571944767 0.014608739837398322 0.1856368563685636
8 0.4456098101539528 0.6497398085682983 0.016387195121951238 0.1924119241192412
8 0.45800853427568367 0.6423765089923628 0.01829268292682924 0.20138888888888892
8 0.48462093577665427 0.6197677313112744 0.018956801470588223 0.21388633578431376
8 0.4989609468153814 0.6012173133611554 0.017951516544117575 0.21714154411764705
8 0.5150090584376202 0.6167069731764997 0.020802193737355434 0.2264414802065404
8 0.5492552275780985 0.5884699361773598 0.02029885371179043 0.23721797671033476
8 0.565943450676498 0.5684387453170116 0.021322325327510862 0.24040211062590977
8 0.5843596479257643 0.5648794042726262 0.02132232532751095 0.24654294032023288
8 0.6654556572744258 0.6413708887283125 0.03133061553968632 0.14733483483483478
7 0.6982878212616821 0.6328855140186914 0.01013069509345792 0.013994353582554454
7 0.7858212232513575 0.49698578728840637 0.03805693069306928 0.049504950495049486
7 0.7856854838709678 0.6493111559139785 0.012348790322580693 0.021505376344086002
7 0.7855843749999998 0.6858291666666666 0.012265624999999947 0.019270833333333334
1 0.7799666341145837 0.6666970486111112 0.02156250000000002 0.07989583333333337
7 0.8196969990694788 0.6407607009925559 0.013279311414392047 0.020161290322580665
7 0.8198194249649365 0.6783757237386269 0.013957816377171283 0.02067824648469809
1 0.8137428067314751 0.6599489978109292 0.023524305555555534 0.08223738626964436
7 0.9092274305555555 0.5608024691358026 0.017499999999999894 0.019062500000000072
7 0.9518299278846151 0.5456169871794873 0.016953125000000034 0.02000000000000005
7 0.8788842206180915 0.6836157793819084 0.011684384164222905 0.021535923753665642
3 0.8651138699614744 0.6758883905468347 0.014777309384164283 0.0751466275659824
2 0.8751196440208536 0.6331205197132616 0.035855021994134796 0.030700146627566007
7 0.9210937499999998 0.6761115771812081 0.012583892617449698 0.023909395973154328
3 0.9083780760626396 0.6585663683818045 0.030306208053691285 0.08934563758389255
2 0.9248789206642065 0.6254151291512912 0.026666282287822796 0.025369003690036963
7 0.9676865894759731 0.6651581865622963 0.014626141552511384 0.023425608828006143
3 0.9538357281382233 0.6563459304737409 0.0341590267983074 0.08477315467795019
2 0.9645023010017724 0.6111178920593588 0.042313117066290575 0.02835566525622942
4 0.9313065020862312 0.7916383894409347 0.026512517385257263 0.0967779323133982
4 0.9562756932563664 0.7827930056904664 0.03868219749652298 0.09953059805285112
4 0.9833987036568745 0.7812669462356531 0.033902338317107095 0.10228326379230417
11 0.6707518115942028 0.8252173913043476 0.012907608695652151 0.09269323671497579
11 0.6968646210748793 0.8402651972624796 0.047101449275362306 0.20591787439613515
11 0.8466657309105756 0.8857611950455966 0.03026107594936711 0.13818565400843888
11 0.9016923500275176 0.8866836360300863 0.01483386075949369 0.13502109704641352
