7 0.4437383960284148 0.3844390180461377 0.03738496932515343 0.07093558282208588
7 0.503856613400077 0.45518600521969793 0.033482142857142884 0.06513926325247082
7 0.5012411849605378 0.5107394280424828 0.0332847668810289 0.050408628081457726
7 0.559027079983923 0.5333182609860665 0.029265474276527304 0.040695337620578795
7 0.5633585327217705 0.5754681293739361 0.030772709003215402 0.04655680600214372
7 0.5605716965242689 0.6644512708620425 0.0329079581993569 0.04906886387995708
7 0.6115939844587353 0.6345904787424081 0.0285118569131833 0.044882100750267995
7 0.639871382636656 0.6108096641657733 0.019970860128617395 0.03047963558413708
7 0.6707629313010142 0.6603620455107594 0.027507033762057896 0.04421221864951773
7 0.6117279608788853 0.7147195426938193 0.0263766077170418 0.04571945337620574
7 0.6861686093247589 0.7203348000225644 0.026251004823151104 0.03969051446945334
7 0.7174767832966663 0.7580244824279347 0.026627813504823107 0.034833869239013875
7 0.6883038585209004 0.7890241580639702 0.0278838424437299 0.03835075026795292
7 0.724568839520608 0.8236352674656533 0.0177100080385852 0.03801580921757761
7 0.7485256152609449 0.7952659947233903 0.0238645498392283 0.03500133976420147
7 0.7562968917470526 0.8501548171966179 0.016453979099678405 0.0304796355841372
7 0.5517005092676515 0.979474644249071 0.02985362095531583 0.0386668592706729
7 0.5511515692157976 0.9018260211391343 0.02949248844375969 0.041570364663585005
7 0.5041309546738572 0.745016371340524 0.030575885978428374 0.03322419106317417
7 0.4992988782051283 0.6013918566001898 0.03193999287749287 0.05267687559354227
7 0.44665191118605946 0.6995971519580291 0.03570299325463742 0.03829398538504781
7 0.45201833895446875 0.5899459746424333 0.020815767284991616 0.023889825744800437
7 0.35649072655651604 0.45942070613123237 0.03914371101871104 0.06128724878724879
7 0.3591322217966954 0.35716890980048877 0.036220114345114365 0.060854123354123324
7 0.2446436821436821 0.35267238392238387 0.03979339916839919 0.06994975744975745
7 0.2540195179997811 0.23874329795382424 0.04564059251559249 0.06886694386694385
7 0.2039078343934365 0.0773760140117994 0.0558282632743363 0.11061946902654866
7 0.11903389685792347 0.0885985883424408 0.054431352459016404 0.08111338797814206
7 0.10361617414437732 0.2126773559582015 0.047173838797814206 0.08253642987249542
7 0.1074903028028028 0.34247789456122785 0.029795420420420427 0.043480980980980986
7 0.11528716216216214 0.4959334334334333 0.04786036036036036 0.06537787787787787
7 0.22730319605319607 0.44781388531388533 0.03636448948948949 0.04786036036036035
7 0.23197610003165559 0.5794126569589532 0.04407051282051282 0.0587606837606837
1 0.5433774443149444 0.9324715639298973 0.045183404558404486 0.13446403133903134
4 0.6738042704075313 0.9682116829761758 0.07456374643874639 0.054335826210826235
5 0.6382874097263633 0.6843128160957619 0.07745726495726499 0.11930199430199433
5 0.5815890882683655 0.6155223169665172 0.08603852370689653 0.13402478448275873
5 0.6170864762931034 0.6361024033437827 0.04428205818965525 0.04422593390804603
5 0.5220183381871133 0.5433270954677829 0.09503264925373137 0.14944807213930347
1 0.38348626796714586 0.3887464474898075 0.08470225872689938 0.24512320328542092
1 0.27633689839572184 0.2875705585264408 0.09730113636363638 0.2749368686868686
7 0.3203801406926407 0.20059223184223185 0.032670454545454586 0.07607323232323232
1 0.1416845667036216 0.13634053954175904 0.11837121212121211 0.2837752525252525
12 0.2832749799047795 0.9054700220532163 0.05269198664440737 0.05999582637729546
4 0.1532675810708899 0.7680068501759675 0.30821078431372545 0.4652777777777777
