7 0.09726585806980906 0.5682397324980111 0.05593675417661098 0.07657120127287194
7 0.3007602438839659 0.5705379459213815 0.05208333333333335 0.06497102931152009
7 0.49520234230055654 0.5656533446712019 0.052324907235621596 0.053919294990723544
7 0.7109374999999998 0.7357204470447046 0.07096998762376243 0.10468234323432349
7 0.7284021455605562 0.8211009956355699 0.0801908052884615 0.09064503205128199
7 0.7662676949786326 0.41917067307692324 0.0859375 0.1247106481481481
7 0.7434776594932843 0.34370230463980467 0.07583562271062272 0.08642399267399264
1 0.712195291770709 0.3744719512658897 0.169661512253887 0.18338086185044358
1 0.6932079285231633 0.7583144580370705 0.1445251549533789 0.19983598067851935
14 0.10701644411132316 0.503784235222412 0.07320009962685561 0.2920059482559482
14 0.10356570512820515 0.7281428062678063 0.005008012820512819 0.01958689458689449
14 0.12851514804639802 0.7553514194139196 0.035723824786324784 0.05430911680911687
14 0.13294931031803625 0.9086976972372708 0.04764615158636898 0.19435350529100529
14 0.30516573500359195 0.5183372828198167 0.06046875000000003 0.29544899425287363
14 0.31932875689338236 0.7536094515931371 0.02599379595588234 0.0559129901960785
14 0.3213761563092979 0.8405540895793802 0.02326516544117645 0.0733379289215686
14 0.49556641219294945 0.47676501816735006 0.05364801484729646 0.21915674488750944
14 0.47207203079178883 0.6682245845552297 0.006529508797653971 0.010691593352883662
14 0.46391014479472137 0.6081416483382208 0.01935942082111435 0.020008553274682348
14 0.5114570164348925 0.8202697008006741 0.004424778761061887 0.024336283185840676
14 0.46833517699115046 0.8321656833824974 0.005530973451327447 0.009033923303834849
