7 0.5479659346846847 0.49760698198198194 0.054054054054054036 0.04898648648648643
7 0.6794160231660231 0.5102155727155726 0.03040540540540544 0.03603603603603602
7 0.7685207528957527 0.5217985842985843 0.03336148648648649 0.02984234234234234
7 0.1881718366093366 0.9289260851760852 0.07010135135135136 0.10529279279279274
7 0.4795673076923078 0.9537205474705472 0.07685810810810807 0.08840090090090094
6 0.4495115427927926 0.7797480292792792 0.04505384290540535 0.16047297297297297
6 0.29619583450211595 0.7706383017560018 0.052631578947368404 0.16108854350641694
6 0.2960885067114094 0.8006501677852349 0.0024119127516778693 0.01943512304250561
6 0.15354218490878938 0.7466361374943461 0.0388292910447761 0.16200248756218905
9 0.18879709450830134 0.6892826734780755 0.025143678160919558 0.04573754789272021
9 0.2865217207572684 0.7043751408609419 0.028017241379310366 0.045019157088122694
9 0.43253373313343324 0.722003581542562 0.02640086206896548 0.04406130268199237
7 0.9826788949275365 0.9855656199677939 0.033412590579710154 0.029166666666666667
7 0.7959210102787013 0.23850577374982118 0.036609299516908236 0.014593397745571638
7 0.7009935272828508 0.22323914253897545 0.027839643652561287 0.01507980697847066
7 0.5617034768621628 0.27019920811680276 0.03636553452115816 0.014151818856718634
7 0.5765540486796054 0.20544994166931804 0.03323357461024505 0.011831848552338542
14 0.6822098933172303 0.5037657675791735 0.05849939613526578 0.04981884057971016
14 0.5305790935625749 0.49172449573254473 0.16691212989231233 0.0613929146537842
14 0.8376370878741893 0.537872321469628 0.14083839150227612 0.06717880627212942
14 0.8521270396270397 0.26378367003367004 0.1420454545454545 0.08850524475524475
14 0.5367011460761459 0.23555264180264188 0.10817307692307691 0.076486013986014
1 0.18182380919476684 0.8765009827406177 0.10027985074626863 0.20574212271973463
1 0.48157599798280354 0.8970888007053937 0.0751768867924528 0.17495335820895536
