6 0.032959375 0.22733749999999991 0.014296874999999997 0.030208333333333334
6 0.08673660714285714 0.24011607142857141 0.020859375000000003 0.028645833333333332
6 0.14390190972222222 0.24895543981481486 0.019843750000000004 0.028958333333333346
6 0.46959765625000005 0.3142213541666667 0.016093750000000018 0.02802083333333331
6 0.5876383928571428 0.3385059523809524 0.021328124999999965 0.022604166666666654
6 0.6272437500000001 0.3477 0.013437499999999946 0.021354166666666667
6 0.7366666666666666 0.3683637152777779 0.018046874999999928 0.015104166666666667
7 0.075224609375 0.3304253472222222 0.024453125 0.02624999999999999
7 0.16100806451612903 0.3463138440860215 0.023828125 0.025729166666666713
7 0.42017288861689106 0.18346192516174156 0.0186467258261934 0.06030701754385968
7 0.45587260301917587 0.18049605603155175 0.004685587515299882 0.03276723786209711
7 0.6187645231359871 0.2281500471475719 0.022984441301272973 0.057313767090994804
7 0.7970758354755785 0.2718174271636675 0.025506105398457636 0.05248500428449011
7 0.8918840144230767 0.4735657051282053 0.017031249999999963 0.022187500000000013
7 0.9358018178307402 0.4651582441428518 0.027188155136268398 0.04367575122292108
7 0.01482336691978193 0.5339657158618899 0.018253504672897197 0.019957165109034315
7 0.015667591510903425 0.5712292315680166 0.017979702102803738 0.025311526479750768
9 0.9042832167832167 0.31705545698083 0.03542982204362808 0.09782816685801758
9 0.3425757285276073 0.3035531697341513 0.025043136503067488 0.07908358895705521
9 0.35390625 0.19236328125 0.017031250000000008 0.014687500000000023
9 0.521336036392405 0.300962552742616 0.0276898734177216 0.04324894514767929
9 0.5231967037671234 0.2296779870624049 0.026220034246575354 0.017480022831050233
9 0.667939379699248 0.33727548036758564 0.022321428571428648 0.04385964912280702
9 0.6700244140625 0.266015625 0.016562500000000036 0.015520833333333369
9 0.6720898437499999 0.37817708333333333 0.018515625000000036 0.020833333333333332
9 0.141796875 0.20312500000000003 0.009609375000000009 0.019583333333333317
9 0.085830078125 0.19322916666666667 0.009375 0.01843749999999999
9 0.05092633928571429 0.1842113095238095 0.010156250000000006 0.020937499999999994
8 0.3958388041380657 0.4618427909552076 0.04592422502870264 0.14100172215843856
8 0.4413052127680938 0.46945914330468314 0.041006368483412284 0.1467466429699842
8 0.48662538719837567 0.4810560212058898 0.041522145144076816 0.15919601565279257
8 0.608015095338983 0.503070268361582 0.03882812499999995 0.13114583333333332
8 0.6492196835680313 0.5082637245483725 0.03785160734787603 0.1320321469575201
8 0.6890359374999999 0.5068729166666667 0.03703124999999998 0.13385416666666666
8 0.7946266963893939 0.520529707056144 0.03969423854447438 0.13041891284815813
8 0.8289328595932369 0.5248841174548722 0.03895721024258751 0.12789195867026054
8 0.8618826593137255 0.5307883986928104 0.03671875 0.13031250000000003
7 0.9144010416666667 0.6395486111111112 0.012421875000000072 0.01427083333333338
7 0.9164062500000002 0.66625 0.012968750000000107 0.019479166666666714
12 0.3380208333333333 0.7269637345679012 0.01781250000000001 0.0421875
12 0.40145019531250004 0.7312369791666665 0.006796874999999991 0.04114583333333333
12 0.5447167968750001 0.7385156249999999 0.015390625000000036 0.03968750000000002
4 0.09459543487641742 0.6350288479211117 0.03989126591230553 0.12479372937293717
4 0.14790493717739114 0.6364462976909936 0.04132779349363509 0.12435172088637429
4 0.19989149002928466 0.6455399061032865 0.03852103960396038 0.12252475247524745
4 0.6598284813768571 0.69996447129804 0.025158898305084776 0.07101381042059009
4 0.6997898078292225 0.6989521037159523 0.014008504001883271 0.07385416666666664
4 0.676964699074074 0.6862037037037038 0.013046874999999947 0.06531250000000005
4 0.7291542813546557 0.7023338881953115 0.033454275905118624 0.07061485642946318
12 0.5788072777085835 0.051217596635113924 0.11297284197429454 0.10900858458961475
12 0.735923374412942 0.09842831032899615 0.14029460568690597 0.13026765375854216
1 0.017685718148806307 0.5428824675714888 0.02206187707641196 0.07475083056478399
3 0.05974879807692307 0.4296458333333332 0.029375000000000002 0.14364583333333336
2 0.10279166666666668 0.3599826388888889 0.02632812499999999 0.05520833333333333
2 0.10093394886363635 0.41826704545454546 0.02445312500000001 0.02781250000000005
2 0.09205983231707314 0.2949059959349593 0.03148437500000001 0.05718750000000004
3 0.1467425535640073 0.44882369561836516 0.026015624999999987 0.13937499999999994
2 0.1805868055555556 0.31958564814814827 0.03117187499999998 0.06916666666666664
2 0.185439453125 0.3866015625 0.022578124999999984 0.04072916666666669
2 0.18519761029411766 0.43249999999999994 0.025703125000000004 0.019999999999999987
10 0.48000135497169305 0.7410852691409061 0.07246641355140185 0.06972838785046728
10 0.45713874286085143 0.783710842852198 0.0466377044392523 0.0065712616822429714
1 0.9187586805555558 0.6525370370370369 0.018203124999999966 0.06583333333333338
8 0.5420761138613861 0.4788572607260727 0.03248762376237622 0.13345709570957098
3 0.7066344572368422 0.5035937499999998 0.030078125 0.05364583333333333
3 0.7038950892857143 0.550952380952381 0.008750000000000036 0.0171875
2 0.7241901141443168 0.45558690754931175 0.017411265432098765 0.04513245884773666
2 0.7319 0.5121916666666666 0.033828124999999966 0.025
3 0.7632291666666668 0.5528869047619048 0.0203125 0.10145833333333337
10 0.055618508234441144 0.7162243365866418 0.07970849191389226 0.07927852348993282
10 0.039452833706189405 0.7587465821526223 0.040373322147651006 0.007550335570469831
11 0.9228056444261885 0.7652363462103158 0.072670376330084 0.23070835503633708
