4 0.6149883195465686 0.9458524816176469 0.05744485294117645 0.08239379084967323
4 0.7850933342086834 0.9390865721288517 0.13135723039215685 0.1317401960784314
4 0.9434303069053709 0.8891304347826087 0.09503676470588243 0.1889297385620915
7 0.8915015659041394 0.7204293754538853 0.0413602941176471 0.08272058823529409
7 0.8483237044817928 0.7311362044817928 0.01799938725490193 0.03472222222222226
7 0.8344822303921567 0.5755974264705883 0.03753063725490193 0.04340277777777774
7 0.7575608368347337 0.5101832399626517 0.024892769607843146 0.04187091503267973
7 0.9710242269984917 0.21937060080442433 0.04710477941176468 0.09497549019607841
7 0.9722454322638147 0.12807300950683304 0.050934436274509845 0.06587009803921569
7 0.9864793964460784 0.34199601715686273 0.029932598039215642 0.06689133986928107
7 0.9816261574074074 0.3875045388525781 0.03523284313725501 0.06331699346405231
7 0.7582270040369089 0.27002835447904644 0.05935968137254903 0.07199754901960782
7 0.7042738970588234 0.36945125272331153 0.0562959558823529 0.08782679738562091
7 0.5743588991447643 0.34864544221944105 0.06280637254901959 0.12152777777777773
7 0.4968878998968008 0.48474049707602335 0.05706188725490202 0.08016748366013075
7 0.4914543942577031 0.6010737628384688 0.0455729166666667 0.08731617647058829
7 0.317501081314879 0.5367226547481737 0.04557291666666665 0.0643382352941177
7 0.2259094427244582 0.6337074303405572 0.05208333333333335 0.06791258169934646
7 0.20218335495963088 0.7506728181468664 0.052466299019607844 0.07506127450980386
7 0.10406676257459505 0.6875621625461777 0.04825367647058822 0.0985498366013072
7 0.07884837962962962 0.8128801289034132 0.04825367647058824 0.06842320261437902
7 0.011341676093514328 0.7562295751633986 0.0233609068627451 0.058210784313725485
7 0.287875306372549 0.9233302696078431 0.05974264705882355 0.08935866013071893
7 0.6705303649237472 0.7994054103122732 0.029488357843137258 0.07710375816993462
7 0.6334252450980392 0.8118143090569561 0.018765318627450966 0.04953022875817001
1 0.9293509924461587 0.24193386370941816 0.12101715686274517 0.3002450980392157
1 0.9018367095918542 0.10278514588859418 0.06688120347394548 0.07728494623655914
1 0.6625543461117889 0.3730714906562364 0.11515198511166255 0.33421215880893296
7 0.7080683933002481 0.5065524193548386 0.0504032258064516 0.09537841191066991
1 0.4657482532323364 0.48927996169082727 0.11786600496277914 0.3042287014061208
1 0.19493156263135764 0.6717370744010086 0.1050204918032787 0.2513661202185792
7 0.18619080145719485 0.5971083788706738 0.011782786885245899 0.01878415300546455
7 0.2141073258196721 0.5933230874316939 0.017418032786885272 0.029713114754098293
1 0.06917604793525628 0.7579848862142905 0.10553278688524588 0.1847677595628415
