11 0.7444257527372262 0.9049384124087592 0.10663777372262775 0.15168795620437953
11 0.8288093065693432 0.9044251824817517 0.027372262773722688 0.13800182481751821
4 0.8592999663849401 0.7672637341529003 0.03136405109489058 0.07717457420924573
11 0.915369701010668 0.8126579169006175 0.026516879562043804 0.05170316301703164
11 0.9732597703771289 0.7677539537712895 0.03849224452554747 0.15320863746958638
4 0.9770488943752682 0.6800128810648347 0.03193430656934293 0.05740571776155719
7 0.973722134519709 0.555605386528894 0.014530711825487864 0.018776310753922706
7 0.9719365246417485 0.46759613612847445 0.019643369690011347 0.03252965939533106
7 0.7232307680668201 0.3377441189525078 0.016956557922769643 0.016505770084332027
7 0.6550160683191641 0.3390351326436546 0.016124334221038605 0.01567354638260099
7 0.5881602308033733 0.33796604527296936 0.016436418109187743 0.01914114513981359
7 0.6070540787337663 0.1930054692331478 0.022321428571428558 0.025703463203463204
7 0.6880507884972171 0.1923756515593251 0.021161873840445277 0.024350649350649345
7 0.7711038961038962 0.19341372912801483 0.021451762523191142 0.017779839208410635
7 0.5836466165413533 0.07481203007518797 0.03035714285714288 0.058928571428571434
7 0.43240546218487397 0.13324579831932773 0.029910714285714325 0.060119047619047614
7 0.44020483193277304 0.20696778711484595 0.0328125 0.06488095238095237
6 0.4555059523809524 0.17152777777777778 0.025446428571428557 0.01904761904761904
7 0.45697544642857146 0.3213293650793651 0.0203125 0.027083333333333334
7 0.4433894230769231 0.2795558608058608 0.029017857142857206 0.04226190476190477
7 0.28736979166666665 0.3419890873015873 0.02053571428571428 0.019345238095238138
7 0.35436282467532465 0.34291125541125544 0.01875 0.019642857142857118
7 0.23630275974025974 0.20048701298701302 0.023660714285714323 0.021130952380952403
7 0.31901041666666663 0.1974702380952381 0.021875 0.023809523809523815
12 0.12120907738095237 0.7096130952380952 0.01484375 0.029062499999999977
12 0.09771065848214289 0.6750502232142856 0.036640625 0.05531250000000002
12 0.12909374999999998 0.6817847222222221 0.02749999999999999 0.02385416666666664
12 0.05051970108695651 0.6540353260869565 0.02609375 0.029999999999999954
12 0.06755108173076925 0.6344711538461538 0.025937500000000002 0.022916666666666665
12 0.026095703125 0.6098697916666665 0.04515625 0.05593750000000005
12 0.20564555921052627 0.7520888157894738 0.025078124999999996 0.042916666666666596
12 0.23589843750000003 0.7939062499999999 0.013124999999999965 0.011562499999999904
12 0.21602539062499998 0.7777343750000001 0.00914062499999999 0.011666666666666596
12 0.22171336206896552 0.7595941091954023 0.019374999999999965 0.024166666666666597
12 0.2629765625 0.81078125 0.014531250000000018 0.013125000000000024
12 0.272578125 0.8147106481481481 0.009296874999999982 0.007500000000000047
7 0.3200068103021297 0.4423342826481756 0.013349739970282349 0.016097077761267956
7 0.3766948365527488 0.440727858075555 0.014858841010401181 0.017180534918276417
7 0.343513961119366 0.5142165056958891 0.013465824665676075 0.014239722634967755
7 0.39151146494664324 0.5144170156242963 0.012769316493313542 0.014239722634967814
7 0.36172958457157006 0.5686731261350503 0.011028046062407171 0.013930163447251094
7 0.4047776591134224 0.5684280584447746 0.010447622585438321 0.013156265477959414
7 0.37621391424326045 0.6124296858416471 0.00951894502228825 0.012227587914809252
7 0.6140477673011919 0.4896074245389313 0.015900195694716235 0.018957925636007823
7 0.6641498637126083 0.4873875920231106 0.014677103718199547 0.015900195694716266
7 0.6343495973204877 0.40680352752270565 0.015288649706457935 0.017734833659491224
6 0.7540714674282607 0.6593255587288634 0.009562423500612028 0.013387392900856792
6 0.7064718482252144 0.6588013962554966 0.007649938800489586 0.011474908200734409
7 0.7599576703386373 0.6843614001087992 0.006024326805385627 0.008159934720522226
7 0.7595259124290643 0.6743768777122511 0.005259332925336669 0.006757445940432424
7 0.7570136029820852 0.612064648937354 0.007841187270501848 0.009689922480620084
7 0.7089406921108268 0.6128991877155893 0.008414932680538546 0.009307425540595679
7 0.7096013686435964 0.6235047846889953 0.0075543145654834555 0.010582415340677187
7 0.7151975596695226 0.6164735057119544 0.006406823745410062 0.008924928600571154
7 0.7576547200122399 0.6234487624099007 0.00793681150550798 0.011347409220726235
7 0.7627881476948186 0.6137120903032776 0.008128059975520152 0.016447368421052624
7 0.8659348225214198 0.5944767441860465 0.009371175030599765 0.00777743778049782
7 0.8537331701346391 0.6075071399428805 0.009371175030599765 0.005992452060383495
7 0.8058618566765752 0.6155043616793923 0.008701805385556937 0.022057323541411714
7 0.8129190080115721 0.615472348948481 0.00717181762545902 0.015427376580987346
