7 0.5202766927083332 0.008272569444444444 0.017031249999999963 0.0171875
7 0.3465798611111111 0.08873456790123459 0.024062500000000007 0.035416666666666666
7 0.3950120192307692 0.12458333333333334 0.02242187499999999 0.03229166666666667
7 0.5099422554347826 0.20559329710144927 0.018125000000000037 0.027500000000000007
7 0.541962890625 0.2306423611111111 0.017578125 0.025625000000000023
7 0.48330867991727955 0.07187787224264705 0.03011751575630255 0.03796831232492997
7 0.5512819175567423 0.0853220961281709 0.02090026285046722 0.03358644859813085
7 0.550095439753004 0.13850063974187807 0.02090026285046731 0.03249123831775703
7 0.58197509765625 0.11812174479166668 0.017421875000000052 0.030000000000000013
7 0.5802766927083334 0.17108072916666664 0.0171875 0.02958333333333334
7 0.6118164062499998 0.1479278273809524 0.016640624999999964 0.028645833333333332
7 0.6106400240384615 0.19771634615384617 0.020156249999999966 0.027083333333333334
1 0.5594266304347826 0.09621829710144934 0.036406250000000015 0.11416666666666667
1 0.5876169466390169 0.13530228486535303 0.03392525337837844 0.10802567829457364
1 0.6203341238839288 0.16600818452380944 0.034296874999999984 0.10822916666666665
9 0.33140403286034353 0.3761746950460542 0.020858616504854367 0.036407766990291295
9 0.35575792627427183 0.39247383191747576 0.016497269417475736 0.03514360841423946
9 0.3628925212378641 0.3787261074029126 0.013842536407767003 0.020479368932038788
10 0.09645544957018876 0.10695781289933479 0.20952546296296298 0.256150993548446
10 0.37101981963087244 0.25291317114093964 0.142734375 0.1930208333333333
10 0.5353666392543858 0.3425429459064327 0.09937500000000003 0.1448958333333333
13 0.7146484375 0.14946126302083337 0.022187500000000072 0.061770833333333344
13 0.7863892663043479 0.1472554347826087 0.021796874999999983 0.059375
13 0.8636125578703704 0.13771604938271598 0.022421875000000036 0.059375
