6 0.15645528340840836 0.0983014264264264 0.030616554054054057 0.047156531531531536
7 0.18235934251559252 0.47439867752367754 0.035015484234234215 0.04668731231231232
7 0.17555837087087084 0.5569475725725724 0.03325591216216217 0.04715653153153158
7 0.38803363022113013 0.4741033647283647 0.030264639639639677 0.0513795045045045
7 0.38950641489703985 0.3847765175890176 0.0380067567567568 0.052552552552552596
7 0.5303878096846846 0.41765202702702703 0.029912725225225235 0.054429429429429396
7 0.5239870278932778 0.32603516978516983 0.036071227477477395 0.05466403903903903
7 0.6090172203453453 0.46382319819819817 0.017419763513513507 0.02862237237237236
7 0.6345558298683299 0.5461170304920304 0.04047015765765769 0.053256381381381425
7 0.6785709715397215 0.3548790267540267 0.04733248873873874 0.05747935435435435
7 0.6795627303439802 0.2626134657384658 0.03501548423423424 0.054429429429429396
7 0.9349838119369369 0.27428209459459457 0.02023507882882889 0.037068318318318326
7 0.9854143205705705 0.233106022689356 0.02564752252252269 0.06318506006006007
7 0.9774899298336799 0.1278304747054747 0.040076013513513684 0.061233108108108114
7 0.8676801801801799 0.08075262762762761 0.02885698198198199 0.04786036036036036
7 0.7871812691717792 0.5002236707566461 0.04241756134969323 0.049527096114519394
7 0.49832646344580783 0.5887067569870482 0.03666602760736195 0.04888803680981593
7 0.07888081052383199 0.5180558832782759 0.0330713190184049 0.04601226993865026
7 0.0706221979707409 0.5984298804467516 0.03331096625766872 0.0472903885480573
7 0.10055134326142885 0.41916105943663834 0.031393788343558285 0.05432004089979549
7 0.09261660952724646 0.7217798929387705 0.03283167177914111 0.04345603271983632
7 0.18709602322524102 0.6906633435582822 0.03546779141104293 0.04441462167689162
7 0.1735525306748466 0.6219964212678936 0.023245782208588972 0.02620143149284253
7 0.0822469325153374 0.6512014314928424 0.022766487730061357 0.015017893660531693
1 0.16821929029559396 0.4908033556423128 0.05655674846625765 0.17350460122699385
1 0.06255228667038482 0.5412193251533742 0.06087039877300613 0.17222648261758694
10 0.10301034280137036 0.9049024978089394 0.17997507668711654 0.1739327709611453
10 0.5936017499104901 0.8005691311612365 0.2652138157894736 0.2786915204678363
6 0.5853949652777776 0.6733813316993464 0.014361213235294112 0.016276041666666668
6 0.49878288717830876 0.7017846200980391 0.011488970588235326 0.011871936274509783
6 0.5041715100562285 0.6510304029700114 0.01708984375 0.016276041666666668
6 0.5249228597689075 0.6725424544817927 0.006606158088235325 0.010340073529411716
6 0.5351466758578431 0.6685304330065359 0.006606158088235325 0.010723039215686233
1 0.3769754234512446 0.4047497894441324 0.05037256690997567 0.19059205190592052
1 0.513595188683746 0.3407270247920742 0.04999239659367394 0.19692822384428224
7 0.5599528588807785 0.4106853203568532 0.014256386861313874 0.024584347120843474
1 0.6638395819508959 0.2717779989677799 0.05816605839416056 0.20757299270072987
1 0.977701542557331 0.1363135463145516 0.041395062649164774 0.22424423229912488
