7 0.4954374541452678 0.35277268280753243 0.03631465517241379 0.08893678160919544
7 0.4526277131129105 0.3427706552706553 0.01713267543859649 0.06152534113060426
7 0.49149174142603486 0.47316450175996017 0.041008141762452065 0.08221583652618136
7 0.4513424412075572 0.46454562469723 0.020504070881226077 0.06605204342273309
7 0.716989927080075 0.31386847044103844 0.03273943345323742 0.09049010791366902
7 0.7646960978514485 0.30367935381424593 0.02669739208633093 0.08093525179856113
7 0.7367953293615108 0.4293752498001599 0.04412095323741001 0.09648531175059946
7 0.7819858422472548 0.4289380995203836 0.02416816546762588 0.08355815347721827
7 0.9572475356543626 0.23571495152870994 0.06029781879194633 0.07620246085011186
1 0.4762008379190209 0.3786817064158124 0.07133457300693893 0.2804601812112542
1 0.7454209216060318 0.3413168040400356 0.08912178702570381 0.2946501427988576
