6 0.45856707317073164 0.05624491869918698 0.033203125 0.037395833333333336
6 0.48996323529411756 0.01093137254901961 0.018046874999999928 0.022083333333333337
10 0.05576454083290021 0.7720850116943867 0.04984375 0.05427083333333336
10 0.11979048295454549 0.7737058080808086 0.06492187499999999 0.10489583333333338
10 0.35445650774116244 0.736915460952415 0.12209582731213872 0.15715317919075153
10 0.5700637936937534 0.7080558539239754 0.16851562500000003 0.20591626213592232
10 0.9161484835684582 0.6374681379783683 0.19507812500000005 0.286875
6 0.3248930921052632 0.18001644736842104 0.02710937499999999 0.03427083333333334
7 0.01028033088235294 0.26900735294117645 0.017656250000000002 0.026979166666666672
7 0.08109375 0.2987168560606061 0.022890624999999998 0.02510416666666669
7 0.14956003289473682 0.3268695175438597 0.020703125 0.026145833333333358
7 0.07225142045454545 0.17638731060606058 0.024375 0.04104166666666667
7 0.16003239329268287 0.20276676829268292 0.026015625000000007 0.05656250000000001
7 0.24183376736111112 0.2419675925925926 0.02757812500000001 0.05385416666666668
7 0.291297637195122 0.035940040650406506 0.03367187500000002 0.07052083333333334
7 0.3908965773809524 0.08931795634920633 0.03289062500000002 0.06749999999999999
7 0.42387957317073177 0.3307317073170732 0.023749999999999983 0.05229166666666665
7 0.571997767857143 0.5097619047619047 0.00703125 0.030416666666666654
7 0.5854079861111111 0.5135995370370371 0.021250000000000036 0.039270833333333324
7 0.65439453125 0.48815972222222215 0.030312499999999964 0.04250000000000001
7 0.9243241960128057 0.38064223418703924 0.04352590221187445 0.054895833333333324
7 0.101484375 0.5821205357142857 0.011562500000000009 0.02156249999999993
7 0.09600643382352943 0.6232414215686275 0.01210937500000001 0.02322916666666662
7 0.12072916666666667 0.5726527777777777 0.011640625000000005 0.024270833333333405
7 0.11642003676470587 0.6143627450980392 0.013203124999999982 0.018124999999999978
7 0.1424928977272727 0.5612121212121213 0.01578124999999999 0.028645833333333332
7 0.13581003289473687 0.6053344298245614 0.014375000000000004 0.02302083333333336
7 0.18346354166666667 0.5363541666666668 0.014218749999999992 0.02677083333333338
7 0.17802978515624995 0.5856901041666666 0.017578125 0.027083333333333334
7 0.21062138728323693 0.5211720255298652 0.018695809248554917 0.0270953757225433
7 0.20545540102520127 0.5711134251556147 0.01995366755833152 0.03307079349639276
7 0.24088778409090916 0.507466856060606 0.019921875 0.029895833333333382
7 0.23333767361111116 0.5580671296296297 0.022031249999999992 0.028645833333333332
7 0.29983638327365314 0.47181928534537304 0.021606709188439054 0.031517151041249684
7 0.2915771874838776 0.5298242446129771 0.020906690140845098 0.030471289274106125
7 0.3397409539473685 0.44950109649122816 0.020703125 0.03562499999999999
7 0.33227143220803634 0.5070934831988722 0.02080559254327565 0.03370505992010653
7 0.3836562286397813 0.42416054340396453 0.02114661654135337 0.03733291562238931
7 0.3760859375 0.48626041666666675 0.024843750000000008 0.03666666666666665
7 0.477545230263158 0.37186403508771926 0.028984375000000017 0.04135416666666666
7 0.469375 0.44064950980392165 0.02999999999999998 0.04125000000000002
7 0.5411578065134098 0.3343938149972633 0.030352011494252908 0.042744252873563225
7 0.5339259420070981 0.4074872888821768 0.030599892395982754 0.041397656623625066
7 0.6170202141259189 0.2941434963247044 0.032403523489932876 0.046140939597315446
7 0.6074252717391305 0.3708242753623188 0.03296875000000003 0.04677083333333331
7 0.7852223557692308 0.1923677884615384 0.03929687499999997 0.05770833333333334
7 0.7820732831801416 0.28470352048084613 0.039888070077864234 0.05805061179087877
7 0.9092708454022322 0.12096255101121282 0.045620437956204365 0.06256517205422313
7 0.9078020833333333 0.22614583333333332 0.0421875 0.06281250000000001
1 0.11455982864930472 0.5859165128466635 0.07390932041484716 0.11239719796215433
1 0.20122857655993456 0.5348741105637659 0.09406250000000001 0.13
1 0.28651820590051086 0.4905137804135072 0.04666010604113113 0.11789834734795199
1 0.32559037642045463 0.4687949810606059 0.04289062499999998 0.12666666666666668
1 0.36813895089285736 0.44563337053571445 0.050078125000000015 0.1358333333333333
1 0.45955625000000005 0.40144895833333316 0.05460937499999998 0.15114583333333328
1 0.525383040048544 0.35662722491909365 0.057421875 0.16447916666666665
1 0.5997849601938386 0.3189851242950994 0.05498312564901351 0.17597384475597086
1 0.7672318113824892 0.22056495654926142 0.0631108611294584 0.20669473800088067
1 0.8925605563730798 0.15786070552532888 0.06513097194135505 0.2342433434445568
