4 0.02543986344537815 0.4170730792316927 0.013786764705882354 0.05952380952380955
12 0.18349527310924368 0.46280491363211956 0.009519432773109248 0.035889355742296895
6 0.3786317681451613 0.040741478878648235 0.014963207661290312 0.021833497311827953
6 0.4695025481630825 0.04778972520908005 0.013860887096774199 0.02037130376344086
7 0.4345910750600851 0.04182843409132927 0.0111792845257904 0.01351913477537438
6 0.4236910721354386 0.04267116689478109 0.010080645161290303 0.01611197958599466
7 0.7601499155405405 0.15287725225225227 0.01570312499999993 0.030937500000000017
7 0.7353101325757577 0.16787247474747471 0.013046874999999947 0.029374999999999988
7 0.7111538461538459 0.18184829059829064 0.013984374999999983 0.027708333333333328
7 0.6585420549860206 0.2145542093817956 0.010810810810810789 0.02612612612612614
7 0.639782964782965 0.2254333879333879 0.010810810810810789 0.023761261261261258
7 0.6218877968877968 0.23670147420147417 0.01064189189189193 0.023085585585585586
7 0.5920102415966386 0.14261723207801635 0.015604332010582044 0.031828703703703706
7 0.5690310846560845 0.15845458553791889 0.013640873015873023 0.030175264550264556
7 0.5491961741961742 0.17424174976258308 0.013330853174603164 0.0276951058201058
7 0.35206867972570977 0.1314150237819123 0.01663893510815311 0.039864115363283416
7 0.3941980145703107 0.12915786002308466 0.01585898502495837 0.03449112590127566
7 0.4186300826747088 0.13457388727121464 0.016768926788685513 0.03622434830837493
7 0.37877950811148087 0.14460852283231654 0.014819051580698827 0.02669162506932888
8 0.03349777410964386 0.16984918967587034 0.02790178571428571 0.18338585434173674
8 0.14308595680919428 0.14720686068545064 0.02363445378151261 0.18382352941176475
8 0.19157345555409663 0.155340456495098 0.022977941176470583 0.18229166666666666
8 0.2380633242880487 0.15051159352629945 0.02379858193277311 0.18054096638655462
2 0.09345046612394958 0.21178002450980393 0.02543986344537815 0.03173144257703082
2 0.09085313813025211 0.11870842086834735 0.027245273109243684 0.061055672268907575
2 0.17174187383286652 0.12409303999377534 0.025603991596638665 0.06149334733893557
2 0.17381171218487396 0.21142441351540617 0.02527573529411764 0.03282563025210085
2 0.008780856092436975 0.2067577030812325 0.024619222689075633 0.029105392156862742
2 0.009261517106842738 0.12348689475790316 0.021664915966386557 0.06411939775910364
4 0.08453082519772613 0.41887435121107264 0.032497373949579834 0.05733543417366942
4 0.13410967835410026 0.4213150777552402 0.031840861344537806 0.05755427170868348
4 0.0817358193277311 0.351124824929972 0.018710609243697475 0.03063725490196075
10 0.2576385338559418 0.4593297924714081 0.02795884458077711 0.0653970688479891
10 0.292582651670075 0.45761379989396356 0.014059304703476449 0.04792944785276069
3 0.066471043512838 0.22057013557524804 0.017574130879345607 0.12376448534423998
1 0.11683797943592696 0.31465299216855913 0.015411608497723828 0.054533383915022784
1 0.05928057168305073 0.3184584680345715 0.011855083459787563 0.04947521497218007
7 0.11680220978755688 0.3106690482212106 0.013159142640364196 0.016913252402630263
7 0.05918057663125949 0.3103660849772382 0.011262329286798179 0.015174506828528027
13 0.7281283997824142 0.30225398907803236 0.02170861064891847 0.03743760399334442
13 0.7527926546034387 0.2922357413569976 0.018588810316139792 0.03865085967831388
13 0.7784629783693844 0.2873405435385469 0.021968594009983366 0.039690793122573474
1 0.5805232931211497 0.32574618656497506 0.015079568788500985 0.05710985626283372
1 0.6673843199037031 0.32607861880148215 0.014598305954825452 0.057537645448323065
1 0.6244878869846786 0.3255393434423208 0.016683778234086243 0.05775154004106771
7 0.5790661362080767 0.31506673511293637 0.013154517453798763 0.01411704312114986
7 0.5807037666837782 0.3445841889117043 0.013956622176591438 0.016469883641341512
7 0.624500912616929 0.3471033918929196 0.013635780287474298 0.013689253935660516
7 0.6222728439425051 0.31525389288158795 0.011871149897330647 0.012833675564681712
7 0.665354779831166 0.31687295611833594 0.013314938398357245 0.013689253935660516
7 0.6668097086755648 0.3447713466803559 0.012994096509240282 0.014544832306639322
10 0.6146157022479773 0.4464373197838806 0.06682649911816582 0.0663212815990594
9 0.5638992994317068 0.4673211019661638 0.011711860670193985 0.03802910052910053
11 0.3810510977965748 0.4393144319131163 0.14532180059523808 0.2548363095238095
1 0.45502043034937767 0.3253158269605638 0.014924463937621812 0.05969785575048731
1 0.40735937734293 0.32415998150647274 0.015990497076023357 0.06193144899285254
7 0.4543585526315789 0.314378248862898 0.01446759259259256 0.017259584145549074
7 0.45483446028265107 0.3455977907732294 0.014924463937621812 0.016447368421052624
7 0.4079670748050683 0.3442525584795322 0.015229044834307981 0.01929012345679014
7 0.40589211744639375 0.3132868339831058 0.011574074074074047 0.014822936972059785
7 0.5000453855294429 0.3136827744036617 0.00909773567467651 0.015018484288354905
7 0.5019639556377079 0.3430870962063199 0.011119454713493581 0.015403573629081891
1 0.5021305808332148 0.32436371392009095 0.012996765249537922 0.05988139248305604
