6 0.008055719339622642 0.27377161949685547 0.014003537735849055 0.03753930817610067
9 0.02024115821285632 0.22558809115412887 0.010988421955403085 0.019118067467124078
9 0.060991484930164167 0.23012299545318413 0.01326650943396226 0.018224699828473412
9 0.11870845840480278 0.23562571469411087 0.010586406518010304 0.020547455688965113
6 0.06948541461815796 0.2797921446520266 0.013689159292035402 0.0353982300884956
6 0.130513689159292 0.2842075344149459 0.01396570796460177 0.03244837758112092
9 0.2880732666844102 0.2567466786435114 0.01086441213653604 0.018173198482932987
9 0.3443932762601001 0.2595549570347569 0.010074273072060658 0.019621786767804454
6 0.2910946389064475 0.30070388221660344 0.021136219974715553 0.032659081331647674
6 0.349679939516129 0.3065860215053764 0.015234375 0.030520833333333285
1 0.043068250873550415 0.43113088908019787 0.03101736972704714 0.13751033912324234
7 0.14846041055718473 0.34316489961651253 0.025007754342431764 0.03101736972704714
7 0.1483147229114971 0.41387510339123246 0.025007754342431764 0.031275847808105856
1 0.14742324850852645 0.4380378543899477 0.027527915632754342 0.1310483870967742
1 0.05505068271836564 0.6210913070669165 0.021087398373983747 0.09214092140921401
3 0.30094802401545817 0.4925296742730954 0.028135926573426583 0.12893356643356638
2 0.3437183994396623 0.3827054154982469 0.024611294659632722 0.06241988391708268
2 0.34329659934445195 0.44055681416497955 0.03724362527716187 0.05242978566149302
3 0.39874524028361363 0.5048253676470588 0.02609637605042021 0.12101715686274511
2 0.43720018964747887 0.45106351331250927 0.039690010040160574 0.041206492637215555
2 0.4352158634538153 0.39829317269076303 0.028081074297188736 0.05082831325301207
3 0.4885892757746304 0.5098877481600594 0.029855549199084664 0.12657322654462236
2 0.5289080377574371 0.4561056792178074 0.04236985125858128 0.045289855072463796
2 0.5236910365092573 0.4036431246099437 0.024671052631578937 0.03885392829900838
11 0.09818390257510806 0.7674796284004173 0.17680533435540208 0.3263735909343493
10 0.29562863141872564 0.8039214171289646 0.08335120068610635 0.09380360205831906
4 0.3500827299985373 0.6753439211480017 0.04521963824289403 0.1380813953488372
4 0.3500827299985373 0.6753439211480017 0.04521963824289403 0.1380813953488372
4 0.40713375681883435 0.6818834338214181 0.04118217054263566 0.13350559862187766
4 0.4635355078176325 0.6747178790931254 0.0393653100775194 0.12973729543496984
10 0.5153148263027296 0.799097911497105 0.0753528225806451 0.10063844086021506
10 0.7577670123726348 0.7937224982850642 0.06959606986899561 0.07914847161572046
1 0.5324234702016335 0.6367380253530711 0.01651033690658501 0.08199336396120457
1 0.5903382120253166 0.6370992707760041 0.015427215189873422 0.07568565400843875
7 0.7354929362095716 0.6269207244301229 0.010657223415682093 0.021258503401360564
7 0.7367484736276781 0.6654794881941696 0.012335526315789469 0.02148227712137493
1 0.7401152963901965 0.6407350396394221 0.021787848605577677 0.08203297919433379
7 0.7871267324375791 0.6275126957257722 0.016439973021582777 0.02398081534772179
1 0.7905064224763978 0.6424745824255628 0.02170138888888893 0.08140432098765421
7 0.7886523056861173 0.6608905097634606 0.012708858764186638 0.026928331231609804
4 0.9647395015698585 0.6967147435897435 0.029189560439560402 0.11475503663003662
6 0.7366611918242356 0.34682162399553706 0.01872796709753226 0.026684292988640834
6 0.8178708161176603 0.3518591347308037 0.02056404230317277 0.025337837837837836
8 0.8681056356837609 0.2871622373575499 0.0559228098290598 0.20343660968660968
8 0.9273161996221664 0.2944647063625337 0.05470717884130973 0.20754617968094033
8 0.9797720896462272 0.2824898257453287 0.040662389798488796 0.19993702770780858
6 0.9014875 0.360725 0.02375000000000007 0.025625000000000023
