4 0.5929687499999999 0.8580184108527134 0.21187500000000004 0.26145833333333335
4 0.8225352112676056 0.7895539906103285 0.265625 0.3958333333333333
7 0.739944279510812 0.9064395505927763 0.04982165012406945 0.09020885028949538
7 0.8254634792305549 0.5765611931976583 0.07738447867298577 0.09034360189573458
7 0.8139069905213269 0.4479660347551343 0.045171800947867345 0.07207740916271721
7 0.5776066350710902 0.6093338599262771 0.04183945497630335 0.07257109004739336
7 0.5873392010832769 0.723277758970887 0.04220971563981042 0.05233017377567132
7 0.37591750390167766 0.615327090648979 0.061359978540772485 0.0996959942775393
7 0.6836850290514083 0.2709491179318765 0.07669413919413923 0.09310134310134309
7 0.19266683266932266 0.5939064255797324 0.061939741035856574 0.09960159362549798
7 0.07035579587438424 0.9523061200054734 0.051153273809523815 0.06789434523809514
7 0.06266276041666666 0.8028067129629631 0.06277901785714286 0.08990575396825401
7 0.05074943217418548 0.7376840538847117 0.033017113095238096 0.05332341269841277
7 0.09084065755208334 0.6897650824652778 0.06277901785714286 0.08029513888888881
7 0.4914407169117648 0.31725515727124176 0.0514131433823529 0.078125
7 0.227797131147541 0.850191256830601 0.04123975409836067 0.06318306010928959
7 0.430302217453505 0.4632920541249403 0.07007778969957083 0.0751072961373391
3 0.32700634933735806 0.4788139257023377 0.08717811158798283 0.35899499284692415
7 0.6591075047687173 0.4150522571928152 0.03386534334763951 0.08628397711015735
3 0.5845698271967471 0.28218766470898266 0.11165504291845493 0.34558297567954216
2 0.6865147325850116 0.101828161109277 0.1119903433476395 0.1832975679542203
2 0.42032004425965674 0.31853540772532185 0.13210836909871246 0.21548640915593706
2 0.4449131876706984 0.22463096631551574 0.09354881974248933 0.15110872675250359
7 0.9660859674329499 0.054038952745849286 0.07049209770114935 0.0921934865900383
3 0.9057835448595147 0.10777525010642824 0.14457614942528743 0.21611590038314177
1 0.06178212688981706 0.7117330431201837 0.11902814136125654 0.2672338568935428
