7 0.11983428030303034 0.3960984848484848 0.022031249999999992 0.027812499999999987
7 0.1854248046875 0.41768446180555563 0.020546874999999985 0.03656249999999996
7 0.1379459635416667 0.47021267361111113 0.027734375 0.027187499999999965
7 0.13310014204545456 0.5214820075757575 0.02250000000000001 0.027395833333333345
7 0.19789062500000001 0.4971401515151515 0.010390624999999987 0.028125
7 0.18889843750000002 0.5494687500000001 0.017656249999999995 0.038124999999999964
7 0.0007503531073446327 0.35034133709981163 0.0018538135593220337 0.0038841807909604973
7 0.0028138241525423728 0.3399982344632768 0.005561440677966102 0.008474576271186448
7 0.19248239042933807 0.09641007006559334 0.047378130590339886 0.07137000596302924
7 0.4174789594222448 0.25084771164690234 0.03829191957511382 0.055797926150733416
7 0.5143087327523602 0.3160068039561504 0.03818714985994394 0.05106209150326795
7 0.5638906851041253 0.18537632090905073 0.030901810584958243 0.022487233054781796
7 0.5576924121722217 0.16008917851311116 0.03909361942896945 0.03422905060352832
7 0.5939843750000001 0.36945746527777773 0.035546875 0.04375
7 0.7123227125474083 0.4533916719342604 0.032198166877370406 0.04477454698693641
7 0.7357806912911424 0.3248683562031722 0.02495162344189792 0.0379473260956976
7 0.7647459653656106 0.49304327787599933 0.028687270501835994 0.04411464708282337
7 0.7846057046979865 0.3634277536517962 0.027684563758389215 0.03034116331096192
7 0.8113606770833334 0.5231630412581699 0.02731821895424833 0.032679738562091505
7 0.8266471354166667 0.4041145833333334 0.027109375000000036 0.03218749999999997
7 0.8789086198179978 0.5708333333333331 0.02259226491405464 0.03696916076845298
7 0.8918696120689654 0.4653556034482759 0.02453125000000007 0.03343750000000002
7 0.9101060392604321 0.5946600999751614 0.020571849385245856 0.03319245218579236
7 0.9384324009324005 0.6169677544677545 0.027884615384615508 0.04081196581196581
3 0.4454702277795869 0.19070719924953092 0.08987176377092854 0.2275300321552077
3 0.21364411817077258 0.09518061141835651 0.07518892973856209 0.1485906862745098
2 0.5060346228868661 0.17402199826614645 0.08025845253576067 0.049306458604247955
2 0.4956989703736389 0.051257219376768776 0.03335608734772988 0.055024916943521594
2 0.4632512019230769 0.0790745192307692 0.026796874999999963 0.029791666666666668
2 0.4782192887931035 0.10725215517241378 0.036328125 0.032395833333333325
3 0.5339732085099108 0.2740447396742149 0.07937500000000001 0.19885416666666664
2 0.5880923871185135 0.25161660408844383 0.07019742225859246 0.05268003273322422
2 0.5715375664893617 0.15465647163120563 0.05648437499999996 0.08416666666666668
3 0.6136926412522152 0.3307776503303987 0.07346754807692309 0.1897911658653846
2 0.6490750385802466 0.21939429012345682 0.05 0.08468750000000001
2 0.6758608533478895 0.29944884158175644 0.07585061863173212 0.04230349344978167
3 0.7286718750000002 0.40928133753501406 0.06421875000000003 0.1625
7 0.7832051616266944 0.3922150774340556 0.025580031282586013 0.010862009037191514
2 0.7969198803191488 0.3545434397163121 0.04054687499999998 0.05333333333333332
2 0.787998798076923 0.39220352564102573 0.029062499999999946 0.01260416666666669
2 0.8215677361278477 0.428196907098181 0.0634454617834396 0.025433474876150088
2 0.7695248555745561 0.3856613469458086 0.07015746858752152 0.029895833333333323
2 0.7488754401408451 0.31110181924882635 0.043984375000000055 0.0667708333333333
3 0.7774293899685902 0.47627363636549536 0.049921874999999984 0.1441034795838241
2 0.8375692815886044 0.3942174414985634 0.040663067552602426 0.054217423403469904
2 0.85571875 0.46461458333333344 0.043906250000000036 0.0171875
3 0.8211834344506859 0.49017947486469077 0.04289388387824129 0.1160278090943254
3 0.8919406745886873 0.5284979393821393 0.049946699766355 0.1163152258566979
2 0.9017830141129032 0.455608198924731 0.03820312499999989 0.053958333333333344
2 0.9156684957173447 0.5194465133600226 0.03897885438972164 0.01594842969307641
3 0.9503673469387754 0.5972840136054424 0.0442857142857143 0.10261904761904764
2 0.9603069813478946 0.5135817057971634 0.048320320069763056 0.055179967148670704
2 0.9775953244797371 0.5629084519897772 0.036775225903614484 0.009513052208835405
6 0.9149231856257518 0.030303417251216384 0.048752085650722955 0.028735632183908046
6 0.9421297452547455 0.08244671994671994 0.04567307692307683 0.02621336996336995
13 0.680023635164389 0.5726206985973932 0.03193284061696655 0.061187874892887704
13 0.7413913996668624 0.5722736625514402 0.03782242063492065 0.0599371693121693
10 0.05634571375063754 0.4855260126991547 0.09891456582633053 0.32653731049259777
10 0.461108240415518 0.613979070701274 0.1999641682330827 0.26447916666666665
10 0.7118679956896551 0.7279339080459768 0.13617187500000005 0.19583333333333333
10 0.8744407595362456 0.784518505328691 0.08219810956790123 0.15648919753086427
