4 0.14038338551534338 0.8673627676296719 0.1875048378243981 0.2594396997929607
4 0.2728382946922385 0.931554289821341 0.1429573996512759 0.19985443959243093
7 0.06138015551048004 0.6149284426414243 0.058338439542483654 0.06399782135076251
7 0.20801199559482084 0.708593445774922 0.04946699766355141 0.06656444704049846
7 0.32623647836538455 0.7807131410256408 0.04710937499999997 0.059895833333333336
7 0.5289681783536584 0.5648501016260163 0.03562500000000002 0.06625000000000002
7 0.7681275201612904 0.8263911290322581 0.02421875 0.04385416666666669
7 0.13692528735632187 0.13912954980842906 0.06656250000000001 0.10802083333333333
7 0.20534408244680855 0.28497340425531914 0.057734375000000004 0.07864583333333333
7 0.19030722059779073 0.4078473575915097 0.0480324074074074 0.08346193415637858
7 0.33890335648148145 0.4283522822709331 0.04712301587301586 0.0720623897707231
7 0.3369591346153846 0.5381944444444444 0.037812499999999985 0.07052083333333338
7 0.4513786764705884 0.5400306372549019 0.04085937499999996 0.06156250000000003
7 0.4523561789772727 0.6440625000000001 0.040312500000000015 0.06437499999999995
7 0.5954166666666665 0.6813368055555553 0.034531249999999944 0.05333333333333338
7 0.601163030660377 0.7769968553459119 0.033984375 0.05479166666666669
7 0.66431640625 0.8342968749999998 0.029453124999999948 0.050312499999999954
7 0.7195618872549019 0.8853594771241833 0.02804687499999998 0.04729166666666676
7 0.7982247340425532 0.9555053191489364 0.026406249999999964 0.041562499999999974
7 0.8575159801136365 0.9486458333333331 0.023828125 0.033854166666666664
3 0.23746358865575612 0.33263187971963537 0.11087336058593081 0.30997460763637574
3 0.36614032518186945 0.4607982491881642 0.098046875 0.28214328004736533
3 0.4768113133661721 0.574983983250588 0.08852911418656247 0.25923453493546955
5 0.6141072063321182 0.7086998527541766 0.09807904411764704 0.16052083333333336
5 0.6809056511324039 0.7816104295715577 0.08241234756097562 0.14529344512195125
5 0.7339958954903978 0.8422090865667254 0.07512431412894376 0.13360196616369463
2 0.7992858222490933 0.8684367862421069 0.040999093107617846 0.06562374042724706
2 0.854714870884929 0.9312864945132389 0.0616434800664452 0.03270348837209293
