7 0.8960119047619048 0.2641418650793651 0.017343750000000036 0.018333333333333358
6 0.42750000000000005 0.2729767628205128 0.013203124999999982 0.032395833333333325
6 0.4777397629310344 0.2708045977011494 0.01796875 0.03249999999999999
6 0.5333223684210526 0.27216557017543863 0.013906249999999964 0.027083333333333334
6 0.6251384943181819 0.2732717803030303 0.012812499999999982 0.028125
6 0.6781711647727272 0.2734138257575757 0.015000000000000036 0.028958333333333346
6 0.732412109375 0.2739496527777778 0.014609375000000036 0.029062499999999977
6 0.8332771381578947 0.27220942982456137 0.014375000000000072 0.024270833333333346
6 0.9442367788461541 0.27388221153846154 0.018437500000000107 0.024687499999999987
9 0.4344071691176471 0.22753676470588233 0.01085937500000007 0.02052083333333332
9 0.47021875 0.2296458333333333 0.0109375 0.020937499999999994
9 0.5242466517857143 0.22807291666666668 0.011484374999999946 0.01895833333333332
9 0.6459555288461538 0.22883012820512819 0.009375 0.01885416666666666
9 0.6913694852941176 0.230030637254902 0.009609374999999965 0.019791666666666666
9 0.7297421875 0.22991666666666663 0.010312500000000035 0.019374999999999993
7 0.6202865448504981 0.35834717607973426 0.021888842746400884 0.02837763012181617
7 0.5774082880434781 0.3677038043478261 0.016250000000000053 0.020937500000000022
7 0.7047102864583333 0.36086371527777783 0.021875 0.027708333333333356
7 0.7878262867647059 0.36181372549019614 0.020937500000000053 0.029374999999999988
7 0.8160340073529412 0.37079044117647064 0.016953125000000034 0.022187500000000013
7 0.1669159226190476 0.3843402777777778 0.015312499999999996 0.019479166666666655
7 0.14590773809523808 0.36406746031746035 0.015937500000000004 0.020937499999999963
7 0.19457589285714286 0.5532142857142855 0.014453125000000022 0.020729166666666642
7 0.6240690104166666 0.5684461805555556 0.014296874999999964 0.019687499999999976
7 0.6239903846153847 0.6037740384615385 0.015312500000000017 0.02000000000000005
7 0.6831911057692308 0.5690064102564102 0.015859375000000054 0.019687499999999976
7 0.9021501358695655 0.5297871376811594 0.016249999999999966 0.019270833333333334
7 0.9093072916666667 0.5792569444444443 0.016171875000000037 0.02020833333333331
7 0.9092529296875002 0.6169596354166667 0.015468749999999965 0.02354166666666669
7 0.9686269079271295 0.5801226817659609 0.017425221565731164 0.027234121122599694
7 0.9683856694450308 0.6181859745375254 0.01673282865583463 0.02400295420974885
8 0.12534944785424967 0.3107364425299265 0.03721793423694779 0.2390355805243446
8 0.06826780913978495 0.30865367383512543 0.036328125 0.23312499999999997
8 0.014430917005174534 0.3093782832454055 0.0319365845539281 0.26242787394585
9 0.8353359374999998 0.7486406250000001 0.011171874999999965 0.03552083333333324
12 0.8140885416666668 0.7402662037037036 0.01960937499999993 0.04822916666666662
10 0.47150546874999966 0.7340541666666668 0.07320312499999995 0.07333333333333343
12 0.19407336222897154 0.7100303369048624 0.017173263097949885 0.044253037205770694
10 0.04979355175081572 0.7103707192004812 0.07983576642335766 0.0808133472367049
10 0.07873732134624249 0.7634206431535269 0.028770098547717837 0.010049273858921145
10 0.04120691671865252 0.7671975722603452 0.025672079694323148 0.017285298398835518
10 0.919570156203162 0.7538972048083897 0.06232221871049308 0.07519490096923723
10 0.8955078125 0.7975520833333333 0.024843749999999963 0.0067708333333333336
10 0.9368437500000002 0.8011458333333333 0.021875 0.009999999999999905
1 0.6239362980769233 0.5785817307692308 0.01632812499999998 0.07958333333333331
1 0.6833710589206103 0.5761097786636945 0.01763610253772292 0.06673796867855515
4 0.4376736609523032 0.6476656379444692 0.03793626707132018 0.1266122913505311
4 0.385009864660545 0.6467364414696806 0.036080629770992315 0.12113019508057678
4 0.3348905003495352 0.6432649340680431 0.03703853626943006 0.11900906735751289
1 0.7445796088120087 0.5838731522731488 0.014314829192546608 0.06553494594496871
2 0.31816353319783197 0.38073057813911476 0.02756605691056908 0.059959349593495935
2 0.3111147836538462 0.4311217948717948 0.023749999999999983 0.027500000000000035
2 0.3202562293167219 0.32432191291934326 0.030363356531049268 0.05743665239114921
2 0.39768509144901126 0.355250725517986 0.03949749443207131 0.10184669636228658
2 0.4016777509068924 0.4398931882305522 0.01813784764207984 0.024435711406690843
2 0.4829091762935045 0.3485165083949288 0.03651365705614564 0.10764415781487102
2 0.486410923276983 0.4341677503250975 0.021029746423927166 0.02993606415257908
3 0.36327207501467973 0.45175333969465653 0.02494831424936388 0.1469730703986429
3 0.44789414414414425 0.45311186186186186 0.023648648648648685 0.15052552552552545
1 0.9100242087026418 0.5899292883211678 0.017026199165797708 0.0826598887730275
1 0.9702920386904761 0.5980555555555555 0.01945312500000007 0.07979166666666657
11 0.693500878360325 0.7535746552895812 0.2034394309064039 0.3359383571574114
