6 0.049752281916196996 0.41355519480519454 0.11899656946826757 0.05056460834762723
6 0.0460315963289135 0.21110087241902506 0.09645801380368098 0.04633179959100205
7 0.7023283585783585 0.5713130713130713 0.054086538461538505 0.06301975051975053
7 0.49219578472958625 0.5864552955991515 0.05514005335365857 0.05525914634146337
7 0.295207179972805 0.6060909576534577 0.05258413461538458 0.05653490028490028
14 0.303564732751568 0.5991074675029542 0.06901716321243523 0.26014680483592395
14 0.33078623616764324 0.9528541944735823 0.03784863728986245 0.10357451951488236
14 0.48599831802956794 0.5351745976745977 0.05652286902286905 0.1546257796257797
14 0.528480222389702 0.9155032778256292 0.05601986434108532 0.11607719638242896
14 0.6894532921051504 0.4902631170859003 0.06128080082135527 0.39570499657768643
14 0.7253641479252202 0.8961746075189738 0.07404209997089257 0.13317765252749775
