7 0.01827448763453171 0.6675540035111823 0.03325724181360201 0.050902602854743864
7 0.03408812622446124 0.5848454457816339 0.0364058564231738 0.04722921914357687
7 0.09487562972292192 0.6295025188916876 0.034241183879093195 0.050377833753148714
7 0.039503134924980844 0.5323326214726389 0.030108627204030226 0.03804575986565908
7 0.10965706339210746 0.5430573047858942 0.03876731738035264 0.048541141897565095
7 0.10839527482907521 0.49302994182559673 0.029715050377833764 0.04827875734676746
7 0.18382423371647508 0.44841954022988484 0.03430316091954022 0.04501915708812264
7 0.22901828312431838 0.6104314340239914 0.03354604007633588 0.054468829516539446
3 0.2076445003298152 0.576036169744943 0.07791886543535617 0.20173702726473172
2 0.2334190370742398 0.44874453373106465 0.09153701716738197 0.10670004768717209
2 0.2842839536329721 0.27307741655316714 0.043122113163972256 0.1003175519630485
2 0.2856718555693729 0.37896508162097076 0.07235132794457275 0.07217090069284063
7 0.3477880047505938 0.5652216943784638 0.03729958432304037 0.06284639746635001
3 0.32503458873080787 0.50872472675923 0.07868171021377672 0.2338182897862233
2 0.3516757246376811 0.37451565016103056 0.1009114583333333 0.12123842592592589
2 0.39867058899176955 0.1832133058984911 0.04231770833333335 0.0625
2 0.4029688795605306 0.29248721669430633 0.07790798611111116 0.11458333333333333
7 0.4252873563218392 0.3189355842911878 0.0455729166666667 0.06452546296296292
7 0.4891110578969774 0.5046473676741875 0.0335847701149425 0.0670498084291187
3 0.46059190830215374 0.4318047630420194 0.08695892226148408 0.275819320609746
2 0.5478905489289192 0.1658603132099968 0.08383413461538466 0.21033653846153846
2 0.4923232009925558 0.29448407775020674 0.10246394230769233 0.1338141025641026
7 0.5732168587896252 0.23447863775673572 0.04818083573487027 0.07054514889529298
7 0.2632125511247444 0.9691121336059986 0.01365989263803682 0.02300613496932513
7 0.974203522015315 0.36634180299338676 0.035880938914027105 0.04689856711915533
7 0.6007666108277989 0.20522636978178363 0.042694497153700176 0.061472169512966496
7 0.575783340767172 0.9248810585786501 0.018008474576271194 0.029661016949152477
7 0.5708355402542373 0.9827418785310732 0.01933262711864403 0.03125
1 0.5685226110461719 0.9488603156049092 0.030587923728813582 0.09922316384180783
7 0.647516898708636 0.915287866559053 0.019200211864406746 0.032485875706214765
7 0.6449549788135593 0.9746027542372879 0.020127118644067733 0.03248587570621465
1 0.6390317796610168 0.9380369585687381 0.032838983050847405 0.12466454802259896
7 0.8858886459989403 0.8820548489666137 0.021677927927927953 0.03659909909909918
7 0.8877252252252253 0.9492680180180183 0.021818693693693804 0.03490990990990994
1 0.8789264264264263 0.9107157157157156 0.03237612612612608 0.14883633633633633
7 0.9884375000000001 0.8667091836734695 0.01946747448979593 0.03635204081632656
7 0.9893403790087463 0.9354956268221574 0.015625 0.03741496598639458
1 0.9810444734534436 0.886285940157313 0.030787627551020512 0.15114795918367344
4 0.32200226062461407 0.8658035775536804 0.10764898255813952 0.24223594961240308
4 0.4063062500000002 0.8553172480620156 0.11173691860465115 0.2649467054263566
4 0.4937260150097191 0.8330327381548801 0.11881963788300834 0.2924791086350975
13 0.02390634284016636 0.9380376992968906 0.026935253267973858 0.052764161220043584
13 0.08159584216569508 0.96485732055585 0.02961601307189542 0.058210784313725485
13 0.09145220588235295 0.9391680283224401 0.005361519607843135 0.011914488017429292
