7 0.037648472850678724 0.3980329311211664 0.014670531674208148 0.03464366515837103
7 0.055571266968325796 0.40351621417797884 0.007423642533936658 0.03063725490196075
7 0.042730132918552044 0.33301812311463047 0.012019230769230765 0.03464366515837103
7 0.05853062378797673 0.3427669144580909 0.005656108597285059 0.01461161387631981
7 0.15085902149321267 0.2790775401069519 0.02527573529411766 0.03181561085972853
7 0.15268547322775267 0.35412215099715094 0.015907805429864252 0.03535067873303165
7 0.165158371040724 0.42086161387631976 0.0047723416289592755 0.024038461538461557
7 0.14854355203619912 0.4195300716440421 0.013433257918552034 0.03487933634992455
7 0.16731918127828055 0.363611189668175 0.006363122171945701 0.014140271493212708
7 0.2540366081703107 0.37317198887610276 0.015822784810126576 0.033095991561181454
7 0.27090867992766726 0.3777124773960216 0.003164556962025289 0.0133175105485232
7 0.2514360897083104 0.43828540634745916 0.013251582278481023 0.03256856540084385
7 0.2676918512658228 0.44100738396624467 0.004746835443037956 0.02070147679324895
7 0.41930745743893405 0.4080053869561642 0.01386415155440419 0.0311690414507772
7 0.4184978719467063 0.46709870260712233 0.014876133419689097 0.03305807426597583
7 0.48797292425622346 0.3560292703906092 0.021345628415300587 0.02561475409836061
7 0.5043171533469945 0.4247424294171221 0.016222677595628454 0.031591530054644795
7 0.5047411012446873 0.48056124772313286 0.015368852459016402 0.031591530054644795
7 0.5857596197632058 0.439546018012548 0.015582308743169371 0.031022313296903487
7 0.5860086520947175 0.49502884031572564 0.015368852459016402 0.031591530054644795
7 0.7164828695714697 0.4675216901543476 0.015368852459016402 0.03045309653916212
7 0.7179321253954559 0.5203090547406768 0.016436133879781423 0.0290300546448087
7 0.8493313201035374 0.4973905905474067 0.014088114754098413 0.03130692167577411
7 0.8531714267418034 0.5434419114298723 0.01344774590163933 0.028176229508196707
7 0.9399547472677593 0.2838652347702894 0.019211065573770548 0.022484061930783266
7 0.9946286636860406 0.24835962079814541 0.010245901639344268 0.027607012750455368
7 0.6899965177929546 0.1987229411294832 0.02655884929906547 0.05013629283489095
7 0.4564876618122978 0.011366892529665586 0.028822815533980518 0.02073220064724919
6 0.5320756263251869 0.022481679872038085 0.029581310679611582 0.031856796116504854
9 0.02371323529411765 0.7619343891402715 0.014338235294117648 0.04240196078431377
9 0.2316360294117647 0.7581372549019608 0.011764705882352944 0.05465686274509807
9 0.2773371848739496 0.7750525210084033 0.012132352941176493 0.04338235294117645
12 0.6808346949891069 0.7359658678286131 0.02224264705882355 0.0504901960784314
12 0.5667236662106702 0.7346614227086182 0.029779411764705797 0.04583333333333333
12 0.34782913165266105 0.7148692810457516 0.014154411764705888 0.0512254901960785
12 0.26027274281805746 0.7073358413132695 0.02536764705882355 0.05073529411764698
1 0.04849483944954127 0.3643635321100917 0.03314936926605504 0.1435875382262997
1 0.15827838302752292 0.37759461009174305 0.028132167431192668 0.1380925076452599
1 0.25988388761467884 0.3979644495412843 0.02759461009174311 0.13426987767584098
1 0.42546082366432814 0.4303316318882293 0.024906823394495438 0.12662461773700304
1 0.5110085227272728 0.44895485821517933 0.025802752293577935 0.1204128440366972
1 0.5921541495038383 0.46031485988890963 0.024369266055045812 0.12208524464831806
1 0.7239491983720094 0.4864249790130118 0.028132167431192644 0.11300649847094804
1 0.8589442649523642 0.5171807001293814 0.029565653669724766 0.10727255351681961
10 0.1242877980224516 0.6603793052514514 0.1496927458033573 0.15887290167865706
10 0.4869038442715217 0.7017158382137828 0.13039568345323732 0.14563349320543562
