7 0.11343491200828157 0.46983911318150434 0.051177536231884056 0.07004830917874395
7 0.2868233488450326 0.5702184720041863 0.06423104956268225 0.06316812439261418
7 0.30432412790697677 0.4704271019677997 0.03563841681574238 0.039505068574836065
7 0.5478996279104036 0.5492082350918557 0.06627270299145298 0.06076388888888887
7 0.06000450393832746 0.8656813865147197 0.06716628959276019 0.06292420814479639
7 0.30519362176784715 0.8403890294172758 0.062315556492411474 0.061305508712760096
7 0.5493700875534773 0.8404739992703875 0.061498855835240285 0.058400076277650585
7 0.6238562319459033 0.9466364670868346 0.03561580882352944 0.04748774509803925
7 0.6883025637607749 0.9403325779792056 0.034938599706744886 0.04872311827956987
2 0.07861328659416451 0.3782151029158516 0.11958331809760617 0.28951436627500693
2 0.3364001392080073 0.3660531273272951 0.09753268494897963 0.28387329931972793
3 0.21518467752840498 0.5068042416579491 0.07300847457627117 0.2777026360652041
3 0.4836686106221707 0.48548043863650125 0.05316840277777777 0.2886789021164021
2 0.5793420061109689 0.34376749005763163 0.13121860397196264 0.2827911745406824
