7 0.11920681842556842 0.2650194837694838 0.048916103603603614 0.04903340840840841
7 0.21704292084726867 0.2114382248821608 0.05071271929824563 0.050466711650922196
7 0.3028392436445321 0.17303469026225435 0.0521946225071225 0.06350902184235514
7 0.21335473542973085 0.4510246451946879 0.043861459709379116 0.050568952130478094
7 0.38655949519230764 0.3683934294871795 0.04617187499999997 0.05458333333333331
7 0.2979552093476144 0.6100444255111975 0.04084256329113924 0.05010548523206756
7 0.4590702042678386 0.5344341203634738 0.042769160583941625 0.054853145637817194
7 0.894554263927213 0.12894013970716184 0.05185999142367059 0.06735991995425958
7 0.9917201291271656 0.07151029748283753 0.016089816933638444 0.04695842868039664
7 0.9324187803475594 0.3293974678422353 0.04751788908765651 0.06205277280858681
7 0.5297683189655171 0.9288553639846743 0.02672413793103452 0.03807471264367817
7 0.6050615780493175 0.9804533612211946 0.02549124834874501 0.031735744165565904
7 0.9798992244017807 0.8746058245223519 0.02960663606010012 0.06903867557039499
7 0.8065171933085503 0.9290937370921107 0.027445399628252785 0.0656366171003718
7 0.7695167286245352 0.943231102850062 0.016554368029739752 0.055181226765799354
14 0.23467004490182647 0.17726294296033077 0.36143593942447655 0.230625
14 0.40931331589574055 0.320761059834438 0.20054687499999996 0.15491567460317457
14 0.2773516558123557 0.4148156802233111 0.0704251141245972 0.07731109671848012
14 0.19459216001336316 0.435550916969165 0.08016442431389366 0.06937500000000002
14 0.27646232554648814 0.5957946439374947 0.07615259479434448 0.07684693254415637
14 0.3527394054737343 0.5605862857961592 0.06620793019142734 0.0660416666666667
14 0.48485057529089337 0.4883983757323451 0.1942016342756184 0.1390617610860951
14 0.8724585116549397 0.10980180902253886 0.13666203712942906 0.10352810650887573
14 0.9906130268199232 0.04615261813537676 0.0200431034482758 0.08376436781609195
14 0.90731008296155 0.30981542301089177 0.12886856125624072 0.10642112080657877
6 0.20186967050616778 0.6856933224744606 0.04924014255023679 0.08420622109332036
1 0.5857432635424957 0.9468549402499836 0.051431003142213785 0.09612896235760289
1 0.7805223583202856 0.897316146195778 0.05750782881002081 0.16584246694502436
1 0.980225752508361 0.8139428577715192 0.033805668016194446 0.14444163292847503
