7 0.577554141773897 0.9307262944240194 0.07726332720588233 0.07506127450980399
7 0.2712952856924019 0.952435661764706 0.07726332720588233 0.07429534313725496
7 0.0380715762867647 0.8428883272058822 0.05399816176470588 0.07735906862745097
7 0.04745293003565061 0.5072786690433749 0.06807215073529412 0.07352941176470591
7 0.24484382923427997 0.5912726081812035 0.0795611213235294 0.07161458333333333
7 0.5617921311669829 0.5564985570841239 0.0830078125 0.07735906862745102
3 0.1384112224486715 0.5870854720209339 0.14648437499999997 0.3249547101449275
3 0.4761365596963422 0.5829990510697031 0.0972316576086956 0.32778532608695643
2 0.2883396573435842 0.40214077412513255 0.08576766304347827 0.24739583333333334
2 0.6043138586956521 0.4046648550724638 0.08534307065217392 0.23833786231884055
