11 0.8468077956989248 0.3037634408602151 0.24277553763440868 0.474350358422939
7 0.7378101808905382 0.0233843537414966 0.010580936920222595 0.021645021645021648
10 0.7407279441903611 0.1456229954984108 0.07305194805194803 0.11402288188002475
9 0.6217751331557924 0.17818503899562488 0.016124334221038605 0.05770084332001776
7 0.6285066092432312 0.13402847129752923 0.01321155126497997 0.024273191300488255
10 0.5736245474508873 0.13449734900191895 0.05150064543889847 0.11420682730923695
8 0.6018589664781574 0.23027484086003877 0.011698580034423412 0.0365748709122203
8 0.6025037650602408 0.20139486517498562 0.007664586919104988 0.024024670109007454
9 0.31886750508130085 0.15544546070460705 0.013910060975609762 0.04001524390243903
12 0.33947494590873334 0.14725527799632834 0.0234375 0.0355691056910569
12 0.27038490853658537 0.14110772357723578 0.02362804878048781 0.022357723577235762
10 0.29131732723577236 0.1250407758707217 0.06335746951219515 0.12703252032520326
7 0.5852561773255814 0.006834856035437431 0.017260174418604633 0.011203972868217055
7 0.6920287667637208 0.0159521825369162 0.017791181299146606 0.01756298449612403
