6 0.044068672485071195 0.3084567830347573 0.02612540192926045 0.04555198285101826
6 0.058405345659164 0.3770489654690341 0.04170016077170418 0.05827974276527333
6 0.16949735438089875 0.3701629043996807 0.032409934497816595 0.08551673944687047
7 0.22196274182502992 0.36792715288478006 0.04791024653312785 0.060028248587570644
7 0.18031633128997865 0.16430681414356785 0.05422108208955223 0.06821361940298505
7 0.4017559637145034 0.16807089362782432 0.053593528995756715 0.06733262611975484
7 0.4183780770099366 0.3750846883468836 0.04916158536585367 0.05674119241192414
6 0.2976047923570838 0.3536957806890361 0.030302159926470562 0.118719362745098
7 0.09312545837917126 0.9125183351668501 0.04656559405940593 0.07260726072607267
7 0.47347689075630245 0.9404032446311859 0.02527573529411766 0.0663807189542484
7 0.43885241596638647 0.9358601774042951 0.02013305322128849 0.05850256769374423
7 0.6931079217025748 0.9645680066561567 0.019598988439306363 0.06563102119460508
7 0.6589745905587667 0.9622571451509315 0.021315028901734135 0.06815992292870897
7 0.8847154259872175 0.9732642851708133 0.024951316765578647 0.046003338278931834
