7 0.01146617943172496 0.5736041713277154 0.02117281303602058 0.05002858776443683
7 0.11512729309985407 0.5359556319922174 0.03874491869918699 0.05047425474254747
7 0.04302641802641802 0.6305685055685056 0.03979700854700855 0.05715811965811959
7 0.030502136752136748 0.7255413105413105 0.03565705128205128 0.06000712250712255
7 0.209685849471831 0.7227126783134705 0.04236355633802815 0.06767165492957747
3 0.18869405581408144 0.6550553480467282 0.0799130721830986 0.24678238455892595
2 0.2793830809888815 0.4547201398247978 0.07117587601078168 0.11988993710691827
2 0.2307069176425312 0.5341655671009952 0.095687984496124 0.1203165374677002
7 0.37192996659394584 0.6733194709571858 0.031371437823834156 0.07016407599309152
3 0.34122387445735874 0.600797526801413 0.08439928756476682 0.26473445595854916
2 0.38765567673698687 0.4655970534281128 0.09436446629213488 0.1328417602996255
2 0.4270590605847803 0.36323004447565554 0.0825140449438202 0.18638810861423225
7 0.5494791666666666 0.6165270229468598 0.02853260869565215 0.07306763285024154
3 0.5201329747497383 0.5318429702674438 0.08469202898550723 0.28592995169082125
2 0.5737008521202362 0.3821960547504025 0.09510869565217392 0.1416062801932367
2 0.6046706989247312 0.26663225286998066 0.08922101449275362 0.21105072463768113
6 0.8616266835016836 0.5354377104377104 0.021043771043771108 0.051557239057239045
7 0.8905801845616661 0.5220803716174086 0.03261784511784516 0.045244107744107726
7 0.9641706924315618 0.5000945444786025 0.033933080808080794 0.043139730639730624
14 0.9316157498902063 0.6109784438588786 0.056292087542087546 0.059624017957351325
14 0.9890373389694043 0.5938061167227834 0.021209490740740834 0.055415263748597114
14 0.926685926291905 0.5031580600692916 0.16404408670033668 0.1606341189674523
7 0.23361367406178726 0.9612252920035936 0.017899258760107804 0.02358490566037735
4 0.42054545170170143 0.9073634884884886 0.10909346846846849 0.15123561061061064
4 0.5411494591182091 0.9065359867443199 0.11566253753753752 0.17688626126126128
