7 0.11455595307632402 0.5965380538248529 0.020078855140186924 0.023039979231567996
7 0.1521758177570094 0.5959761163032191 0.020200545171339557 0.024175752855659382
7 0.19195808783692261 0.5944399295679262 0.020200545171339578 0.02368899273104882
6 0.36625164375744335 0.5212158429270874 0.013987445414847154 0.02012827510917029
7 0.3911716268856689 0.5154678609236469 0.009722980349345 0.01171306404657937
6 0.40242185704435773 0.5172182640006128 0.013219841703056723 0.011599344978165919
6 0.4368483897379913 0.5185271106259097 0.014840338427947585 0.01899108442503638
6 0.4994471973572037 0.5136668797953964 0.010889546035805608 0.016251065643648723
7 0.5307055226982096 0.5094908887468031 0.011189258312020467 0.013054134697357197
6 0.5745706344131855 0.5119825708061003 0.009990409207161122 0.01651747655583969
9 0.6512560441975703 0.4814544703751066 0.006593670076726355 0.015318627450980433
9 0.6770188119405371 0.48197064151747665 0.008491847826087006 0.015052216538789409
6 0.6457573456754244 0.5107218282569945 0.010589833759590838 0.020114023870417757
6 0.6850378182399439 0.5091051984034721 0.01358695652173907 0.020513640238704174
9 0.7156574133276499 0.4788292128445581 0.007392902813299162 0.01838235294117651
12 0.7427964206391646 0.49847303911487706 0.0508537099494097 0.06183249016301294
6 0.7987496339945832 0.5054229802601078 0.010322496522948477 0.01926866017617061
9 0.8072675204759697 0.4755511770463091 0.007606050069541048 0.016805748725081136
9 0.8343006013253701 0.4753419100602689 0.00728007649513227 0.016226240148354224
12 0.86100377933213 0.5059040312876053 0.043998194945848466 0.08893652226233453
9 0.8775766342186694 0.4716778408114148 0.007897111913357336 0.01711040914560768
12 0.9760987013638189 0.5006434683781253 0.0393445397111913 0.08122743682310472
7 0.04714225338106602 0.6909915583841598 0.024052804295942726 0.035053699284009456
1 0.0514795715422207 0.7021907476859746 0.057987768496420046 0.09074184566428005
7 0.0923045232412774 0.7066617418646058 0.02293406921241049 0.035053699284009456
1 0.09758059783246606 0.7170215644847867 0.04493585918854415 0.07060461416070005
7 0.13371828287903528 0.721786940501612 0.021815334128878282 0.031075974542561606
1 0.1383166766109785 0.7267054494828958 0.04568168257756564 0.07110182975338107
7 0.1982339125629375 0.7401167669573048 0.020876826722338194 0.031532707028531705
1 0.20306995367954075 0.7454902792275575 0.04175365344467643 0.06415274878218516
12 0.2772840435386753 0.668157518913077 0.023006889763779494 0.03100393700787407
12 0.342350910693302 0.6623041519780649 0.023913043478260843 0.038586956521739185
13 0.24567166149766276 0.7079990336209996 0.015359526699029092 0.027811488673139213
13 0.2695467008270405 0.7156542161093132 0.01270479368932036 0.03160396440129449
13 0.284091647884882 0.7185043920480811 0.0178246359223301 0.028443567961165074
7 0.27616047649374714 0.7638808476146364 0.019992618110236206 0.026041666666666668
1 0.2793595737431859 0.7747451039773876 0.037217027559055135 0.07033300524934383
7 0.30102245648570247 0.7720334300317723 0.0192236712598425 0.028502296587926423
1 0.30482591043307083 0.77938812335958 0.03106545275590551 0.05023786089238851
7 0.3253130827807708 0.7799549316203894 0.016916830708661436 0.02501640419947506
1 0.32930366494577334 0.7845192331501016 0.03352608267716537 0.05618438320209975
7 0.3632334044181978 0.7905571048410617 0.017224409448818888 0.023170931758530126
1 0.36691429770727185 0.7953503744017295 0.03429502952755903 0.04982775590551185
7 0.36889786522278933 0.6238288614521542 0.012092185128983335 0.016122913505310994
7 0.46637898330804245 0.6233073575282414 0.013040591805766333 0.01786165907941329
7 0.4063496050443459 0.6023824371766445 0.012099847560975619 0.013846544715447233
7 0.5557798517897091 0.6211141405667413 0.014261744966442969 0.018596196868008855
7 0.6081932434176561 0.6209290569609361 0.015625 0.019155480984340063
7 0.47853020201015034 0.735241068763061 0.010814197930142289 0.013879905131522227
7 0.47780774429315176 0.7631240822320117 0.010669052863436158 0.01445484581497792
7 0.5000401066560453 0.7626718593261343 0.008906443618339565 0.015618546055348995
7 0.4990835398595621 0.7980302560925238 0.007260687732341964 0.01484407269723249
1 0.49574647083120726 0.7800085647641953 0.015392657992565085 0.07305865344898793
1 0.517778638157566 0.7467402707698458 0.011552680221811506 0.05526032039433145
7 0.5481612306308798 0.6681049391256225 0.014191771582733815 0.016674160671462938
7 0.5490907754565578 0.7019288415421507 0.007025629496402797 0.015362709832134296
1 0.5457368480215827 0.6835768884892083 0.016299460431654644 0.07981115107913664
7 0.6000941535150647 0.6681113502311493 0.01569225251076043 0.016290052606408405
1 0.598974547251022 0.6835449320086988 0.01569225251076043 0.07696676231468208
1 0.6534720007794784 0.6851069420823884 0.013751594387755172 0.08051658163265299
1 0.6299117429229757 0.7503223063418916 0.013552295918367286 0.05341198979591842
8 0.7067636281291173 0.77443593544137 0.02105978260869561 0.08152173913043488
8 0.7321536404416842 0.7751322751322751 0.022418478260869533 0.08393719806763282
8 0.7578552737520129 0.7750805152979067 0.020153985507246387 0.08756038647342995
4 0.7818991183530282 0.803664297144264 0.01950240029542103 0.05108321024126047
4 0.8154161013019132 0.8063496902659933 0.01927160265878882 0.060007385524372125
8 0.8291912850812405 0.7844534711964548 0.020310192023633534 0.08262555391432803
8 0.8562795964028151 0.7831129743871946 0.02215657311669119 0.08708764155588386
8 0.8824308129650789 0.7841371477940969 0.02123338257016254 0.08477966518956173
2 0.7661781620399253 0.6844425816178 0.021322325327510862 0.02217521834061138
2 0.7686565935100138 0.653806216433268 0.015778520742358103 0.02774745269286747
2 0.823798147067406 0.684436095710534 0.02065855704697981 0.02348993288590601
2 0.8233137829912023 0.6500717864125122 0.021925403225806404 0.023689516129032147
2 0.8255197074506413 0.6136961377720132 0.0065864137483787385 0.009862732382187645
2 0.8835791768045416 0.6880913760475804 0.019616788321167887 0.02022506082725061
2 0.8867472627737227 0.6476987023519869 0.015967153284671555 0.018400243309002324
2 0.8814024137358991 0.6050376023003761 0.015967153284671555 0.024178832116788364
8 0.9564813966275659 0.7849645650048879 0.022566898826979376 0.08736559139784947
8 0.9839834377499337 0.7842825246600907 0.0252016129032258 0.08751832844574778
12 0.475593626968504 0.8521688695163105 0.01953125 0.03465387139107617
12 0.561028582994666 0.8544934277368555 0.017531988188976298 0.04162565616797901
11 0.5860809550382653 0.8643830782312928 0.166812818877551 0.19219812925170068
