7 0.3417673908608731 0.04561913504691962 0.04341340269277847 0.060052019583843326
7 0.5019240249780894 0.11165278995033596 0.04133914877300615 0.055598159509202445
7 0.01424949290060852 0.4456220419202163 0.023060344827586208 0.05258620689655172
7 0.04190152519893899 0.4547745358090186 0.02273706896551724 0.055459770114942526
7 0.19365767045454546 0.5044412878787878 0.02320312499999999 0.054895833333333324
7 0.22297656250000003 0.5010104166666667 0.013515625000000009 0.04875000000000001
7 0.18397836538461537 0.6007051282051282 0.02320312499999999 0.06114583333333338
7 0.21275173611111117 0.6099537037037038 0.016484374999999975 0.04729166666666664
7 0.4851262019230769 0.5810016025641026 0.025859375000000018 0.0555208333333334
7 0.48524259868421044 0.6778399122807017 0.02664062500000002 0.05604166666666662
7 0.5093356744062388 0.6790957698215762 0.0049433933002482 0.024943134822167087
7 0.6280962836523496 0.617582153231663 0.030282324735449784 0.05362103174603187
7 0.6306547619047619 0.7111458333333333 0.03359375 0.05489583333333338
7 0.7609858630952381 0.6514484126984128 0.031640625 0.04833333333333331
7 0.7665787760416667 0.7454253472222223 0.03562500000000002 0.05249999999999998
7 0.968606312401471 0.710780127868278 0.03522398843930628 0.04828998073217718
7 0.9798981152900412 0.793923009574904 0.03775706940874031 0.04967330762639245
1 0.028564438785214356 0.4635794033877198 0.05157986111111111 0.23055257134029883
1 0.20704967915298256 0.5246612089790702 0.05711251621271076 0.22141796424452137
1 0.5002575231481482 0.6133822016460904 0.047578124999999985 0.2094791666666667
1 0.6435801235465118 0.6485719476744184 0.051484374999999985 0.20166666666666658
1 0.777250664893617 0.689627659574468 0.05632812499999993 0.1962500000000001
1 0.9813801175958188 0.7226546167247391 0.047427591463414485 0.17225609756097562
6 0.6598123442691028 0.0947795542635659 0.04897623862487368 0.08815722952477249
6 0.9019792234641949 0.20810032577685245 0.06304687500000003 0.08220101781170484
