7 0.9537936373873872 0.10261824324324324 0.03448761261261275 0.0563063063063063
7 0.8862378003003002 0.12564647981314647 0.03132038288288275 0.0436373873873874
7 0.9099054381477989 0.6775811010903217 0.02252574370709386 0.030987795575896253
7 0.9596324370709379 0.6148137554030003 0.014838386727688757 0.035278413424866525
7 0.9592510488176964 0.5515509788965166 0.016447368421052745 0.03551678108314267
7 0.8587604583810068 0.5600895070556826 0.016983695652173836 0.03480167810831425
7 0.8593861734839816 0.621528770976354 0.014480835240274636 0.03217963386727689
7 0.8196342037959349 0.6816473729079731 0.02127431350114417 0.029319221967963334
7 0.773231907894737 0.8719965675057207 0.012871853546910828 0.024313501144164817
7 0.7886445968860797 0.43295726067519646 0.020353206412825654 0.03340013360053445
7 0.6214389469417171 0.5816668168032911 0.017347817764165364 0.029830270546197114
7 0.6194566743236345 0.6362107225908912 0.018185298621745803 0.03270163348647266
7 0.6416660666282641 0.19293234767025086 0.0279317876344086 0.0571236559139785
7 0.5933379736303124 0.04068260368663595 0.04662298387096779 0.06496415770609318
7 0.517309774492234 0.2854160444046197 0.025411626344086002 0.05600358422939067
7 0.4426510569403714 0.09708985011404365 0.04011256720430101 0.059923835125448015
7 0.3150701644905274 0.14488927291346643 0.034442204301075294 0.05096326164874552
7 0.24802587365591405 0.35041697214076245 0.0252016129032258 0.05124327956989247
7 0.09563829476390835 0.348841456287985 0.03318212365591398 0.0470430107526882
7 0.10456569220430105 0.26716509856630816 0.03234206989247311 0.04760304659498207
7 0.16279979418682797 0.1608527945788531 0.033812163978494625 0.0613239247311828
7 0.07405344909816163 0.19383563128685402 0.0321320564516129 0.05572356630824373
7 0.017138922978027115 0.2968068217235469 0.03150201612903226 0.0470430107526882
7 0.00973062275985663 0.3754884757068896 0.02079133064516129 0.04536290322580647
7 0.07756496415770608 0.6323271356033453 0.01050067204301075 0.01988127240143373
7 0.07150257616487456 0.6750298685782558 0.01323084677419355 0.021841397849462395
7 0.11571740591397847 0.672416367980884 0.0168010752688172 0.01988127240143373
7 0.1603872647849462 0.6678987455197133 0.010920698924731197 0.021561379928315343
7 0.1642725134408602 0.6242719534050178 0.009240591397849473 0.020721326164874536
7 0.1256930443548387 0.6299003136200716 0.0073504704301075256 0.014560931899641479
7 0.2535625916422287 0.6166249185402412 0.013860887096774199 0.024081541218637998
7 0.2506060387864823 0.6622823860727086 0.01596102150537635 0.024081541218637998
7 0.3031093990015361 0.6591421850998462 0.0153309811827957 0.02296146953405014
7 0.3081597222222222 0.61211917562724 0.0153309811827957 0.025481630824372794
9 0.6219085263935319 0.9073829329601699 0.013270864106351522 0.04877523387493845
11 0.09151571520518023 0.7977420261871326 0.14917986425339366 0.28157522624434395
12 0.9663165048897971 0.8556232666763975 0.02934106334841626 0.0659879336349924
2 0.5438701923076923 0.1259493194977066 0.08495410839160841 0.1278409090909091
2 0.5761392140468227 0.032241309415222456 0.06719842657342659 0.06592365967365968
3 0.48975489970555763 0.24338782562466785 0.06829108391608392 0.20724067599067603
3 0.34493702320406877 0.28949459631277824 0.06829108391608392 0.20432692307692307
3 0.22575157685451802 0.31988436400201115 0.06528627622377622 0.17591783216783216
2 0.26513682889690954 0.22005883901045192 0.08222246503496504 0.10052447552447553
2 0.296456148018648 0.13476107226107226 0.06282779720279721 0.06738053613053614
2 0.39374569559228656 0.17298200536836897 0.080583479020979 0.11181526806526806
2 0.423023560741584 0.07100578684881012 0.060915646853146835 0.11035839160839161
1 0.08222673322770976 0.30127749854312363 0.0650131118881119 0.18393065268065267
1 0.06833153600900224 0.6562148349587394 0.023941532258064512 0.08635752688172041
1 0.1134912634408602 0.6488359870416321 0.026587701612903226 0.07375672043010748
1 0.15498676915322585 0.6483450940860215 0.02457157258064515 0.0887096774193548
1 0.24516597104473722 0.6398057421416462 0.025668041606886627 0.09744141559062645
1 0.2988953775107604 0.6321455792682927 0.029142754662840754 0.10805236728837879
1 0.6134015134695086 0.6051989281132822 0.027614342806394365 0.11323268206039075
1 0.8511119047220082 0.5829200040215824 0.02511656305506218 0.1269242155121373
1 0.9520821917161104 0.5758277905848858 0.026365452930728138 0.13765541740674953
4 0.34174193325979024 0.601684592756021 0.09247448979591835 0.2291666666666666
4 0.41806917572223695 0.5958565244279531 0.09534438775510204 0.2427721088435374
4 0.516158851180922 0.5886121302453563 0.11128826530612237 0.25212585034013607
10 0.8647922445060807 0.8469014472654861 0.1413517441860465 0.14365310077519383
10 0.559298337351106 0.8454043770088865 0.12209302325581399 0.1329941860465117
10 0.2982867043121149 0.837835814510609 0.0906378336755647 0.08406057494866535
