6 0.19206420448194922 0.4718818691553965 0.021589813624678666 0.013255141388174844
6 0.27861736334405146 0.4521034297963559 0.02813504823151125 0.014067524115755662
6 0.3104781985789856 0.4488318120526917 0.0253717845659164 0.023613344051446994
9 0.33139993019123376 0.4079493851187454 0.012811495176848898 0.013565112540192933
7 0.3934033360128617 0.48906752411575566 0.015700361736334358 0.01942658092175774
9 0.4351470391211148 0.3831279028224366 0.0126858922829582 0.010885584137191807
9 0.4727692926045016 0.37310339630225087 0.012811495176848898 0.014402465166130796
7 0.4711783226152197 0.4635653916577349 0.0188404340836013 0.02478563772775993
7 0.5396118761358871 0.4489083834288644 0.019719654340836 0.024618167202572334
9 0.7428004053347281 0.30559459989539745 0.01046025104602517 0.018305439330543946
9 0.7795440801516735 0.2967823831938633 0.013402196652719666 0.016997907949790777
9 0.8353587250799901 0.28240114037246694 0.014382845188284499 0.019177126917712665
6 0.7414999188428796 0.351117263021209 0.022064592050209164 0.035085425383542555
6 0.7945062668111178 0.340106034568639 0.021737709205020918 0.034649581589958164
6 0.8510394874476986 0.3255480735704323 0.01912264644351467 0.03138075313807528
7 0.7514973748793048 0.40566161087866104 0.022881799163179915 0.03225244072524405
7 0.8405852897876956 0.38766691203058007 0.02500653765690366 0.03530334728033472
9 0.9679645849200303 0.25111465473470423 0.01218285891089117 0.017275165016501653
6 0.9541397778170675 0.3015725679710829 0.0204981435643564 0.03016707920792078
7 0.936726485148515 0.3681930693069307 0.026106126237623782 0.03583952145214517
7 0.07692307692307691 0.5454126602564102 0.01752804487179487 0.019030448717948782
7 0.11835764145710059 0.536814030654175 0.01765324519230769 0.020365918803418856
7 0.16484898564976685 0.5258109945609947 0.01765324519230769 0.01953124999999994
7 0.03469022679404242 0.6651575272052554 0.011888586956521735 0.021845694799658942
3 0.023212438281472004 0.6401021685848255 0.028372762148337595 0.10030370843989769
3 0.06555051761184391 0.6492481121295673 0.03106660798122065 0.082942097026604
7 0.07703165889179656 0.6603306216103462 0.012240087040618953 0.021760154738878157
7 0.1224596362561788 0.653644154309048 0.01224008704061894 0.022163120567375925
3 0.10986975248943336 0.6482414272751152 0.03082688588007738 0.08260799484203739
2 0.13923476789168276 0.5502613521230545 0.026897969052224368 0.043520309477756314
2 0.12446607027724048 0.6025499189183908 0.039138056092843335 0.030826885880077388
7 0.2595566662117904 0.6098753639010189 0.01245223799126638 0.013760007278020344
7 0.28861528740269604 0.6201199686728687 0.011599344978165949 0.01330513100436678
4 0.07472901037069726 0.7698679758752575 0.03398058252427185 0.09607605177993529
4 0.10020226537216828 0.7680038655160012 0.04035194174757282 0.09769417475728162
4 0.12961199921883723 0.7652861473793845 0.042627427184466014 0.10214401294498382
7 0.22418405204860736 0.7038279205649351 0.012425731261425942 0.01599634369287024
7 0.2231870810481414 0.7350573837091205 0.011997257769652636 0.017710237659963348
1 0.21936355023613655 0.716824249695308 0.01828153564899453 0.06531840341255328
7 0.26038096054235227 0.7013000203128176 0.010426188299817164 0.01504418037781837
7 0.2575227703055628 0.7300508183163578 0.009140767824497287 0.019233698964046298
1 0.2532927538640519 0.7153620298044431 0.021566499085923185 0.06798446069469838
7 0.2954997316549571 0.6951762945615403 0.009712260928961759 0.018926457194899746
7 0.2935237363387978 0.7270510777170613 0.01270064890710385 0.01793032786885244
1 0.28865763291677876 0.7152325203798267 0.02294655054644812 0.07129439890710382
7 0.3622276907689305 0.6907242063492064 0.010566086065573809 0.01679189435336982
7 0.36185109289617484 0.7245560109289618 0.01270064890710385 0.016649590163934393
1 0.3568888384111765 0.7084627495961782 0.020811987704918034 0.06787909836065573
4 0.4873811800987643 0.7481160417439281 0.0467639875666074 0.12155861456483118
4 0.5325771486406479 0.7438033059702683 0.05578374777975137 0.12544404973357015
4 0.5785030822312145 0.740784149230162 0.05649643456375841 0.12671280760626402
3 0.4197002332444783 0.5956580033003301 0.031868811881188196 0.10457920792079207
7 0.4328105706899213 0.6091394633945568 0.014089992668621676 0.029478250244379348
3 0.4911040524047734 0.582735655737705 0.0318818933823529 0.10933670343137246
7 0.5028578814338235 0.5964371425653593 0.012781479779411775 0.03025428921568635
2 0.5147987225193107 0.5331625074272133 0.03799019607843137 0.04003267973856204
2 0.5221966911764705 0.48962418300653593 0.018535539215686292 0.025531045751633976
2 0.5202909711181769 0.4390180621798268 0.024816176470588314 0.05473856209150328
3 0.5652864583333332 0.5727380952380953 0.030691964285714322 0.11731150793650796
7 0.5783342633928571 0.5888051835317462 0.013950892857142794 0.03125
2 0.5919117647058822 0.5213980199923106 0.037837009803921615 0.04575163398692812
2 0.5979717098703891 0.4416992079317603 0.03783700980392153 0.09048202614379086
10 0.26703586222500697 0.8410783904204954 0.07096734892787526 0.06355588044184539
12 0.3068305515239478 0.8464461377197227 0.022700471698113223 0.0322327044025157
7 0.7180614406779662 0.6606049905838041 0.012049788135593254 0.020656779661016957
7 0.7736361228813559 0.6535638619854721 0.015227754237288149 0.017302259887005653
7 0.833686440677966 0.648999529190207 0.016419491525423702 0.0203036723163842
1 0.9470770812540865 0.6537903947413704 0.018049114671163657 0.09081646992692534
11 0.8182958653413586 0.7414937954549231 0.22897120576902202 0.33994932432432434
