7 0.27970701111238394 0.46644486450019723 0.024224806201550386 0.024570874861572514
7 0.3737144886363636 0.46211647727272726 0.02351562500000002 0.026145833333333358
7 0.36359791815408576 0.6586055310356763 0.018077213279678084 0.020330315224681428
7 0.4412323693064183 0.6575077947845803 0.02005693581780541 0.024046756383712876
7 0.5201640624999999 0.6564895833333335 0.020859375000000034 0.02354166666666669
6 0.20141033049297957 0.055502610365566155 0.07635696605374823 0.030645921735030637
6 0.2223303047588005 0.14340006156743446 0.050623370273794 0.026483050847457626
6 0.276121956771184 0.27323839872949357 0.06898128227194493 0.027969018932874394
6 0.29689987926720446 0.3286997748654149 0.058158704572098464 0.023935130910511877
7 0.2596306429098188 0.8984539612305099 0.02400047408343866 0.038716814159292075
7 0.26592569181064757 0.8508261342885235 0.018173198482933018 0.027391487568478704
7 0.22981677837600265 0.863947528659854 0.026829984342379952 0.03305497564370216
7 0.2375135562052056 0.8130432305419338 0.01758622925311202 0.027770573997233802
7 0.28008167613636364 0.7994081439393937 0.020625000000000025 0.024166666666666715
7 0.1966974431818182 0.8237026515151514 0.02718750000000001 0.040625
7 0.2064232336956522 0.7737817028985507 0.01773437499999999 0.03312499999999995
7 0.2247727272727272 0.721278409090909 0.02546875000000002 0.03156249999999995
7 0.12830585863377605 0.7434867717943684 0.029720522803114567 0.039279755283648514
7 0.13945497241198107 0.6908992380451917 0.018695809248554917 0.03335741811175339
7 0.17800107758620692 0.6603663793103448 0.019453125000000005 0.021354166666666667
7 0.0799609375 0.6850074404761904 0.03250000000000001 0.04095238095238093
7 0.09340567129629629 0.6272260802469136 0.019921875 0.04229166666666669
7 0.02607524671052631 0.6165926535087719 0.0359375 0.051979166666666646
13 0.06393826844262293 0.8324931693989072 0.028828125000000003 0.06104166666666669
12 0.7644377621682217 0.8200827185940549 0.10789416766109775 0.10789578361177413
12 0.7802009453315464 0.4375170663897577 0.17250153186274514 0.14630310457516338
2 0.2945546614872364 0.8586709211986681 0.04977108768035517 0.027978172401035905
2 0.27397410832505786 0.8197995972635993 0.04999508647798741 0.012938941299790348
2 0.24424112885934815 0.7782274394892317 0.05110062893081761 0.022929769392033467
3 0.2066440068284356 0.7939368843907925 0.04402727817745804 0.09642286171063148
3 0.13722416696207015 0.7225385501595181 0.043812034739454095 0.10184036393713806
2 0.1474917412617221 0.6365740740740738 0.06234015345268542 0.021579283887468038
3 0.09657272403982928 0.6423815119467293 0.06239273455377574 0.1389683447749809
2 0.10993192944127525 0.5648061051098434 0.06539969959946595 0.015576323987538861
3 0.03841515743371211 0.5863731718223905 0.06022135416666667 0.11465567129629636
