4 0.3095792483660131 0.9284858387799564 0.10347222222222223 0.1337962962962963
4 0.4804563492063492 0.9545634920634921 0.011111111111111072 0.13055555555555548
4 0.5170138888888889 0.9059220679012348 0.03090277777777777 0.1424768518518519
4 0.7270125679347824 0.9226724249482402 0.11451863354037269 0.1455680641821947
7 0.2985108389210606 0.7897903332317384 0.06719559585492227 0.07825993091537135
7 0.5270246119281046 0.7867817265795207 0.007659313725490158 0.040849673202614414
7 0.5758643419489007 0.7832924836601306 0.04493464052287584 0.07148692810457516
7 0.24558886054421766 0.49988189720332576 0.034970238095238096 0.0823412698412699
7 0.20102088695838694 0.5252292471042471 0.01661706349206349 0.03057745245245241
7 0.25205127547898176 0.3731939231046009 0.039183436532507755 0.07772187822497419
7 0.20786344869955325 0.3756201200390396 0.018306817831171607 0.05686454508363935
7 0.28482421005785497 0.3155287296642438 0.04271320093457942 0.11974299065420559
7 0.4552056876640414 0.5428941369957874 0.05927507267441863 0.03630790510127534
7 0.47563400476131584 0.3656291614585173 0.016830787781350498 0.048781829061546725
7 0.528097367363344 0.3627411575562701 0.014067524115755603 0.04119774919614147
7 0.6777179416839445 0.5378183068511332 0.06059695512820511 0.035464260125795795
7 0.7465972960195889 0.37306519843347685 0.03772262532981534 0.0764867615942117
7 0.7689582412918584 0.486307420346577 0.04008800715990448 0.07831145584725535
1 0.2251883008790879 0.3831712184449601 0.10204699612403098 0.3092700258397933
1 0.5053019089424254 0.3667228120321219 0.07832278481012658 0.2758438818565401
1 0.7773817582175779 0.3774262782479676 0.11936865482233498 0.30305610505623565
