7 0.013828125000000002 0.07026289682539683 0.025937500000000002 0.04520833333333333
7 0.09184430803571428 0.1174702380952381 0.030156250000000006 0.040729166666666664
7 0.24830010775862074 0.07888649425287356 0.027500000000000035 0.02979166666666666
7 0.2974652777777778 0.11795717592592592 0.01875 0.03125
7 0.34620768229166665 0.15112413194444446 0.020703125 0.0265625
7 0.4140390625 0.20218229166666662 0.020078125000000037 0.02364583333333332
7 0.44718749999999996 0.22676091269841275 0.019687499999999948 0.022499999999999996
7 0.28926809210526316 0.1683004385964912 0.02664062500000002 0.03677083333333334
7 0.2922316576086956 0.2336684782608696 0.027890624999999992 0.03822916666666668
7 0.33879296875000003 0.20344791666666667 0.024453124999999964 0.042708333333333334
7 0.33991365131578954 0.2639857456140351 0.024062500000000007 0.03885416666666665
7 0.38262746710526313 0.231672149122807 0.020156250000000007 0.030208333333333334
7 0.3833675986842106 0.2884758771929824 0.020859374999999993 0.031979166666666656
7 0.23885335727899135 0.3270460709573376 0.025026114206128103 0.044249071494893204
7 0.2424009732723173 0.3973228102754565 0.030793001392757667 0.04366875580315691
7 0.2553627232142857 0.4387872023809524 0.015468750000000009 0.019791666666666666
7 0.25502790178571433 0.4690104166666666 0.014218749999999992 0.02041666666666669
7 0.2812597656250001 0.44751953124999994 0.013046875000000036 0.019374999999999965
7 0.2812760416666666 0.4774305555555556 0.01265624999999999 0.018124999999999978
7 0.3045673076923078 0.45375801282051287 0.010312499999999992 0.018125000000000037
7 0.30578645833333334 0.4833333333333334 0.012890625 0.016979166666666677
7 0.44535156250000013 0.3499337121212121 0.018281250000000072 0.029479166666666678
7 0.41753125 0.30488333333333334 0.02109375 0.027395833333333286
1 0.25386581688596493 0.36069809941520475 0.04351562500000004 0.1486458333333333
1 0.25887251420454543 0.46089488636363624 0.01968749999999999 0.06010416666666665
1 0.28511429398148147 0.45652006172839504 0.020859374999999993 0.0609375
1 0.310392156862745 0.4643178104575162 0.022578124999999984 0.05802083333333332
1 0.30333359375 0.19728541666666674 0.04296875 0.14291666666666666
1 0.351664368872549 0.2319628267973857 0.04273437499999999 0.13375000000000004
1 0.3935804521276597 0.25767952127659577 0.035859374999999985 0.1229166666666667
3 0.45731037283074255 0.3423051240959896 0.040156249999999984 0.1014803386911596
3 0.48404330490428515 0.35031621370448435 0.03745719178082192 0.08407058599695585
11 0.24221186021750704 0.5927098385175046 0.03449050308008213 0.19314681724845997
10 0.2639223399700278 0.5802357632198673 0.05545520231213872 0.062379576107899716
11 0.3726814602394212 0.6297467556698916 0.25278062027707804 0.37442275398824515
4 0.4535369318181819 0.4915056818181817 0.028828124999999982 0.11458333333333333
4 0.6106071807703974 0.5394708573450614 0.023802415074310003 0.08149769992922853
4 0.6222287491585107 0.5430410992008009 0.017416401273885374 0.08094479830148622
4 0.6343838194552329 0.5489234331037579 0.017499336518046693 0.0782908704883227
11 0.1569538288288288 0.5955234080234081 0.021349474474474484 0.1592217217217217
