6 0.46104388037741817 0.1027963302866846 0.03140624999999995 0.0994895094562648
6 0.2633477727958431 0.9020008054903716 0.0348328025477707 0.01979387827317763
6 0.2833804898648649 0.9287471846846846 0.038203124999999984 0.019375000000000024
7 0.30829376548307186 0.8410447632810348 0.04091401734104046 0.056117533718689806
7 0.4587809622126211 0.8163375299765486 0.0431116662133018 0.05711318795430943
7 0.6221054959585414 0.7981769269624064 0.043758840169731264 0.049504950495049486
7 0.5490544979784368 0.04403919586702605 0.04348466981132075 0.05390835579514825
7 0.214904347651653 0.6000978477943011 0.04302851182197494 0.05751622624014831
7 0.20601932339154172 0.6906937361561839 0.038138908205841426 0.060413769123783
7 0.3736846301020408 0.5641794217687075 0.03396045918367348 0.05803571428571435
7 0.3595247758194188 0.6640963203463205 0.051600185528756934 0.06609461966604827
1 0.2005611539185725 0.6175529500939029 0.06712868248772505 0.2042416803055101
1 0.36030791294340225 0.5868878475839542 0.05622093442572749 0.21434654210686274
1 0.5315685821726657 0.5431807297797919 0.04835422390109887 0.2179166666666667
7 0.8589803332318928 0.45720480827754106 0.05011792452830175 0.06426886792452831
7 0.8725779428904428 0.5641927516927517 0.05381337412587417 0.06592365967365967
1 0.8642516295901922 0.4845542669122444 0.06548713235294112 0.23853291316526615
