10 0.09563143635376506 0.2892262298640714 0.17005246955358336 0.2078151364844555
12 0.3965850790176796 0.35313394159892386 0.026440633704735417 0.07268454038997216
10 0.5005300150817183 0.332273254304818 0.15695292416452444 0.15973114824335907
7 0.2174943659649315 0.02506114989281592 0.029630214917825536 0.03700484618626211
7 0.4213239734299517 0.05672302737520129 0.027038043478260842 0.038224637681159426
7 0.5244279176201373 0.0723970251716247 0.02622282608695654 0.03713768115942029
1 0.5267813593245424 0.061329199557469176 0.03456337459634016 0.10315751704341584
12 0.6385044642857147 0.36784412202380956 0.027031250000000017 0.06854166666666668
7 0.6189675632911392 0.019593881856540086 0.0182950949367088 0.0346782700421941
7 0.6195833932681242 0.08719313387034906 0.01938291139240498 0.03810654008438818
1 0.6258765463176061 0.05937140391254315 0.03184335443037982 0.11629746835443038
7 0.782355943738657 0.048434664246823945 0.01679238505747129 0.034243295019157086
7 0.7832041940339355 0.11263911694946177 0.018498563218390808 0.034243295019157086
1 0.7901281130268195 0.08006704980842912 0.030621408045976926 0.12416187739463601
7 0.8668723131613755 0.06295469576719576 0.020357969576719627 0.033482142857142856
7 0.8679836668967104 0.12599685606931982 0.022218088624338606 0.033482142857142856
1 0.875450314665947 0.08450775715438134 0.03368079763603351 0.13394307212962359
10 0.8437700948476813 0.3290440601863015 0.1624951018808777 0.16996473354231972
