9 0.21221679687500003 0.2880729166666667 0.005624999999999991 0.0171875
9 0.23437499999999994 0.28945512820512814 0.005937499999999973 0.015416666666666618
9 0.26875781249999997 0.2903854166666667 0.006328125000000018 0.0171875
9 0.3454296875 0.2930859375 0.005937500000000017 0.017604166666666643
9 0.36613281249999996 0.29411458333333335 0.006484375000000009 0.013124999999999965
9 0.40050347222222216 0.29445601851851855 0.0057031250000000085 0.016875000000000046
9 0.5892447916666668 0.3030555555555556 0.008046874999999964 0.016354166666666656
9 0.609828125 0.3051666666666666 0.004843749999999947 0.014479166666666644
9 0.6407552083333334 0.305787037037037 0.005156250000000018 0.01593750000000001
9 0.7057552083333334 0.308203125 0.008359374999999947 0.015104166666666667
9 0.7300781250000001 0.30908143939393945 0.007187500000000036 0.015625
9 0.7508482142857145 0.31059523809523804 0.004999999999999982 0.01593750000000001
9 0.7982890459129512 0.46835191082802546 0.013933121019108263 0.04323690728945504
9 0.86177734375 0.46579861111111115 0.013984375000000071 0.036354166666666646
9 0.9764935661764709 0.46282475490196073 0.01585937500000014 0.03760416666666669
6 0.061226562500000005 0.30978125 0.01109374999999999 0.0109375
6 0.135859375 0.31266098484848487 0.009765625 0.011979166666666667
6 0.20623046875 0.31773437499999996 0.004296875 0.01541666666666668
6 0.200921875 0.31502083333333336 0.0014843750000000267 0.00927083333333331
6 0.2388671875 0.3179774305555556 0.010546875 0.014583333333333334
6 0.2734375 0.3181388888888888 0.01304687499999999 0.013229166666666655
6 0.33520833333333333 0.32045833333333335 0.01070312499999999 0.013854166666666678
6 0.3738906249999999 0.31881250000000005 0.0024218749999999735 0.008541666666666654
6 0.3658963815789473 0.32150767543859643 0.010078124999999983 0.013749999999999988
6 0.40201562500000004 0.3225138888888889 0.012812500000000027 0.013020833333333334
6 0.5804457720588234 0.3310294117647059 0.010703124999999947 0.01552083333333331
6 0.6111607142857143 0.33063988095238095 0.010468750000000072 0.012916666666666642
6 0.641328125 0.332310606060606 0.010859374999999982 0.011458333333333333
6 0.691396484375 0.33287109375 0.012734374999999964 0.011458333333333333
6 0.7184082031250002 0.33448567708333327 0.013359374999999929 0.013333333333333345
6 0.7478437499999998 0.3360138888888889 0.013203124999999982 0.011458333333333333
6 0.8258671875000001 0.33459374999999997 0.011328125 0.007708333333333369
6 0.8543749999999999 0.3368194444444444 0.012812499999999893 0.009375
7 0.10188616071428573 0.31023065476190476 0.010625000000000006 0.011458333333333333
7 0.8385364583333332 0.3359999999999999 0.00828124999999993 0.008854166666666666
7 0.33089843750000003 0.3986410984848486 0.012812500000000027 0.019375000000000024
7 0.32634375 0.43839583333333326 0.00882812500000001 0.013229166666666714
7 0.28234375 0.4427651515151515 0.008203125 0.014375000000000011
7 0.2362065972222222 0.44210648148148146 0.008124999999999983 0.013020833333333334
7 0.24074652777777777 0.4743287037037038 0.01015625 0.016979166666666677
7 0.23755681818181817 0.5087310606060605 0.009531249999999991 0.016770833333333356
7 0.28448660714285723 0.48007440476190477 0.004921875000000009 0.01395833333333331
7 0.29265625 0.4786197916666666 0.0014843749999999822 0.00614583333333331
7 0.33027768949626574 0.47840854918163045 0.004345105672969973 0.015642380422691875
7 0.1777693302572707 0.4082191461595824 0.02372588087248322 0.026391219239373657
7 0.12630901411710252 0.40369706086554047 0.023201552013422822 0.042470637583892606
7 0.07611337700325464 0.40756018346860023 0.02381117908787541 0.028967371153133154
7 0.1588690476190476 0.464890873015873 0.01687500000000002 0.021354166666666667
7 0.11814198369565217 0.4650860507246376 0.01875 0.025729166666666713
7 0.07958593750000001 0.46556249999999993 0.01859375 0.021875
7 0.02935926343479895 0.46593151071025923 0.012683201803833147 0.018320180383314504
1 0.33344161184210525 0.4925520833333334 0.011250000000000027 0.06104166666666663
1 0.28764372925557136 0.4921064789485841 0.01433873144399458 0.06466486729644624
1 0.24155192401561992 0.4942476136240376 0.016016514806378133 0.0646592634776006
3 0.4012978142076503 0.4937386156648451 0.0068306010928961495 0.02760701275045534
3 0.4019381830601093 0.5305100182149362 0.014515027322404395 0.018214936247723124
3 0.4450563524590164 0.5292292805100182 0.010672814207650294 0.014799635701275035
3 0.44394637978142076 0.49220173041894355 0.008538251366120164 0.02846083788706739
3 0.48569842896174864 0.49163251366120225 0.00896516393442628 0.02618397085610198
3 0.48753415300546443 0.5280196948998178 0.01109972677595632 0.014799635701274976
12 0.08147135416666668 0.4982638888888889 0.01640625 0.030208333333333334
12 0.11725317276200872 0.5015150791484716 0.016790734170305677 0.02475800582241631
12 0.14655691964285714 0.5005431547619047 0.020703125 0.025312500000000012
12 0.5666545758928572 0.4019494047619048 0.038124999999999964 0.03718749999999999
12 0.6336103219696967 0.404861111111111 0.04453125 0.04041666666666668
12 0.7015104166666666 0.4025378787878788 0.043906250000000036 0.03354166666666671
12 0.8419265547900567 0.3983279541528309 0.05261175053533194 0.03958333333333333
12 0.9068499410377356 0.400194575471698 0.047968750000000074 0.039479166666666704
12 0.9659578804347827 0.39890624999999996 0.045859375000000036 0.04447916666666665
4 0.42312655903547675 0.5976591371027347 0.019150152439024383 0.05538617886178869
4 0.4493834609409678 0.5957380899541352 0.01986934087882828 0.06408122503328902
4 0.47616948299902095 0.5937568756436845 0.01922318611987377 0.06194137749737128
4 0.7387332589285714 0.5892336309523809 0.010468749999999982 0.04718749999999995
4 0.7716286945812806 0.58538918904603 0.012948414905450534 0.05237300704486465
4 0.7196404203056769 0.5894059315866083 0.01594909934497819 0.046056222707423565
10 0.39034030084678834 0.6211143947475339 0.028359374999999964 0.050614157372986315
10 0.49954063877243915 0.618136174710667 0.03271374153498865 0.04843867569601201
10 0.8470875387563179 0.5991270621268517 0.04192577894410761 0.042973064986528205
8 0.581656239010667 0.5876301625444458 0.011744849665924217 0.03978749072011875
8 0.5973797448436138 0.5865843178076885 0.013919821826280643 0.03851150705270972
8 0.6114048070474125 0.5873596278525854 0.010580308775731328 0.03464698447092817
8 0.6544947640418876 0.5941664966680267 0.012144277845777207 0.03748470012239894
8 0.6698140164878682 0.5953677370581035 0.014726132190942477 0.04181966544267641
8 0.6833701873048907 0.5908558792924037 0.01251951092611856 0.036095213319458946
8 0.8682575046904312 0.5554838961851157 0.009146341463414665 0.05691056910569105
8 0.8835191183943089 0.5551321138211381 0.010670731707316961 0.05928184281842815
8 0.8984798633337012 0.5463051355626678 0.009582045763896652 0.0597524187911563
8 0.9313459409818516 0.5521547949204495 0.010016025641025727 0.06001759678230266
8 0.94592578125 0.5500520833333333 0.006406250000000035 0.06343749999999998
8 0.9602734375 0.5455960648148148 0.008046874999999964 0.06781250000000003
11 0.29675770836181875 0.6662906538011072 0.13421423109010014 0.16641441879866517
11 0.8753292558473081 0.6677706984897518 0.012515169902912682 0.07968412891046389
11 0.8902776474807317 0.6674898667709929 0.014245071112246776 0.07939802986430469
11 0.8986802129020466 0.6833082054093567 0.006339089912280649 0.04443073830409349
11 0.911875 0.6615833333333333 0.030124999999999957 0.07833333333333338
11 0.9378392857142858 0.6597380952380953 0.011874999999999858 0.07566666666666665
11 0.9478564863445378 0.6727065826330533 0.005990677521008436 0.06477591036414564
11 0.9143002717391309 0.5935643115942029 0.031015625000000036 0.04229166666666669
11 0.950341796875 0.5876692708333333 0.0035937500000001064 0.03802083333333333
11 0.9401757812500001 0.613125 0.010703125000000036 0.006979166666666714
11 0.9401116071428571 0.5847916666666666 0.010703125000000036 0.0171875
