12 0.8341436132276471 0.5408648526650295 0.03183455510616771 0.03551082743511967
12 0.8334040178571429 0.5726190476190475 0.027734375 0.0125
12 0.8660402960526316 0.5388952850877193 0.03492187500000003 0.046145833333333344
13 0.9237500000000001 0.6018363095238095 0.021484375 0.0444791666666666
13 0.9843979779411767 0.6113970588235293 0.023906249999999928 0.03583333333333331
7 0.20268846339113683 0.4530285064967144 0.06493858381502889 0.07201348747591521
7 0.5392013888888888 0.5179716435185183 0.022109375000000053 0.03895833333333331
7 0.5637294407894735 0.5075027412280702 0.02156250000000002 0.039791666666666656
7 0.5912746710526318 0.49658991228070193 0.02156250000000002 0.040000000000000036
7 0.9603320312500001 0.4906944444444446 0.01515625000000007 0.02791666666666668
7 0.9840442708333332 0.4810798611111112 0.016874999999999928 0.02802083333333331
7 0.32134457236842107 0.6378344298245614 0.016796875 0.03718749999999993
7 0.334984375 0.6371458333333334 0.002734375 0.016562499999999977
7 0.39167883465442904 0.6427160107541834 0.0161606087470449 0.03644602048857368
7 0.457425974871677 0.6500261753364488 0.0175127365356623 0.03350921882581268
7 0.5652343750000001 0.6582102272727274 0.018046874999999928 0.03291666666666657
7 0.7038671874999999 0.6682552083333334 0.01953125 0.030729166666666665
7 0.7534539473684212 0.6726918859649124 0.018515625000000036 0.029062499999999977
7 0.8020577201489107 0.677744009866103 0.019985465116279143 0.029175092686215008
7 0.878275 0.6831375000000001 0.018046874999999928 0.03177083333333333
1 0.32567483857498614 0.6455627689893746 0.03204919102296451 0.11317397791747344
1 0.3948828125 0.6543207465277775 0.030781249999999982 0.10052083333333334
1 0.45965891768292677 0.6619537601626014 0.030703125000000053 0.10625
1 0.5693885216346152 0.6597736378205127 0.03203125 0.10354166666666664
1 0.7068781887755101 0.6754825680272105 0.03265624999999996 0.09031250000000005
1 0.7560854388297873 0.6793373226950354 0.03179687500000004 0.0829166666666667
1 0.8051847449708696 0.6854881187937417 0.0327803808948004 0.07922712615880687
1 0.8806850017138638 0.6835899734570832 0.03330910852713185 0.08109542266519014
