7 0.7018854166666666 0.09065625000000001 0.017343749999999946 0.03302083333333334
7 0.7138521634615383 0.15621794871794875 0.0125 0.0234375
7 0.7163641826923077 0.20530448717948718 0.0140625 0.02624999999999999
7 0.6438854166666667 0.20161111111111113 0.013124999999999965 0.02531249999999998
7 0.6423974609375 0.1523828125 0.012421874999999982 0.024479166666666666
7 0.5687031250000001 0.14776388888888892 0.012578125000000018 0.022604166666666654
7 0.559989224137931 0.08164870689655174 0.018203124999999966 0.033541666666666664
7 0.5698270089285714 0.1978199404761905 0.011953125000000054 0.02166666666666665
7 0.6317026654411764 0.08408394607843137 0.017578125 0.035937500000000004
7 0.42730496453900707 0.06972353559232992 0.017453457446808505 0.03940110323089047
7 0.4330875241779496 0.14333270649760008 0.009788711583924314 0.023148148148148154
7 0.35396350472813237 0.1891956546211865 0.009511672576832142 0.025856973995271856
7 0.3670482701400254 0.1905365369461114 0.005079048463356983 0.02351753349093775
7 0.35259062253743095 0.1359748489624376 0.009419326241134751 0.02856579984239557
7 0.3508195317537073 0.07024477935382191 0.018838652482269503 0.035830378250591016
4 0.09753628964591374 0.35481694355876264 0.0400680693069307 0.1212871287128713
1 0.1263181254277892 0.1404158586204274 0.022458932238192997 0.12213381245722109
5 0.3618081418931377 0.16543597969443313 0.02816291161178506 0.12041450028885035
5 0.4411565590274236 0.14305527236891288 0.026944324090121263 0.07293471981513576
10 0.9157372644287397 0.275753337259521 0.01269876325088326 0.13766195524146052
10 0.9919838526094047 0.24454646869620364 0.022794280035335745 0.180359246171967
10 0.5184950673012112 0.23383511373462149 0.19462234982332155 0.22121613663133097
10 0.053461199294532635 0.225106554967666 0.031001984126984128 0.23776455026455026
10 0.004650297619047619 0.310681216931217 0.009672619047619048 0.08597883597883603
11 0.37098474978748575 0.41861086471769476 0.15122588424437305 0.19962486602357982
