11 0.683475969536286 0.5740538573508007 0.04690911572052405 0.08051310043668126
13 0.8129270833333331 0.4370347222222222 0.010546875 0.025312500000000012
13 0.8478079044117648 0.44054534313725485 0.008828124999999964 0.025833333333333344
13 0.8839114583333334 0.43894444444444447 0.008828124999999964 0.02489583333333337
7 0.5338416321717367 0.31497681619817736 0.019794474393530947 0.028358041329739455
7 0.5333136792452831 0.3687200509134471 0.01916273584905657 0.029481132075471688
7 0.4823549965059398 0.05835080363382248 0.029153563941299775 0.03712438853948287
7 0.48124576088296955 0.12509248982611912 0.026041666666666696 0.03734276729559749
7 0.4621734397677793 0.01434580444014406 0.020636792452830212 0.02489517819706499
7 0.498820754716981 0.10036687631027252 0.015723270440251635 0.02926275331935709
13 0.45448986722571616 0.43675751222921033 0.02391247379454926 0.020964360587002063
4 0.5339360587002097 0.41389818759721375 0.03832547169811322 0.13015373864430468
4 0.6091054667681379 0.4744162378294799 0.021166286149162872 0.09417808219178081
12 0.13119062280084445 0.299393033075299 0.06728316326530612 0.03018707482993198
12 0.1497275046382189 0.3158143939393939 0.0591517857142857 0.024234693877551016
12 0.1679035250463822 0.3311301793444651 0.03651147959183672 0.017857142857142884
12 0.01881377551020408 0.25518707482993197 0.02901785714285714 0.026360544217687062
7 0.08227040816326528 0.2654860020931449 0.0159438775510204 0.03380102040816325
7 0.03971938775510203 0.24233843537414962 0.019770408163265307 0.0352891156462585
9 0.034717793367346934 0.3203125 0.017538265306122448 0.04187925170068022
9 0.07785167638483964 0.34066751700680264 0.01658163265306122 0.04357993197278916
9 0.1493847539015606 0.36574629851940776 0.011957908163265297 0.046556122448979546
9 0.1758078231292517 0.382546768707483 0.00892857142857142 0.02338435374149661
7 0.21611040249433106 0.5123771730914588 0.009725765306122458 0.012755102040816329
1 0.2158083545918367 0.514360119047619 0.011320153061224492 0.03422619047619051
8 0.1570046768707483 0.46172052154195004 0.011001275510204068 0.04039115646258503
8 0.12034801616831278 0.4884952983358138 0.024702763496143976 0.031062553556126814
8 0.09087012498308752 0.4920257745907185 0.018577281491002563 0.03494537275064271
8 0.05622936871932693 0.48170084521305606 0.018376446015424163 0.038962082262210804
11 0.2979835304054055 0.4521524365274367 0.15308277027027026 0.3286880630630631
