10 0.31549542217700915 0.8067720922346558 0.027816632756866744 0.040585791793828346
10 0.34601562500000005 0.7990123456790121 0.028984375000000017 0.04197916666666674
10 0.38008578702604073 0.7818092637977199 0.03819717351874248 0.045743903667875924
10 0.42399102076313877 0.7726583799667668 0.04328960234680572 0.05771946979574108
10 0.48535680679344545 0.7713158565983813 0.05679687500000004 0.104965545755237
10 0.5806876348480177 0.7379350044447327 0.08238150706940876 0.12634408602150535
10 0.7103892527530854 0.7010064957793662 0.12781249999999994 0.1635224217986315
10 0.9373058373701053 0.6398415647577385 0.17109375 0.2264269643475251
11 0.07158467060810811 0.8033192567567565 0.053671874999999994 0.12156249999999993
13 0.19524939903846159 0.6876842948717949 0.015390624999999991 0.035000000000000024
13 0.23072916666666665 0.6940922619047619 0.0140625 0.029166666666666667
13 0.2661548913043478 0.6955706521739131 0.014453125 0.03249999999999993
6 0.6264321270543615 0.15261023903169915 0.026173356510745906 0.039638643067846605
6 0.6014143489254109 0.14296249473240627 0.007308786346396978 0.007638010956595013
7 0.006935096153846155 0.23329326923076923 0.01390625 0.03989583333333332
7 0.009291087962962965 0.28217206790123456 0.02015625 0.037395833333333336
7 0.20995312500000002 0.5986041666666667 0.009765625 0.006979166666666595
7 0.21001736111111113 0.5875 0.00914062499999999 0.011145833333333263
7 0.24625962983840655 0.5981538895152199 0.011890501691093602 0.012565764750093914
7 0.335911177560647 0.30374691150044925 0.020636792452830212 0.02583108715184187
7 0.407203125 0.3182166666666666 0.022187500000000027 0.025208333333333322
7 0.38843489583333335 0.20458333333333337 0.02273437500000002 0.03572916666666668
7 0.3859722222222222 0.17127314814814815 0.009296874999999982 0.010208333333333316
7 0.5519004755434782 0.2328917572463768 0.02351562499999993 0.052083333333333336
7 0.7422017045454544 0.28275568181818184 0.02578125 0.04854166666666663
7 0.4740252976190476 0.017281746031746033 0.030156250000000016 0.030104166666666664
7 0.5854374999999999 0.024588541666666672 0.031953124999999985 0.05739583333333333
7 0.6881292229729729 0.048862612612612606 0.03171875000000002 0.06541666666666666
7 0.7247200520833335 0.5445399305555555 0.024609375 0.03270833333333337
7 0.9214583333333334 0.43833333333333335 0.009453125000000107 0.034895833333333334
7 0.9375729166666668 0.43925000000000014 0.01960937499999993 0.042604166666666644
7 0.38280016447368415 0.6418311403508772 0.013828125000000035 0.021041666666666715
7 0.38106249999999997 0.6724895833333334 0.015078125000000008 0.020729166666666642
7 0.4039935661764706 0.6251041666666667 0.015078124999999965 0.020624999999999952
7 0.40249255952380947 0.6583581349206349 0.015468749999999965 0.021562500000000047
7 0.42876838235294124 0.6043749999999999 0.015781249999999948 0.023541666666666572
7 0.424474826388889 0.6411863425925924 0.011406250000000017 0.018125000000000096
7 0.45024553571428577 0.5850074404761905 0.0109375 0.020624999999999952
7 0.44905556715171757 0.624665102841391 0.010296795483460564 0.02637298558100092
7 0.46782030217002407 0.5726290477301601 0.009953235591506626 0.02317155375800463
7 0.46487267870684673 0.612165223710819 0.01033690912537919 0.020292804179305672
7 0.4878087797619049 0.5593799603174605 0.015937499999999983 0.027187500000000024
7 0.4844497282608696 0.6010643115942028 0.01570312500000002 0.021354166666666667
7 0.5246299342105264 0.5285526315789474 0.01328125 0.02635416666666668
7 0.5233541666666668 0.57709375 0.01640625 0.026875000000000072
7 0.5487460481123299 0.5106511763903738 0.01650469653179192 0.027577544779379674
7 0.5470910852207493 0.5582663605051665 0.019643369690011524 0.029659395331037192
7 0.5775325827446364 0.4895053854875283 0.020518543956043977 0.03353937728937731
7 0.5730362215909091 0.5420691287878788 0.019921875 0.028437499999999952
7 0.6312533967391304 0.44733242753623187 0.02023437499999998 0.031979166666666656
7 0.6292071759259259 0.5040663580246914 0.020546875000000055 0.03218749999999997
7 0.6698709239130435 0.4200452898550725 0.02156250000000002 0.03291666666666663
7 0.6676066774446403 0.47885435038212815 0.023228523662551393 0.03632973251028808
7 0.7122578125 0.386390625 0.023125000000000017 0.035520833333333356
7 0.7100089651639345 0.44948325017818963 0.02361360143442619 0.03703466530054644
7 0.8041100543478261 0.314651268115942 0.030468749999999913 0.04135416666666666
7 0.802003125 0.3853583333333333 0.032578124999999944 0.0426041666666667
7 0.8694205729166666 0.26272569444444444 0.03523437499999993 0.04572916666666664
7 0.8681662291532819 0.3395335811739301 0.035109411808009486 0.04380153121319204
7 0.4729058689024389 0.21255335365853653 0.022499999999999964 0.053958333333333344
7 0.944816579155375 0.2023867058115026 0.03516291920731689 0.0499072662601626
7 0.9466446734943978 0.2904338818860878 0.03733915441176485 0.049894957983193294
1 0.4018760842087555 0.6357548789916068 0.06792418910648719 0.10883223684210523
1 0.4643473553512435 0.5856704993334492 0.06203124999999998 0.11322916666666659
1 0.5192376202351264 0.5469011454048861 0.024060941396508717 0.08858063175394844
1 0.5672365590514976 0.510486457785952 0.03296604046242777 0.10175818882466275
1 0.6207353344298244 0.47300347222222217 0.03695312500000005 0.1191666666666667
1 0.6578714622641504 0.4350314465408804 0.03765624999999995 0.1278125
1 0.6982520380434779 0.4129972826086957 0.04249999999999998 0.13614583333333333
1 0.7896868434873948 0.3461335784313727 0.04671874999999996 0.15593749999999998
1 0.8543280526100331 0.29213991399739053 0.05053957359813097 0.17267815420560748
1 0.933925963785047 0.24226148753894083 0.05398437499999993 0.18552083333333333
