7 0.2672772988505747 0.1841714559386973 0.008441091954022983 0.005507662835249031
7 0.276294225933908 0.21806154214559384 0.026580459770114917 0.06118295019157089
7 0.23682091346153844 0.21230769230769228 0.016484375000000016 0.056979166666666685
7 0.26492788070783674 0.33445195706175934 0.02986769749031253 0.07362234580384228
7 0.23073388009049775 0.3344847554406378 0.01871565934065931 0.07131410256410256
7 0.4555400820619487 0.2236440868884975 0.0211008858558678 0.07094664194478778
7 0.4934375000000001 0.23145833333333332 0.018515624999999945 0.05947916666666666
7 0.4542081790022622 0.34255398474242055 0.02428917459451032 0.07702039148992933
7 0.49073415423861866 0.34613544937205654 0.0196308992346939 0.06882440476190481
7 0.6718521521226415 0.2391104887316562 0.02685941711590294 0.07087713387241688
7 0.7096640625000001 0.23214583333333333 0.013359375000000017 0.05479166666666666
7 0.6789550754836909 0.35681523056972575 0.030992253792222257 0.08016524196689563
7 0.7127960292022791 0.34903252611585944 0.014022435897435858 0.062173551756885104
1 0.255117683786337 0.22794802814061044 0.06684027777777776 0.2682506814477603
1 0.4762280790035941 0.2404661915193692 0.05891930839823756 0.265359419624643
1 0.6931255073407756 0.24883191657275602 0.06013907967032974 0.26817193223443225
10 0.4684478629613363 0.8743869814345901 0.29451695884146334 0.26382863744782353
