12 0.10069087703731379 0.19516473637509918 0.06721967963386728 0.16757246376811594
12 0.2709352693990329 0.1996555760227186 0.0628094059405941 0.1408828382838284
12 0.4337136787280702 0.2289306164717349 0.06085526315789469 0.14336622807017546
9 0.30579261212845016 0.3539192431882519 0.008708200636942642 0.019904458598726117
9 0.3553385416666667 0.3579791666666666 0.00914062499999999 0.01885416666666669
6 0.3118749999999999 0.3883561197916668 0.012968750000000018 0.028958333333333346
6 0.36069602272727275 0.3957575757575758 0.010312499999999992 0.024479166666666666
6 0.6188565340909091 0.42248106060606044 0.014765624999999982 0.016979166666666677
7 0.6743272569444444 0.42372106481481475 0.012031249999999983 0.016979166666666677
6 0.6642927631578948 0.42427631578947367 0.011796875000000017 0.014270833333333321
6 0.7084001358695652 0.43073369565217395 0.014921875000000018 0.021770833333333368
7 0.9817730648386174 0.568290012377416 0.013656812339331737 0.0147279348757498
7 0.9565124250214225 0.5810393459011711 0.013255141388174786 0.015531276778063348
7 0.9007582720588235 0.6083026960784313 0.0125 0.014687500000000023
7 0.8802777777777777 0.6190393518518519 0.012421875000000072 0.013229166666666714
7 0.861245404411765 0.6286580882352941 0.011875000000000035 0.012291666666666737
7 0.8328125000000002 0.537471590909091 0.015468749999999965 0.016979166666666618
7 0.8090296052631578 0.5509758771929825 0.014218750000000035 0.01677083333333324
7 0.7870174632352941 0.5638786764705883 0.013203124999999982 0.014687500000000023
7 0.6578275240384615 0.5251282051282051 0.020000000000000018 0.02364583333333332
7 0.6330937500000001 0.5167791666666666 0.014687499999999964 0.017812500000000023
7 0.5923307291666667 0.5196050347222222 0.017578125 0.024270833333333346
7 0.5305000000000001 0.5101319444444444 0.008359375000000035 0.021979166666666692
7 0.9062708333333335 0.7087013888888888 0.012968749999999928 0.01593749999999995
7 0.9059960937500001 0.7419596354166667 0.013125000000000142 0.026041666666666668
7 0.8597055288461537 0.7072435897435897 0.009921875000000035 0.01895833333333326
7 0.8618229166666668 0.7378993055555554 0.015390625000000036 0.018333333333333358
7 0.814783653846154 0.7025080128205128 0.013750000000000106 0.01677083333333324
7 0.8161145833333332 0.7326527777777777 0.014921875000000107 0.020729166666666642
7 0.6379022700223288 0.6931381832097515 0.01554016051567233 0.02052083333333338
7 0.6357186538907145 0.7206240081872824 0.013871729651162745 0.022812499999999975
7 0.6851287457486901 0.6924943315868491 0.012323053589484356 0.017589315807212576
7 0.684012784090909 0.7228219696969697 0.015078124999999965 0.020937500000000022
7 0.7357118055555556 0.6962037037037038 0.008359374999999947 0.01760416666666676
7 0.7365234374999998 0.7313932291666666 0.008984375 0.021249999999999977
7 0.3568028846153847 0.6695673076923078 0.014218749999999992 0.019479166666666596
7 0.15171980314539424 0.6595030491066651 0.014560152990264252 0.021296940194714984
7 0.14940455493741306 0.6932371349095964 0.014125521557719067 0.01999304589707928
7 0.0987578125 0.6546041666666665 0.005625000000000002 0.022291666666666644
8 0.49113601559494563 0.563455842371201 0.022968749999999982 0.18014284886416315
8 0.447578438935132 0.5542345364523537 0.022244546498277805 0.17723880597014918
8 0.4014571037038686 0.5438573249895835 0.02467606707317076 0.17670223577235772
8 0.2994468526863463 0.5482673357134564 0.02436814263322886 0.1786180773249739
8 0.25391208080406014 0.5391892228082397 0.027692432082794306 0.17706985769728334
8 0.20460645697867838 0.5441270981400271 0.027213206940874056 0.18262639245929732
8 0.10080254662840746 0.5298347082735535 0.026962652439024383 0.18775406504065034
8 0.05119091554980535 0.5312843259760558 0.029690817409766458 0.1905299009200284
8 0.007756250000000002 0.5156979166666666 0.015859375000000002 0.19322916666666662
7 0.019789402173913045 0.4826132246376812 0.01484375 0.019999999999999987
1 0.09907085905349793 0.6621617798353908 0.008777006172839507 0.060381944444444474
1 0.1506212797619047 0.6711557539682539 0.017500000000000005 0.07489583333333331
13 0.9755441909257805 0.6957612116443744 0.022103658536585337 0.03895663956639564
13 0.9962275878339142 0.6921118854045681 0.006713668699187103 0.04216632791327903
9 0.7947576154355549 0.8570312343226374 0.012543457648546141 0.04701327433628322
1 0.9095330255681819 0.7191998106060605 0.02117187499999993 0.06760416666666665
1 0.8636373546511631 0.7192272286821706 0.01664062500000014 0.07072916666666665
1 0.7360617897727273 0.7053693181818184 0.009999999999999964 0.06395833333333331
1 0.6863034539473685 0.7053289473684213 0.016484375000000016 0.07010416666666673
1 0.6387880608974359 0.6993162393162393 0.017109374999999982 0.06333333333333328
1 0.8174869791666666 0.7157068452380955 0.017343750000000036 0.06875
4 0.2690038200696152 0.781137588772752 0.023399367945653983 0.041693062764812557
4 0.27738112673305987 0.7014417756948512 0.017849297012302312 0.024348271821909743
4 0.32084508948928403 0.7848005965952273 0.02906976744186047 0.04132466940264479
4 0.3242256204807504 0.7211799448461554 0.029390389876880984 0.04859211126310979
4 0.3690745971273428 0.7879444736381152 0.030798410404624256 0.04178709055876683
4 0.3712660845588236 0.7186351102941175 0.01895680147058827 0.05147058823529408
1 0.35650425993460766 0.6826112927565391 0.0176056338028169 0.06664989939637825
2 0.272137258368694 0.5727251296558226 0.016906824611032524 0.028288543140028228
2 0.27197518859028763 0.5033347084708472 0.022431930693069323 0.06143917963224895
2 0.34830982715774633 0.5064529938305947 0.023141064871481022 0.06107201142390863
2 0.3500796579864295 0.5752631069543778 0.019327090592334485 0.029640921409214135
12 0.41079799107142856 0.8186681547619047 0.007656249999999964 0.04052083333333331
10 0.06208628566101063 0.808355087326745 0.023302023121387277 0.06671483622350678
10 0.105073190965532 0.8126761756939983 0.04172687861271677 0.0685211946050097
10 0.10026579273327826 0.8582610789980731 0.03892702312138728 0.01902697495183041
10 0.05369052912405513 0.8549077367718987 0.025198699421965308 0.010838150289017415
10 0.4941406249999999 0.830810546875 0.025390625 0.06583333333333326
10 0.4729867788461538 0.8263141025641026 0.008671875000000018 0.06302083333333333
10 0.47158203125 0.8684895833333334 0.0033593750000000533 0.0078125
10 0.49458333333333326 0.8707291666666668 0.0265625 0.008124999999999953
10 0.8543121105115196 0.8392934081020158 0.07256833864118892 0.06513181174805377
10 0.8315502255838643 0.8874734607218683 0.041467622080679334 0.006745399858457191
10 0.8797770700636944 0.8869463611700874 0.02230958067940545 0.004644373673036028
3 0.38940214183301053 0.5983237752826192 0.01669684753463434 0.09715136054421762
3 0.3287105212526641 0.5995780793669586 0.02721101334951457 0.10505157766990295
11 0.6179156940269995 0.7929428721711137 0.14158893492084418 0.26172768999590956
