7 0.04963550600343054 0.5869568324757004 0.041943610634648375 0.07665094339622638
7 0.052226742349011465 0.7668855887574856 0.04194361063464837 0.0598556317895941
7 0.04970372680492749 0.9015378917823171 0.040737564322469985 0.06861063464837044
7 0.27818080357142855 0.5778858418367346 0.03284438775510203 0.07674319727891164
7 0.2805963010204081 0.7674107142857143 0.023278061224489832 0.05590986394557831
7 0.27703100470957615 0.9030121664050236 0.026626275510204068 0.05824829931972791
14 0.06541585670647045 0.5563616587984819 0.08489395306859204 0.22487966305655835
14 0.07313202625702626 0.7870450578783913 0.06967905405405406 0.08790040040040038
14 0.06115583356794295 0.9441959537662663 0.062406156156156155 0.13622059559559563
14 0.2763802195436934 0.5327891824508539 0.04389696782178221 0.22715552805280528
14 0.29098661819306926 0.7788166511963696 0.034808168316831666 0.08611798679867988
14 0.2772816344134414 0.9466884188418841 0.048344678217821804 0.13330239273927388
14 0.49287853904515166 0.49597713113742886 0.0390625 0.08554620034542311
14 0.4532233068097705 0.8759329509005674 0.010524611398963745 0.019430051813471513
14 0.5057847881884474 0.9211783566813792 0.05667098445595853 0.1624568221070812
