9 0.00468721419425645 0.09865061581610877 0.007545271629778673 0.01844399731723675
9 0.044753817019765656 0.1004063597269894 0.008960010060362173 0.01886317907444668
9 0.07913541666666667 0.10206944444444445 0.008125000000000004 0.02010416666666668
6 0.03342391304347826 0.1373913043478261 0.013828125000000002 0.024270833333333332
6 0.0821875 0.13901515151515154 0.012812499999999994 0.022499999999999996
7 0.06463448660714285 0.24651785714285712 0.018984374999999998 0.023229166666666648
7 0.1335271990740741 0.2497878086419753 0.019609374999999995 0.02229166666666667
7 0.15573125 0.23833333333333334 0.014140625000000018 0.01697916666666665
6 0.1690950520833333 0.14219618055555558 0.012109375 0.017916666666666685
6 0.26099609375 0.14644965277777777 0.012109375 0.02385416666666666
7 0.046231971153846155 0.4025961538461538 0.013671875 0.018020833333333344
7 0.09892857142857142 0.4024330357142858 0.013203125000000005 0.016562499999999977
7 0.23475585937500001 0.40110026041666663 0.012812499999999982 0.01583333333333332
7 0.2363975694444444 0.4330381944444444 0.018203125000000007 0.02312499999999999
7 0.2834375 0.39959077380952374 0.012265624999999992 0.015520833333333369
7 0.28154411764705883 0.4316053921568627 0.015625 0.022708333333333285
7 0.35584077380952384 0.24737599206349217 0.013828124999999991 0.017812500000000023
7 0.52579296875 0.25616145833333337 0.013906250000000054 0.015625
7 0.362890625 0.40209027777777784 0.011562500000000009 0.014791666666666713
7 0.36266113281249995 0.4310481770833334 0.014374999999999982 0.019791666666666666
7 0.40708705357142866 0.4017633928571429 0.011249999999999982 0.016354166666666656
7 0.4065966796875 0.4295182291666667 0.015078124999999965 0.019791666666666666
9 0.36718513257575763 0.5438573232323232 0.00859375 0.0355208333333333
12 0.1634114583333333 0.5404797979797978 0.01765625000000002 0.033854166666666664
13 0.5440173611111111 0.3698796296296296 0.025156250000000036 0.04229166666666669
13 0.5226203547297297 0.381356981981982 0.019296875000000036 0.035000000000000024
13 0.50616015625 0.3864244791666666 0.018984375000000053 0.0375
7 0.44978236607142863 0.401688988095238 0.012187500000000018 0.015312499999999988
1 0.047370510704281714 0.4101119614512471 0.01608455882352941 0.061165091036414584
1 0.0995814732142857 0.40730902777777783 0.015703124999999995 0.06125000000000001
1 0.23684988839285723 0.41675037202380966 0.018984375000000008 0.07635416666666663
1 0.282728515625 0.41061979166666673 0.01640625 0.06187499999999998
1 0.3637267287234044 0.41060505319148927 0.015546875000000026 0.06135416666666664
1 0.40850605867346956 0.41343962585033994 0.016250000000000053 0.06583333333333333
1 0.45247522865853657 0.4073907520325203 0.016796875 0.05572916666666667
10 0.24215941697672952 0.5378637983225073 0.05399084394904459 0.06104033970276011
10 0.22201764861995751 0.578309584081877 0.023636544585987275 0.0071877211606510135
10 0.2585091560509555 0.5774062278839349 0.019406847133757975 0.008957006369426779
10 0.40506413246268663 0.534002643034826 0.06242187499999998 0.0738541666666667
11 0.08075953571879806 0.5581070486626801 0.1475839482966676 0.2605887790463814
