6 0.031624805295950145 0.18615654205607476 0.016063084112149534 0.022066458982346847
9 0.07603713979750779 0.1564608969366563 0.008534852024922112 0.01679646936656282
12 0.14164880952380948 0.16013492063492063 0.024553571428571418 0.08412698412698412
12 0.26302579365079365 0.1769973544973545 0.04613095238095237 0.08194444444444443
12 0.38638551165146906 0.19015113137453563 0.05550595238095233 0.07956349206349206
9 0.33352864583333336 0.19098090277777782 0.0078125 0.018333333333333358
9 0.48506777510683763 0.2131298967236467 0.009515224358974362 0.01589209401709401
9 0.51521323005698 0.21747388414055083 0.007612179487179471 0.0169604700854701
9 0.5407288024475525 0.2187864219114219 0.007912660256410308 0.01936431623931624
6 0.5038607226107226 0.2457325660450661 0.016526442307692246 0.020833333333333332
12 0.6062856816455393 0.20816024149772908 0.07079394257703076 0.06988211951447244
12 0.7037298999788593 0.22258667617990585 0.07407650560224086 0.06783963585434175
12 0.7969768436220639 0.2322764041514041 0.06696428571428577 0.07863562091503269
7 0.11564062499999997 0.27747395833333327 0.01273437500000001 0.01854166666666668
7 0.3130859374999999 0.2977835648148149 0.011562499999999965 0.01885416666666669
7 0.3345822010869565 0.3016394927536232 0.012578125000000018 0.016562499999999977
9 0.5365395220588234 0.3124571078431373 0.017343750000000036 0.06927083333333334
9 0.6361067708333332 0.3156741898148148 0.018593749999999964 0.044166666666666646
9 0.8106482263513517 0.33570101351351345 0.01960937499999993 0.04510416666666662
7 0.908973721590909 0.37399621212121215 0.01125000000000007 0.012708333333333321
2 0.02575429880008571 0.3737902649810728 0.016430188022284124 0.026694521819870035
2 0.022915215877437327 0.32047934076137424 0.014145194986072423 0.031627205199628604
2 0.016870155625529855 0.2866885672762505 0.021217792479108637 0.03699512534818942
7 0.030084134615384617 0.4430128205128205 0.004609374999999999 0.014999999999999977
7 0.03778409090909091 0.4420075757575757 0.0033593750000000034 0.011145833333333322
4 0.02656302135468802 0.5273367503305775 0.03118569958847737 0.09487882944673072
4 0.1099140120916527 0.5574872140087047 0.02614883401920439 0.025005715592135283
4 0.10419524462734339 0.5105833714372808 0.021754972565157748 0.04272405121170551
8 0.13638938086752433 0.4600935906351412 0.023035465924895672 0.09315600370885489
8 0.16302210100834494 0.4612707174316179 0.0234700973574409 0.09373551228558182
8 0.19394651549771508 0.4632860619908603 0.023035465924895693 0.0950394065832174
3 0.12584481484700974 0.4052213722763097 0.011952364394993031 0.0967779323133982
7 0.21065662450066575 0.4493314469596094 0.003745006657789629 0.013315579227696439
7 0.20963525904854136 0.47896995924625746 0.005929593874833561 0.0171992898357745
1 0.21483119419642857 0.4650093005952381 0.01328125 0.06385416666666661
10 0.2185945619896065 0.5815979955456572 0.04463042873051226 0.06368318485523379
10 0.36525641793073094 0.5837156804376338 0.04885037015945328 0.0640660592255126
10 0.6327413154897494 0.5744787711971654 0.004982915717539882 0.025745064540622663
10 0.6471116884965833 0.6047124145785877 0.01788510820045559 0.020050303720577152
10 0.6645963838268794 0.603359908883827 0.006762528473804164 0.017321564160971904
10 0.6522379619083777 0.57789299122585 0.009342966970387234 0.02337224753227029
10 0.6692443136138284 0.5777460471660192 0.010588695899772205 0.02360952923310554
10 0.7910482165882889 0.5905951342536407 0.02673695388349513 0.04980784789644008
10 0.7758575735740291 0.5816551628236245 0.00474059466019412 0.02528317152103554
11 0.721012766768293 0.5918727416440831 0.07860137195121952 0.12290396341463415
8 0.27104201446855875 0.4726163976998701 0.022433222036727863 0.0881677796327212
8 0.29714854148806574 0.4730575734331994 0.02165066777963274 0.08764607679465772
8 0.3246909677894531 0.4754144980195751 0.02165066777963274 0.08729827490261546
7 0.37719499001331563 0.4620505992010653 0.005825565912117181 0.014009098979138912
7 0.37747019126013803 0.4924368518742686 0.005513482023968041 0.01789280958721703
1 0.3803916206962145 0.47760921945342716 0.012275299600532596 0.0625554815801154
8 0.3951293187976895 0.47134989540992184 0.022056398416886537 0.08740105540897095
8 0.4194723871298739 0.47414003713476 0.02185026385224269 0.08602682497801227
8 0.4452617025537127 0.47417330223646187 0.02185026385224269 0.08767590149516268
4 0.5341802386893624 0.5428221142896752 0.023084970887918478 0.08066472586123244
4 0.5027121997816594 0.5369397440562832 0.02342612809315865 0.08036147501213003
3 0.5055777480040583 0.4201402673018393 0.014101164483260575 0.07975497331392531
2 0.525560661764706 0.4109497549019608 0.010234375000000018 0.020937500000000022
2 0.5264732142857143 0.3808482142857143 0.009453125000000017 0.008749999999999977
2 0.5228186677631579 0.3464939692982456 0.017109375000000072 0.05010416666666669
13 0.9250350186766273 0.4715488783560382 0.01917689434364984 0.03279526858769124
13 0.8981494675948383 0.4763399065360111 0.017009071504802444 0.029126645321949477
8 0.6389653926715452 0.43554128221444477 0.014441815144766145 0.12063845582776539
8 0.6624320673913529 0.4381539603460881 0.015148111343354653 0.10834261321455087
8 0.686361047835991 0.4374139853834472 0.014058940774487461 0.10642084282460142
8 0.8737432065217389 0.4501585144927535 0.013043478260869712 0.10235507246376815
8 0.8534995593419505 0.4485262436349393 0.014402173913043548 0.10126811594202897
8 0.8320174794359577 0.4435321190755975 0.01521739130434785 0.10163043478260872
8 0.7832958074534161 0.44335921325051747 0.014945652173913082 0.10271739130434784
8 0.7611192714453584 0.44552976889933404 0.015081521739130466 0.10452898550724636
8 0.7373479554865423 0.44009230503795727 0.013858695652173925 0.10760869565217389
