12 0.13877864583333338 0.863434027777778 0.014453125 0.050833333333333286
12 0.8087461890243903 0.8635492886178859 0.023593750000000035 0.0375
4 0.33105418019480526 0.7322375541125541 0.04546874999999999 0.14572916666666663
4 0.3897229939353075 0.7334620648185541 0.0448823003575685 0.14094088541864355
4 0.4495008260695565 0.7346512195201541 0.04610354010025057 0.13941102756892232
4 0.9469713184931507 0.7313299086757994 0.03898437499999989 0.1234375
4 0.9809121047970383 0.7417410275646946 0.03851562499999996 0.11687499999999992
10 0.256482438016529 0.8626222451790634 0.05828124999999997 0.09822916666666674
10 0.2226302083333333 0.8611574074074074 0.003671874999999991 0.08395833333333336
10 0.4790329519212265 0.8638242377103513 0.08507812499999998 0.0967708333333333
10 0.6784605094178083 0.8541409817351595 0.08289062500000002 0.09312499999999997
11 0.0806792609444171 0.8348433827949936 0.159626898364486 0.2504429517133957
6 0.06514246323529413 0.31182291666666667 0.021953124999999997 0.03604166666666669
6 0.17618303571428573 0.32643229166666665 0.019765624999999988 0.035312499999999976
6 0.23759837962962962 0.33484953703703696 0.01664062500000001 0.03375000000000004
6 0.6379765625000001 0.3900104166666666 0.02039062499999993 0.0285416666666667
6 0.6808984374999999 0.3976612103174604 0.024375000000000036 0.026041666666666668
6 0.7627253605769229 0.4059374999999999 0.018984374999999963 0.021354166666666667
6 0.7965473790322581 0.41540994623655914 0.02351562500000002 0.028854166666666656
9 0.05730238970588235 0.257469362745098 0.011328125 0.01895833333333335
9 0.19545758928571427 0.27786458333333336 0.01015625 0.01843749999999999
9 0.23446614583333333 0.2842274305555555 0.007578124999999991 0.013645833333333357
9 0.29104319852941185 0.2929411764705883 0.010234375000000018 0.01875
9 0.6035753676470588 0.3400490196078432 0.0140625 0.017291666666666632
9 0.6831975446428572 0.35249255952380953 0.009687499999999983 0.016250000000000025
3 0.2904988851976072 0.5012791653424963 0.03759803409643423 0.16982017648005301
3 0.3901284785845167 0.516657791265842 0.036370354729729736 0.16374999999999998
3 0.48139508928571423 0.5279580026455025 0.029843749999999947 0.16572916666666668
2 0.33597395936325897 0.47209522897304057 0.04524461760925451 0.05239583333333329
2 0.33199728260869565 0.4182427536231884 0.02859375000000002 0.061770833333333344
2 0.3189536830357142 0.3449386160714284 0.03687499999999999 0.06739583333333338
2 0.4367038690476191 0.48356646825396815 0.04695312500000002 0.05322916666666669
2 0.42675426136363626 0.43448863636363644 0.028984375000000017 0.04677083333333331
2 0.41678278688524595 0.36124658469945353 0.03835937499999997 0.08010416666666664
2 0.53019921875 0.4934895833333332 0.047890624999999964 0.05020833333333332
2 0.5176601562500001 0.4483749999999999 0.028671875000000034 0.04010416666666667
2 0.5102421875 0.37964843750000005 0.029921874999999966 0.06739583333333338
7 0.178046875 0.8703125000000002 0.011640625000000005 0.029270833333333357
7 0.5333973214285715 0.866645833333333 0.012812499999999982 0.026979166666666644
7 0.8176888020833333 0.6148524305555555 0.011796875000000106 0.02791666666666662
7 0.7170448369565214 0.5692504528985506 0.01648437499999993 0.03093749999999993
7 0.6901921452702702 0.5859938063063062 0.01875 0.0296875
7 0.6925509510869565 0.456508152173913 0.01765625000000002 0.021249999999999977
7 0.6595312499999998 0.45193948412698404 0.017578125 0.019270833333333334
7 0.6309561011904763 0.44613591269841263 0.017890624999999983 0.022708333333333285
7 0.6062946428571427 0.4710491071428572 0.007499999999999929 0.022083333333333323
7 0.5964229910714286 0.47202380952380957 0.008046874999999964 0.02197916666666663
7 0.5768824404761905 0.4953422619047618 0.012031250000000071 0.020833333333333332
7 0.47620482158158906 0.40172195699187985 0.025405687660668353 0.04512103684661527
7 0.3869576119930895 0.38117811970030113 0.024883088978766434 0.05903124272590361
7 0.2928787364130435 0.37612545289855065 0.025 0.05947916666666669
7 0.15235909598214295 0.4002380952380953 0.023046875 0.04750000000000002
7 0.130546875 0.3693465909090909 0.006093750000000009 0.02312499999999999
7 0.11516927083333335 0.3500173611111111 0.01976562500000001 0.05510416666666664
7 0.02242513020833334 0.34618923611111113 0.010156250000000002 0.053125
7 0.0075030048076923095 0.33900641025641026 0.014921875000000001 0.057395833333333354
7 0.005156249999999999 0.4277864583333333 0.008671874999999999 0.03583333333333337
7 0.0203857421875 0.42805338541666665 0.011015624999999998 0.03604166666666663
7 0.00265625 0.4956249999999999 0.00484375 0.0359375
7 0.0160625 0.48352083333333334 0.003515625 0.0037500000000000237
7 0.017740885416666664 0.4992881944444444 0.010781250000000001 0.027083333333333334
7 0.11468749999999998 0.43953598484848483 0.01304687499999999 0.03510416666666665
7 0.132421875 0.4401736111111111 0.009453125000000017 0.03249999999999999
7 0.11291315243310074 0.5050468809797167 0.013095579793340972 0.03420398009950247
7 0.12944890929965555 0.5094957902793724 0.008252009184844988 0.025712782242633025
7 0.055537701987410606 0.6479398757999374 0.006791437282795798 0.02067048657348754
7 0.06525 0.6418541666666666 0.004531249999999998 0.0048958333333333805
7 0.0652734375 0.6542708333333332 0.006093750000000009 0.01270833333333338
7 0.05362116644212779 0.6935424182417067 0.006280144694533763 0.015072347266881062
7 0.06374958519993364 0.6932000442453405 0.004173925667828105 0.01149341850561368
7 0.17778378828229024 0.6571793164669331 0.007698069241011995 0.01955725699067905
7 0.17735727363515316 0.6985824456280515 0.007594041278295593 0.021221704394141127
7 0.2461292613636364 0.6593844696969697 0.008984375 0.023020833333333237
7 0.255546875 0.6587890625 0.003750000000000009 0.018229166666666668
7 0.24578835227272727 0.7022064393939395 0.008125000000000026 0.023645833333333262
7 0.25628124999999996 0.7015833333333333 0.003750000000000009 0.016145833333333335
7 0.6329474431818182 0.6788920454545455 0.00929687500000007 0.02177083333333331
7 0.636109375 0.7171319444444445 0.011328125 0.022395833333333334
7 0.6858705357142858 0.6822693452380952 0.011875000000000035 0.020729166666666642
7 0.6875292968750001 0.7193294270833334 0.012734374999999964 0.02041666666666669
7 0.7352864583333333 0.6841840277777779 0.012109375 0.01895833333333338
7 0.738962673611111 0.7199131944444445 0.011562499999999965 0.019791666666666666
7 0.8203173828125001 0.68845703125 0.011015625000000107 0.01864583333333331
7 0.82344140625 0.7248072916666665 0.013593749999999894 0.02020833333333343
1 0.8237661696623094 0.7033045116194626 0.017951388888888965 0.06677083333333336
1 0.74125946969697 0.6992282196969697 0.022031250000000037 0.07875000000000003
1 0.6911808235583303 0.7010747417628351 0.020857328056768498 0.0793280346820809
1 0.6391811899038463 0.6944471153846155 0.01960937500000002 0.08208333333333329
1 0.4848316852084079 0.6859627773853337 0.01816590755735481 0.08820273458456356
1 0.2512725473578459 0.6745412673170872 0.017440205011389542 0.09052296886864089
1 0.1821200611508841 0.6705439626496005 0.015571611617312086 0.09147209567198177
1 0.060224780701754396 0.6626864035087721 0.020156249999999997 0.0882291666666666
1 0.12212924137266241 0.47064375682796733 0.0317651098901099 0.14091117216117213
1 0.012331349206349205 0.45785714285714274 0.027500000000000004 0.1480208333333333
