7 0.01553415697674419 0.3733881186642815 0.022920393559928445 0.03093321407274896
7 0.05018799516583859 0.40549745982722346 0.026426329394386994 0.03292712949286069
7 0.010450004103069094 0.42831767328628484 0.02077178729689808 0.030619153126538616
7 0.05875749287391013 0.49442488262910794 0.02326458752515091 0.03080985915492954
7 0.05779407265242544 0.3508671283934134 0.02710645443925233 0.03139602803738318
7 0.14030945334261838 0.30432480269266476 0.024373259052924777 0.03626973073351903
7 0.13480806033997522 0.36307647566512813 0.026688091016548454 0.036076635145784054
7 0.19078069093570418 0.33387997397809827 0.025911783042394033 0.03766625103906899
7 0.1955978899504419 0.27283545360104905 0.02478701527614573 0.03586466901684293
7 0.23238430793493725 0.4273030181210959 0.021757491186839006 0.03500783392087741
7 0.2913070504869534 0.40099477061129485 0.02334275082690187 0.03606210951855934
7 0.2523528632025451 0.30293942205726404 0.026200457317073145 0.03696646341463416
7 0.25843354787714545 0.23481726136705822 0.028296493902439 0.04484247967479676
7 0.38859111791730466 0.16473577912422047 0.031345712098009224 0.043549004594180714
7 0.38160712576569683 0.24134071379955763 0.03182427258805513 0.04705844818785095
7 0.47332809673650883 0.11812569088533813 0.037145882009345765 0.048919392523364476
7 0.4710286458333333 0.19604669652128767 0.0334951810747663 0.04940615264797508
7 0.5753803437810686 0.062458575340554316 0.03402408952959028 0.051846231664137585
7 0.572659806525038 0.14716110268082955 0.034498292867981825 0.052162367223065255
7 0.4960842803030303 0.319258207070707 0.031093750000000052 0.04083333333333338
7 0.5858712362171332 0.28472663980774665 0.03299936386768447 0.04399915182357927
7 0.7959316542539351 0.04197188501736773 0.03490232804753459 0.05943906605922552
7 0.9165675863052043 0.1572273049277766 0.04222119272237208 0.05489106019766396
12 0.4665692824396471 0.6763337588981739 0.05418697771587748 0.06949280408542245
12 0.598383992300906 0.6593748329189723 0.0494946216617211 0.06784742828882304
1 0.04315454204697179 0.373860680645844 0.04868298832271763 0.12318648266100496
1 0.1278878348214286 0.32729786706349207 0.045625000000000006 0.1332291666666667
1 0.18623679577464788 0.30433098591549285 0.04531249999999998 0.11395833333333334
1 0.2458526141826923 0.26205929487179486 0.041953124999999994 0.14604166666666665
1 0.37219965113025316 0.19709341111678866 0.05286654135338349 0.162515664160401
1 0.4594756155303029 0.14520123106060603 0.054062500000000034 0.17125
1 0.5615885416666664 0.0883004385964912 0.056640625 0.17781249999999998
10 0.5115991806402438 0.504933943089431 0.193359375 0.1736458333333334
10 0.5338802083333334 0.6184532828282827 0.15578125000000007 0.06020833333333329
10 0.22888686560150368 0.5700391604010026 0.138984375 0.13750000000000007
10 0.22090353260869572 0.6747010869565219 0.10828125 0.042499999999999954
10 0.04010263480392158 0.616810661764706 0.07359375 0.11458333333333333
10 0.0380859375 0.7013107638888889 0.071875 0.027500000000000094
