7 0.10275809267368921 0.4679301297983984 0.01524773641851107 0.021797451374916163
6 0.016285895270270266 0.41615990990990986 0.029765625 0.030624999999999975
6 0.20520204741379308 0.39079022988505757 0.018906249999999993 0.028125
6 0.4627130681818182 0.35493844696969695 0.019140625 0.03166666666666664
6 0.46761363636363634 0.34317234848484846 0.010781249999999964 0.011875000000000035
6 0.514977318548387 0.346663306451613 0.018203124999999966 0.03520833333333335
6 0.5687019230769231 0.33679220085470085 0.018359375 0.0328125
6 0.6624967447916666 0.32359374999999996 0.019140625 0.03135416666666669
6 0.7203626047233856 0.3178866339255621 0.017062689585439904 0.03380940343781601
6 0.7783322010869564 0.3109239130434782 0.014609375000000036 0.035416666666666666
6 0.8903091032608696 0.29104619565217393 0.01484375 0.02958333333333331
9 0.03927021953147457 0.3751751580914056 0.013832997987927564 0.017081656606304504
9 0.12552734375 0.36210069444444454 0.013046875000000013 0.014999999999999977
9 0.15239955357142854 0.36012648809523806 0.01429687500000001 0.014375000000000011
9 0.19370192307692305 0.3515544871794872 0.014921875000000018 0.018333333333333358
9 0.46586495535714284 0.3080729166666666 0.010234375000000018 0.019791666666666666
9 0.5003900280183392 0.3023778442859568 0.01215852649006619 0.018453366445916095
9 0.5532710597826087 0.2952853260869565 0.014687499999999964 0.01864583333333337
9 0.6778450520833335 0.2752864583333333 0.010625000000000018 0.017604166666666643
9 0.7268568485086341 0.26927165096807953 0.010903159340659307 0.020489926739926764
9 0.7675048828125 0.26276041666666666 0.013359374999999929 0.02197916666666666
7 0.18339293910648718 0.4473301713586292 0.021228580171358626 0.026264789881680944
7 0.25538347574421166 0.4362251929437706 0.021189360529217226 0.0259555310547593
7 0.330859375 0.42579773206751054 0.017602848101265823 0.02386603375527425
7 0.32573180379746836 0.46369330168776374 0.022250791139240535 0.03019514767932486
7 0.46662482431881036 0.40876101313264124 0.02395072992700733 0.03041362530413624
7 0.5512021121222335 0.3981216217903106 0.024093149646107204 0.030860296595888136
7 0.6403529094827587 0.3873060344827586 0.025546874999999948 0.03322916666666664
7 0.7966346153846156 0.40133012820512814 0.019765625000000054 0.025
7 0.1367819689878401 0.5897841760709183 0.015955105633802803 0.03196260898725688
7 0.21065382519245182 0.5809106546767492 0.013635550786838336 0.027718168812589403
7 0.2880370707034344 0.5768278853769169 0.012239902080783339 0.033277233782129774
7 0.06220214843749999 0.6751953125 0.01328125 0.017916666666666713
7 0.05965625 0.7094791666666667 0.013437500000000002 0.01895833333333338
7 0.4256525735294117 0.6560600490196078 0.016953125000000034 0.021562500000000047
7 0.4827270247977863 0.6539240989073364 0.016064016602809695 0.02261600681140917
7 0.5398177083333333 0.6500763888888889 0.016250000000000053 0.022604166666666713
7 0.6453485576923076 0.6439983974358975 0.016796875 0.02333333333333331
7 0.6453140150290888 0.6864260127127775 0.016659007352941124 0.023743872549019565
7 0.7745560552670623 0.6399527077151336 0.018314169139465885 0.023491592482690393
7 0.7744787802917902 0.6817198318496538 0.019009643916913975 0.024727992087042475
7 0.8961254338692001 0.6345083323184346 0.018196816770186253 0.023507591442373982
7 0.8970048617272995 0.6793324213743469 0.018843814699792995 0.025125086266390657
7 0.967310395873678 0.632099098763593 0.01865550052137639 0.02465676051442465
7 0.9693403084142135 0.6759261116012941 0.018981360792492196 0.024656760514424766
2 0.14703986147951661 0.5216046824344239 0.04134200928381961 0.024729221927497786
2 0.15932185208300825 0.4850438185884433 0.021137267904509295 0.01685455349248451
2 0.16020303331725746 0.4446613013423359 0.02362400530503981 0.05249778956675512
2 0.2370859375 0.47973437499999994 0.026171875 0.029270833333333298
2 0.2313815789473685 0.41368695175438597 0.032187499999999994 0.07697916666666664
2 0.3037504211590296 0.5069772012578617 0.033271563342318046 0.03046383647798745
2 0.31300890049415986 0.4237187406409104 0.044642857142857116 0.11343216531895782
3 0.12444916658679958 0.5624224623559732 0.03583037825059101 0.12435973207249797
2 0.2199982235728108 0.5152520762780196 0.03900580551523949 0.023433720367682653
3 0.19742348151220848 0.5480793033774022 0.04224851432080268 0.15621603088038719
3 0.27439124344301385 0.5426502145922746 0.036994814020028646 0.16526585598474006
4 0.28305901838416136 0.7322302665737553 0.05330023364485981 0.12947819314641743
4 0.23386323735955056 0.7346629213483146 0.055546874999999975 0.12666666666666668
4 0.18815453506097565 0.7362588922764226 0.047968749999999984 0.12416666666666659
10 0.9633428025561426 0.8386896640212302 0.06702709564254068 0.0864060192023634
10 0.9452124876907927 0.8875964221237485 0.03127307976366307 0.005539143279172857
10 0.9927451070901034 0.8881662358444115 0.012328055760709056 0.003846627277203396
10 0.7556433067053981 0.8311269466634389 0.01506331699346406 0.08816721132897598
10 0.6862826908390168 0.8345283490811782 0.03872395833333329 0.07962009803921574
10 0.706103515625 0.8351302083333334 0.005703124999999964 0.013854166666666619
11 0.49102220978293987 0.7731980600666185 0.22652662432828524 0.32456694756554316
1 0.056744318181818174 0.6877007575757575 0.022031250000000002 0.07291666666666667
1 0.6438299005681819 0.6594010416666668 0.01765625000000002 0.08760416666666669
1 0.7731614583333336 0.6553194444444443 0.020390625000000016 0.08958333333333333
1 0.8960059057590429 0.6512248241687982 0.021090467436974868 0.0939907212885154
1 0.9677950137684741 0.6483015295914636 0.021881319514661258 0.10279743849005728
