7 0.8858645202266953 0.4042081949058692 0.042566445182724164 0.08824750830564779
7 0.8858708817829457 0.5067598744924325 0.04490240863787385 0.032876522702104144
7 0.7355489713774597 0.48052964477383087 0.04023048172757475 0.05952380952380955
7 0.8002405177187153 0.245401132029039 0.047497923588039906 0.06194629014396454
7 0.5833648866523353 0.357000358282848 0.03997093023255811 0.049833887043189404
7 0.5291389811738649 0.3298290677166646 0.030367524916943455 0.06056201550387599
7 0.49075625889890845 0.4203992643569055 0.033482142857142794 0.03633720930232561
7 0.4964700996677741 0.3920265780730896 0.015832641196013332 0.016265227021041006
7 0.5326321117109634 0.558187119324474 0.03763496677740861 0.05191029900332224
7 0.581265573089701 0.6102055647840531 0.02751245847176085 0.024224806201550327
7 0.44175664451827246 0.5919257237778833 0.03477990033222591 0.04706533776301214
7 0.36750328765227014 0.6187419250645994 0.03426079734219267 0.04118217054263565
7 0.2985015227021041 0.515688445921004 0.026474252491694328 0.039451827242524946
7 0.3248758871942011 0.4613881757777104 0.02569559800664454 0.04256644518272428
7 0.2476520572450805 0.5457768975210835 0.02335963455149499 0.03875968992248063
7 0.3278784260797342 0.6173864894795127 0.0199854651162791 0.027339424141749783
7 0.2776047434477667 0.6388042943275504 0.022321428571428558 0.022148394241417436
7 0.2730717683479311 0.7149149300312091 0.028810215946843833 0.02041805094130673
7 0.25680766492643564 0.6670967805726943 0.02673380398671097 0.040143964562569204
13 0.29965838079417806 0.7782589780098086 0.02387873754152823 0.049141749723145146
6 0.3314797030730897 0.7460807724252491 0.013237126245847186 0.013496677740863798
6 0.43923899501661123 0.7829457364341085 0.019466362126245862 0.01591915836101876
6 0.5131333056478404 0.8073781838316721 0.015832641196013242 0.01557308970099669
6 0.5595065060908084 0.8029177433247201 0.022061877076412006 0.017303433001107392
7 0.5941003326523128 0.780035840885676 0.012155233380480902 0.02755186232909009
7 0.5737844766619519 0.7832626119754832 0.012155233380480902 0.027699198491277718
7 0.6376547029702969 0.796422677982084 0.011713224893918017 0.026373173031588946
7 0.5286026848858356 0.7580445544554456 0.010497701555869909 0.017385667138142342
7 0.547748971325704 0.7524993570785649 0.010166195190947658 0.01768033946251772
13 0.2414633860970131 0.7549894957983192 0.029504066478076397 0.045526874115983065
7 0.24946178966636162 0.7662087112072551 0.007403642149929279 0.02313177746346066
10 0.09979444934475808 0.9038873487903225 0.0830078125 0.1344086021505377
10 0.24774117233643805 0.8825149316598518 0.14097152217741937 0.17641129032258066
10 0.4994206007389603 0.8542719276768751 0.2130126953125 0.2305772569444444
10 0.9217291226835561 0.8014910274454607 0.1663105867346939 0.32312925170068024
7 0.9942852587463558 0.6918428085519923 0.010698341836734748 0.03125
3 0.8728342899659862 0.36125283446712014 0.06887755102040813 0.22619047619047616
2 0.9228160776505723 0.17841587854654048 0.11798469387755102 0.24957482993197277
7 0.9502152423469387 0.15739264455782312 0.05197704081632661 0.06632653061224489
7 0.9159074344023322 0.3104956268221574 0.039540816326530684 0.03443877551020413
2 0.7793300914115647 0.265217545351474 0.10331632653061221 0.22619047619047616
2 0.5672548185941041 0.3682256235827665 0.09630102040816321 0.18707482993197277
3 0.5267979788069072 0.5200974620617476 0.048150510204081606 0.163265306122449
2 0.4743149275839366 0.43840520078999334 0.09630102040816321 0.13690476190476192
2 0.38111181972789115 0.5039682539682538 0.08609693877551021 0.08758503401360543
7 0.1590138561320755 0.5976644392033543 0.014003537735849059 0.016509433962264217
7 0.2994579081632653 0.2191751700680272 0.029974489795918345 0.023809523809523815
7 0.19429454474097332 0.15322475143903713 0.03571428571428572 0.04209183673469387
6 0.260536123853211 0.09677624872578999 0.03750955657492359 0.026121304791029573
6 0.30178143244370303 0.04584260031507737 0.027952981651376118 0.03599643221202854
6 0.3449445718654435 0.0028032619775739042 0.0081230886850153 0.00541539245667686
6 0.36352149167516135 0.006972760221995697 0.02245795107033639 0.012742099898063202
