7 0.3890199232266436 0.14070609861591696 0.029871323529411777 0.0390625
7 0.29043368366368283 0.19594522591645352 0.032743566176470604 0.05093443627450981
7 0.19987494697398184 0.2580894136500754 0.03274356617647056 0.0555300245098039
7 0.544613108915441 0.3141276041666667 0.027573529411764674 0.05170036764705881
7 0.4656558113302137 0.3629992479946524 0.025850183823529438 0.04940257352941178
7 0.3913749744689542 0.4132412513616558 0.025562959558823505 0.038679534313725485
7 0.6385268951330532 0.427407942343604 0.02326516544117645 0.03791360294117645
7 0.5752477621483376 0.46536991155157714 0.022116268382352988 0.04021139705882355
7 0.5122115663699691 0.5063209494324045 0.02355238970588234 0.03063725490196075
7 0.05457261029411764 0.7161458333333334 0.02987132352941176 0.04059436274509807
7 0.03823461829584774 0.5096146914648211 0.027860753676470583 0.04442401960784312
7 0.04796645220588235 0.586523212226067 0.029296875000000007 0.04518995098039215
7 0.12132279545973076 0.5448370598524601 0.02807366529774129 0.03935660506502394
7 0.13301302618069816 0.6135994182067076 0.029517453798767957 0.04192334017796036
7 0.24059933264887068 0.594209873374401 0.023261036960985627 0.03593429158110884
7 0.25078249771845773 0.6535311620655564 0.025186088295687893 0.0391427104722793
7 0.23604337782340862 0.7605806525211043 0.019892197125256673 0.029089664613278523
7 0.2874442537217659 0.7689911661533196 0.01780672484599588 0.029517453798767926
7 0.29460415240702714 0.6161709065328164 0.020052618069815197 0.031014715947980775
7 0.3069955563398358 0.6775779645790554 0.02133598562628336 0.029517453798768044
7 0.34333290554414786 0.6361367784622404 0.020694301848049303 0.031228610540725534
7 0.35558717840318876 0.6930184804928132 0.021496406570841887 0.03165639972621494
7 0.4158411672227926 0.6674313398357288 0.018287987679671415 0.026950718685831633
7 0.4265913757700206 0.7167322610084418 0.018127566735112934 0.028661875427789123
7 0.40305290494021007 0.7880002617063251 0.017004620123203296 0.023956194387405934
7 0.4386810992043122 0.7951798853524983 0.015560831622176608 0.022458932238192966
7 0.45081293313655024 0.680519015229295 0.017967145790554452 0.029089664613278523
7 0.4609387340072658 0.7277516716685095 0.0176463039014374 0.025453456536618783
13 0.5752209501789974 0.6610481304693716 0.02666318615751795 0.06289777247414476
13 0.6382131684190157 0.6291927368896343 0.024052804295942743 0.06090891010342089
13 0.7032614311077477 0.5943909230261752 0.0274090095465394 0.06588106603023078
1 0.053475582542516206 0.5309485499076073 0.055347411444141695 0.16150090826521346
1 0.13606600678418507 0.5688648075033829 0.05279291553133516 0.14816076294277927
1 0.2543721848412389 0.617429192385401 0.05364441416893735 0.1365236148955495
1 0.30947196657954734 0.6410452464364492 0.04874829700272478 0.12431880108991832
1 0.35713573975302915 0.6584318897713877 0.045980926430517724 0.11580381471389636
1 0.42977724127798256 0.6817053569838473 0.04044618528610355 0.10927565849227973
1 0.46533840348487016 0.7008057866054782 0.042362057220708405 0.09735467756584922
10 0.06419501048846267 0.8842538832284487 0.13699383802816903 0.17752347417840372
10 0.294397277304176 0.8958603595255744 0.12819102112676056 0.15441607981220665
10 0.4598500932062965 0.897721911534567 0.0855523767605634 0.12654049295774641
