7 0.26303819444444443 0.27179687499999994 0.017500000000000026 0.03416666666666668
7 0.341484375 0.18012499999999998 0.012265624999999992 0.01864583333333334
7 0.34373263888888883 0.4262789351851852 0.013671875 0.016874999999999987
7 0.3449348958333333 0.4707291666666666 0.005859375 0.016145833333333335
7 0.3530403645833334 0.47236111111111106 0.004531249999999964 0.014895833333333346
7 0.3441887019230769 0.5062740384615384 0.007265624999999965 0.017604166666666643
7 0.3528971354166666 0.5069704861111111 0.003359375000000009 0.0140625
7 0.2901896766169153 0.47195114172726116 0.006458094144661297 0.020570225794106396
7 0.2984585377309258 0.47042975681035376 0.004574483352468395 0.015188480673555323
7 0.2897053195560658 0.5038190457966577 0.006816877152698053 0.01889590508993493
7 0.2983729190585533 0.5045343338253785 0.005022962112514362 0.01614523536165328
7 0.3982271634615385 0.47388621794871794 0.006484375000000009 0.017500000000000012
7 0.4065696022727273 0.4732765151515152 0.0028906250000000355 0.01395833333333337
7 0.39797475961538464 0.5069871794871795 0.003515625 0.016770833333333297
7 0.4822510901162792 0.2870906007751939 0.015312499999999929 0.03177083333333333
7 0.5292119565217391 0.20044384057971015 0.012734374999999964 0.017916666666666654
7 0.6293195564516131 0.30606182795698916 0.016015625 0.02791666666666668
7 0.6935461956521739 0.3141711956521739 0.01796875 0.025208333333333322
7 0.7577976190476188 0.32117063492063486 0.017109374999999982 0.022708333333333344
7 0.5335000000000001 0.4344739583333333 0.011640624999999983 0.018124999999999978
7 0.49044084821428574 0.4774553571428573 0.006015625000000036 0.017083333333333308
7 0.49792668269230766 0.47786858974358976 0.0033593750000000533 0.013437500000000036
7 0.49035456730769234 0.5106730769230768 0.007265625000000053 0.01604166666666664
7 0.49803819444444447 0.5100694444444445 0.0025000000000000356 0.014583333333333334
7 0.5403365384615385 0.48104166666666665 0.00546875 0.01739583333333338
7 0.54078125 0.5124444444444444 0.007109375000000018 0.01895833333333332
7 0.6736358173076924 0.48679487179487185 0.00625 0.01593750000000001
7 0.6747712053571429 0.5182142857142856 0.007109375000000018 0.0171875
7 0.5898557692307691 0.4824439102564103 0.0046875 0.015000000000000036
7 0.5903320312499999 0.513515625 0.004765625000000018 0.014479166666666644
7 0.5987165178571429 0.5158184523809524 0.002265624999999982 0.011979166666666667
7 0.7203645833333334 0.48825 0.006640625 0.016354166666666715
7 0.7206640625 0.5193815104166666 0.006953124999999982 0.016979166666666618
7 0.7663177083333333 0.5215486111111112 0.007656250000000054 0.016979166666666677
7 0.76556640625 0.49083984375000006 0.008437499999999964 0.019166666666666703
7 0.854466858789625 0.3439451248799231 0.020488112391930713 0.03392170989433237
7 0.8883511271994136 0.3273231304985338 0.023185483870967794 0.034610215053763466
7 0.924263902889785 0.30728466621863804 0.023059475806451603 0.03595430107526886
7 0.8868229166666669 0.43138194444444444 0.013437500000000036 0.022395833333333334
7 0.9588019402472527 0.35310663728632474 0.009765625 0.02378806089743589
7 0.9820087139423078 0.342864760086727 0.013709435096153832 0.017903645833333332
7 0.9951855468749999 0.3999038461538461 0.009698016826923173 0.02178485576923078
7 0.9974435659555286 0.43914012419871795 0.004413311298076828 0.010391626602564112
6 0.2861751302083334 0.18723958333333332 0.011484374999999991 0.02822916666666666
6 0.38672265625 0.1973072916666667 0.010078125000000026 0.025833333333333344
6 0.469737215909091 0.2031107954545454 0.016171875000000037 0.021666666666666678
6 0.5157324218749999 0.20313802083333332 0.012031249999999983 0.016562499999999977
6 0.5630820312499999 0.2127864583333333 0.015625 0.022499999999999996
6 0.6463749999999999 0.2234895833333333 0.013203124999999982 0.02458333333333333
6 0.6907070312500001 0.2265208333333333 0.01320312500000007 0.02177083333333334
6 0.7337062499999998 0.22841666666666668 0.01570312500000002 0.024062500000000025
6 0.8057968750000001 0.23804999999999998 0.016796875 0.021354166666666667
6 0.8463606770833334 0.24258680555555553 0.017343750000000036 0.02041666666666666
6 0.8859049479166667 0.24674045138888887 0.017421874999999965 0.019479166666666683
9 0.8876939729080935 0.21044095793324186 0.008760931069958922 0.018432784636488335
9 0.8475330075445815 0.20770461819844535 0.008921682098765515 0.015110596707818936
9 0.8234224141342196 0.203659188034188 0.006831918724279973 0.017253943758573403
9 0.7302668065200619 0.19229172025034294 0.007555298353909468 0.019825960219478727
9 0.6889694535221498 0.18869018800936013 0.007876800411522656 0.01618227023319617
9 0.661209169238683 0.1851918831447188 0.0073141718106995764 0.017682613168724288
13 0.25469072228223516 0.42446663556908554 0.0320847245409015 0.04782276015581524
12 0.26900877224454656 0.6317795039226942 0.018297933409873714 0.0357587064676616
12 0.4249976935378054 0.6285707451752227 0.00914896670493679 0.031094527363184098
12 0.47969736653272105 0.6306269135093762 0.01381314580941444 0.03755262150784541
12 0.9170957691639648 0.35624252161494513 0.03675565944881889 0.05126312335958006
1 0.769854422198172 0.507029621612955 0.0170510912698413 0.06696428571428577
1 0.7242154674369751 0.5044975165992323 0.015500992063492092 0.06806657848324514
1 0.677943638392857 0.4990044918430337 0.01539765211640214 0.06765321869488533
1 0.5935574613617376 0.49793537663603443 0.014570932539682602 0.06820436507936509
1 0.5437147202227145 0.4959099811328494 0.013640873015873023 0.07082231040564373
1 0.49398126392369796 0.4938525422352178 0.014364252645502607 0.07164902998236335
1 0.40219907407407407 0.4919060216679264 0.015294312169312142 0.07233796296296298
1 0.34837527847396255 0.48738382414369247 0.015500992063492092 0.07564484126984124
1 0.2942869644470254 0.487250371015615 0.016017691798941813 0.07261353615520286
10 0.3382339894326313 0.628238078851402 0.0738873435326843 0.0777990264255911
10 0.5272611913332785 0.6298604861508811 0.05997913769123784 0.07635025498377376
10 0.6882388734353269 0.6341272600834492 0.023796070931849832 0.056646963375058
10 0.7310700854622649 0.6362203535612327 0.027925069541029135 0.05795085767269358
