4 0.1324124115206356 0.6616944569341928 0.11149333172724266 0.2992483203983298
4 0.2617395625828146 0.6563911532883587 0.1096714092140921 0.2848351400180667
3 0.17817626233499942 0.16629554872057756 0.09965938581314879 0.33304498269896193
3 0.3692485440121529 0.20958361871606607 0.10948313148788932 0.3536694284890427
2 0.23928739393939388 0.05077072053872055 0.06427976388888887 0.09554398148148145
1 0.31852253531941027 0.6905627218127217 0.027449324324324297 0.11261261261261252
1 0.5799735658134096 0.7296065596846846 0.023226351351351315 0.09308136261261263
1 0.5169231731731734 0.7226366991991994 0.021642736486486493 0.09730433558558561
7 0.5592559700019735 0.17185855371357148 0.038854351687388974 0.07752368265245707
1 0.7329866187459391 0.7539223251028807 0.020901864035087668 0.08848075048732937
1 0.6826026773198767 0.748329595364919 0.022484756097560954 0.08909214092140931
7 0.671210692594044 0.2295942316483804 0.03624608150470214 0.07314524555903867
7 0.7705786311389761 0.27519157088122603 0.03545258620689653 0.06781609195402298
7 0.32093594139650883 0.0613656830146855 0.04597880299251873 0.0844243557772236
7 0.4022923648573662 0.578542512340557 0.030044243685854698 0.0560156651258346
7 0.40136116862480725 0.6842558262711865 0.030335130970724176 0.050558551617873586
7 0.5137398097826088 0.3495516304347826 0.029296875 0.055312499999999966
7 0.6320570393792607 0.3949652777777776 0.030106297093649027 0.04855130965195554
12 0.2921885490097348 0.9560849558017231 0.02419278700906342 0.030840886203423897
7 0.7331514060818083 0.42673573735199144 0.029685818083961202 0.045635988518119855
7 0.20141904466501243 0.24845153596091332 0.03214445438282647 0.06223911747167561
7 0.956100813933873 0.5213218342330184 0.022773279352226793 0.04364878542510127
7 0.31487726800226795 0.6650050400050399 0.015592515592515576 0.024471586971586964
7 0.5131027253668762 0.7536250873515024 0.014642295597484267 0.026205450733752637
7 0.3135232588357588 0.7223232848232847 0.01721673596673594 0.030102217602217606
7 0.578178602058319 0.7160520297312751 0.01719732704402519 0.0268605870020964
12 0.22109847054380669 0.9524221634776772 0.02560895015105742 0.02895266868076535
7 0.733515019379845 0.7898094315245477 0.015382751937984551 0.02260981912144698
7 0.6753869047619047 0.7331349206349207 0.013482142857142864 0.020833333333333332
9 0.5784752155172413 0.9841594827586206 0.01713362068965516 0.027298850574712576
7 0.6772678571428571 0.7772738095238094 0.015535714285714253 0.027499999999999976
7 0.729722923065672 0.7417178587099605 0.015197637852859458 0.021071010677197678
7 0.5133345428156749 0.7004213030156425 0.016607704402515733 0.02279874213836474
12 0.5426724137931034 0.9766163793103448 0.01293103448275863 0.016379310344827522
9 0.27388595166163143 0.9628021148036254 0.015813821752265866 0.016836606243705886
7 0.5782348316685166 0.7635497595264521 0.015330188679245271 0.02751572327044028
7 0.657818287037037 0.5148688271604939 0.01953125 0.03291666666666669
7 0.5390281945257611 0.5675985558157689 0.021692494877049207 0.04002305327868853
4 0.03146626297577855 0.5910218425605537 0.05568771626297577 0.31031213956170706
2 0.2637571304563492 0.1474557705026455 0.07465277777777782 0.12065972222222222
2 0.4456328538359789 0.21435460758377428 0.0826822916666667 0.11140046296296298
2 0.4157668529810298 0.12090672990063234 0.05946180555555558 0.09606481481481481
10 0.6945545571999062 0.9382952587894446 0.060259205426356655 0.09730297157622741
2 0.053102992957746474 0.061106220657277 0.07757482394366197 0.12470657276995305
11 0.8449825868315841 0.803442289272031 0.28588362068965517 0.3653615900383142
