10 0.37884120901881896 0.8652882059513949 0.08716753646881288 0.09510416666666661
12 0.4299343750000002 0.8725375 0.022968749999999982 0.03864583333333336
12 0.6329687500000001 0.8653869047619048 0.026718749999999947 0.04114583333333333
13 0.002209858569051581 0.7348863006100943 0.009879367720465892 0.03466444814198558
13 0.007693144002420209 0.7261571623052488 0.006239600665557405 0.025478369384359448
11 0.062181823216530555 0.913099194079029 0.03805481790591806 0.1306474673202615
6 0.38034722222222217 0.39262731481481483 0.03312499999999998 0.029479166666666678
6 0.4167236328125 0.3758365885416666 0.02898437499999993 0.0265625
6 0.45293526785714294 0.35579365079365083 0.018203124999999966 0.02010416666666662
4 0.6735285514222666 0.6796872684455442 0.09049695459579184 0.19483665559246954
4 0.749068891499145 0.663677107627903 0.09731692770211682 0.201279725916969
4 0.8304332890070925 0.6538630319148939 0.09398437500000005 0.2109375
4 0.12192930203153782 0.7664953608575356 0.12807254439596316 0.14813235324032045
7 0.48322010869565213 0.39342844202898547 0.020546874999999964 0.02322916666666668
7 0.41574218749999997 0.5037864583333332 0.016171875000000037 0.020729166666666642
7 0.3684624999999999 0.48422916666666677 0.017421874999999965 0.02375000000000001
7 0.3190625 0.46416666666666667 0.018671874999999984 0.02802083333333331
7 0.1992404513888889 0.40331983024691354 0.030468750000000024 0.05802083333333332
7 0.14129375 0.42983125000000005 0.025312500000000005 0.05635416666666669
7 0.3635264756944444 0.5742274305555557 0.01656249999999999 0.03302083333333326
7 0.4003710937499999 0.588125 0.014687499999999964 0.034375
7 0.4315324519230769 0.6105929487179488 0.008828125000000053 0.0125
7 0.43681790865384623 0.5935496794871796 0.015234375 0.024687499999999928
7 0.74539375 0.5002604166666664 0.019687499999999948 0.03843749999999998
7 0.6058820564516131 0.8676108870967741 0.014374999999999982 0.030624999999999975
7 0.07075086805555555 0.7692766203703704 0.010234374999999995 0.0171875
7 0.0356005859375 0.6213411458333334 0.015703125000000002 0.02677083333333326
7 0.08705729166666668 0.6103194444444444 0.018359375 0.0318749999999999
7 0.14075954861111112 0.5923784722222222 0.018124999999999992 0.033958333333333236
7 0.1738454861111111 0.4582754629629629 0.021250000000000012 0.03312499999999995
7 0.5780633223684211 0.46888706140350883 0.020781249999999928 0.04968749999999999
7 0.69509375 0.42895138888888884 0.016015625 0.043124999999999976
7 0.8258265230312036 0.38984758431266603 0.015671433878157438 0.046279098563645364
7 0.7381864480036533 0.24422217510438413 0.03327244258872657 0.04806019485038272
7 0.8729394531250001 0.19127604166666667 0.03687500000000003 0.05177083333333335
7 0.5933816964285713 0.6479166666666667 0.013515624999999965 0.024374999999999977
7 0.5952425986842106 0.6914967105263158 0.016015625 0.024374999999999977
7 0.4035431412200875 0.7180232558139534 0.014060920121334641 0.023698179979777596
7 0.4057549713515335 0.6793899561846983 0.014455889787664367 0.021591675092686204
7 0.4880013020833333 0.6661111111111112 0.01281250000000007 0.020937500000000022
7 0.4882958984375 0.7068880208333334 0.0140625 0.02166666666666662
7 0.36203124999999997 0.6878199404761904 0.013984374999999983 0.021979166666666692
7 0.3604779411764706 0.7246262254901962 0.013203124999999982 0.022395833333333334
7 0.32088169642857145 0.693623511904762 0.012031250000000026 0.020729166666666642
7 0.3190966796875 0.73111328125 0.013125000000000008 0.022083333333333264
3 0.019787075633673178 0.6147448491928631 0.04316953855140186 0.10428835669781927
3 0.018053845101258893 0.5244309888706441 0.02325790229885057 0.031848659003831395
3 0.07183105468749998 0.5927685546875001 0.04234375 0.1125
3 0.12486002604166666 0.5837717013888888 0.043671875000000006 0.11656250000000004
3 0.11946428084061138 0.4837265182759179 0.027656250000000004 0.036649987869966046
3 0.5473109098322827 0.40239794596557416 0.09641590589887636 0.23281388152077806
3 0.6639685948570072 0.36532181630317506 0.09351137686447401 0.25195565847876267
3 0.7941106157420981 0.3253895950327477 0.09422709923664119 0.2720790924512298
2 0.03142163989661221 0.5543151327733162 0.050673434182590224 0.04235226468506722
2 0.05023777173913043 0.48100090579710153 0.023203125 0.03302083333333332
2 0.06900173611111111 0.49437500000000006 0.013124999999999998 0.021562500000000047
3 0.06774181547619049 0.5081746031746031 0.027812500000000007 0.02635416666666668
2 0.07906808035714284 0.5340066964285716 0.054296875 0.04364583333333331
2 0.09253906249999999 0.48294270833333336 0.0078125 0.0038541666666666546
2 0.09772450455612701 0.42735560617918894 0.02612980769230768 0.08842948717948715
2 0.13091867088607595 0.5144627637130801 0.05421874999999998 0.043124999999999976
2 0.16089233398437502 0.4239892578125002 0.04460937499999999 0.11999999999999998
2 0.5795002688042781 0.3452475538576049 0.06468750000000005 0.06677083333333336
2 0.6033717322820942 0.28100038870323957 0.04835606812169306 0.06564539241622575
2 0.590657295498336 0.19413426169206513 0.04967485549132951 0.08453757225433524
2 0.6969884072580644 0.3047412634408603 0.06617187500000003 0.07770833333333335
2 0.7182051711309524 0.2232683256172839 0.052278439153439035 0.08937500000000001
2 0.8356980846774192 0.24745631720430109 0.06796875 0.08822916666666665
2 0.8428707001335148 0.12446357245622285 0.08382028415961322 0.177347843611447
1 0.06686718749999998 0.7582760416666666 0.026015624999999997 0.06822916666666666
1 0.3139608134920636 0.7121676587301586 0.023750000000000028 0.07989583333333337
1 0.3560208333333333 0.7018611111111112 0.02320312499999999 0.08104166666666673
1 0.39949218749999993 0.6966451149425286 0.024062500000000007 0.08572916666666662
1 0.4823316271551724 0.6809877873563218 0.022499999999999964 0.09010416666666667
1 0.589578857421875 0.6631868489583338 0.022265625 0.09562499999999995
