7 0.8980178202479336 0.5659865702479336 0.05658143939393927 0.0694444444444444
7 0.6860203598484848 0.5634864267676766 0.053030303030303025 0.04482323232323229
7 0.48696524064171126 0.5774658348187759 0.053740530303030276 0.05713383838383841
7 0.2107075801240066 0.8679100078595755 0.05741174351585014 0.11557396733909696
7 0.24172787657271383 0.7764945174667887 0.052458573487031715 0.09996397694524492
7 0.1766593119596542 0.45095611191162344 0.066867795389049 0.1215778097982709
7 0.2167237031700288 0.3799746123233154 0.05471001440922192 0.08615513928914502
6 0.18541956018518516 0.16441743827160493 0.11089409722222221 0.0642361111111111
1 0.22565838766496654 0.4219464745780534 0.17459514170040485 0.17417341430499325
1 0.2594949882460492 0.829229426958629 0.1584640688259109 0.22140688259109317
14 0.4895826846431686 0.5292403578693902 0.05436347926267286 0.15552995391705066
14 0.5047799982275789 0.9195542360864941 0.0504032258064516 0.08016513056835646
14 0.6707915020847048 0.912309816399678 0.035282258064516105 0.1094470046082949
14 0.6698828725038403 0.7901305683563749 0.011880760368663524 0.059043778801843416
14 0.6731437708565073 0.5711455188304466 0.06012384792626726 0.263536866359447
14 0.8569898473502302 0.8985975102406555 0.04248271889400925 0.10800691244239632
14 0.8658154121863799 0.7751429424816522 0.030241935483870996 0.05712365591397853
14 0.8828894461010206 0.5004084967320261 0.0763248847926267 0.3926651305683564
