7 0.853810319227914 0.9853827951002228 0.0325375835189309 0.02642678173719387
6 0.8707956882020429 0.5647677899356263 0.030815423514538587 0.10508849557522121
6 0.6437653433684346 0.5767895212869046 0.029717682020802362 0.1369799405646359
6 0.5151633073026594 0.5759975493644763 0.028241302588996754 0.14040587918015107
6 0.3820382788371155 0.5729463906047179 0.02792651403249633 0.14309453471196457
7 0.10641583620406822 0.2345629647856518 0.05505659448818897 0.0516732283464567
7 0.20287823673240335 0.23419545988990434 0.04546957671957672 0.050521751910640796
7 0.33543751078143863 0.23202853966611078 0.05375445632798574 0.054404337492572806
7 0.3306415719696968 0.48134469696969695 0.049453124999999966 0.05145833333333331
7 0.21455336942469297 0.48127844887955185 0.040949973739495785 0.05525647759103644
7 0.12564164137654601 0.4862841655214537 0.05084613347457625 0.06261122881355927
14 0.08430412285001337 0.21781611116062147 0.0902360807860262 0.07278020378457058
14 0.19844683478860295 0.21171300551470587 0.059972426470588244 0.07873774509803923
14 0.33551940945233627 0.22964501623038205 0.054229624542124544 0.08146367521367522
14 0.10446052310799987 0.46239580793833224 0.08506327708703375 0.09269538188277089
14 0.20661088289747745 0.45286102753992125 0.05820050335570468 0.09507829977628633
14 0.3347990782188714 0.465410302221175 0.04953101071975494 0.08996937212863708
