7 0.9355094588122604 0.5798112228607919 0.04817708333333339 0.0778356481481481
7 0.9339554398148149 0.7350983796296297 0.037109375 0.07349537037037036
7 0.9340040467625899 0.9075689448441246 0.03484712230215816 0.07887440047961634
14 0.9278309979982844 0.48152583166523677 0.06476533457249065 0.26990396530359356
14 0.907563625965113 0.6199659231722429 0.016844795539033442 0.04956629491945475
14 0.9223009603469642 0.7472520537886091 0.05024395910780673 0.09371127633209421
14 0.9278518273015527 0.9271237274339722 0.0511152416356877 0.1671739467162329
14 0.6998485157952068 0.4968857281970026 0.05287247474747474 0.2563832772166105
14 0.4908788404882154 0.48998792488375825 0.048400673400673354 0.21534792368125696
14 0.6898107679357679 0.7368287576620909 0.01630892255892258 0.08908529741863079
14 0.5113344089038533 0.7379154196283826 0.014730639730639705 0.06523569023569031
14 0.510925224466891 0.9107109454331679 0.016571969696969724 0.064884960718294
14 0.6923839085297419 0.9073664889637112 0.013678451178451123 0.06593714927048258
14 0.7102752401465636 0.9869829834290618 0.04050925925925926 0.02919121773288443
14 0.4892077020202021 0.9895536382341937 0.03945707070707068 0.023930274971941758
