6 0.07595033054975643 0.2568329926351194 0.028624086638830905 0.040231384829505945
6 0.027811543924825172 0.28504129334207456 0.02986027644230769 0.030799278846153834
7 0.25405697615235695 0.1542650863176491 0.03591096072186835 0.04927766579385975
7 0.3085706018518518 0.12787037037037038 0.03726562499999999 0.04468749999999999
7 0.19351151589547272 0.023571002552152682 0.03297686418109187 0.0393919218819352
7 0.1465055031446541 0.05407232704402517 0.038620283018867926 0.05096960167714884
7 0.2503002450980392 0.5360559640522876 0.03054687500000002 0.05677083333333328
7 0.4674331400200266 0.742975587820798 0.03732841705607477 0.05196164330218072
7 0.5917418981481481 0.7218287037037038 0.03484375000000002 0.05447916666666674
7 0.5701757812499999 0.727421875 0.0028125000000000177 0.0078125
7 0.02773643620619673 0.6346612434041401 0.028317802056555264 0.04150599828620389
7 0.10097078604168941 0.6137625504747354 0.03207533013205281 0.045143057222889145
7 0.08490817943770672 0.6904458379272326 0.03126722712238148 0.04559445056964352
7 0.1842968646372198 0.588460836981032 0.03318680362116992 0.04758588672237695
7 0.16778125000000005 0.6724531250000001 0.03359375 0.049479166666666664
7 0.36188053369404816 0.5376393671093621 0.03586813668224296 0.05281347352024917
7 0.35069822745558166 0.6245984188177451 0.031432457537155 0.051530431705590844
7 0.4844773277334853 0.499009348899013 0.03683798405466972 0.05564255884586178
7 0.47212926032982666 0.5970054667857616 0.03841373271470161 0.05802083333333338
7 0.6205021630847711 0.4574817579906014 0.03987869953978081 0.05602737160345577
7 0.6125 0.5595028409090907 0.04328124999999998 0.06427083333333337
7 0.9321023821754206 0.3683355806686358 0.032215150250417504 0.06834307178631054
7 0.9281507085997868 0.48715888400390805 0.03554968525179838 0.07287919664268584
7 0.8972571942446042 0.48102143285371696 0.009133318345323715 0.04121702637889684
1 0.01568273948598131 0.618249824766355 0.041875 0.08738512461059192
1 0.01391796875 0.7078645833333332 0.025937499999999995 0.042395833333333265
1 0.07801601890756303 0.6415642507002803 0.07164062499999999 0.16499999999999998
1 0.16001027960526312 0.6228837719298246 0.07445312500000001 0.17604166666666674
1 0.3402919880922024 0.5689722293059808 0.07166907514450864 0.1948958333333333
1 0.46302959341437083 0.5295118532167764 0.07116798410878111 0.2077083333333333
1 0.601066130050505 0.4890751262626264 0.06859375000000005 0.22135416666666666
1 0.9118515053390259 0.40302777450364086 0.0585526432107498 0.25471667256011316
10 0.10505205280337788 0.9687043944513559 0.1645795036764706 0.0775428921568628
10 0.4902169844810584 0.9546993717112348 0.23684731012658222 0.11255274261603378
