6 0.7644346366579999 0.1387772942847513 0.054913949275362396 0.05251466528640442
6 0.8525602678571429 0.19791220238095228 0.051406249999999966 0.04552083333333335
9 0.8462586805555556 0.1809259259259259 0.019765624999999964 0.04489583333333333
6 0.5927458849362026 0.019067203885504206 0.052721438694451096 0.031643894937041346
7 0.026766142563325396 0.25680387168939883 0.04100251677852349 0.05564876957494406
7 0.236755525380884 0.6944124194393202 0.03731179971988796 0.07017390289449103
7 0.3423790020394122 0.5114988246760693 0.047816001400560235 0.06317110177404293
7 0.4260019351764829 0.7727162959482038 0.04300301535087714 0.06556103801169601
7 0.4999773118311651 0.5908351400989245 0.046572905477980694 0.060307017543859705
7 0.5084163851351351 0.7636486486486486 0.03304687499999996 0.04468749999999998
7 0.5861538059108861 0.8342007926968861 0.04131610576923075 0.06447816506410256
7 0.6444925707759473 0.6609412038287273 0.03695975672877845 0.05628881987577638
7 0.8225950235109718 0.9330100574712643 0.0393318965517242 0.058045977011494304
7 0.8484058779761906 0.7485044642857144 0.025468750000000106 0.029999999999999954
7 0.958822544642857 0.798470982142857 0.022812500000000034 0.022812499999999975
7 0.9679185267857141 0.8317113095238095 0.01726562499999993 0.017708333333333333
7 0.9345104412923563 0.9714486164466771 0.035553339243498884 0.05148492907801424
3 0.2730975029726517 0.6137633769322238 0.08663793103448274 0.27313218390804594
3 0.4475561057756437 0.7006788826641767 0.07900035014005606 0.2574988328664799
3 0.604703414351852 0.7623881172839507 0.06320312499999999 0.234375
3 0.8433966619318181 0.8722285353535356 0.06242187500000007 0.22302083333333336
3 0.9515040887850466 0.9162938084112144 0.06039062499999996 0.18979166666666672
2 0.3714806559044841 0.5847617859336609 0.1142842060810811 0.10803772522522527
2 0.35112744097119114 0.4875600188100189 0.05740603885135136 0.12123451576576573
2 0.5436500026874976 0.662725749811875 0.1139974961479199 0.0988700564971752
2 0.5092243975903613 0.566137349986456 0.05704728739002931 0.11485826001955032
2 0.693123507890739 0.7297609266321479 0.10967729746070135 0.08703647722692469
2 0.8987711148648648 0.8453941441441443 0.0875781250000001 0.07135416666666666
2 0.8611863111413042 0.7342210144927539 0.05085937500000011 0.07312500000000005
2 0.6549699284785435 0.6328666829215432 0.052929941482444766 0.10633398352839182
