6 0.04419873569582873 0.10512796850006154 0.0898048172757475 0.041528239202657795
9 0.07514015780730895 0.15097245293466222 0.03763496677740863 0.05571705426356588
9 0.07712387280493592 0.28718754943838004 0.03763496677740864 0.04360465116279067
6 0.04590676007511195 0.3164045572728586 0.0965531561461794 0.0519102990033223
6 0.04770850310286466 0.5309737980317182 0.10044642857142856 0.05156423034330005
7 0.28584035358329374 0.7742050308495492 0.02673380398671097 0.06229235880398664
7 0.28310579318936874 0.5958869739756366 0.028031561461793995 0.07544296788482836
7 0.2881670473421926 0.9138808139534883 0.028810215946843833 0.05848560354374304
7 0.5213647959183674 0.9018054896377155 0.011420265780730876 0.05571705426356589
7 0.5193192829457364 0.761235695828719 0.009862956810631207 0.05052602436323366
7 0.7059059088751779 0.9001245847176078 0.020504568106312248 0.06229235880398664
7 0.703236236355007 0.7539847334282551 0.019466362126245862 0.05710132890365441
7 0.7031826781100036 0.5659376153562199 0.021802325581395367 0.06921373200442957
7 0.5151676829268294 0.5821138211382114 0.011432926829268285 0.04979674796747962
7 0.46341463414634154 0.5806910569105691 0.009146341463414665 0.05081300813008127
14 0.27952447493224936 0.550657746160795 0.04725609756097562 0.2230691056910569
14 0.29637957317073177 0.7988567073170733 0.03887195121951219 0.09247967479674794
14 0.29416920731707324 0.9366361788617887 0.036204268292682903 0.11991869918699187
14 0.5263250469043153 0.9197936210131332 0.024390243902439046 0.07418699186991873
14 0.7133888540172167 0.9365106408417027 0.047484756097560955 0.143775406504065
14 0.6984638836772985 0.7560193871169483 0.02820121951219514 0.08841463414634146
14 0.4992724501108648 0.9791204730229122 0.03849085365853657 0.039126016260162544
14 0.7149390243902439 0.48127736085053174 0.04268292682926829 0.0813008130081301
14 0.6975878766140602 0.57457556193209 0.029344512195121998 0.15904471544715454
14 0.48736423399390255 0.5279789126016262 0.0625 0.14888211382113822
