7 0.1124915483434753 0.4535863195853054 0.016433189655172396 0.04633620689655172
7 0.14185075431034483 0.45735751915708805 0.020923132183908046 0.055316091954022956
7 0.10631449050271351 0.5604351137770162 0.01687017994858612 0.04913774635818342
7 0.1318341443261109 0.5647493573264781 0.022895244215938294 0.053690017137960545
7 0.2906490384615385 0.46433493589743596 0.01796875 0.05260416666666667
7 0.31534801136363644 0.4648674242424242 0.015625 0.05229166666666665
7 0.28726128472222234 0.5689641203703705 0.020078124999999992 0.05406249999999998
7 0.31480468749999996 0.5718824404761906 0.016171874999999992 0.05145833333333331
7 0.4603390269151138 0.47360248447204956 0.02013781055900621 0.0506815044858523
7 0.4891249999999999 0.47673958333333327 0.009921875000000035 0.04354166666666668
7 0.46532064471879286 0.5733977290047249 0.02218364197530871 0.059870827617741304
7 0.4923670053155006 0.5738633116140832 0.010609567901234573 0.044867398262460036
7 0.7514384191176471 0.48939338235294116 0.02890625 0.053958333333333344
7 0.7607679764556157 0.5857262169901369 0.02949262249443212 0.054635300668151386
7 0.8994861577181208 0.4975111856823267 0.03345218120805367 0.05480984340044746
7 0.9182750000000001 0.5918249999999999 0.03835937499999993 0.05510416666666664
7 0.7085038632190944 0.027667278661770704 0.039397184822521414 0.04564463484292126
1 0.1264514307228916 0.47720256024096414 0.05507812499999999 0.2241666666666667
1 0.3017081404320988 0.49423996913580254 0.04890624999999997 0.22093750000000004
1 0.4753952347827246 0.4825558110998685 0.04612138373362447 0.2147443595342067
1 0.7707749368686868 0.5154198232323232 0.05804687499999996 0.20666666666666664
1 0.920569087009804 0.5173141339869282 0.06765624999999993 0.20250000000000004
10 0.20607299804687504 0.9409049479166666 0.04695312500000002 0.11968749999999997
10 0.29602658991228076 0.9443293128654973 0.04375 0.1203125
10 0.3819427849264706 0.9439200367647056 0.043984375000000006 0.11843750000000004
10 0.8475499656887973 0.9385518528049405 0.07749640804597693 0.12647270114942538
10 0.9344823955240937 0.9347249129531188 0.10690673200514134 0.12960850471293917
