7 0.24553416805209194 0.19804366398817771 0.026106608478802994 0.06364297589359934
7 0.052903961686692355 0.24340191188694935 0.029613466334164583 0.05584995843724026
7 0.07971087905236908 0.38924667497921867 0.011552758728179546 0.01739115752285952
7 0.13348790322580645 0.45639784946236556 0.01734374999999999 0.03104166666666668
7 0.11430121527777777 0.5231192129629629 0.013671875 0.024374999999999977
7 0.11233506944444445 0.5695775462962963 0.014921874999999996 0.024687500000000046
7 0.6766360294117648 0.7756372549019607 0.011093750000000036 0.016145833333333335
6 0.10249902813118464 0.39223005607388556 0.017692430025445304 0.014180449533502977
6 0.13614888146734522 0.38794352558665535 0.019978530534351148 0.02345737913486007
6 0.2923197115384616 0.36230368589743595 0.015312499999999974 0.02333333333333331
6 0.4655498798076925 0.3342908653846154 0.015156249999999982 0.025833333333333344
6 0.549421875 0.3193624999999999 0.012031249999999983 0.026979166666666644
9 0.555375 0.27953472222222225 0.007578124999999947 0.01875
9 0.4496323529411764 0.2975980392156863 0.008828125000000053 0.017500000000000012
9 0.37347013549188596 0.2892709708310686 0.02636923480083859 0.04869846261355691
9 0.06537387604745315 0.3552268697235037 0.013387392900856799 0.0492146062831497
12 0.14175599563953492 0.07358890503875969 0.1437590843023256 0.12384932170542635
12 0.3386363292136193 0.7860904115675109 0.012779443838604142 0.03498727735368957
12 0.5444625946969697 0.7723011363636363 0.01960937500000002 0.03812500000000003
4 0.49576065082334064 0.6830520669806384 0.035929828150572884 0.11865793780687402
4 0.46193057828696105 0.7034304532642298 0.028257978723404253 0.11610065466448442
3 0.4887576219512194 0.5270316442388562 0.02613146551724137 0.11296695402298855
3 0.34130618842364535 0.5393421592775042 0.024649784482758584 0.1020114942528736
2 0.5143645966709347 0.48666406583440036 0.029709507042253502 0.03557805164319247
2 0.5213605853873241 0.4098019699637217 0.034661091549295794 0.09114583333333333
1 0.10770127665061895 0.5452523211829438 0.025575997248968373 0.10101444291609353
10 0.7927472064094454 0.768017780588938 0.028594771241830054 0.08374183006535958
10 0.8438599798893917 0.7568362102675827 0.03999863834422666 0.08351488743645609
11 0.01700062292358804 0.871314368770764 0.009603405315614617 0.06575304540420829
11 0.016767026578073087 0.9643549280177186 0.009862956810631226 0.02353266888150607
11 0.04467169619785898 0.968146302448628 0.026474252491694356 0.025609080841638963
11 0.11441029900332225 0.9721991509782205 0.07838455149501662 0.026993355481727595
11 0.17299107142857142 0.9663102159468437 0.021542774086378724 0.027685492801771853
11 0.21023671096345514 0.9755675526024362 0.035299003322259125 0.04706533776301214
11 0.17305595930232556 0.9883720930232557 0.023100083056478392 0.02007198228128466
11 0.11173691860465115 0.9749619324473975 0.08227782392026577 0.047411406423034326
11 0.04732488925802879 0.9844788205980066 0.026733803986710956 0.03149224806201557
11 0.24971514223421926 0.9754966085271318 0.0251764950166113 0.04692344961240321
11 0.28016180632459703 0.8333974201222262 0.015832641196013287 0.11351052048726468
11 0.24460295110049834 0.7781894552879289 0.033482142857142884 0.16749723145071987
11 0.20595411129568103 0.7666993858854323 0.03997093023255811 0.1685354374307862
11 0.1694871262458472 0.845376522702104 0.020245016611295696 0.09862956810631225
11 0.008753964059196616 0.7736836806604248 0.01661129568106312 0.053640642303433
11 0.045749366147927954 0.8151009791921664 0.03737541528239202 0.15953765227021038
11 0.11162241059214384 0.8022380463813431 0.0807205149501661 0.15573089700996678
8 0.9458489571127255 0.2728668658698538 0.03268177290836647 0.2531540504648074
8 0.796234704040979 0.2952560506274223 0.03610557768924307 0.25315405046480743
8 0.730863311460042 0.303792997942869 0.03237051792828689 0.24443891102257634
8 0.668898270554147 0.3155182301098635 0.034238047808764896 0.23447875166002655
8 0.25562969840701627 0.4895665533082751 0.03518211920529803 0.15659492273730682
8 0.20805133568999462 0.49931761231430094 0.03906249999999998 0.14797185430463575
8 0.16431029975601252 0.5070636545834786 0.038803807947019875 0.15383554083885204
8 0.053158208840289545 0.5230793418553314 0.03569950331125828 0.15107615894039733
8 0.015159354304635757 0.522859754415011 0.036734271523178805 0.1383140176600442
