6 0.3261134273690774 0.3685285484206151 0.04208229426433916 0.02649625935162098
6 0.43820342236513987 0.39123682023012646 0.043835723192020025 0.023119285120531963
6 0.5391640143063394 0.4089420090125564 0.05162874064837908 0.0215606816292602
6 0.753661024070259 0.44853897864035563 0.04539432668329182 0.01948254364089775
6 0.8245189582861029 0.46276354568125133 0.04870635910224434 0.020521612635079005
6 0.8629506086142322 0.17817571785268418 0.09884129213483153 0.07139513108614232
6 0.7317240168539325 0.22897940074906367 0.021067415730337036 0.03066479400749064
6 0.7411155090228123 0.11734621495857447 0.05091292134831464 0.06086142322097377
6 0.7495234751203852 0.1533351168182629 0.04283707865168536 0.024812734082397016
6 0.5937433226495727 0.18084935897435894 0.027604166666666697 0.03657407407407405
6 0.46324728260869563 0.14243156199677942 0.032638888888888926 0.03773148148148149
6 0.5473611111111111 0.08092592592592592 0.04079861111111107 0.03009259259259259
6 0.4449768518518519 0.04271604938271605 0.0375 0.03333333333333333
6 0.2730208333333333 0.08818518518518516 0.03125 0.04699074074074074
6 0.3360185185185185 0.014212962962962967 0.03541666666666665 0.027083333333333334
