7 0.9497549019607844 0.1222151520864756 0.02686651583710411 0.06716628959276019
7 0.9762777306435396 0.11851642366348249 0.030578337104072338 0.06858031674208145
7 0.08506729579207922 0.0475299092409241 0.03418935643564357 0.06250000000000001
7 0.033781503150315036 0.19927617761776178 0.030785891089108907 0.042491749174917506
7 0.12646039603960396 0.25121287128712877 0.02552599009900991 0.040841584158415885
7 0.17084113136923446 0.11356455767527972 0.03279702970297029 0.06002475247524752
7 0.20406024977497755 0.2947513501350134 0.023669554455445517 0.036509900990099035
7 0.24399038461538464 0.1676398409071677 0.028774752475247523 0.053630363036303634
7 0.07688419117647058 0.5680147058823529 0.012578124999999996 0.021249999999999977
7 0.0778125 0.5235661764705881 0.012187499999999995 0.021562499999999988
7 0.3506832299675042 0.2451470899051544 0.02554527126099706 0.04780669599217984
7 0.3977909131638971 0.28297083740632123 0.01958852639296187 0.044293743890518066
7 0.39112364153872686 0.34019931286297506 0.019932184750733172 0.03528225806451613
7 0.4451163283541056 0.31399395924975565 0.020046737536656957 0.04521016617790809
7 0.3905109581542454 0.4076277944475982 0.021547573189522364 0.037076271186440656
7 0.3400390898585235 0.49741443712938316 0.02154757318952232 0.03787878787878789
7 0.3406863925269646 0.5681095916795069 0.020464175654853634 0.03852080123266563
7 0.3791015625 0.6129687500000001 0.009531249999999991 0.013541666666666667
7 0.37862379807692303 0.645841346153846 0.008203125 0.014791666666666595
7 0.40289062500000006 0.6502812499999998 0.007187499999999991 0.015104166666666667
7 0.4025390625 0.6185833333333334 0.007343749999999982 0.014374999999999952
7 0.4385581813599706 0.3769932184750733 0.01683925953079175 0.034976783968719435
7 0.4388159251282991 0.43426006537145645 0.01683925953079184 0.0336021505376344
7 0.48217415460043994 0.4016411595796677 0.015350073313782974 0.03238025415444768
7 0.4818599299446073 0.45718441131747584 0.015235520527859236 0.032074780058651046
7 0.5169767228739003 0.4720459047178062 0.014777309384164194 0.023521505376344128
7 0.5125024258237019 0.3601449744120522 0.02176502932551321 0.04612658846529817
7 0.5445100392583485 0.384246996499858 0.02176502932551321 0.04444648093841638
7 0.5546951368523949 0.42017961876832843 0.013631781524926723 0.025048875855327425
7 0.5757582720588237 0.5370649509803922 0.013359375000000017 0.02489583333333337
7 0.5428515625 0.5189687500000002 0.013984375000000071 0.028749999999999963
12 0.7017774184226904 0.14134787795263923 0.08950824386503067 0.09218430470347647
4 0.7224655653521282 0.7109152177490128 0.04757903343023253 0.08720930232558147
4 0.552559330399375 0.655205034343767 0.03359506745362566 0.11277403035413158
1 0.35146180182599346 0.5265805883757011 0.043048469387755084 0.14562074829931973
1 0.4007336324896694 0.37032971763085404 0.04172585227272725 0.13731060606060605
1 0.45054615794361885 0.40011746066433573 0.037064985795454586 0.12961647727272727
1 0.4933715933489486 0.42958012085427555 0.03396739130434785 0.12127616747181964
3 0.5534448739047795 0.4961425834067343 0.034439322469982867 0.09201686678101773
3 0.5838386054489608 0.5181698512106585 0.029481132075471716 0.08558461978273299
11 0.33947228478478475 0.7589464464464465 0.034839527027027015 0.20833333333333334
11 0.25975975975975973 0.7711774274274273 0.01900337837837838 0.15371621621621626
11 0.473759764740776 0.7694754651125729 0.25663860103626945 0.35189982728842834
