12 0.9709223977695165 0.14533379801734828 0.047775325278810496 0.08364312267657993
12 0.7076024241016107 0.2054774628252788 0.03412523234200746 0.06389405204460967
12 0.5698003748673036 0.2418695815640482 0.0300225583864119 0.04102530077848548
9 0.7455011074197122 0.27149470899470896 0.013583194905869256 0.047411406423034326
9 0.6220584163898117 0.29547671781891055 0.01375622923588038 0.033337947582133626
9 0.6204145902547066 0.27595130429432757 0.012631506090808386 0.04095145810262091
10 0.6102596380121817 0.07861766718961487 0.2115885416666666 0.22569444444444448
10 0.3127228642566395 0.17454137750789628 0.14256274606299207 0.18803313648293965
10 0.13039031742125987 0.24076853674540674 0.11426550196850394 0.15132874015748035
7 0.047713152066929124 0.05794441710411198 0.02153051181102363 0.037934711286089245
7 0.0818269298368954 0.036250351518560174 0.023683562992125984 0.03280839895013123
7 0.11958661417322833 0.01593257874015748 0.024452509842519676 0.027066929133858268
7 0.04439899114173228 0.01129839238845144 0.01814714566929133 0.01968503937007874
7 0.17197327044025157 0.07444730322088813 0.009782375643224706 0.027694396798170377
7 0.30654041966696666 0.012352797779777974 0.02610612623762374 0.02629950495049505
