8 0.05249616644431119 0.39009135157598857 0.05985495464814132 0.2014544025157233
8 0.16672815049933012 0.4765495663845248 0.03486257002801123 0.12879318394024283
12 0.018238075657894738 0.1602905701754386 0.055859375 0.09052083333333334
12 0.11846818756672936 0.07332334435502808 0.15265625000000002 0.15552083333333336
12 0.2734394054878048 0.03369918699186991 0.05679687499999999 0.065
12 0.6590186737804878 0.6391539634146345 0.02453125000000007 0.03093750000000005
11 0.20184503937306836 0.7094266383881365 0.036271955132928066 0.13781145204560694
11 0.2161171875 0.8437916666666667 0.012031249999999983 0.01843749999999993
11 0.29968847720108654 0.7386907391727168 0.08078125000000003 0.20145833333333332
11 0.36144935344827583 0.6839439655172412 0.028515625 0.13156249999999994
11 0.41177095130237823 0.7187382030955077 0.01566039071347678 0.09826821442053604
13 0.3111049107142857 0.5748214285714286 0.006562500000000027 0.013854166666666739
13 0.30415922619047614 0.5640228174603175 0.013203124999999982 0.028750000000000022
10 0.5054197916666666 0.6637972222222223 0.04328124999999998 0.07072916666666676
10 0.6192535665760872 0.6436435688405795 0.06890624999999995 0.07416666666666671
10 0.9583005139665387 0.6055588353916334 0.06500000000000003 0.10197916666666665
4 0.46663561592067254 0.5961632987590004 0.09928558526011563 0.10260537090558763
4 0.8369393806555718 0.5161389602026649 0.06197358346094948 0.12383296201020753
4 0.885778775549011 0.505665424159093 0.06197356969419197 0.12880512865519897
4 0.9327085597826084 0.4863034420289856 0.06593750000000007 0.13218749999999999
9 0.3184760802469135 0.1593158436213992 0.03734375000000001 0.12625
9 0.5848798076923076 0.2255288461538461 0.012265625000000035 0.0171875
9 0.6371657986111112 0.20091435185185186 0.012734375000000053 0.016249999999999994
9 0.7133593749999999 0.1626388888888889 0.005546874999999929 0.0171875
9 0.7212239583333333 0.1601736111111111 0.0029687500000000534 0.00791666666666666
9 0.7820435855263159 0.1318311403508772 0.014531250000000018 0.018125000000000006
6 0.5075173611111111 0.294525462962963 0.019843749999999983 0.013437499999999976
6 0.528828125 0.28392992424242425 0.0109375 0.017395833333333322
6 0.6206759510869564 0.2464855072463768 0.0265625 0.021354166666666667
6 0.712890625 0.20106770833333337 0.013203124999999982 0.018333333333333358
6 0.7261093750000001 0.21020833333333336 0.00625 0.009062499999999989
6 0.7275420673076923 0.1985897435897436 0.009375 0.007604166666666649
6 0.7983101851851853 0.16701003086419755 0.022109374999999966 0.025
7 0.40989514802631577 0.37455043859649123 0.016874999999999928 0.03718749999999999
7 0.4490570494186047 0.35674660852713186 0.021015624999999982 0.038854166666666676
7 0.49004763719512184 0.33872205284552853 0.019062499999999982 0.039895833333333346
7 0.7108816964285715 0.2706498015873015 0.018125000000000037 0.021250000000000005
7 0.7923772321428572 0.22446800595238098 0.022421874999999945 0.029062500000000005
7 0.8638390625000001 0.18227291666666667 0.0265625 0.051874999999999984
7 0.9429134908536586 0.14772611788617881 0.027187499999999965 0.05281249999999999
7 0.7670572916666667 0.3800954861111111 0.01648437499999993 0.028645833333333332
7 0.839353693181818 0.35584280303030297 0.015625 0.03302083333333332
7 0.9194140625000001 0.3304583333333333 0.014921874999999928 0.031562500000000014
7 0.6975948660714286 0.47936755952380955 0.010546875 0.016770833333333356
7 0.699044471153846 0.5116987179487179 0.012109375 0.017916666666666654
7 0.5968810096153845 0.5043830128205128 0.010312500000000035 0.01843749999999999
7 0.5640738577362409 0.5118012287988923 0.008680555555555535 0.015468155070958762
7 0.5661979019163598 0.5423491141949086 0.009248442367601228 0.01600899965385949
7 0.46377840909090906 0.4780492424242425 0.009999999999999964 0.022708333333333344
7 0.42390625000000004 0.4902430555555556 0.012890625 0.021458333333333298
7 0.3851627604166667 0.5012847222222222 0.012109375 0.022187500000000013
7 0.33075 0.4616822916666667 0.0125 0.024270833333333346
7 0.33165798611111114 0.5000115740740741 0.013906250000000009 0.02322916666666662
7 0.29801589809331214 0.47382065819249847 0.011849089989888784 0.018958543983822077
7 0.2987603218739467 0.5106238063138973 0.01129613245702732 0.020538422649140565
7 0.2664676339285715 0.4851934523809523 0.012031250000000026 0.022291666666666644
7 0.2683940972222222 0.5203703703703704 0.011796875000000017 0.0207291666666667
7 0.2751040319974144 0.30963827838827834 0.038405987394958 0.05310457516339871
7 0.08320460365174795 0.24671256092431773 0.03037324649298597 0.049369572478289894
7 0.013677455357142857 0.3057738095238095 0.028437499999999998 0.047291666666666704
3 0.36683238636363635 0.43534564393939396 0.01773437499999999 0.0203125
3 0.3750049867021278 0.49599955673758866 0.02710937499999999 0.07395833333333333
3 0.40499131944444444 0.42068287037037044 0.019062500000000027 0.02052083333333332
3 0.41289893617021267 0.48511303191489363 0.03179687499999999 0.07687500000000001
3 0.4466829466829466 0.4053575668159001 0.019117890211640187 0.02342372134038803
3 0.45345138888888903 0.4723009259259261 0.02664062500000002 0.07864583333333333
3 0.7456955948795182 0.33941641566265063 0.06796875 0.15083333333333335
3 0.8189821428571425 0.3184166666666667 0.065625 0.15864583333333335
3 0.8986943493150681 0.2953010844748859 0.06484375 0.17229166666666665
2 0.38471036059351277 0.4577007131354957 0.030894151138716363 0.0251250862663906
2 0.38580078124999995 0.40369791666666666 0.016874999999999973 0.01843749999999999
2 0.42515280109506454 0.370381189944738 0.03523129423660265 0.06635490394337715
2 0.418345494923858 0.4408312182741117 0.035850253807106644 0.02464043993231814
2 0.45655078125 0.42782812500000006 0.03687499999999995 0.025
2 0.4667777122641509 0.3522386006289308 0.035781249999999966 0.08427083333333331
2 0.7643320312499999 0.3128072916666666 0.04351562500000004 0.035000000000000024
2 0.7683175223214286 0.22566964285714283 0.028750000000000053 0.04708333333333335
2 0.7767288773148147 0.26959956918724276 0.022344393004115216 0.015003429355281235
2 0.8427213541666665 0.28348524305555556 0.044375000000000143 0.04375
2 0.8517230902777777 0.23981481481481481 0.022734374999999928 0.0203125
2 0.8405544969512194 0.17760924796747973 0.038046875000000036 0.07406250000000002
1 0.6938981119791664 0.49234592013888895 0.020937500000000053 0.07010416666666668
1 0.6278800675675675 0.5060022522522521 0.019374999999999965 0.07052083333333338
1 0.5934241539710289 0.5147951007326009 0.020776098901098904 0.06444597069597062
1 0.5611614583333334 0.5249467592592593 0.019062499999999982 0.06270833333333338
1 0.32559042322692466 0.4793412056430256 0.024883088978766434 0.0811004381530165
1 0.29199544270833333 0.49368200231481507 0.02164062499999999 0.07916666666666666
1 0.9667251922926752 0.4248252772138061 0.022371105341246356 0.0837660731948566
