12 0.46757799999999994 0.9213539999999999 0.03515599999999992 0.065625
6 0.15242470032507105 0.05380815725314913 0.01807096962616823 0.024338006230529598
6 0.20673498157800146 0.009253122753414809 0.02409462616822431 0.023242795950155763
7 0.01761482254697286 0.04443574576664346 0.030662839248434236 0.03936151704940849
7 0.12648066624307888 0.12188549514386855 0.03066283924843425 0.034794711203896996
7 0.35429090104998867 0.28622056417865027 0.02608030415430269 0.03168273986152321
7 0.0336366561784897 0.50898646071701 0.026521381578947366 0.03919956140350879
7 0.020456414473684206 0.5765602156432748 0.026521381578947366 0.03837719298245616
1 0.023558602198990627 0.5278966894977171 0.04749177631578947 0.13870614035087722
7 0.09522391461400852 0.4833063850282098 0.028790250447227182 0.038014311270125195
7 0.08415014410653947 0.5550862430707394 0.02893000894454383 0.04323196183661295
1 0.08083318763969446 0.512066004360525 0.057553272450532725 0.15791476407914765
7 0.0990088358482988 0.43121975825731057 0.02924812811980033 0.03345119245701612
1 0.2069812776482544 0.46692857783357233 0.06419462316176469 0.17654718137254896
7 0.22593950320512818 0.4362633547008547 0.03289062500000002 0.04791666666666667
7 0.2145580357142857 0.5135238095238095 0.03328125 0.04666666666666662
1 0.2963276700068517 0.4352812392942787 0.06875749400479618 0.1828537170263789
7 0.31535385915405595 0.40353277722649467 0.03498763489208634 0.04927308153477217
7 0.30345450202338126 0.4872742431055156 0.037516861510791345 0.05451888489208638
1 0.3959851687944194 0.3977732627007109 0.06896551724137927 0.19540229885057472
7 0.4148112639452332 0.36537039384719416 0.036503232758620684 0.05226293103448274
7 0.4055016762452109 0.4530651340996169 0.037715517241379316 0.05352011494252871
7 0.6337817597008774 0.2845553887220554 0.041700708061002165 0.0594589687726943
7 0.6282825630252101 0.3869242141300965 0.03965822440087141 0.06127450980392156
1 0.618494609129741 0.3162454468518235 0.06263616557734206 0.22739651416122006
7 0.7922782368517165 0.22592271325379434 0.048740146396396344 0.06686373873873874
7 0.7925816441441442 0.3373686186186186 0.0397663288288288 0.0720251501501501
1 0.7789743853622529 0.26436362833421667 0.06123310810810807 0.24587087087087087
7 0.9777149499805752 0.15347667378917382 0.03467548076923066 0.07466491841491842
7 0.9816615675990678 0.27723144910644915 0.026496940559440497 0.07430069930069934
1 0.9649376375938876 0.18955104823160382 0.05325065559440549 0.27134324009324007
7 0.07439723486764457 0.6644115663463162 0.02821509863429439 0.03366843702579665
7 0.13366826139493057 0.6489853219430862 0.031060318664643406 0.038726605968639305
7 0.33528032598902435 0.6030046140825074 0.03377375296912115 0.04156769596199534
7 0.42771913174414655 0.5822305169098517 0.036000593824227954 0.044784243863816305
7 0.7616985402808573 0.5104756918781309 0.043191056910569084 0.055724932249322554
6 0.7937230055894309 0.5097285738482384 0.014100609756097527 0.01405826558265583
6 0.837940379403794 0.5015018066847335 0.01359247967479682 0.014905149051490518
7 0.9240494978479195 0.47545034273872144 0.047129065040650356 0.06182249322493221
10 0.8474026052230741 0.8085871112905741 0.3176303392594789 0.3291146536212326
10 0.32845631294015576 0.8393145972964086 0.2048013663967611 0.23743252361673417
10 0.05534373166606891 0.8405261542900764 0.09684164175447625 0.18078119987449906
