12 0.38112386067708337 0.23640950520833334 0.0836181640625 0.12166341145833333
12 0.4499053955078125 0.4265340169270833 0.057373046875 0.1025390625
7 0.22104964717741934 0.6220388104838709 0.04410282258064515 0.07686491935483868
9 0.5705915178571429 0.6456356956845238 0.02685546875 0.054117838541666664
8 0.13590547621255678 0.8296431110698939 0.03891397338403042 0.3065589353612168
8 0.1662286434360616 0.8563940447601893 0.035052281368821284 0.2740811153358681
8 0.19586101329358224 0.8804007878211773 0.03445817490494298 0.24959204689480347
8 0.24570104562737635 0.9159549631293927 0.027031844106463865 0.18740890367553859
8 0.26572896863117873 0.9219938212927761 0.021090779467680586 0.16001267427122937
8 0.2830435592436543 0.9406685678073509 0.020496673003802268 0.1374366286438529
7 0.37822302756654 0.8422449302915083 0.014258555133079831 0.048320659062103984
7 0.45370512748825764 0.9550902109893388 0.02406131178707227 0.042775665399239556
7 0.47970733642578123 0.988720703125 0.01861572265625 0.017106119791666666
7 0.40415796740301724 0.5965309581537356 0.04638671875 0.09114583333333333
7 0.6453959147135417 0.5339510478670635 0.0445556640625 0.08585611979166667
7 0.6276811872209821 0.39481995597718256 0.05126953125 0.10457356770833333
7 0.6017703101748512 0.1993136935763889 0.06378173828125 0.11637369791666667
8 0.5673653738839286 0.936279296875 0.0372314453125 0.14689127604166666
9 0.6634426116943359 0.8757273356119791 0.02777099609375 0.10986328125
12 0.395263671875 0.4442545572916667 0.0396728515625 0.074462890625
9 0.5122093900966185 0.30921648550724645 0.06717995169082122 0.17763687600644124
9 0.6008762668918919 0.6475225225225226 0.00823479729729728 0.03012387387387392
9 0.5973923141891893 0.763865427927928 0.023648648648648685 0.02843468468468468
