11 0.604306175595238 0.7779590201465201 0.03720238095238102 0.16941391941391945
11 0.680746336996337 0.6690132783882784 0.07898351648351651 0.13240231990231996
11 0.7950982441471572 0.7972009874183786 0.015677257525083643 0.2285395763656633
11 0.8719168060200667 0.7189474173169826 0.06976379598662223 0.23237179487179488
11 0.86675637541806 0.5987188196767 0.06244774247491645 0.08953455964325532
11 0.9705830331875482 0.5763603035760226 0.025867474916387856 0.05852842809364548
6 0.9952101623467111 0.5601803465254551 0.008154786789297753 0.013238573021181683
7 0.8481550019673421 0.42326546003016585 0.022732023411371215 0.0306577480490524
7 0.8513404055183946 0.4787442516722407 0.022732023411371215 0.02996098104793757
7 0.8669523411371234 0.05516755197062102 0.025344899665551777 0.03797380156075809
7 0.8395637989727665 0.10410445532728141 0.026912625418060186 0.045638238573021184
1 0.8586699496702535 0.45017162250761694 0.034520348837209267 0.1101421188630491
7 0.9644660342717257 0.5255507955936353 0.007841187270501848 0.0057374541003672045
7 0.9567204712362299 0.528015775873793 0.004303090575275448 0.004717462260301926
7 0.9635097919216646 0.5137571399428805 0.0068849449204405385 0.0057374541003672045
7 0.891265682374541 0.5341357269141848 0.005833078335373365 0.0057374541003672045
