7 0.1051341048164232 0.14737547703645218 0.043938758389261756 0.056487695749440694
7 0.16530371800222587 0.23516238483892904 0.046431552587646065 0.06190873678352808
7 0.16752667439258317 0.33179397778132996 0.04565617007672636 0.06260656436487638
7 0.227250934303698 0.22735542879622347 0.039729420731707335 0.05297256097560975
7 0.28930664062499994 0.3123278855363985 0.041576867816091934 0.05519636015325672
7 0.29342639833711265 0.4007192102430198 0.03667091836734691 0.05604514533085965
7 0.39349021119250743 0.37782633222057355 0.03662833827893173 0.051001483679525235
7 0.4017265167205496 0.46243033104330833 0.032156117397454054 0.051567656765676574
7 0.479390625 0.3894434523809524 0.03140624999999995 0.04072916666666663
7 0.538814484126984 0.4675077101547689 0.032278536414565816 0.0444969654528478
7 0.5431750246394853 0.43377381816924304 0.021774334733893497 0.03457633053221289
7 0.5496730382293763 0.5409630401456358 0.035525653923541255 0.04432847082494972
7 0.6045713682432434 0.472705518018018 0.026328125000000036 0.03604166666666663
7 0.6062062042558958 0.5104146335953735 0.02973279936974791 0.038749999999999986
7 0.6170042833561017 0.578054440839405 0.03249871926229506 0.04194415983606549
7 0.6752826286764707 0.6135079656862746 0.028359375000000055 0.04468749999999998
7 0.6644962284482758 0.546232040229885 0.027734375 0.04156250000000004
5 0.1904415195132108 0.2617870588550735 0.09859375 0.24281250000000001
5 0.31387227426289915 0.335591848533025 0.09304687499999997 0.2232882882882883
12 0.16398863374310396 0.8112667707353992 0.0526889534883721 0.06362199102407178
12 0.2075431473373383 0.8190527101788683 0.04978649068322982 0.061853002070393376
12 0.24620389663498993 0.8265062704471101 0.04983983097055615 0.06043256997455468
5 0.4170749275993996 0.4030138254320151 0.08538088422391854 0.20912849872773537
11 0.4266589738942198 0.7699810670704124 0.2735186736823715 0.316775626172349
