10 0.2677952244811738 0.9489701942363873 0.15618693508043888 0.117981628276326
6 0.4837004206730769 0.2676983173076924 0.03687500000000003 0.033437499999999995
6 0.5139965820312499 0.3298600260416667 0.04874999999999998 0.03843749999999998
7 0.5723470529947153 0.3635689877340641 0.02912293256997458 0.029288592027141645
7 0.6836109885260371 0.3162878787878788 0.029581310679611672 0.035598705501618075
7 0.808623660030628 0.2725114854517611 0.03325995405819295 0.03349923430321595
7 0.7251343752070498 0.5529122220013692 0.02292039355992843 0.029442456768038146
7 0.9815084134615384 0.9438902243589744 0.012031250000000071 0.014479166666666762
7 0.9431912878787878 0.8896811868686869 0.016953125000000034 0.02052083333333338
7 0.9963461538461539 0.8787820512820513 0.005390625000000071 0.015625
7 0.9617135416666667 0.8018194444444445 0.016171875000000037 0.013020833333333334
7 0.8936874999999997 0.816015625 0.016953125000000034 0.01604166666666664
7 0.8120288825757577 0.6839993686868688 0.01945312500000007 0.024479166666666666
7 0.8382924107142855 0.7173921130952381 0.012578125000000107 0.018541666666666737
7 0.8270543981481481 0.6974652777777777 0.009843749999999929 0.016666666666666666
7 0.8908818193740163 0.6638216179984846 0.01960296817625462 0.027922276621787034
7 0.975669178794179 0.6423885423885423 0.023798076923076828 0.028525641025640997
14 0.7233367025305181 0.5522698921856901 0.05118534482758621 0.05946679438058749
14 0.790955122552345 0.4579319857097635 0.0424382716049382 0.04850088183421513
14 0.8058783972050753 0.5142782636031092 0.051118827160493915 0.0434027777777778
14 0.9210267857142856 0.4887797619047618 0.03515625 0.04979166666666668
14 0.892041015625 0.4183311631944443 0.04523437500000007 0.061875000000000034
14 0.8190685386473433 0.6856116287094546 0.04523437500000007 0.0921428571428572
14 0.8958414601636108 0.6605723463627873 0.045626531862745165 0.08156249999999995
14 0.9767649695636452 0.6281934734276222 0.04212622549019614 0.07914624183006538
7 0.17542978791773783 0.7012337992716368 0.030125321336760935 0.02958976006855186
7 0.2577830966811673 0.745869279208824 0.03640092685370742 0.04582080828323309
7 0.3400076446355981 0.7972954171506 0.03239329268292681 0.04391695702671316
7 0.5075295608108108 0.89946509009009 0.026406250000000055 0.036666666666666715
7 0.555625 0.926724537037037 0.025078125000000017 0.033749999999999974
7 0.08251953125000001 0.3076540389150943 0.04097877358490567 0.06387578616352206
7 0.07333431603773585 0.41413475767665564 0.04215801886792453 0.06603773584905663
7 0.28491762866762876 0.4866399889548037 0.03720238095238093 0.052910052910052956
7 0.2822871572871573 0.5777572907202535 0.038993606701940034 0.05493092298647859
7 0.3257018794030404 0.4570037309974045 0.0265920467185762 0.026186503522432326
7 0.3708664263231095 0.5642507259107437 0.03390125173852572 0.04882359758924437
7 0.3715857286354504 0.6500355753876267 0.035313803894297634 0.05041724617524335
7 0.44423708961225117 0.6274838875097607 0.030623382923673947 0.04622143165157399
7 0.4472581815321142 0.7085198069997551 0.03234152652005173 0.047434238896075814
7 0.516391059027778 0.641154513888889 0.021015624999999982 0.025520833333333333
7 0.551429556197479 0.7933119793970216 0.027983849789915992 0.041688550420168016
7 0.5492489964735894 0.7177011429571827 0.02658876050420176 0.03731179971988799
7 0.597478715760828 0.7648126012021329 0.023054614181438993 0.0356273896419881
7 0.599743842035657 0.8321835499376892 0.024358055265901957 0.03834289190128596
7 0.6387860576923077 0.8007585470085471 0.020703125 0.034791666666666644
7 0.6431822916666667 0.864997685185185 0.02335937499999998 0.0375
7 0.7059832317073169 0.8589507113821139 0.019140625 0.031041666666666738
7 0.7086925551470589 0.9152022058823531 0.01796875 0.028541666666666642
7 0.7361908143939393 0.8851136363636365 0.016250000000000053 0.031145833333333428
7 0.7392857142857143 0.9393333333333334 0.01960937500000002 0.029166666666666667
7 0.7651562499999999 0.9126204427083332 0.015234375 0.0296875
7 0.7686305147058825 0.9649234068627451 0.01765625000000002 0.03260416666666662
7 0.8070558035714287 0.9474970238095236 0.016171874999999947 0.02645833333333331
7 0.81080078125 0.9895260416666667 0.017578125 0.015416666666666618
7 0.8279175646551723 0.9650862068965517 0.01484375 0.02354166666666669
7 0.8466308593749998 0.9832877604166668 0.013671875 0.02354166666666669
1 0.09056799965584703 0.34201149893735205 0.07972831156716417 0.23126554726368156
1 0.2985194846266071 0.523280850118148 0.06425712096390637 0.20095144356955383
1 0.3859746077184051 0.5903466921119592 0.05566157760814248 0.18858672603901608
1 0.4555203631671009 0.6574121642834718 0.053675400291120834 0.17300460941290627
1 0.5599403297244094 0.7468791010498684 0.04515624999999997 0.15531250000000002
1 0.607340337989724 0.7845371262399203 0.04172687861271669 0.1530587668593449
1 0.64844116424338 0.8165011316960162 0.0391407815631263 0.12848613894455585
1 0.7122815533980582 0.8699929207119743 0.03515625 0.10916666666666662
1 0.744614526098901 0.8979063644688644 0.030937500000000017 0.11416666666666657
1 0.775085299744898 0.9305537840136054 0.032109375000000016 0.11656249999999997
1 0.812961379716981 0.9404422169811321 0.026874999999999982 0.04395833333333326
1 0.8168619791666665 0.9875578703703703 0.02624999999999993 0.022812500000000093
1 0.852420343137255 0.9729881535947711 0.02351562499999993 0.052291666666666715
