7 0.03928133753501399 0.2989709772798007 0.014662114845938374 0.018090569561157822
7 0.08775385154061624 0.3030559446000622 0.016084558823529403 0.019987161531279145
7 0.16916546242774563 0.30805291769887144 0.014721820809248554 0.01854527938342964
7 0.21630298132183903 0.2036877394636015 0.013559626436781613 0.019995210727969327
7 0.27890624999999997 0.3154613095238095 0.006484375000000009 0.018333333333333358
7 0.3123187500000001 0.14465416666666664 0.012187500000000018 0.021354166666666667
7 0.3399909855769231 0.12661858974358972 0.014140624999999973 0.028125
7 0.3730091594827586 0.10031609195402297 0.01499999999999999 0.028750000000000008
7 0.4654630537303942 0.052558022467147095 0.016923219584569705 0.034000989119683474
7 0.5209625690678401 0.01612115863433269 0.021675630563798266 0.03291913946587537
7 0.7448250084231807 0.0206929469901168 0.026827830188679246 0.041273584905660375
7 0.6264290364583334 0.17004774305555553 0.010078124999999983 0.018125000000000006
7 0.6499843750000001 0.16176666666666673 0.010312500000000035 0.018125000000000006
7 0.675653125 0.150025 0.011875000000000035 0.019895833333333328
7 0.8515272177419355 0.08034274193548388 0.015877016129032206 0.03108198924731183
7 0.890453629032258 0.06662634408602151 0.014616935483870996 0.02503360215053764
7 0.933478242607527 0.04906614023297491 0.016633064516129004 0.027217741935483875
1 0.04018764518002322 0.3050292779713511 0.014608739837398372 0.05149051490514906
1 0.08804992787831104 0.3091889588250721 0.016133130081300805 0.052506775067750706
1 0.1693740472560975 0.3125423441734417 0.014735772357723564 0.05165989159891596
4 0.8599759026553009 0.29290623571101954 0.04064704585537911 0.08744855967078186
4 0.8852044008294007 0.2867202519980298 0.038718033509700156 0.08799970605526163
4 0.9119341563786012 0.28567264354301414 0.03858024691358022 0.09351116990005881
1 0.7594457781024944 0.18491241345718956 0.022065154994259473 0.07857347876004589
3 0.8475849917081263 0.1814310898084105 0.02487562189054735 0.07203565505804312
3 0.8092890581813157 0.19635618205269942 0.0244869402985076 0.0671987285793256
11 0.7845929610611895 0.38993635002139493 0.028709349593496025 0.10924796747967479
11 0.8363630589430894 0.4157181571815718 0.012703252032520318 0.08163956639566396
11 0.7500935311723513 0.4382082486258565 0.04375670600858372 0.14172031473533617
11 0.6315802709227467 0.4893709763948498 0.013076716738197458 0.03576537911301862
11 0.665604881974249 0.5129798521697663 0.04191255364806867 0.06281294706723889
11 0.6662070256616596 0.384943520505484 0.043589055793991346 0.08606044349070104
11 0.6280265275581658 0.38641903847601833 0.020118025751073 0.08829577968526466
8 0.637296303656598 0.1546951363127834 0.025871459694989073 0.11801016702977489
8 0.5751813649842654 0.0722118837246833 0.017871732026143762 0.15613652868554828
8 0.5574278322440086 0.08885080680872169 0.015829248366013005 0.1488743645606391
8 0.5417262391067539 0.09004894396030019 0.016850490196078472 0.147739651416122
8 0.5081919197076978 0.1135091382231905 0.015829248366013092 0.13684640522875818
8 0.4937297231694611 0.1209554876701083 0.015148420479302782 0.1302650689905592
8 0.48025939542483664 0.1290804284676834 0.018041938997821295 0.1302650689905592
8 0.4541810075093868 0.14569233918941887 0.015148420479302871 0.12663398692810457
8 0.44216367102396503 0.1527676914387154 0.014637799564270183 0.12391067538126363
8 0.43074278322440085 0.15756172839506177 0.013616557734204716 0.12459150326797386
8 0.36314480989528425 0.25094730245742264 0.016680283224400894 0.07307552650689904
8 0.33019151287966153 0.26858660130718953 0.018722766884531606 0.07443718228031955
8 0.30435008970908617 0.28033421974454265 0.01582924836601305 0.07239469862018882
