2 0.6641962451495091 0.14423869486925867 0.0918026706231454 0.17865974282888228
2 0.41056194362017806 0.3862343764049995 0.06375185459940655 0.0649109792284867
3 0.3704954255671469 0.4387540017662968 0.07599043715846995 0.2407786885245902
3 0.48272892375988075 0.38265454992935416 0.06930024916943527 0.25643687707641194
3 0.6089340059901338 0.34495988205980066 0.07890365448504984 0.2789313399778516
10 0.6920698819920982 0.8967994038954739 0.08631277292576423 0.10712336244541483
10 0.24616683151923957 0.9489736333997653 0.10304225042158514 0.09306442411467113
10 0.45349539377598014 0.9205894468786278 0.0769137596899224 0.0952842377260982
1 0.2737034890059954 0.7690318517385842 0.025804384965831418 0.0870213826356674
10 0.11968634747802287 0.9598420479853699 0.05087874156829678 0.07545759663433671
7 0.9300533337294985 0.036909383831180836 0.04302724625623959 0.07539517470881864
1 0.1898641471000526 0.7899153451901175 0.0217112756264237 0.07545558086560362
1 0.23011741129978605 0.7791863682381907 0.02366884965831435 0.08637053910402427
7 0.036084171455938695 0.46494186355896133 0.03151939655172413 0.05974616858237548
7 0.7364051299283154 0.335200119474313 0.028477822580645195 0.043514784946236534
7 0.181079382183908 0.529907293377121 0.01526580459770115 0.02897509578544059
7 0.4683359375 0.7072708333333334 0.015859374999999964 0.025729166666666595
7 0.47006944444444443 0.7531365740740742 0.015156249999999982 0.027291666666666714
7 0.23685763888888892 0.7635416666666666 0.01484375 0.020937500000000022
7 0.2802390328590786 0.754590814137308 0.017030297256097525 0.023977388211382098
7 0.27959063770325204 0.7933004460252936 0.01393387957317076 0.022707063008130034
7 0.19223632812500002 0.8107161458333334 0.01460937499999999 0.02020833333333331
7 0.19353794642857144 0.7735714285714285 0.012812500000000004 0.019791666666666666
7 0.12412446120689655 0.7885985392720305 0.0163433908045977 0.02262931034482752
7 0.2344957386363636 0.8041477272727272 0.01640625 0.019791666666666666
7 0.41505214313050126 0.7234792915763065 0.015248277841561464 0.025832376578645247
7 0.4159079900975889 0.7669883754305395 0.013902841561423695 0.023918867202449335
7 0.12428160919540229 0.8271243842364531 0.013290229885057459 0.01700191570881226
7 0.28708051108374383 0.5692648467432949 0.016612787356321813 0.020593869731800753
7 0.2364104406130268 0.5506864623243933 0.017420977011494275 0.0237068965517242
7 0.2421267361111111 0.6550636574074074 0.015468749999999965 0.02510416666666669
7 0.2796684451219511 0.6607660060975609 0.01703029725609757 0.028423526422764193
7 0.3193818733667247 0.6786485554587689 0.011790205792682907 0.020483993902439105
4 0.5023561507936506 0.72140009553204 0.08358134920634921 0.2037037037037037
4 0.5847800925925926 0.7050434133767467 0.08531746031746028 0.21230158730158735
4 0.6653163580246914 0.6899939373897708 0.09077380952380949 0.22321428571428575
2 0.6567389398435393 0.2707012633755957 0.061897255192878385 0.08098417408506427
2 0.5201571772997033 0.14614629698318493 0.051465133531157295 0.06583827893175073
2 0.5318527448071216 0.3345388229475767 0.06722922848664688 0.06552917903066273
2 0.5382565674637807 0.2465162622912666 0.05517433234421363 0.08809347181008903
2 0.4138124250268323 0.22140102489635285 0.051465133531157295 0.08067507418397628
2 0.42931470045713366 0.3086905525703746 0.052624258160237414 0.06491097922848663
6 0.25180592489298226 0.4610682319366974 0.01870784148397977 0.020903597526700384
10 0.9305862831858404 0.8770543615676359 0.0553097345132743 0.1106194690265486
