7 0.933594 0.0286458 0.0453125 0.05729170000000001
7 0.0553566261574074 0.45119598765432095 0.035590277777777776 0.033950617283950574
2 0.01455026455026455 0.5107473544973543 0.03298611111111111 0.06905864197530866
2 0.04700012512512511 0.42874124124124113 0.03877314814814814 0.08217592592592589
7 0.0985423900462963 0.6022135416666665 0.03125 0.03896604938271615
3 0.09430508314436883 0.5320845930964978 0.03414351851851851 0.1820987654320988
7 0.17556042884990247 0.44156107862248206 0.03298611111111112 0.05015432098765433
2 0.16663359788359788 0.42069003527336857 0.04311342592592593 0.09066358024691355
2 0.14233310931899643 0.4982452210274792 0.05671296296296298 0.055941358024691405
7 0.22770061728395058 0.596090534979424 0.02401620370370372 0.041280864197530916
3 0.22002529149519892 0.5340506401463192 0.0379050925925926 0.19328703703703703
7 0.2989326131687242 0.4354423868312757 0.03819444444444442 0.05054012345679014
2 0.2731481481481481 0.49516263057929744 0.0454282407407407 0.05941358024691355
2 0.29531250000000003 0.4179269547325102 0.04050925925925926 0.09490740740740738
7 0.5137785914008066 0.2744163305219411 0.02997370049504946 0.03996493399339931
7 0.5331377551020409 0.34338435374149656 0.025988520408163306 0.035714285714285705
7 0.5503826530612245 0.40404443027210896 0.024553571428571442 0.03337585034013604
1 0.5047704303075397 0.5254319609788359 0.04286024305555554 0.15444155092592596
7 0.5039321973128019 0.5562946608293077 0.0439453125 0.05642361111111113
1 0.649942578237152 0.4905822327495454 0.0390625 0.1998546511627906
7 0.6506177325581395 0.46140180878552967 0.03633720930232558 0.04481589147286821
7 0.64948976501938 0.548061006136951 0.0384568798449612 0.04723837209302329
7 0.802117904554818 0.45676928358892194 0.039822470817120606 0.048232814526588834
7 0.8027656182447039 0.5442967286352501 0.04043044747081703 0.05066472114137479
1 0.8028730385277794 0.4856238438476751 0.04073443579766547 0.21076523994811935
7 0.8436478758169935 0.2525676937441644 0.022321428571428648 0.04563492063492062
7 0.8455444677871148 0.3266223155929039 0.023809523809523725 0.03538359788359789
7 0.8452656525573193 0.39388594944150496 0.02703373015873023 0.033730158730158756
7 0.09643325834270718 0.7186308742657167 0.020300196850393692 0.02358103674540679
7 0.1622879043991784 0.7204742240100422 0.019377460629921274 0.022555774278215188
7 0.2305904441971928 0.7207238531324889 0.01968503937007875 0.023786089238845183
10 0.12937417850519456 0.8655423066073685 0.20833333333333334 0.2570847362514029
1 0.48782310956790126 0.7711869855967081 0.02387152777777777 0.1640625
10 0.6604732126282333 0.8649559087094827 0.21854235880398676 0.25020764119601324
4 0.42299107142857134 0.97227733686067 0.030381944444444465 0.05516975308641972
4 0.46700231481481475 0.9735185185185186 0.0465856481481481 0.05594135802469135
