10 0.6301427128775228 0.8966349406811575 0.23558812111801242 0.21037569013112492
10 0.17882538052228608 0.9491755067403084 0.18288963834672792 0.11228592613853815
6 0.6008392857142856 0.7141250000000003 0.016015625 0.01427083333333338
6 0.2571109858247424 0.06305412371134021 0.04875000000000003 0.06885416666666666
6 0.34493492930591263 0.013201585261353899 0.03243492930591261 0.03869430162810626
7 0.15450802364864863 0.7707713963963965 0.026796875000000008 0.03927083333333338
7 0.2446588541666667 0.7415972222222221 0.026328125000000036 0.04072916666666669
7 0.5476442963187397 0.6647035802656164 0.031136775362318847 0.046260351966873614
7 0.6748758012820513 0.6318696581196583 0.036484375000000034 0.04895833333333333
7 0.8207578124999999 0.5997239583333334 0.03960937500000004 0.04197916666666674
7 0.9942463875348191 0.2820415506035283 0.009163910167130852 0.04171889507892293
7 0.14794354838709675 0.46433131720430104 0.02515624999999999 0.030416666666666654
7 0.052290773080065356 0.6261580152894493 0.029050682773109245 0.04212622549019614
7 0.047902084899160716 0.6996279855108772 0.025278325817361884 0.04169015407741448
7 0.138607421875 0.67246875 0.029296875 0.044166666666666764
7 0.14544577205882353 0.592156862745098 0.029921875000000007 0.04208333333333331
7 0.2427857730263158 0.5560745614035087 0.03031250000000001 0.04541666666666657
7 0.23783203125000002 0.6374251302083332 0.03203125 0.04614583333333329
7 0.44056651356456034 0.4859739869505495 0.031078296703296714 0.049450549450549455
7 0.44322630494505494 0.5759415064102562 0.029361263736263778 0.04979395604395608
7 0.5747833806818182 0.44207859848484843 0.02742187500000002 0.05145833333333331
7 0.580373263888889 0.5317206790123458 0.026484374999999984 0.05239583333333334
7 0.7185563858695652 0.3904846014492753 0.030859375 0.05645833333333332
7 0.7292258522727273 0.48182765151515144 0.02624999999999993 0.05250000000000003
12 0.8193680245535715 0.9549497767857144 0.041015625 0.0859375
12 0.48945312499999993 0.9879108796296298 0.02218749999999998 0.028541666666666642
1 0.03931785487920064 0.659544433949758 0.05339150116822429 0.16184774143302175
1 0.128941875 0.6150900000000001 0.052734375 0.16906250000000006
1 0.2294895327669903 0.5796996359223301 0.05093750000000004 0.17531249999999995
1 0.4305768107476637 0.5111575155763243 0.048828125 0.19187499999999993
1 0.56410211091889 0.46922477654312783 0.05110432330827068 0.1985991765127104
1 0.7088940285954584 0.41520141225119145 0.05668826219512191 0.2143038617886179
