3 0.42251327614379075 0.1277573529411765 0.0755208333333333 0.20862268518518517
3 0.23497178819444448 0.14794469762731483 0.080078125 0.23987268518518517
7 0.1348113121345029 0.17833211500974658 0.03556743421052631 0.054276315789473686
7 0.018986579314304468 0.18775973315835515 0.04121555118110236 0.06356627296587926
7 0.035707613371245256 0.08391203703703702 0.042753444881889764 0.06131069553805774
1 0.02272134031176847 0.10244865928921046 0.056902066929133854 0.2202263779527559
7 0.11230064803750343 0.464671040536814 0.018405586450960576 0.022960903269295584
7 0.05961802093718842 0.5957544034562977 0.015625 0.029307909604519723
7 0.05401940485362096 0.64776739856189 0.0189353813559322 0.027365819209039563
1 0.0500994903802107 0.6215691326920137 0.03469279661016949 0.11317090395480231
11 0.0412202380952381 0.7230604352174475 0.09517609126984126 0.3301421957671958
12 0.19884283990186769 0.8716552794484894 0.035579561042524 0.058441929583904914
7 0.3391625115955474 0.5778544372294373 0.01449443413729128 0.02937538651824371
7 0.33585778061224497 0.6338416048237476 0.013189935064935066 0.031114718614718602
1 0.33116883116883117 0.5973510616367759 0.02985853432282006 0.1173082869511442
12 0.33272070536510756 0.877845655806182 0.03309053884711779 0.05678258145363403
12 0.651249809163733 0.89184897142994 0.027230651447661458 0.05950723830734965
10 0.3813281921632505 0.8546417582914801 0.05114658273381294 0.10566546762589937
10 0.4559165167865708 0.8620315286232552 0.02660371702637887 0.11016187050359712
10 0.7882606911565881 0.8670425996135351 0.14771374740124754 0.1530208333333333
7 0.8169307451061483 0.685211032993291 0.025783188585607953 0.03230976013234077
7 0.7185367555831266 0.6891510287427625 0.024232320099255578 0.02920802315963608
7 0.7659276873892125 0.6198299147463493 0.008704735376044593 0.03264275766016714
7 0.7815764275766018 0.621127508749375 0.010119254874651862 0.034383704735376004
7 0.7804543327820335 0.5539475974930362 0.012948293871866311 0.03322307335190343
7 0.764158586886651 0.5548822405542462 0.0072902158774373225 0.02712975858867234
7 0.8713373913599183 0.6146152862985684 0.005432004089979436 0.02534935241990451
1 0.7726017141676993 0.5743544621139107 0.028026254646840165 0.13746902106567535
4 0.6345687984496122 0.5099898486526394 0.10081845238095237 0.30307539682539686
4 0.503406954887218 0.5091047932330824 0.10081845238095237 0.2921626984126984
4 0.376238509644364 0.5265408378541289 0.09561011904761907 0.28075396825396826
1 0.8767973384970336 0.5680825642715884 0.017103040540540525 0.14611486486486486
