6 0.066016 0.552083 0.03984399999999999 0.0625
7 0.8554791785850497 0.4220498029494024 0.03271596109839816 0.03408657513348589
7 0.8139167134077938 0.21446048545741273 0.03801272984441306 0.04331683168316832
7 0.9001364701202264 0.18189263122740845 0.03911775106082036 0.04228547854785478
7 0.8364306604923227 0.32614601104882607 0.03351206434316349 0.038259606791778346
7 0.9158168964636794 0.30075747904166134 0.03707272117962468 0.0393766756032172
7 0.9285487512346551 0.39955787592305164 0.033930965147453127 0.035746201966041134
7 0.25185955530947657 0.40663733146831404 0.033302613941018765 0.034629133154602344
7 0.31620707934648384 0.38067857840187014 0.03497821715817695 0.038384042178086615
7 0.3720437571811565 0.3609329120388102 0.03351206434316354 0.03798033958891865
7 0.30523368220251595 0.49505482230013065 0.025134048257372664 0.029043789097408398
7 0.3785048033958892 0.46166592195412576 0.02639075067024126 0.03714253798033962
7 0.42563463471849855 0.45246872207327954 0.031836461126005314 0.031557193923145675
7 0.35880465044339027 0.5656449783460508 0.020526139410187706 0.026809651474530818
7 0.43102988666829145 0.5433016491997725 0.024505697050938392 0.026530384271671183
7 0.47312518617813515 0.5283735478105451 0.029323056300268123 0.027088918677390456
7 0.019243255697050942 0.9732636561662198 0.020107238605898126 0.04105227882037532
7 0.044036947050938344 0.9357371257819483 0.019897788203753354 0.018710902591599656
7 0.16944537533512066 0.940916916364401 0.0240867962466488 0.0390974084003575
7 0.263959869302949 0.9858431076854333 0.019478887399463796 0.026270665773011594
7 0.266752541331546 0.920162161155794 0.02052613941018766 0.03630473637176053
7 0.21185908176943702 0.792225201072386 0.018850536193029475 0.01759383378016087
7 0.25843561494638073 0.8366845397676497 0.010891420911528149 0.012846291331546075
7 0.2961861408996127 0.8734857511667162 0.01654658176943702 0.01619749776586244
7 0.3680741733690796 0.9007065460232351 0.02115449061662198 0.03630473637176053
7 0.3650720509383378 0.9737349195710455 0.020735589812332433 0.03965594280607689
7 0.5643222184986595 0.9357126899016979 0.0163371313672922 0.04133154602323496
7 0.5636659405719392 0.8631916517724159 0.014870978552278835 0.04216934763181411
7 0.6809756199731904 0.8342874962764374 0.013195375335120652 0.03658400357462017
7 0.6860129021447722 0.9133713136729223 0.014033176943699655 0.04077301161751568
7 0.6629105227882037 0.9140974084003576 0.007540214477211826 0.02597184986595167
7 0.6588890750670241 0.8375223413762287 0.004607908847184916 0.022341376228775665
7 0.5423194537533511 0.861120420017873 0.003560656836461096 0.01926943699731905
7 0.5437332439678284 0.9373324396782842 0.002722855227882004 0.018152368185880265
6 0.26938262428054804 0.49286437375846764 0.034504246676514014 0.05969965534219597
6 0.34431168300653586 0.4838916122004358 0.026838235294117618 0.04889705882352941
7 0.163793871996997 0.9943897022022022 0.016680743243243267 0.009140390390390489
6 0.9398782580580975 0.2964584162355751 0.02567896935933156 0.06731662024141132
14 0.86279150243994 0.1396562578203203 0.1829954954954956 0.0853978978978979
14 0.9469809883412822 0.24375478419596064 0.0642830330330332 0.052865365365365354
14 0.9577820007507507 0.3483014264264265 0.04269894894894897 0.04410660660660657
14 0.33723848360078834 0.3277398492242242 0.24868618618618615 0.1244994994994995
14 0.4409467032822295 0.4022992290536151 0.12387387387387387 0.08008008008008005
14 0.4888712241653419 0.4778307719484189 0.1130818318318318 0.0694444444444444
1 0.6712873714826839 0.8496911075036071 0.03882575757575761 0.18529040404040403
1 0.5529408670033671 0.8862233445566777 0.035274621212121195 0.16003787878787878
1 0.3595079080276448 0.9114777157540311 0.037405303030303025 0.1635101010101009
1 0.25699681473829195 0.9383565771349863 0.03598484848484849 0.12585227272727278
1 0.1603031379132232 0.9449946912304866 0.03970170454545454 0.10785984848484856
