6 0.8434066480891721 0.16182324840764334 0.030686040339702812 0.030299009200283087
6 0.8891276041666666 0.13997106481481483 0.034375 0.033854166666666664
6 0.9302707295408027 0.1174344095572806 0.023054614181438993 0.0263946819603754
7 0.79356275954123 0.23569845428778594 0.018978952442159434 0.024501928020565552
7 0.8464516737453895 0.25552675943519243 0.018978952442159348 0.0220919023136247
7 0.8957094847900601 0.27520038917452155 0.018276028277634814 0.022493573264781474
7 0.8286149669159956 0.37603087840429616 0.014141613924050667 0.016745780590717275
7 0.8694362272977436 0.3891602458264538 0.016910601265822757 0.0184599156118144
7 0.9092497362869197 0.4020557062487441 0.014438291139240533 0.01635021097046412
7 0.5484166621489754 0.24009270302504612 0.022599750623441394 0.031691604322527045
7 0.5994311097256858 0.21078553615960097 0.02493765586034913 0.03402950955943475
7 0.6590270117974295 0.17808043992582645 0.02571695760598507 0.036886949293433106
7 0.5782164832484009 0.33567575626152013 0.023184226932668306 0.02857439733998337
7 0.6311497072536051 0.3123418808052333 0.024158354114713277 0.02935369908561925
7 0.4707999438781143 0.2837873685889179 0.02042756136606192 0.025013340448239062
7 0.4433049535603715 0.318046955624355 0.016390931372548944 0.029411764705882366
2 0.43082015002970875 0.2991836254703902 0.0367647058823529 0.08905228758169935
7 0.46032475490196073 0.38755589955280356 0.015471813725490158 0.025531045751633976
2 0.4129544526143791 0.36605392156862737 0.04013480392156858 0.036968954248365965
7 0.42397109189063686 0.40239643195758584 0.017419058744993342 0.021556519804183338
7 0.42116050567423224 0.4350592456608811 0.015541555407209539 0.026702269692923865
3 0.4152593139113011 0.4178991579574375 0.03756489616613416 0.06306576144834934
7 0.3864185119127743 0.4499259658096648 0.015553489702517177 0.024790236460717038
2 0.3751178595643699 0.3855199593185864 0.03879433638443937 0.03337147215865747
2 0.3945488983746993 0.33210726789102074 0.03843678489702516 0.04767353165522502
7 0.40714685831426395 0.33848207475209763 0.014123283752860427 0.027173913043478257
3 0.37350378610106844 0.43874185841271274 0.03513689316381789 0.08605072463768113
2 0.34055555555555556 0.40184259259259264 0.0375 0.03171296296296298
3 0.3391326121794871 0.454861111111111 0.033506944444444464 0.07708333333333334
7 0.10470904869124684 0.49024494167683014 0.011837121212121215 0.015040106951871657
7 0.2131330818965517 0.4298221982758621 0.013873922413793104 0.017061781609195373
7 0.23075161637931033 0.4193157327586206 0.01454741379310347 0.017061781609195432
7 0.2507372958257713 0.40708182093163947 0.01643318965517242 0.017780172413793118
7 0.22734691937119672 0.4372147565922921 0.011179956896551735 0.017600574712643653
3 0.20377136422317027 0.514705882352941 0.02296040076335879 0.060631361323155275
7 0.212102723135643 0.5184478371501272 0.010883826335877877 0.020873091603053416
4 0.2299825968523003 0.6150070621468925 0.026674107142857117 0.08377976190476193
4 0.21589088760504213 0.6160692401960782 0.02165178571428572 0.08065476190476192
4 0.20361383928571425 0.617684523809524 0.01919642857142856 0.07559523809523808
7 0.33279058116232474 0.5862419283010465 0.009941758517034095 0.013255678022712067
7 0.33138542710420843 0.6096698605544423 0.00986347695390779 0.012629425517701994
1 0.3288523615358478 0.5961356042586928 0.015768348623853214 0.05049057084607552
11 0.08477362266602398 0.7222620968586937 0.11942799251870324 0.16884871155444733
11 0.4785092859923094 0.5833745355013054 0.2197893252580753 0.3889565295815295
7 0.5593376564871018 0.5399200177035912 0.01185508345978752 0.016280981284774933
1 0.5532131324253304 0.5504228505866244 0.018256828528072866 0.061962569549822946
7 0.5881176725561427 0.5342239789740204 0.011145970937912785 0.014723690004403286
7 0.5867216678338002 0.565974653750389 0.01123366013071898 0.01565904139433556
1 0.5822225164783429 0.5478558537350912 0.019914215686274515 0.06842320261437902
7 0.676635857800027 0.5155763766743336 0.012050128534704375 0.01794130248500429
7 0.6745059447300771 0.5511669284966201 0.012953888174807204 0.016468508997429274
1 0.6704442720523345 0.5320181707145505 0.021388978149100256 0.07578191945158524
1 0.6361346931205716 0.537770746280708 0.023877967359050435 0.07341122650840758
7 0.7850988754589966 0.4946641676866585 0.014821756425948606 0.027667278661770746
7 0.7850699365457707 0.5330128411604286 0.01434363525091804 0.020527335781313737
1 0.7800720832869698 0.5109792076208844 0.022567319461444323 0.08478682170542638
7 0.8319617818057455 0.4841131583447333 0.01498909883720927 0.02225654069767445
7 0.83089690751224 0.5253117350061198 0.015102652616279143 0.02013687015503874
1 0.8254255743297805 0.5007153888081396 0.02316497093023262 0.0858466569767442
7 0.880847253566535 0.47332151204964934 0.012442572741194447 0.02344946401225112
7 0.8803452548068742 0.516171799671034 0.015074655436447237 0.02233282286881065
1 0.874741278235069 0.491132672919857 0.02344946401225112 0.08933129147524253
10 0.5759663075283463 0.6819502776831844 0.059252699055330635 0.07169365721997305
10 0.854391816387252 0.6663637033688707 0.09507159602831675 0.10107496194824961
7 0.979690053104575 0.4539845452069716 0.01708984375 0.0245098039215686
7 0.9792013729319853 0.4999258003982844 0.015510110294117575 0.023935355392156885
1 0.9736467385249554 0.47625264594474165 0.0264246323529413 0.09669883578431371
