10 0.4330230712890625 0.3917683919270833 0.057968749999999944 0.06343750000000004
12 0.3909331597222222 0.3951215277777778 0.013593749999999983 0.035416666666666666
9 0.5455301339285714 0.4305654761904761 0.00625 0.01895833333333332
9 0.5708674568965517 0.4297916666666666 0.005781249999999983 0.022812499999999975
12 0.6614728009259261 0.39739776234567903 0.010781250000000053 0.03239583333333336
12 0.7877213541666671 0.17474950396825398 0.028515625 0.03968750000000002
12 0.831190413135593 0.16878177966101698 0.027578124999999964 0.05374999999999999
7 0.9521226728723409 0.07327127659574467 0.02265625 0.031145833333333324
7 0.9159780649038461 0.039765625 0.026250000000000107 0.036562500000000005
6 0.8621400669642856 0.04024925595238095 0.013906249999999964 0.01864583333333333
6 0.7920223214285715 0.03624107142857144 0.009375 0.019479166666666662
6 0.7525285823170731 0.034392784552845536 0.009375 0.0215625
6 0.7112464488636363 0.03263020833333334 0.008984375 0.022708333333333337
6 0.6354090073529411 0.02644607843137254 0.011874999999999946 0.018125
6 0.5509824218749999 0.021096354166666668 0.010859374999999982 0.018125
6 0.4774343039772727 0.01795691287878788 0.006718749999999929 0.024791666666666667
6 0.4359803957359813 0.015783197040498433 0.011043370327102852 0.029083917445482867
6 0.3902587890625 0.014547526041666663 0.006328125000000018 0.0240625
7 0.35892382812499996 0.10554166666666667 0.011874999999999991 0.014583333333333334
7 0.5425091911764705 0.11231924019607845 0.011328125 0.012812499999999998
7 0.6401011029411764 0.13084865196078432 0.013124999999999965 0.01677083333333333
7 0.6969806985294119 0.13323529411764704 0.014531250000000018 0.01541666666666665
7 0.7521340460526316 0.1367297149122807 0.013593749999999983 0.016562500000000004
7 0.43685267857142857 0.22224330357142857 0.010468749999999982 0.013333333333333345
13 0.3547149122807017 0.22146016081871342 0.02734375 0.03864583333333333
7 0.3904190340909091 0.2598295454545454 0.004843749999999991 0.014791666666666684
7 0.3976041666666667 0.26078472222222226 0.003515625 0.015000000000000006
7 0.3904211956521738 0.2869791666666667 0.004296875 0.015625
7 0.3976318359375 0.2882161458333334 0.0043749999999999735 0.014687500000000023
7 0.43610608552631575 0.2621984649122807 0.004765625000000018 0.013749999999999988
7 0.4434322916666667 0.26097916666666665 0.0034374999999999822 0.013749999999999988
7 0.43609834558823524 0.2902450980392157 0.004609374999999982 0.013333333333333345
7 0.4437630208333333 0.2901649305555555 0.002734375 0.011666666666666655
7 0.480608552631579 0.26275767543859646 0.004453124999999947 0.014270833333333321
7 0.4878125000000001 0.2643028846153846 0.0033593749999999644 0.011875000000000005
7 0.48075520833333324 0.2921924603174603 0.004609374999999982 0.015520833333333369
7 0.48853125000000003 0.2915416666666667 0.003671874999999947 0.013020833333333334
7 0.5592671130952381 0.26641369047619057 0.00625 0.01729166666666666
7 0.5589802631578947 0.2935197368421053 0.005546874999999929 0.013437500000000036
7 0.6037734374999999 0.267921875 0.005156250000000018 0.015312500000000017
7 0.603681640625 0.2943294270833334 0.005156250000000018 0.01541666666666668
7 0.6469010416666667 0.2687083333333333 0.005859375 0.014895833333333346
7 0.6473697916666666 0.29605902777777776 0.005390624999999982 0.01395833333333331
1 0.6496874999999996 0.2802190563725489 0.012031249999999983 0.06302083333333333
1 0.6068386130136988 0.2782619863013699 0.011328125 0.06229166666666665
1 0.5627513020833331 0.2751840277777778 0.012578125000000018 0.053125
1 0.4841930509868423 0.27679824561403504 0.012656249999999947 0.07239583333333334
1 0.4393824404761906 0.26916005291005296 0.011953125000000054 0.0609375
1 0.39390736607142846 0.27068303571428576 0.012343749999999964 0.058437500000000024
