7 0.03776916569286202 0.6611423540104521 0.04729038854805726 0.0794563735514656
6 0.19845027127959414 0.7662474163848176 0.014268602029312284 0.017498121007140217
7 0.21436372604284099 0.7180042747087559 0.01092164599774521 0.025953588876362232
7 0.15412011888900273 0.7131098185917802 0.009864712514092466 0.011508831266441177
7 0.15712099148189904 0.6980980416718859 0.007927001127395705 0.01174370537391951
6 0.27838474025974025 0.6583333333333333 0.01919642857142856 0.020119047619047592
7 0.27085899014778325 0.7311124794745486 0.009910714285714306 0.031190476190476227
7 0.2969702380952381 0.587452380952381 0.013303571428571415 0.016904761904761874
7 0.2955178571428571 0.605484126984127 0.013125000000000008 0.016904761904761874
7 0.31543956043956034 0.5837087912087913 0.014642857142857135 0.03654761904761905
6 0.5663338047106825 0.7345372774480713 0.020748330860534202 0.019782393669634028
6 0.5081457483308605 0.7191981948565775 0.02132789317507422 0.0168459446092978
6 0.5446832007013758 0.8137195396097473 0.018545994065281856 0.011745796241345138
6 0.4151562921499865 0.6984393264994154 0.018314169139465885 0.017618694362017826
7 0.40245359085770815 0.7623139512976309 0.011243508902077171 0.025037091988130554
7 0.450331509643917 0.7798745054401582 0.006954747774480729 0.009427546983184954
10 0.47359292654808965 0.8631766029863857 0.14461016414141414 0.21333122895622894
6 0.2878073271665044 0.7590676728334956 0.01710838607594938 0.010680379746835555
6 0.168249591503268 0.7312517020697168 0.01675474877450982 0.01238255718954259
10 0.8402007139589921 0.7733292066901344 0.28106231231231227 0.31124874874874886
6 0.7044544544544545 0.7677469135802469 0.012903528528528519 0.013450950950950969
6 0.7889451951951952 0.7962962962962962 0.009618993993993996 0.013450950950950969
6 0.7834340229485396 0.7579102920723226 0.012278337969401943 0.013763328697264635
7 0.7897905076495133 0.7376854427445525 0.010974443671766388 0.013618451553082996
7 0.7889212447844229 0.7209666203059805 0.011952364394993076 0.013473574408901238
7 0.7661931253725411 0.7411914696337506 0.00825799721835887 0.0075336114974502285
7 0.76709188108484 0.726689267501159 0.008583970792767737 0.017675011590171506
7 0.715810804937413 0.7309051923968475 0.011735048678720439 0.01419796012980991
7 0.7238724816849815 0.461881868131868 0.036375661375661304 0.05704365079365079
7 0.853790770298404 0.38869130233634047 0.042044370229007734 0.06679389312977098
7 0.7700679866412214 0.23025717920756086 0.03637881679389308 0.05645674300254452
7 0.8153095843935538 0.18156276505513153 0.0390625 0.05764949109414757
7 0.9072127181025081 0.12787963467829877 0.04800811068702302 0.06599872773536894
7 0.7527324774462179 0.3558003701133472 0.03876431297709928 0.04770992366412212
7 0.6591610508110686 0.31351880566157764 0.03518606870229011 0.05407124681933843
2 0.7510164288084967 0.26121183206106874 0.09541984732824424 0.20912849872773537
3 0.7034925328421802 0.413587712290668 0.05874284351145036 0.2150922391857506
2 0.8841659643568409 0.1270129136048934 0.09967619098105747 0.19373174064649892
3 0.8376359471340489 0.35724480474994286 0.07864238410596025 0.23420253863134657
7 0.1699109147025813 0.2734988776655443 0.02919823232323231 0.03577441077441076
7 0.27270472582972577 0.31297599005932336 0.024989478114478113 0.03191638608305277
7 0.49930383663366334 0.39696571697986127 0.023647454031117388 0.02504714757190006
