10 0.86031922192553 0.8962565712616819 0.22951956775700938 0.19689933800623058
10 0.5829160853810993 0.9509269947743968 0.12697534699877194 0.10389069678407357
6 0.6416579973039501 0.12414283202438164 0.01565979955456571 0.028071640682999246
6 0.6150241276911655 0.1904566732656933 0.0299276169265033 0.03387156644394951
6 0.5916272271714922 0.18091128433556047 0.004175946547884201 0.020183741648106917
6 0.567304557847321 0.24255458465984786 0.03661497493734336 0.03772451963241436
7 0.5624254532442748 0.18641990033927056 0.02385496183206106 0.024915182357930464
7 0.36667076771653545 0.23971456692913382 0.030296505905511806 0.03629429133858268
7 0.38453022449284 0.48890276949085126 0.018832040572792374 0.028589896579156716
7 0.2998909233293556 0.4683770883054892 0.023120525059665865 0.02660103420843279
7 0.21104005071599047 0.44610182975338103 0.02405280429594272 0.029335719968178194
7 0.26081930590191194 0.6046688833471876 0.018118765586034914 0.018963009143807122
7 0.18721699041869017 0.5938416021350132 0.018313591022443898 0.023898586866167904
7 0.11239262953726795 0.5759039900249376 0.020456670822942648 0.024677888611803787
7 0.9204858587693799 0.6494014454134367 0.030281007751938028 0.045623385012919945
7 0.899824060836127 0.5380780418063495 0.029995932754880706 0.0519703543022415
7 0.8945114786695589 0.45644783883666745 0.029148590021691945 0.05084056399132321
7 0.7939248251748252 0.5138039044289043 0.028445512820512865 0.04487179487179495
7 0.7973705296896088 0.5930190058479532 0.02904647435897436 0.046474358974359004
7 0.8295818764568764 0.6882405788655788 0.030048076923076827 0.04193376068376071
7 0.713119939271255 0.6364991003148898 0.024439102564102554 0.04113247863247871
7 0.7098887631975869 0.5655165912518854 0.025040064102564142 0.04033119658119659
7 0.6359649122807018 0.5559632253711201 0.024238782051282114 0.02537393162393163
7 0.5755824704142014 0.5832716962524654 0.014222756410256387 0.03125
7 0.5855785296574771 0.6339923883783533 0.020943562610229272 0.036375661375661394
7 0.5881734006734007 0.6984945353000909 0.02273478835978837 0.040968547912992294
7 0.6325725216784245 0.7725541348226533 0.024526014109347384 0.03472222222222226
7 0.5765521130104462 0.7945835029168363 0.015294312169312185 0.031047912992357377
7 0.5651218820861679 0.7967477114302512 0.005098104056437425 0.02535273368606698
7 0.5301891796322489 0.7303158887317303 0.020266089108910902 0.037128712871287085
7 0.5307240099009902 0.6660066006600661 0.01918316831683171 0.034447194719471955
7 0.4793512245961439 0.6989968733715478 0.017481435643564323 0.035891089108910874
7 0.47932136963696365 0.7564729687254439 0.020575495049504955 0.03362211221122114
7 0.4045289294554455 0.693567794279428 0.020111386138613872 0.023514851485148588
7 0.40379194169416943 0.7389645214521453 0.016089108910891037 0.028671617161716158
7 0.40266604785478555 0.7960441877521086 0.020575495049505 0.030115511551155074
7 0.3664013364779874 0.817566387141859 0.016951650943396235 0.029284591194968474
7 0.3673892130089375 0.7665094339622642 0.016362028301886777 0.02869496855345908
7 0.3313765954495006 0.7843715316315205 0.013119103773584894 0.02496069182389936
7 0.33029923349056606 0.8329279677672956 0.013708726415094307 0.027712264150943373
13 0.22853853263641 0.7839697008329084 0.030955188679245273 0.0634827044025157
13 0.15718766378406715 0.7758505852550666 0.028007075471698117 0.06682389937106911
13 0.08428655660377359 0.7679965932914044 0.03007075471698113 0.0640723270440251
1 0.8815939185136816 0.4920087002000551 0.06139602055443625 0.18412406716862167
1 0.783237880800406 0.5503724442101748 0.05708539603960387 0.17187578211815105
1 0.698737232734391 0.5937963567110572 0.05012798634812281 0.15962741751990894
1 0.5772595271990929 0.6612038946555603 0.038582250569044074 0.14194486595852293
7 0.5634128289473685 0.5838980263157895 0.008828125000000053 0.02312500000000005
1 0.5205745967741934 0.6962410394265233 0.03546874999999998 0.14052083333333332
1 0.471700424382716 0.7241718106995889 0.03445312499999993 0.13083333333333336
1 0.39537950094615837 0.7678516703560889 0.03404161311053984 0.10590724078834614
1 0.35952666541086786 0.7913564104837039 0.03243492930591261 0.11286953727506427
1 0.3234848273164188 0.8076627756976268 0.026510282776349613 0.10724614395886883
