7 0.01031650641025641 0.751068376068376 0.01717032967032967 0.03062042124542129
7 0.059974515987093004 0.7597841497995501 0.018287987679671457 0.02866187542778924
7 0.13799903253830356 0.7758779550360658 0.01588167351129364 0.026950718685831633
7 0.24709471188015958 0.6003578718130955 0.010404707233065436 0.01674320704171445
7 0.26623493111366237 0.5954203342263044 0.01381314580941444 0.016862801377726673
7 0.31037421067738225 0.5918843283582088 0.0069065729047072645 0.015188480673555323
7 0.3670069801026957 0.49754960954214794 0.0194121570121951 0.0417619410569106
7 0.453639642149579 0.5808749174508832 0.011608469539375933 0.01098935116394261
7 0.44128436106983643 0.6305927026580815 0.01056370728083209 0.020276126795443262
7 0.43908455609212477 0.6711011020307083 0.015091010401188676 0.021978702327885104
7 0.5018017623716153 0.48235683162153736 0.018535539215686292 0.0449346405228758
7 0.5180758874393204 0.46897122775080907 0.009386377427184466 0.010366100323624571
7 0.5120316292475728 0.5721852606333795 0.009860436893203862 0.015043487055016295
7 0.5661686914971135 0.5650900080339294 0.014144036208732658 0.018304046858359988
7 0.71126436042524 0.5413165866483767 0.011574074074074047 0.015003429355281265
7 0.8516333387305701 0.7060664939550949 0.005363503886010435 0.014842400690846228
7 0.8521715290861988 0.7384646333804366 0.004857512953367937 0.01349309153713302
7 0.9143053756476685 0.7383239781232008 0.0062742875647670004 0.01740608808290164
7 0.9154154419091272 0.7025956556396972 0.0061730893782382164 0.018485535405872135
7 0.8886093749999999 0.5097777777777778 0.013671875 0.013229166666666714
7 0.9017041015624999 0.5249934895833334 0.015000000000000036 0.014583333333333334
7 0.9237591911764707 0.5039276960784312 0.013124999999999965 0.016979166666666677
7 0.9526866319444445 0.5009143518518518 0.015000000000000036 0.02041666666666663
9 0.9021059897150565 0.3831738605069409 0.009602617602427976 0.018968133535660077
9 0.8526176024279211 0.39244717023548586 0.00936551593323216 0.01786165907941329
9 0.8212707859129994 0.39595978755690436 0.008180007587253258 0.019284269094587712
9 0.717967564491654 0.41069170460293375 0.009246965098634253 0.01722938796155796
9 0.676578732345045 0.41968211353643825 0.010313922610015158 0.016122913505311053
6 0.3934702200303489 0.48946103878816927 0.016952769347496188 0.012961557916034394
6 0.4279788216665567 0.4862645972158079 0.01730842185128978 0.02102301466868995
6 0.531955833430606 0.46852505739076294 0.012092185128983246 0.013277693474962089
6 0.5700951568032374 0.46711136401955833 0.013396244309559968 0.019442336874051593
6 0.6889737740595798 0.4537044432020873 0.01410754931714715 0.025132776934749638
6 0.8143790307283763 0.43233908700050583 0.013277693474961971 0.028452200303490115
6 0.8636986186735693 0.4280475467880626 0.011262329286798333 0.025132776934749638
6 0.9142012742122645 0.4214923829926508 0.011736532625189611 0.026081183611532607
12 0.08308987657563024 0.6545430672268906 0.01910041360294117 0.020297181372549034
12 0.08939855238970588 0.6288105085784311 0.018525965073529417 0.01570159313725495
12 0.11758454530709339 0.632377721309112 0.02225988051470589 0.025467218137254832
12 0.11287913602941176 0.6579350490196079 0.022116268382352942 0.01091452205882355
12 0.14574778374051234 0.6294226359898797 0.03015854779411764 0.046338848039215584
12 0.10805017807904409 0.6178193933823528 0.011632582720588248 0.012446384803921618
12 0.4277744483967421 0.36155467058459645 0.09840334699453548 0.07599043715846995
12 0.548112175197948 0.32677688561763507 0.09392076502732234 0.08111338797814209
12 0.6875591109709962 0.2997145159030404 0.07833845628415297 0.08709016393442622
12 0.9298593750000002 0.8617708333333332 0.009687500000000071 0.026041666666666668
4 0.7398681016862545 0.8245933401464826 0.029733009708737868 0.0358009708737864
4 0.6974071135175504 0.8250871296987801 0.029277912621359193 0.03620550161812304
4 0.7384549054675524 0.7551950264009537 0.025485436893203862 0.04105987055016189
4 0.6943799971444887 0.7479416523891109 0.023209951456310662 0.022451456310679536
13 0.20004283646092946 0.7060533035234325 0.015777332869080764 0.03699512534818936
13 0.2581665483715449 0.715824985715306 0.019041608635097473 0.03626973073351903
1 0.910877434243804 0.718544511886697 0.015293057663125964 0.07587253414264043
1 0.8554819435606247 0.7210593192683602 0.011973634294385426 0.07334344967121899
1 0.5495734428065614 0.6406110749813331 0.021457701062215496 0.09215351542741518
7 0.5557239730110558 0.6209918527350242 0.01185508345978752 0.024816641375822002
7 0.553526325772702 0.6673122487554243 0.013396244309559968 0.029400606980273143
1 0.43468867182268633 0.6510172536940316 0.022861005089058483 0.08455258693808314
1 0.14225067385444748 0.7780098831985626 0.03478773584905659 0.06308962264150951
1 0.06322064989517821 0.7674866788958769 0.03758844339622642 0.06839622641509434
1 0.017437691228964818 0.7544513853476115 0.030365566037735853 0.06780660377358494
3 0.708242814171123 0.6609446177460883 0.017616421568627506 0.09072031590413943
2 0.7369749114923746 0.6240354938271604 0.02246732026143796 0.03625408496732021
2 0.7386265909872721 0.5647288155028094 0.017999387254902022 0.0413602941176471
10 0.8965902928416487 0.8604934924078089 0.014743763557483724 0.07004699927693422
10 0.8591631643167027 0.8634987346348517 0.005084056399132386 0.008360448300795298
10 0.8411549585627677 0.8746025455624155 0.03186008676789598 0.08292660882140268
10 0.6590731466122239 0.8577633873506018 0.02270878524945772 0.05332610267534352
10 0.6732138015184381 0.8583142524303045 0.014065889370932717 0.05739334779464933
10 0.7010066431670282 0.8903877440347073 0.026437093275488 0.0210140997830802
10 0.6417773861171365 0.8809539949385392 0.006270336225596562 0.04180224150397684
10 0.6413748983188721 0.8895686460592914 0.007456616052060739 0.022143890093998544
10 0.6419892218004337 0.8631597975415761 0.0028809652928416087 0.0056489515545915005
7 0.5448980564024392 0.7486979166666666 0.0078125 0.016260162601626032
7 0.5458190421747968 0.718358316395664 0.007050304878048763 0.015625
11 0.5746654106029105 0.9054054054054055 0.018792229729729736 0.10698198198198199
11 0.5449324324324324 0.852242867867868 0.03990709459459465 0.16272522522522526
11 0.5035732848232848 0.8848536036036035 0.02956081081081079 0.165259009009009
11 0.4664273648648649 0.8838213213213213 0.028505067567567544 0.15822072072072071
11 0.4060524738448126 0.869514675966289 0.078125 0.1613175675675675
11 0.36639569256756754 0.9429898648648649 0.00929054054054057 0.07629504504504503
11 0.35702752384737674 0.8518481717011128 0.019425675675675658 0.06362612612612609
8 0.6716348995271868 0.6761598699763594 0.029089095744680816 0.11377068557919626
8 0.6357055787740629 0.6779012580209388 0.028812056737588597 0.10786052009456265
8 0.6014978575650117 0.6826856776989755 0.02964317375886525 0.10453605200945629
8 0.5122288277012934 0.685166353775553 0.027980939716312124 0.09714834515366431
8 0.480344742063492 0.6929471634332744 0.025628306878306882 0.0986552028218694
8 0.45210913700497024 0.6983943268665491 0.02748842592592595 0.09645061728395063
8 0.371009199134199 0.6908953957565067 0.024801587301587304 0.09837962962962964
8 0.34470942982456143 0.6915726817042603 0.023768187830687813 0.09755291005291002
8 0.3183414264828738 0.6932333727838114 0.028108465608465583 0.09341931216931225
