7 0.7232853734815298 0.22746347607986786 0.02488122542595015 0.029319896275341803
7 0.6486709770114942 0.2724936143039591 0.023078304597701126 0.028376436781609192
7 0.8079481907894739 0.177234100877193 0.026171875 0.03218750000000001
7 0.49223682970502314 0.3714600414664029 0.02047550890585237 0.0251802374893978
7 0.6474946120689654 0.47054956896551725 0.015390624999999946 0.0230208333333333
7 0.7019777788583098 0.4441999740672307 0.01758059418457645 0.023704171934260464
7 0.8571322615280288 0.3673476115129595 0.0207674050632912 0.02558016877637126
7 0.9291564111579934 0.3328645100796999 0.021162974683544354 0.027821729957805925
7 0.8621555085310584 0.49899887807695714 0.015922837243401843 0.02046676441837736
7 0.9880012320788533 0.4082723516527279 0.019909274193548397 0.02469758064516127
7 0.8138103663061917 0.5210210807181227 0.011231711195928895 0.02213210347752336
7 0.08579470076650944 0.31318175117924524 0.032871462264150955 0.042059748427672974
7 0.10831389925373136 0.39801772388059703 0.021863339552238802 0.04430970149253728
7 0.10734608208955221 0.4758706467661691 0.023175139925373133 0.043532338308457715
1 0.11729007375656472 0.42947162581951753 0.039062500000000014 0.17049501424501426
7 0.22218750000000004 0.4255817610062893 0.023584905660377364 0.041666666666666664
7 0.2235502973748975 0.5005468963631392 0.023732311320754727 0.040880503144654114
1 0.23137328473413366 0.45364985348770726 0.03891509433962268 0.15782232704402516
7 0.44173623788241223 0.41885019304209165 0.02659574468085104 0.032051282051282
7 0.3946547595123258 0.4716667783136835 0.022482918006430895 0.0373459271168274
7 0.3966639871382637 0.5385048231511255 0.023738946945337604 0.0376808681672026
1 0.40214983508497315 0.4977615347346453 0.03605769230769233 0.14534883720930225
7 0.47766134219554024 0.49373451496092996 0.02304888507718701 0.03466266437964549
7 0.48121247855917676 0.5566573756432246 0.022110849056603765 0.03359062321326481
1 0.48672182244163686 0.5182917050177112 0.03688891096979328 0.13579756226815048
7 0.5533614151305682 0.5111287122375832 0.0204133064516129 0.032258064516129004
7 0.5575199421458625 0.5724491584852736 0.020665322580645108 0.035114247311827995
1 0.5613271557071959 0.5379941239316239 0.0355342741935484 0.13104838709677413
7 0.6701940035273369 0.5440952101005012 0.022597001763668433 0.030680482069370997
7 0.6768143214075754 0.6004433666470703 0.02273478835978837 0.03343621399176951
1 0.6812686011904763 0.5662068769707658 0.03968253968253963 0.11978248089359204
7 0.7293788315721546 0.5595187679815011 0.021886595547309807 0.03053494124922705
7 0.7350610698824986 0.6144593253968255 0.021451762523191052 0.030728200371057567
1 0.7400999863878355 0.5831888091204861 0.03913497217068649 0.11692176870748305
7 0.7850572279283217 0.5753751456876458 0.02266125801282053 0.033720619658119705
7 0.789496148382867 0.6242336222804973 0.019406049679487225 0.03088274572649574
1 0.7930741512000598 0.5931331215215663 0.03730969551282044 0.11051014957264951
7 0.8702500000000001 0.5972301587301588 0.015249999999999986 0.02599999999999992
7 0.8743571428571428 0.6471111111111113 0.019500000000000028 0.025333333333333385
1 0.8775500000000003 0.6194925925925927 0.034375 0.09833333333333331
1 0.9217133620689651 0.6286051489561338 0.03329741379310356 0.1
7 0.9530776596352826 0.6209805350711715 0.0181009903961586 0.024134653861544682
7 0.9588347839135654 0.6657162865146058 0.01932022809123648 0.024884953981592635
1 0.9615066106229724 0.6382779175499987 0.03310699279711873 0.09841436574629843
7 0.9895923913043481 0.6096603260869565 0.012265625000000035 0.016041666666666763
10 0.084539689142634 0.775283629636631 0.1663554972627737 0.1874849809257757
9 0.06472302586793738 0.9102840988902936 0.011654551201011387 0.057943531394858874
9 0.16599128589488893 0.9211403587983865 0.011753318584070804 0.05201748841129365
12 0.19424540875713114 0.8465208821317546 0.041273584905660375 0.08330309627479432
12 0.344735218324628 0.8508613782051283 0.04144130608974361 0.08046207264957263
10 0.45724239853470083 0.8034544469103051 0.1439968020022247 0.16563836252207112
10 0.7131274863049428 0.8232223191382986 0.12071265243902438 0.14068343495934965
10 0.89941087493034 0.835620505267627 0.09849683544303804 0.1203850210970464
