7 0.04329734592892487 0.4334420452841505 0.02941548582995951 0.04301619433198377
7 0.26286795715249667 0.7033710076473233 0.028150303643724683 0.034159919028340015
7 0.6694395242914979 0.7128950179937021 0.024354757085020218 0.03120782726045886
7 0.8795533537961541 0.8767510005717553 0.014338550600343147 0.024478273299027957
7 0.9109223127501428 0.8683533447684392 0.015008576329331013 0.02680102915951963
9 0.35415593521062283 0.5775788881257633 0.019996279761904746 0.09641617063492068
9 0.48635362663210435 0.5774369559651817 0.024181547619047627 0.10044642857142853
9 0.6174432663690477 0.5944423776455027 0.02139136904761907 0.09765625
9 0.11588375584608845 0.5557548540249434 0.029296875 0.09827628968253967
12 0.5838234163591636 0.49309399343993426 0.05938653136531365 0.11761992619926194
12 0.4662995848708487 0.48640881629404537 0.053620848708487046 0.10954797047970484
12 0.34071391289570785 0.4732209328672235 0.05506226937269374 0.12530750307503075
12 0.05062269372693727 0.472570725707257 0.05016143911439115 0.06765067650676505
8 0.006822946790052052 0.7780719828417196 0.009839050751879698 0.12257205513784465
8 0.036803246096009254 0.7826507374204741 0.01688792293233083 0.12296365914786958
8 0.06803111869747899 0.7814515608875127 0.017475328947368418 0.12394266917293233
8 0.2965225563909774 0.8433505639097744 0.021587171052631592 0.08106203007518786
8 0.3270957625040863 0.8368407431622533 0.02085291353383458 0.05384555137844617
8 0.3496598152991173 0.8363299553230903 0.01791588345864663 0.0526707393483709
8 0.4206262183235867 0.8470829852408799 0.014538298872180454 0.07420895989974939
8 0.44542858261725743 0.8378088077336198 0.01850328947368416 0.05188753132832081
8 0.4691397212984385 0.841157882687488 0.021146616541353414 0.05815319548872182
8 0.4814246833601861 0.7594134144886024 0.02188087406015038 0.09065632832080191
8 0.5378376790794552 0.8381913398360765 0.016887922932330834 0.07166353383458647
8 0.5618400860549814 0.8348813929354636 0.016300516917293263 0.06637687969924808
8 0.5850622650375941 0.8320253759398496 0.019824953007518787 0.05502036340852132
