8 0.6800579667943304 0.3245054684723813 0.020654834761321884 0.07866687066503471
8 0.7072705078125 0.32486002604166675 0.021015624999999982 0.08052083333333335
8 0.7333956473214285 0.32662946428571427 0.02335937499999998 0.07291666666666667
8 0.8089479166666667 0.3262222222222222 0.023671874999999964 0.07635416666666668
8 0.835712139423077 0.32890625000000007 0.022343750000000107 0.07708333333333334
8 0.8630040411916389 0.321751013901118 0.020975496277915794 0.07862718598605696
8 0.93665197689288 0.31664176034417807 0.02077540444893842 0.08152173913043477
8 0.9606204044117647 0.31966605392156866 0.02453125000000007 0.07729166666666666
8 0.9874022103398223 0.3117593066939891 0.020014728483606525 0.06019467213114756
4 0.5874514358108109 0.43204673423423406 0.025937500000000037 0.0858333333333333
10 0.7723716517857145 0.4968278769841271 0.04289062499999998 0.06770833333333333
10 0.9162861689814816 0.4941975308641975 0.03781250000000007 0.06697916666666667
10 0.9422931985294116 0.48776348039215683 0.007890625000000106 0.0484375
11 0.39979943338157486 0.516949127179817 0.17390625 0.2167708333333333
12 0.10837983630952379 0.2658804563492063 0.028593750000000008 0.05020833333333332
12 0.09602796052631579 0.2755043859649123 0.01039062500000001 0.02197916666666666
12 0.46919531249999996 0.5011822916666666 0.011796875000000017 0.028645833333333332
12 0.549342830882353 0.4959375 0.009062499999999928 0.035416666666666666
12 0.8242968750000002 0.4838611111111112 0.010468749999999893 0.035520833333333356
12 0.8789797794117646 0.4866482843137256 0.013046875000000036 0.035312499999999976
12 0.68076171875 0.04558333333333334 0.020234375000000072 0.06375
12 0.7113151041666665 0.060277777777777784 0.010546875 0.022812500000000006
12 0.795970982142857 0.0482172619047619 0.04093750000000007 0.07135416666666666
12 0.7797786458333333 0.08222222222222222 0.009531250000000036 0.00843750000000001
12 0.917136008522727 0.04523200757575758 0.05617187500000007 0.07739583333333333
9 0.3877403846153846 0.09552884615384616 0.006640625 0.017395833333333336
9 0.4149776785714286 0.09640624999999999 0.007968750000000035 0.015625
9 0.455224609375 0.09382812500000001 0.007500000000000018 0.017708333333333333
9 0.5499013157894737 0.09269188596491225 0.008515624999999982 0.01802083333333333
9 0.5770260416666667 0.09194444444444445 0.0078125 0.01489583333333333
6 0.06000651041666666 0.14211371527777777 0.015859375 0.022916666666666665
6 0.10465624999999998 0.138125 0.012031250000000004 0.01333333333333333
6 0.14380774456521742 0.1388541666666666 0.013906249999999986 0.02385416666666666
6 0.21746783088235294 0.13494485294117645 0.010000000000000009 0.01854166666666668
6 0.3043359375 0.13255208333333332 0.005546874999999974 0.020416666666666677
6 0.38153409090909085 0.13061079545454546 0.011171875000000008 0.024375000000000004
6 0.42378348214285727 0.13220734126984127 0.009921875000000035 0.022499999999999996
6 0.4645468750000001 0.1287625 0.012109375 0.020729166666666674
6 0.5403400735294117 0.12651960784313726 0.010703124999999947 0.021562500000000002
6 0.5820084635416667 0.12520399305555555 0.015234375 0.021562499999999988
6 0.8636688701923075 0.12284455128205125 0.012109375 0.023333333333333338
6 0.9054925271739132 0.11947010869565218 0.01171875 0.021354166666666667
7 0.09256510416666668 0.1345949074074074 0.011015624999999996 0.011354166666666672
7 0.256123046875 0.12888671875 0.011171875000000008 0.011979166666666652
7 0.03078993055555555 0.1443611111111111 0.026328125 0.04874999999999998
7 0.18259915865384618 0.23032051282051275 0.01578124999999999 0.028437499999999984
7 0.2408761160714285 0.22825148809523813 0.015937499999999983 0.029479166666666678
7 0.323947265625 0.21280989583333326 0.014374999999999982 0.030312499999999996
7 0.690458984375 0.1575260416666667 0.007734374999999983 0.030000000000000013
7 0.7095507812499999 0.15766927083333335 0.006093750000000053 0.027187499999999993
7 0.8167361111111111 0.15478009259259257 0.00929687500000007 0.03416666666666668
7 0.83623046875 0.15444010416666665 0.005781250000000071 0.026875000000000013
7 0.943018465909091 0.15388257575757575 0.011171874999999965 0.03427083333333334
7 0.9626041666666667 0.15307291666666664 0.0028124999999999288 0.01708333333333334
7 0.13349184782608695 0.3590489130434783 0.02046874999999999 0.033749999999999974
7 0.07705078125 0.31678571428571434 0.023281249999999996 0.0390625
7 0.030078125000000004 0.28453124999999996 0.025859375 0.04093750000000001
7 0.25090820312499995 0.371640625 0.004296875 0.0125
7 0.2582366071428571 0.3704315476190477 0.0040624999999999915 0.013124999999999965
7 0.2584809027777778 0.3983796296296297 0.005546874999999974 0.014895833333333346
7 0.2513932291666667 0.4 0.003984375000000017 0.011979166666666667
7 0.29386160714285714 0.3822916666666666 0.007265625000000009 0.021250000000000036
7 0.28330357142857143 0.38556547619047626 0.004609374999999982 0.019062500000000013
7 0.2855184659090909 0.41943181818181813 0.005156249999999973 0.020833333333333332
7 0.29373697916666675 0.41920138888888897 0.00703125 0.021458333333333298
7 0.3744642857142857 0.3673214285714286 0.004296875 0.01583333333333332
7 0.38255681818181825 0.3666287878787879 0.005781249999999983 0.016770833333333356
7 0.37452008928571423 0.3942113095238095 0.004921875000000009 0.016874999999999987
7 0.3835491071428571 0.39340773809523816 0.0034375000000000265 0.01593750000000001
7 0.4197098214285714 0.3659821428571428 0.004999999999999982 0.012395833333333368
7 0.428203125 0.36570833333333336 0.003515625 0.012291666666666678
7 0.4280580357142858 0.3929910714285715 0.003828124999999982 0.013333333333333345
7 0.42113281249999995 0.39091145833333335 0.0024999999999999467 0.007291666666666667
7 0.4735189471879286 0.3640117741197988 0.0032953960905349076 0.010823902606310002
7 0.4671424897119342 0.3659765089163237 0.003134645061728403 0.010931069958847732
7 0.4729352678571429 0.3917708333333333 0.003984375000000017 0.011562499999999965
7 0.4662276785714286 0.39163690476190477 0.003750000000000053 0.012916666666666642
7 0.3452895797143408 0.27693334620086213 0.004976114649681484 0.01691878980891725
7 0.33689125530785563 0.2785739561217268 0.00530785562632694 0.01736111111111107
7 0.33654200577966503 0.31704608005032636 0.005639596602972396 0.016476468506723248
7 0.3458883470452937 0.3155593890068413 0.00663481953290872 0.021120842179759337
7 0.39625781250000003 0.31622916666666673 0.00625 0.017500000000000012
7 0.40654296875 0.3149348958333334 0.005390624999999982 0.015625
7 0.39657552083333336 0.27706597222222223 0.005078125 0.016875000000000046
7 0.4051988636363636 0.27659090909090905 0.00625 0.015625
7 0.4558046875 0.3148645833333334 0.005937500000000017 0.021145833333333346
7 0.4657457386363636 0.31189393939393933 0.006015625000000036 0.0203125
7 0.4550781250000001 0.27649305555555553 0.004765625000000018 0.017395833333333322
7 0.46504807692307687 0.27524839743589735 0.006796874999999947 0.018020833333333344
1 0.25502297794117645 0.3840226715686275 0.0125 0.05802083333333332
1 0.288755859375 0.40019010416666684 0.016484374999999975 0.0780208333333333
1 0.37887880067567553 0.37606418918918905 0.013437499999999991 0.06114583333333332
1 0.42425464527027035 0.3772353603603602 0.012734375000000053 0.06281250000000001
1 0.47005729166666643 0.37847569444444457 0.011249999999999982 0.05166666666666669
1 0.34103379360465114 0.2913953488372093 0.016718749999999984 0.08177083333333333
1 0.4010077816047966 0.2962378279542459 0.016324626865671644 0.08275928052047457
1 0.4603724563953489 0.29163759689922475 0.017031250000000053 0.08239583333333336
