7 0.06631991155461296 0.5923155739146337 0.05745125348189415 0.10118123259052929
7 0.22561604794498838 0.5201071341804776 0.05249800955414012 0.10029635527246998
7 0.14775908628817397 0.611137988549409 0.05694211409395973 0.07746085011185677
7 0.12082709832958034 0.7221733973395538 0.06056565504807693 0.08227550873850996
7 0.05205948565323566 0.9460374694749696 0.054712540064102554 0.056924412393162406
7 0.2302430850991603 0.8897302589555324 0.05520569042370869 0.05725461753683199
7 0.8088076797356545 0.6932401671161064 0.06330252684074784 0.059132431802447746
7 0.5639291158536585 0.38025067750677505 0.047129065040650356 0.06521002710027096
7 0.7328425930941891 0.3007931549628278 0.0512370753323486 0.090780403741999
7 0.4994916902404527 0.5261472575829012 0.06327351485148514 0.06724422442244228
7 0.7448945608805891 0.4308567573655738 0.06774922627949484 0.07191280614175989
1 0.11621892440385592 0.6402248576582671 0.11853780864197531 0.2510661008230452
3 0.426585606803873 0.506516704233752 0.10468996323370616 0.34735936041083093
3 0.6723780801229563 0.41963042449331506 0.10961898526357272 0.3552215947980835
3 0.9301879077209584 0.30183138538650855 0.11905372920997923 0.37037037037037035
2 0.5173455967803091 0.3244918751604103 0.1157977147078844 0.2867151618676083
2 0.7513870219888081 0.2130652432949686 0.1471501084162921 0.2920864873742059
6 0.5718910256410256 0.9415064102564102 0.0265625 0.04874999999999995
6 0.9152422983849039 0.8403404662207482 0.02389336016096575 0.048415492957746525
