6 0.027341577447163517 0.1875637282165369 0.05670362903225808 0.05712365591397847
9 0.07132581485215055 0.24484066980286737 0.02835181451612904 0.0474630376344086
7 0.026524697580645164 0.8728998655913978 0.05607358870967742 0.07770497311827948
7 0.17439866151433692 0.7974443697729988 0.06300403225806453 0.08106518817204295
7 0.14165406586021506 0.8923331093189965 0.047568044354838704 0.04872311827956987
7 0.09661853652751423 0.7487843927893737 0.05890877016129033 0.07140456989247307
7 0.2448887978830645 0.6661363827284945 0.06079889112903225 0.07182459677419348
7 0.1428153166508539 0.6111391129032259 0.0544984879032258 0.07182459677419359
7 0.21652385752688175 0.5926229278673835 0.0513482862903226 0.046622983870967735
7 0.2972501603739003 0.5131582966764417 0.0604838709677419 0.07686491935483868
7 0.5117677531362007 0.6231565486857826 0.0793850806451613 0.10374663978494626
7 0.5851049467165899 0.4707601286482334 0.0730846774193549 0.08694556451612906
7 0.7872773857526882 0.48168682795698914 0.0797001008064516 0.11550739247311827
7 0.8499799869544592 0.32040638836179636 0.08537046370967741 0.09870631720430109
7 0.6358618951612902 0.2932291666666666 0.0721396169354839 0.0974462365591398
7 0.7422550043202766 0.7473178283410138 0.0626890120967742 0.07182459677419348
7 0.9792176699308757 0.6541618663594471 0.042527721774193596 0.05418346774193547
7 0.9011397641260341 0.12881021533767528 0.08128795546558702 0.1071187584345479
2 0.8633690738025415 0.12836360921038337 0.1614583333333334 0.36268939393939387
3 0.7576349431818181 0.3415441618566619 0.09753787878787872 0.3503787878787879
2 0.24629692446856627 0.5266046660636213 0.17945075757575754 0.28566919191919193
2 0.6017101284958429 0.29303141009490213 0.18463010204081637 0.33928571428571425
3 0.49115962874511493 0.5335793892024896 0.10746173469387754 0.3499149659863946
3 0.16269102269056843 0.7308825904392762 0.10083575581395346 0.26364664082687334
2 0.10242923179565384 0.6609797941288602 0.1741157945736434 0.23901808785529716
3 0.02862014035705896 0.7946837561663141 0.056625484496124034 0.2511304909560723
7 0.24639423076923075 0.9480595309083679 0.0520833333333333 0.05612080103359176
6 0.1894941816816817 0.05696321321321321 0.028927364864864847 0.029279279279279275
6 0.20270270270270271 0.03513513513513514 0.008657094594594582 0.008727477477477479
