10 0.8444505138071599 0.6658618486997855 0.23383620689655177 0.26016818984717
10 0.5293127688978739 0.7282682540725507 0.15223329048843182 0.19119537275064277
10 0.36032472048653774 0.7646634868536527 0.09602516059957171 0.14621252676659527
9 0.11294604700854696 0.7297106481481482 0.028828124999999993 0.09125000000000003
9 0.09077875664893617 0.7309652039007091 0.023984375000000002 0.08020833333333334
9 0.07771045918367347 0.7380952380952382 0.027187499999999996 0.0811458333333333
7 0.04759124614791988 0.6419732280431432 0.025820974576271184 0.035487288135593195
7 0.011150596176586518 0.6558599395611613 0.023702330508474572 0.030014124293785353
6 0.8033533653846154 0.6371594551282052 0.017734375000000035 0.014270833333333262
6 0.757652027027027 0.6242511261261261 0.021250000000000036 0.017083333333333308
6 0.7517454268292681 0.6480284552845529 0.02156249999999993 0.013020833333333334
7 0.7425892857142855 0.5930133928571428 0.010546875 0.011874999999999976
7 0.7426822916666667 0.5777353395061728 0.010703124999999947 0.011770833333333286
6 0.58071875 0.6013660714285715 0.018046875000000018 0.01604166666666664
13 0.47736649525316455 0.6009203586497888 0.0203125 0.0515625
7 0.21195075757575754 0.568270202020202 0.00914062499999999 0.013229166666666596
7 0.07560671542553193 0.29556515957446805 0.020781250000000008 0.024583333333333297
7 0.23688032670454545 0.3458996212121212 0.017421874999999965 0.02354166666666663
7 0.16675271739130434 0.14742980072463768 0.02554687499999999 0.030312499999999996
7 0.26539789244186046 0.17942587209302324 0.02414062499999998 0.026875000000000013
7 0.37784702034883727 0.46733042635658906 0.02132812500000001 0.03114583333333337
7 0.9232473930166124 0.1081187425465236 0.04143829561527586 0.05701909476661952
7 0.8727149016700485 0.33866929400135254 0.03156459731543624 0.05313199105145413
7 0.7570948922001914 0.39428095304454 0.03291601966873712 0.0502501725327812
7 0.6659627757352943 0.4366176470588234 0.034062500000000016 0.044062499999999956
7 0.533218443627451 0.49761029411764707 0.028203125000000016 0.04052083333333331
7 0.5693048878205127 0.3363354700854701 0.023984374999999947 0.04041666666666668
1 0.8549499698721353 0.2956679705053311 0.07318773234200737 0.22130576208178437
1 0.7466946895866513 0.3511692552709633 0.05597773081924577 0.17162440398786305
1 0.6588416616646657 0.40381082988751066 0.045737044817927244 0.14589169000933708
2 0.5387278151774786 0.39612233102135186 0.03490284577723379 0.04194716442268464
2 0.5594011712586482 0.335291331202546 0.03953187583444588 0.06313974187805964
1 0.5277418870192307 0.4739803685897435 0.03507812499999998 0.12302083333333336
1 0.41725650100459566 0.519658047735618 0.032990361077111355 0.10128965218278256
1 0.46266817087066847 0.5098188696673055 0.031058602449888627 0.12435040831477355
