7 0.5245295266544119 0.2593653833061002 0.04201388888888893 0.05225013616557736
7 0.6183284344059405 0.2734661486982032 0.04041615099009901 0.04950495049504952
7 0.6917360115945806 0.26486776967170406 0.039449257425742526 0.05543523102310231
7 0.5260206324908807 0.4158660109431996 0.035775061881188105 0.048731435643564386
7 0.613300587871287 0.4186557048561999 0.02823329207920793 0.044090346534653456
7 0.6802160684818481 0.4136929317931792 0.032294245049504955 0.04589521452145219
7 0.6683306444483734 0.5364325495049506 0.030747215346534684 0.05130981848184823
7 0.6072367839462517 0.5380716643092882 0.029200185643564323 0.046668729372937354
7 0.5260384436881188 0.5372060643564357 0.034228032178217835 0.0466687293729373
6 0.4924652621512151 0.4554596084608462 0.023205445544554414 0.05414603960396042
7 0.051866319444444434 0.45093878600823045 0.01714409722222222 0.033854166666666664
7 0.08765552662037036 0.5712046682098765 0.016276041666666664 0.03240740740740738
6 0.10557725694444446 0.4691220238095238 0.025607638888888895 0.09346064814814815
6 0.009514345760233916 0.47918189571150094 0.015842013888888888 0.0746527777777778
6 0.38575217280163604 0.4711642240399909 0.03019555214723928 0.09138548057259713
7 0.15543926886792453 0.8157674921383647 0.015625 0.02987421383647799
7 0.19676959325396826 0.9501074735449735 0.03658234126984126 0.048363095238095254
7 0.3404017857142857 0.9520089285714285 0.038132440476190466 0.048363095238095254
7 0.48777394480519487 0.9497129028379027 0.03782242063492065 0.047949735449735444
1 0.19422743055555555 0.942942570546737 0.03534226190476193 0.11408730158730158
1 0.33854166666666663 0.9336075286596118 0.04123263888888888 0.09507275132275125
1 0.48599950396825403 0.9312830687830687 0.038132440476190424 0.09755291005291002
7 0.7483033459595959 0.9530573593073594 0.03844246031746028 0.048363095238095254
7 0.8931671626984127 0.953579695767196 0.035962301587301584 0.0458829365079365
1 0.7504734848484848 0.9441889129389129 0.03720238095238093 0.11326058201058195
1 0.8984747023809522 0.9397486772486771 0.04495287698412689 0.11408730158730158
14 0.6354810850396497 0.23813530693967735 0.3295554577464789 0.1280076291079812
14 0.5157256705124362 0.5230730571371494 0.0728983274647887 0.10453345070422528
14 0.5244094776995305 0.4078813156718087 0.0352112676056338 0.1063673708920188
14 0.6090766352925244 0.5318791756951968 0.041538292253521104 0.08986208920187787
14 0.7072759551713265 0.5198096226613411 0.1295664612676056 0.11370305164319242
14 0.6185491857394366 0.41754694835680756 0.043188820422535204 0.078125
14 0.7127823456697633 0.3893451578263909 0.1114106514084507 0.12250586854460094
