1 0.09368254513343797 0.3111263736263736 0.0837053571428571 0.25297619047619047
5 0.3670316901481816 0.4499282393517127 0.0787760416666667 0.22848274410774425
5 0.4900679181929184 0.5012260887260888 0.08819444444444446 0.21666666666666679
5 0.5962266156462587 0.554577664399093 0.08402777777777785 0.20416666666666666
7 0.06807144502457003 0.29195033101283097 0.038710585585585586 0.06733295795795792
7 0.06516281906906905 0.39016695266695256 0.03413569819819819 0.07225975975975979
7 0.3520803740530303 0.5138132628367004 0.04638671875 0.05859375000000006
7 0.34620145318930046 0.42047110768175583 0.044921875 0.057291666666666664
7 0.47522650824652785 0.5651403356481483 0.03824869791666661 0.05425347222222226
7 0.581194617269985 0.6201294620412268 0.03355368589743586 0.05041399572649574
7 0.46612363873106066 0.48068576388888895 0.03879123263888893 0.05280671296296298
7 0.034800728538616134 0.20553701311130249 0.04875242248062016 0.05571705426356589
7 0.5702493554905239 0.5333170754366406 0.03831129807692309 0.048076923076923114
7 0.28737504272043746 0.3392180735930736 0.0390625 0.052083333333333336
7 0.40491319444444446 0.4066435185185185 0.03602430555555558 0.04976851851851851
7 0.6551782852564104 0.5364850427350427 0.030048076923076917 0.04240117521367524
7 0.7207255439438066 0.6111158700245559 0.033581570155902 0.04477542687453599
7 0.7366485708982924 0.6833687343616818 0.03688752783964366 0.044311432813660075
7 0.8071885993843448 0.715447266197596 0.03133245382585761 0.04232629727352683
7 0.8697972972972972 0.7436711711711712 0.028505067567567544 0.040822072072072044
7 0.8510880936161932 0.6658111132736474 0.026396457765667413 0.02157129881925523
12 0.40294709661678596 0.9824617761873782 0.037735849056603724 0.03335298742138366
12 0.357058386042024 0.9743085334476849 0.044634433962264145 0.04337657232704402
12 0.4461175251065124 0.9812614120511258 0.035966981132075485 0.03335298742138366
7 0.7879296570820287 0.6081647530526699 0.02793961864406791 0.03584039548022595
7 0.85768720805761 0.6904437524328533 0.021500340599455114 0.017029972752043557
