7 0.7130933302808303 0.5636637667887666 0.050580929487179474 0.07244925213675207
7 0.7071086465617714 0.7219126359751359 0.020532852564102554 0.05642361111111107
7 0.7130499708624709 0.8868735431235432 0.019030448717948723 0.06477029914529903
7 0.9429120205774618 0.5450737987502693 0.05214225113122169 0.07659313725490194
7 0.9412534103007719 0.70406075326058 0.0390625 0.0612745098039215
7 0.9457583113373556 0.8635516172280879 0.036234445701357386 0.0723510558069382
14 0.487485543359662 0.5715867953486469 0.07975896870986147 0.39956915357766143
14 0.7075502622377623 0.4793019480519481 0.05791083916083917 0.2662441724941725
14 0.7051784786159785 0.7300329175329174 0.024038461538461498 0.08727477477477473
14 0.7195465447418571 0.9248175459112958 0.0472648128898129 0.1769317394317394
14 0.9283398741245706 0.4420864606141377 0.0753567913385826 0.3221279113472467
14 0.9270685997171146 0.7125471475719002 0.056157178217821804 0.08869636963696373
14 0.9366186618661866 0.9000681318131807 0.05538366336633675 0.1926567656765677
