6 0.23553523936170215 0.18911347517730503 0.04171875000000003 0.05145833333333334
6 0.2961494854082071 0.2643851171415052 0.06566771070615034 0.04947323462414577
7 0.5380951041532727 0.20270777077707772 0.03911775106082036 0.05083097595473832
6 0.5255598958333333 0.45949652777777783 0.010781250000000053 0.009375
6 0.537578125 0.4522048611111112 0.012578125000000018 0.010416666666666666
6 0.5426339285714286 0.46848214285714285 0.008671875000000018 0.008541666666666654
6 0.52982421875 0.4756770833333333 0.009140625000000036 0.008229166666666702
6 0.5836002604166668 0.5096759259259259 0.03296875000000003 0.03104166666666668
7 0.58547265625 0.5851875000000001 0.02804687499999998 0.033854166666666664
7 0.6813209293802448 0.5382944933104168 0.029442011677282397 0.03560686482661009
7 0.7895042067307692 0.4903365384615385 0.03273437499999998 0.03760416666666669
7 0.7807778532608695 0.7504211956521741 0.023281250000000052 0.03083333333333336
7 0.8667442375886523 0.7187684692671394 0.025025856973995175 0.032505910165484646
7 0.9597683897876642 0.6883917537355354 0.026304979777552973 0.03286147623862495
7 0.912787388392857 0.8609263392857144 0.019374999999999965 0.02645833333333331
7 0.9874839248971193 0.836608367626886 0.02162101337448554 0.02754200960219476
7 0.08273423005565864 0.6614873222016077 0.034641697588126165 0.05469233147804573
7 0.07884571343834737 0.7573009431045147 0.038990027829313545 0.0577844774273346
7 0.2900556495488323 0.7691552768931351 0.03251061571125265 0.04699663835810337
7 0.2916887894417476 0.8511482449589247 0.035459648058252434 0.05018709546925575
7 0.38600130241289127 0.8133533353018926 0.0323889521640091 0.045439445709946825
7 0.38481670673076923 0.8935697115384614 0.03445312499999997 0.046875
7 0.46757907439913576 0.8596117637351097 0.030166278467908914 0.04539768806073153
7 0.4698090739919157 0.9332328946071181 0.03032802795031051 0.046907349896480356
7 0.5893678977272728 0.8210132575757575 0.02023437499999998 0.027395833333333404
7 0.5968825604838708 0.8691364247311829 0.025937499999999947 0.03291666666666669
7 0.5887748579545455 0.9217708333333334 0.029531249999999964 0.042604166666666644
7 0.59253125 0.9829375000000001 0.03054687500000002 0.027604166666666666
7 0.6488279336109749 0.954495345418912 0.025378184713375784 0.04467445152158523
7 0.6994864325723947 0.9767999630099343 0.02604166666666661 0.04179635207496659
1 0.09878410218253969 0.694766038359789 0.069296875 0.21041666666666667
1 0.30549987296747977 0.797958163956639 0.055546875000000016 0.18458333333333338
1 0.3986901461693547 0.8471639784946237 0.05023437500000001 0.17677083333333338
1 0.483204656862745 0.8890053104575166 0.04671875000000005 0.1655208333333333
1 0.6000951522435897 0.9258159722222221 0.04132812499999998 0.12333333333333331
1 0.6602305300322622 0.9445421226594127 0.03981370192307691 0.09275841346153844
