7 0.04236516034985423 0.6416271865889213 0.053093112244897954 0.06994047619047615
7 0.04685035002957995 0.801699204627621 0.035418926247288506 0.061686550976138815
7 0.2873323480803458 0.7920957284515636 0.023777173913043504 0.06078375286041186
7 0.7755191409198413 0.4829571040476614 0.12856522817460325 0.13451815302144254
7 0.7451980792316926 0.42191251500600235 0.07764668367346932 0.0748299319727891
1 0.7322232511992398 0.46034173450431093 0.19350637321229894 0.14508290451686676
14 0.050186621570495527 0.5604808014094935 0.06729217979249134 0.2734712815702197
14 0.06982848286373373 0.8088020747514691 0.06094625350140055 0.0876809056956116
14 0.07193360043763908 0.9510761659675853 0.05754044684129429 0.09404051104262975
14 0.2717591491349876 0.5326968263313724 0.054684606481481435 0.2299679487179486
14 0.29935255122178767 0.7829712225052927 0.03258829254727478 0.08991472005932515
14 0.30381335386897124 0.9401822894384073 0.038323832035595105 0.10896482202447165
14 0.4830851154731213 0.55605007756405 0.07442871841500764 0.28801313587989796
14 0.46716688766489867 0.7693855115825741 0.011283659730722206 0.04334965320277438
14 0.4715504240251792 0.9407967593402109 0.008606181150550807 0.05189208486332113
