7 0.4136807922735254 0.3698503081637572 0.03863882863340562 0.052196312364425165
7 0.16009096976631304 0.4833229318355175 0.05720823798627002 0.06721967963386728
7 0.1440774750975905 0.6000415040157939 0.0604262013729977 0.07365560640732269
7 0.3683369068953747 0.630964826193321 0.05580357142857144 0.07826278659611993
7 0.3710583191609977 0.5160442649281936 0.053323412698412655 0.06965112433862437
7 0.6917778558052434 0.7275593008739076 0.043890449438202236 0.07279962546816468
7 0.7552131666048009 0.5163351686876186 0.05167733853006684 0.0658871566443949
7 0.89163115530303 0.7544037185581304 0.05744485294117645 0.07199754901960785
7 0.9354575163398691 0.5420257700029903 0.051742919389978145 0.06399782135076257
1 0.15970662491874726 0.49376956044570314 0.07592026296499907 0.25898788253619204
1 0.37645853541581537 0.5250584061047356 0.06262192089963281 0.25644826091391265
3 0.7028365614428721 0.6190087460622947 0.06295273248556725 0.2774726539087251
2 0.7626590274434818 0.47725737160058007 0.052631578947368404 0.13157894736842107
2 0.8019816988180202 0.5723498364555456 0.06355932203389827 0.11970338983050847
3 0.8992458561568185 0.6441881429226863 0.06967374213836486 0.26939203354297697
6 0.9621990139713157 0.7222763147049125 0.04868323442136493 0.04821958456973287
6 0.5785585153482881 0.03194924664080509 0.03739564007421148 0.05488559059987632
