6 0.03226562499999999 0.1797983870967742 0.02078125 0.020833333333333332
6 0.06873851102941178 0.18068321078431376 0.017499999999999995 0.03260416666666665
6 0.10810221354166669 0.1757465277777778 0.015390624999999991 0.021041666666666684
6 0.17523828125000002 0.17052083333333332 0.009609375000000009 0.017500000000000012
6 0.25477982954545453 0.16674715909090912 0.012031249999999983 0.019270833333333334
6 0.3273396381578947 0.16316337719298243 0.011171875000000008 0.021458333333333357
9 0.3337571022727272 0.13165719696969697 0.007265625000000009 0.016770833333333342
9 0.3598541666666667 0.13059027777777776 0.00859375 0.018124999999999992
9 0.3978725961538462 0.12640224358974358 0.007734374999999983 0.017708333333333333
9 0.4886145833333333 0.12180555555555554 0.008124999999999983 0.018958333333333337
9 0.5146306818181817 0.12256628787878787 0.007343749999999982 0.01604166666666666
7 0.038352864583333326 0.2817317708333333 0.014374999999999999 0.018229166666666668
7 0.07727539062500002 0.26224609375 0.011953124999999998 0.0140625
7 0.09010690789473684 0.27858004385964913 0.01929687499999999 0.016875000000000046
7 0.14453125 0.2764583333333333 0.015468750000000009 0.01593750000000001
7 0.23781960227272725 0.2720123106060606 0.015312500000000017 0.017916666666666654
7 0.2521826171875 0.2560091145833333 0.011953125000000009 0.01416666666666666
7 0.29249412242010664 0.2702559781402574 0.014147802929427434 0.019695960940967587
7 0.04049555596318036 0.4481834756314479 0.015841782283884737 0.023345784418356472
1 0.08927785462776659 0.41274731723675384 0.014854753521126762 0.060676559356136826
1 0.16070713141025642 0.4111298076923077 0.012812500000000004 0.058749999999999976
1 0.18135376756066418 0.44041679970200087 0.016363346104725406 0.06971051511281398
1 0.2298855377906977 0.3335198643410853 0.016093750000000018 0.07750000000000004
1 0.2442583242358079 0.40272016011644823 0.012281659388646293 0.055836062590975226
1 0.2850594429347827 0.33422554347826083 0.013906250000000009 0.07927083333333336
1 0.3409303203024264 0.3334255216270072 0.01505080734966593 0.07713901262063842
1 0.3188249107446447 0.4074577808001815 0.016437861271676325 0.06442678227360309
12 0.16588145380434777 0.5187817028985507 0.020390624999999996 0.03114583333333331
10 0.07294084821428569 0.5185825892857142 0.0225 0.05604166666666662
10 0.05111328125000001 0.5214539930555557 0.014374999999999994 0.058541666666666714
10 0.03026278409090909 0.527310606060606 0.013046875000000003 0.049583333333333354
10 0.051113281249999996 0.5590364583333333 0.012578125 0.005833333333333238
10 0.07243420505571263 0.5592916735960974 0.023191938300349248 0.0053356616220411246
10 0.0303162592161428 0.5588095007114214 0.008003492433061699 0.005820721769499334
11 0.26574378320205166 0.5345396745435672 0.16715801886792453 0.19791666666666666
12 0.4402670808920809 0.1298490360990361 0.03573284823284828 0.07579695079695077
6 0.7985830965909091 0.14080492424242425 0.007500000000000018 0.021875
9 0.8082638888888887 0.10694444444444445 0.0068749999999999645 0.017812499999999995
9 0.8356640625 0.10528356481481481 0.008125000000000071 0.018020833333333344
6 0.8410202205882354 0.13652573529411766 0.009843749999999929 0.01583333333333332
12 0.8883171407585466 0.090765595322887 0.04206730769230767 0.087890625
9 0.9745073198198199 0.10198948948948951 0.010838963963963976 0.015202702702702705
9 0.9413736653319986 0.19369369369369374 0.022100225225225145 0.04842342342342342
7 0.762414158212098 0.21761541283818273 0.01615141653905052 0.017387697805002548
7 0.7853361703380846 0.21697196371775238 0.011605091883614093 0.014516334864726914
7 0.8140388710758041 0.21679787200102094 0.010887251148545296 0.017228177641653897
8 0.39497306034482754 0.3898563218390804 0.02015086206896548 0.0781609195402299
8 0.4194294410150892 0.39040637860082295 0.01996527777777777 0.0820473251028807
8 0.4441234885018176 0.3911076522594498 0.020285452729693797 0.0868286728806036
8 0.5121364915572231 0.39472912757973727 0.02400914634146334 0.07672764227642279
8 0.5370182291666666 0.39127314814814806 0.019843749999999983 0.07781250000000005
8 0.5618131868131869 0.3886090761090761 0.020003434065934123 0.08012820512820516
4 0.46598921648305336 0.4308703569923545 0.020938685208596743 0.03674146649810369
4 0.4653713324378425 0.47750188755443185 0.024296776232616855 0.03002528445006322
4 0.50046875 0.47625 0.023749999999999983 0.029062499999999977
4 0.49651738797255873 0.42394966671532136 0.019385856079404462 0.042002688172043
8 0.629599095394737 0.3870175438596491 0.020937499999999963 0.08145833333333333
8 0.6549088541666666 0.3836755952380953 0.020624999999999984 0.08229166666666667
8 0.6800664062500001 0.3821666666666667 0.021328125000000052 0.08187499999999996
10 0.6672569444444446 0.5057445987654322 0.01796875 0.05291666666666668
10 0.7007771381578948 0.5029742324561405 0.02937500000000002 0.05354166666666664
7 0.8569455631040762 0.4001056403791381 0.014084167950693427 0.02086543400102722
3 0.8658851985257163 0.3209219858156028 0.020669291338582772 0.09760498687664038
8 0.8956820372750641 0.32051199657240786 0.016870179948586105 0.11635068551842333
8 0.9241877588196692 0.3191354951611565 0.015020026702269717 0.11612705829995554
8 0.9542302062472185 0.3179586671117044 0.01814919893190936 0.1164052069425901
4 0.9699960991678223 0.4667923601479426 0.027305825242718563 0.03357605177993529
4 0.9707220873786409 0.41227631829430794 0.01987257281553383 0.03256472491909381
10 0.869444813829787 0.49837544326241134 0.03179687500000004 0.04781249999999997
10 0.85570987654321 0.5328253600823046 0.003279320987654444 0.0052726337448560185
10 0.8773726851851851 0.5331275720164609 0.01263503086419746 0.006044238683127586
