7 0.9581216124661245 0.6856970791930141 0.034044715447154414 0.04403794037940389
7 0.912909044715447 0.6096510840108401 0.03569613821138216 0.047594850948509425
7 0.8559027777777783 0.6345802704740362 0.03548425572519083 0.043469041560644565
7 0.7857048503278122 0.6591261454259644 0.03399884259259256 0.04422949735449736
7 0.3993420210040982 0.5070440573770493 0.04815573770491803 0.06864754098360658
7 0.24695112573818898 0.5806420193569554 0.04629060039370079 0.06295111548556433
7 0.30321349029589556 0.7782572383073495 0.041759465478841885 0.06983110616184121
7 0.1555752509337068 0.8289971081025004 0.0394880174291939 0.0671750181554104
7 0.024278085443037986 0.8734873124706982 0.03866693037974683 0.0625
3 0.3340633475098619 0.6096677761341224 0.12111686390532546 0.3353057199211046
3 0.27634144701452396 0.6873206921283846 0.09615384615384617 0.28846153846153844
3 0.11604336168639055 0.7428038708086785 0.11464497041420119 0.2921597633136095
