7 0.19728906250000006 0.03775347222222222 0.023984375000000013 0.027083333333333334
7 0.2559733072916667 0.019496527777777776 0.025468749999999974 0.0284375
7 0.3009835737179487 0.1078766025641026 0.024921875000000027 0.039791666666666656
7 0.29877111486486496 0.1835304054054054 0.02609374999999998 0.04052083333333334
1 0.28952670784883716 0.14841690891472872 0.04468750000000003 0.15333333333333335
1 0.5752258300781248 0.24121256510416675 0.023671875000000054 0.09552083333333332
7 0.6115669642857142 0.10820833333333332 0.013203124999999982 0.016875000000000005
7 0.6480952380952382 0.13233134920634923 0.01171875 0.016666666666666666
7 0.6613323479729729 0.15775337837837838 0.016171875000000037 0.022812500000000006
7 0.6405168269230769 0.21350160256410253 0.012812499999999982 0.02229166666666667
7 0.6371940104166668 0.2585069444444445 0.013046875000000036 0.022916666666666637
1 0.6351079963235293 0.2257383578431373 0.024453124999999964 0.08697916666666666
1 0.8196716101694916 0.17969279661016946 0.022499999999999964 0.09968749999999998
7 0.8263839285714287 0.17521329365079363 0.013671875 0.025
7 0.8241064453124999 0.2217903645833333 0.012890625 0.02531249999999998
4 0.8769910714285712 0.09343526785714283 0.070703125 0.18322916666666667
4 0.954430634469697 0.08663825757575756 0.05929687500000007 0.16375
12 0.8260861895161289 0.46565020161290327 0.02765625000000007 0.04781249999999997
10 0.8749036120129869 0.41252570346320344 0.053828125000000074 0.09031249999999999
10 0.8941276041666667 0.4147309027777778 0.014218750000000035 0.01885416666666669
10 0.9489531250000003 0.4066607142857144 0.019374999999999965 0.10124999999999999
11 0.5934003863208667 0.30980683996889835 0.1300769589552239 0.27897232587064674
11 0.3382749889537006 0.3175974387416346 0.4101067174572818 0.5126154939587776
