13 0.7516943849407604 0.06366821718853886 0.09892153772759568 0.17018098427323045
13 0.601073342218354 0.04094022557072658 0.07931070826306907 0.0948566610455312
6 0.38140624999999995 0.2510947712418301 0.040625 0.036562500000000026
7 0.2977395833333333 0.3280625 0.025703124999999983 0.032083333333333346
7 0.20679859405845247 0.2965256712728907 0.026936931243680507 0.03128159757330635
7 0.10652635723730261 0.26165626377330115 0.02701592517694641 0.03296680148297941
7 0.19397812500000006 0.461275 0.02124999999999999 0.025625000000000023
7 0.1157219827586207 0.4388110632183908 0.02046874999999999 0.025625000000000023
7 0.03307065217391304 0.4125679347826087 0.021640625 0.027291666666666714
7 0.06037434895833334 0.5087369791666666 0.020156249999999997 0.019479166666666714
7 0.8285999361430395 0.4980842911877394 0.03577586206896548 0.05129310344827586
7 0.7871277429467085 0.27495428422152557 0.04353448275862064 0.05129310344827586
7 0.7840571120689653 0.3713649425287357 0.04523437499999998 0.058958333333333356
7 0.6862661481077148 0.3373205404796563 0.04136531113537121 0.0524244905385735
7 0.7356748298142378 0.5429839236952425 0.038859683281412226 0.04662080304603666
7 0.6845789930555555 0.42639756944444435 0.038125000000000055 0.054791666666666634
7 0.6014541330645161 0.400211693548387 0.03460937500000005 0.051041666666666666
7 0.5978472222222222 0.4792737268518519 0.03515625 0.04968749999999999
7 0.5110072544642856 0.4042187499999999 0.023203124999999946 0.02677083333333338
7 0.4851310483870967 0.43868951612903223 0.028828124999999982 0.03895833333333331
7 0.4824855782842582 0.48348582675655905 0.03229402604756508 0.0431504813137033
7 0.478222939494038 0.5590104334514987 0.03358644859813085 0.04660728193146421
7 0.43010852575658776 0.5229309705547671 0.029894327030033363 0.03812106043752319
7 0.4257432238976902 0.590403702996755 0.029272642679900686 0.04187344913151361
7 0.38359130859374996 0.5570605468750001 0.027968750000000007 0.03843749999999998
7 0.5415648843818125 0.6487586616318903 0.023089574898785336 0.038166329284750354
7 0.49253662109374996 0.6734016927083333 0.030312500000000055 0.03843749999999998
7 0.3163860887096775 0.6067305107526881 0.02250000000000001 0.03249999999999993
7 0.310407196969697 0.6664046717171719 0.02351562500000002 0.03687499999999998
7 0.2542761948529411 0.6501439950980392 0.02265625 0.03864583333333336
7 0.2486766098484848 0.706155303030303 0.020234375000000027 0.028854166666666715
7 0.20842354910714284 0.685796130952381 0.01968749999999999 0.027291666666666714
7 0.20323709239130433 0.7354710144927536 0.020234375000000027 0.028854166666666715
7 0.18601222826086955 0.7018342391304346 0.018203124999999987 0.025729166666666713
7 0.18057091346153847 0.7499959935897437 0.022890624999999987 0.02677083333333326
7 0.16435697115384615 0.7182732371794871 0.01640625 0.02375000000000007
7 0.27905649038461544 0.6883413461538461 0.023749999999999983 0.033854166666666664
12 0.7865131751270364 0.9221934098171722 0.03204561527581333 0.055545733144743065
12 0.7140254934210526 0.9289528508771929 0.023984374999999947 0.043333333333333356
1 0.7715012709007572 0.34637761832191843 0.06699036214953269 0.1676888629283489
1 0.6677379032258064 0.36942271505376334 0.06015625 0.20104166666666667
1 0.5848483120437957 0.43372338807785893 0.053828124999999984 0.18145833333333333
1 0.46871063931297696 0.5108667302798983 0.05 0.15958333333333327
1 0.41703631205346126 0.5494002525252525 0.048264100609756125 0.1483676321138211
1 0.37106370192307675 0.5854113247863246 0.045703125 0.13666666666666666
1 0.30719748382637935 0.622705174608603 0.03638174019607843 0.1184640522875816
1 0.2724054610182628 0.6570422122456127 0.03900303452955374 0.12260982106956166
1 0.2451731095921687 0.6754356707673573 0.04139744228489519 0.11353503000923364
1 0.19977470930232555 0.698986730189492 0.03239583333333333 0.09793981481481472
1 0.17682144538606406 0.7145166352793473 0.025868055555555557 0.09027777777777786
1 0.15417091287200904 0.7299399593468991 0.027867017133956385 0.09232217030114226
1 0.018758292950271146 0.833393427175878 0.02458138629283489 0.07366303219106954
10 0.746738302622091 0.7442576043245761 0.22479363207547162 0.20952008973280462
10 0.7480490451388888 0.9028530092592592 0.178515625 0.04822916666666662
10 0.4760111483772141 0.8339195718040179 0.14412443052391807 0.15386199696279423
10 0.47654573079418966 0.9499794089751905 0.10512342135476463 0.03181209337925755
10 0.3053972995620693 0.8911385251823274 0.10265624999999998 0.11800925925925926
10 0.29953083664021163 0.9711543761022928 0.06500082671957674 0.022597001763668464
10 0.19494398584905656 0.9190347445927292 0.07345655487804881 0.09641768292682922
10 0.1902629573170732 0.9861915650406505 0.02905868902439026 0.01664126016260165
10 0.12228954081632656 0.9441390306122446 0.050390625 0.0773958333333334
10 0.13419921875 0.9747135416666667 0.007265625000000009 0.00947916666666669
10 0.11597656250000002 0.9930729166666666 0.009609375000000009 0.01229166666666662
10 0.132125 0.9885208333333332 0.006640625 0.005312500000000024
10 0.0686111111111111 0.9487962962962965 0.0409375 0.051979166666666646
10 0.07446428571428572 0.9839732142857144 0.012187500000000007 0.0109375
10 0.027707031249999996 0.9569947916666666 0.038906249999999996 0.0462500000000001
10 0.02978515625 0.9931510416666668 0.008750000000000003 0.005624999999999976
