7 0.047481655403167025 0.32397745091543545 0.05380702146690519 0.06689773404889685
7 0.12129453855140186 0.5995465018172376 0.04429517133956386 0.06928219106957426
7 0.2132439341971545 0.4190644054878048 0.047383130081300816 0.06063685636856366
7 0.054713541666666664 0.9064699074074073 0.0225 0.0336458333333334
7 0.13339242788461536 0.9292988782051279 0.02250000000000001 0.028749999999999904
7 0.25755580357142854 0.968106398809524 0.022265625 0.02677083333333326
7 0.2860626283367556 0.6729123887748116 0.042190708418891186 0.06545174537987677
7 0.3558024694462525 0.5106555445998152 0.0468640658847244 0.06272400631158431
7 0.5170224268305952 0.7805303195154678 0.041327793493635044 0.05937647336162186
7 0.820029761904762 0.4671974206349208 0.031874999999999966 0.03427083333333331
6 0.7714547522750252 0.26208126346331384 0.052846941354903886 0.03402005392652508
6 0.8680524553571427 0.29098958333333336 0.020390625000000107 0.015104166666666667
6 0.823079144021739 0.3144067028985507 0.049687499999999926 0.034375
6 0.8763642068568203 0.3654516542431867 0.049450202224469206 0.0325455005055612
2 0.07667984897685358 0.3897210386665538 0.09074766059939995 0.10826426658894288
2 0.062094254032258045 0.2879754704301075 0.06882812499999999 0.12687500000000002
3 0.15050872093023254 0.5216202218658113 0.09461206896551724 0.2522988505747127
3 0.3086987016662076 0.6132905655308883 0.07830753504672897 0.2426499221183801
2 0.22386959473617685 0.4010128269517323 0.06378136474908203 0.09740922072623419
2 0.23550781250000002 0.3446875 0.017343750000000036 0.013125000000000024
2 0.25134137305230453 0.49274657425576807 0.08999448651797604 0.09718750000000007
2 0.39551460361613355 0.5757102759468664 0.08540507649513218 0.07808878071395461
2 0.3606667498464374 0.5016448693011193 0.055306165540540506 0.07655405405405406
2 0.37836039847161573 0.44241834970887906 0.020895878820960688 0.028770924308588044
3 0.535002644350423 0.720160320225651 0.07206632653061221 0.21619897959183673
2 0.5584914304566726 0.5950278535571969 0.057482616940581543 0.07269279393173195
2 0.5626254754860524 0.6319451782192168 0.03790680473372783 0.03991000986193285
2 0.5936361932305056 0.6958324407312199 0.07501205012853474 0.06948907455012852
7 0.6159381111779749 0.8271588686625544 0.04284710207612452 0.05118223760092266
7 0.7031777159244265 0.870041188708952 0.035635964912280736 0.04892037786774637
7 0.8121926989918983 0.7410141835199042 0.02240011750881319 0.029009988249118615
7 0.8002944707765709 0.8920640027622573 0.024262940234791853 0.03123888295980078
7 0.8469875 0.8005375000000001 0.02624999999999993 0.0398958333333334
7 0.8405295026007803 0.9331809959654562 0.03403364759427827 0.04361725184221932
7 0.8985533869904406 0.899002627916346 0.024138830897703478 0.03675191370911624
7 0.9019124264451367 0.9648006326679744 0.032369548286604474 0.04332165109034267
7 0.9591709084334668 0.9809324469663255 0.029083917445482933 0.033063992731048826
3 0.6301862280273854 0.7501986730514705 0.06023437500000002 0.18531249999999996
3 0.7174800776034715 0.8130885372415748 0.05503431658878508 0.16635027258566987
3 0.8553135653989059 0.8855346898987422 0.05457139065817405 0.1695196390658174
3 0.9071582825203253 0.9240154979674796 0.04751016260162597 0.14583333333333334
7 0.9581378986866793 0.85980821346675 0.02654979674796749 0.03523035230352297
