7 0.8363266728624537 0.5402571251548948 0.02599326208178443 0.053051425030978906
12 0.7528349472358797 0.5263733161450214 0.04124070631970254 0.09313042131350684
12 0.15329401022362246 0.6446615548554485 0.05226672535211267 0.06748826291079814
9 0.19752695862676056 0.7153022300469483 0.013204225352112676 0.04566461267605639
9 0.06734171697339117 0.7336051361700464 0.015833797327394216 0.051271343726800346
7 0.7973889390292819 0.021685720016044924 0.04681859205776169 0.03610108303249097
7 0.633160348977136 0.06347773766546329 0.04004963898916962 0.059416365824308065
7 0.4824538118496496 0.1131919374247894 0.03976759927797833 0.05302346570397113
7 0.13806673391378207 0.23005592128548172 0.03722924187725631 0.047006618531889276
7 0.037073507929883134 0.26893781302170283 0.03456281302170283 0.0446925431274346
7 0.013152931167330165 0.1286198150764094 0.02778067612687813 0.05338759042849192
7 0.017393199976150724 0.043711244932029575 0.0327368530884808 0.0521702838063439
7 0.1267272090388743 0.07589534144208603 0.03612792153589317 0.0573873121869783
7 0.1688099958263773 0.08060308848080133 0.023346202003338878 0.022085420144685588
7 0.12184010545905707 0.15633615936035292 0.02481389578163773 0.032051282051282055
7 0.020742866004962775 0.19655411792508565 0.02675248138957816 0.028174110835401132
6 0.5204034001572327 0.23237683438155138 0.01297169811320753 0.017492138364779888
6 0.4756485849056604 0.2529874213836478 0.01311910377358494 0.01375786163522011
6 0.44015330188679236 0.2087174814179531 0.022847877358490542 0.017885220125786163
6 0.46367790523156094 0.22991709548313322 0.017541273584905693 0.015919811320754727
6 0.4310562668463612 0.2638140161725067 0.009876179245283011 0.011792452830188645
10 0.5893380573196152 0.3434513748721398 0.2759009009009009 0.31062312312312307
6 0.4374346318975224 0.33526463963963965 0.015037772147147166 0.013645833333333357
12 0.007667824074074074 0.6721643518518517 0.016710069444444444 0.02228009259259262
12 0.019097222222222217 0.6921006944444446 0.021267361111111112 0.026620370370370357
10 0.08818721064814816 0.47664930555555574 0.1558159722222222 0.2563657407407407
12 0.42153485241710564 0.5875071015390974 0.041519793926247314 0.051744396240057826
12 0.555593783566058 0.5725586287146437 0.027264030612244826 0.06420068027210882
