7 0.03350473539618276 0.15203272604588394 0.04111842105263157 0.06705465587044533
7 0.03435760374493927 0.03500337381916329 0.0357413967611336 0.06536774628879892
7 0.18555252313475995 0.11931872951609791 0.03732287449392713 0.06368083670715248
7 0.18778652655394143 0.22229995236961178 0.036373987854250986 0.061993927125506096
7 0.9484552794511378 0.15839980291536512 0.02776731927710845 0.058985943775100386
7 0.9717561521252795 0.31265535669898087 0.02175964765100673 0.030061521252796434
7 0.6775871002763522 0.03065781681800237 0.02962458053691277 0.038800335570469795
7 0.6505173378076062 0.27428225205070844 0.025429949664429508 0.04893736017897089
7 0.4473274798955396 0.13472061018073286 0.02899731595092021 0.05847392638036809
7 0.3963120957754232 0.22724731663685155 0.03130590339892665 0.04938133571854504
7 0.3983481760908455 0.31890863602188174 0.03116614490160998 0.0545989862850328
7 0.3986582946186605 0.4535262614530907 0.027439024390243948 0.04403794037940377
7 0.4778524950265252 0.4786071507515472 0.025385444297082227 0.03964964633068077
7 0.48524558156453274 0.27680303549012897 0.02706692913385833 0.04531660104986874
7 0.48889640748031493 0.36000041010498685 0.02860482283464565 0.04921259842519685
7 0.5629062891604011 0.3201471560846561 0.027746775793650792 0.04319609788359789
7 0.5679079086061508 0.3946940104166667 0.02356150793650791 0.0390625
7 0.6744958600427352 0.32316786223036226 0.023716517857142794 0.04691633597883597
7 0.674782659774436 0.3815854741019215 0.022941468253968277 0.03616898148148149
7 0.6791062127976192 0.45189525462962954 0.023406498015873023 0.03410218253968254
7 0.6488424634176587 0.5412300553902116 0.01984126984126977 0.031001984126984124
7 0.6977322864452798 0.5566868560289612 0.01767113095238093 0.030175264550264556
7 0.7279265873015874 0.4112366221741222 0.02046130952380949 0.03492890211640211
7 0.7336215169944791 0.4777540545203589 0.018756200396825396 0.03182870370370375
7 0.774282711988304 0.43622511138958514 0.01984126984126986 0.0347222222222222
7 0.7785470145089286 0.49638051835317454 0.01767113095238093 0.03058862433862431
7 0.8109085648148149 0.5905763154027042 0.015500992063492092 0.027901785714285646
7 0.8448901840828924 0.6038956863609641 0.020771329365079437 0.025628306878306972
7 0.8440127010233918 0.4763754003063214 0.018756200396825306 0.031001984126984124
7 0.8498903304811508 0.531748615244709 0.01891121031746028 0.03286210317460316
7 0.8800785125248016 0.4942362144510581 0.017051091269841123 0.028108465608465614
7 0.885545841600529 0.549814447383892 0.017981150793650792 0.03058862433862437
7 0.9105614902210885 0.5127580546107332 0.016896081349206327 0.028521825396825365
7 0.9146412037037036 0.5633680555555556 0.013950892857142882 0.026661706349206327
9 0.14602573008608477 0.757895644909375 0.022525743707093815 0.07198703279938977
1 0.046029439786585365 0.10264823107215447 0.06317138671875 0.19246419270833334
1 0.20302405724158654 0.16030336037660256 0.06072998046875 0.23030598958333334
1 0.4108683268229167 0.2621727658991228 0.0543212890625 0.19246419270833334
1 0.5008104112413194 0.30574845679012347 0.05096435546875 0.17659505208333334
1 0.5781427321732553 0.34901514196246547 0.04747789389067529 0.16010182207931406
1 0.6875632345603726 0.41079364859370954 0.0429561897106109 0.14134512325830653
1 0.738152507033762 0.43627284643537667 0.04009855773320394 0.13618189177540727
1 0.7854762474913337 0.46236430395913164 0.03988921957671945 0.12318121693121693
1 0.8542386568509613 0.4933518629807692 0.03511868990384599 0.11518429487179484
1 0.8884198269863359 0.5179339574898786 0.03155048076923084 0.10967548076923071
1 0.9245059953067767 0.5334686291717542 0.03925030048076916 0.10942508012820516
10 0.43393715659340665 0.6592770655270656 0.18780048076923075 0.21605998168498164
10 0.6989053498079592 0.7120352341832921 0.1369333791208791 0.17027243589743588
10 0.8674642975558922 0.7285844543387648 0.09658310439560439 0.13335622710622702
