7 0.25916082871728024 0.033658719814633795 0.05497685185185186 0.05822109988776655
7 0.434442077020202 0.13828388047138052 0.05050505050505052 0.06734006734006732
7 0.5853529734262127 0.23342766382868937 0.04538143382352944 0.06280637254901959
7 0.3431551714252953 0.7968911248710009 0.02246732026143792 0.023828976034858347
7 0.3858860795780301 0.7739221419561976 0.017020697167756005 0.02178649237472759
1 0.3694823339964005 0.874794764926905 0.028935185185185164 0.08283405954974583
1 0.27791710434173666 0.8784751400560221 0.03569240196078431 0.13909313725490194
7 0.2729702818627451 0.8531964869281043 0.02022058823529411 0.033088235294117634
7 0.26846988795518206 0.9179505135387489 0.021139705882352942 0.03676470588235302
7 0.10190900354819632 0.8038266311847032 0.018082865168539332 0.03464419475655435
7 0.09574945380774033 0.8713977320016646 0.02861657303370787 0.02926029962546816
1 0.10614937950695955 0.8271458717647715 0.04424157303370786 0.14653558052434454
7 0.5685510811467444 0.8653425655976679 0.016103316326530594 0.01934523809523808
11 0.5954554809801628 0.7692546466198346 0.639846253800641 0.47118564627569925
13 0.9574498086218698 0.9384249078549747 0.04714274785801713 0.07917686658506741
13 0.8951827775621698 0.9516990327492015 0.030599755201958345 0.06464198286413705
