7 0.04206934733912571 0.6636276472983982 0.035679133858267716 0.042650918635170613
7 0.030245709017302575 0.7135462880804495 0.04112480590062112 0.05192158385093168
7 0.01886592741935484 0.7999596774193546 0.035234375 0.05666666666666676
7 0.09063422666363842 0.7554942021853785 0.039719012605042 0.05777310924369748
7 0.10621421357505341 0.6596457109152424 0.042630709134615384 0.054712540064102554
7 0.10741665831997864 0.6122539118144584 0.03643329326923077 0.047450921474359004
7 0.1829318958111756 0.5525145558918978 0.03889951321279557 0.049113351877607826
7 0.22529296875000004 0.7213924632352942 0.037051930147058834 0.0658700980392157
7 0.2904481008620484 0.4655864135509305 0.04439785245077612 0.05508370260955194
7 0.3463348374943769 0.6478552819013345 0.03589075854700856 0.07077991452991447
7 0.41611185892469776 0.3697884386943497 0.04795959869848154 0.0698210412147505
7 0.4910481770833333 0.5604958129084968 0.03982843137254903 0.07735906862745097
7 0.563123639332366 0.2513833454281568 0.05277122641509431 0.07724056603773584
7 0.599233989868441 0.22797976838550327 0.048501767352185074 0.06895351328191944
7 0.6698019801980198 0.5831820682068207 0.04409034653465342 0.050948844884488524
7 0.9525901442307692 0.7663221153846153 0.020859375000000034 0.02177083333333331
7 0.965639367816092 0.9448180076628352 0.023814655172413702 0.03807471264367805
6 0.8300295891529114 0.5144658080899691 0.03313758389261743 0.049496644295302046
6 0.9745451460089616 0.4399334826966405 0.027608082706766977 0.043337510442773626
1 0.9551494466480955 0.939047518117039 0.03790337537091979 0.10102312067260139
1 0.01803799880844429 0.7422738232811369 0.051975051975051964 0.20160018191268195
1 0.07982528145049025 0.7021567641367409 0.08799941378066378 0.21035222728925027
3 0.19406602288562794 0.6735300119822135 0.08277923500227784 0.23494985886038375
2 0.2103365384615384 0.5289693668599916 0.10041065705128202 0.07762419871794872
2 0.2731944234911671 0.4504188977353122 0.08414591165413535 0.09277007775261789
2 0.2622194925198005 0.3365347679112714 0.05646817248459959 0.10010266940451747
3 0.3023666222614131 0.5527540176399607 0.06482198142414859 0.331813402992776
2 0.3420428364162596 0.42888750628830913 0.10194605996068154 0.0910050786369594
2 0.3858046700223716 0.3363519139945314 0.08850671140939595 0.12332214765100667
2 0.3749510591823277 0.21360520386855694 0.06085404302670625 0.07464762611275963
3 0.4452665381487809 0.45295777367115886 0.10260733717781667 0.36630516477326697
2 0.49020416159292823 0.31755729565988655 0.10483611825192804 0.10456833761782344
2 0.5343406137718437 0.20283302540965747 0.09263866772823777 0.1514950460014154
4 0.5208395196684299 0.8880146000359374 0.17745535714285712 0.22047193877551027
4 0.4118112963299419 0.8935261308274115 0.13410701308139533 0.17531492248062008
4 0.32230879943582186 0.9207284808532348 0.13019523060796648 0.14050718132854575
