1 0.948828 0.6885420000000001 0.03515599999999992 0.12083300000000001
7 0.13172952586206893 0.17141882183908044 0.08491379310344827 0.08160919540229887
6 0.0310596955128205 0.7118135683760685 0.0328125 0.015416666666666618
6 0.07433593749999998 0.7254664855072464 0.030703124999999998 0.013229166666666596
6 0.09131334459459459 0.7059881756756757 0.02265625 0.01739583333333338
6 0.046396169354838694 0.6884173387096776 0.022343749999999996 0.018020833333333285
7 0.009727822580645158 0.6590456989247312 0.01078125 0.01270833333333338
7 0.010900735294117647 0.6462377450980392 0.011328124999999998 0.0109375
7 0.03348586309523809 0.6425992063492063 0.010468750000000004 0.010000000000000024
7 0.0319384765625 0.655751953125 0.011406250000000001 0.012708333333333263
7 0.054514973958333324 0.6774175347222222 0.009375 0.01229166666666662
7 0.0786126077586207 0.6744432471264369 0.011015624999999996 0.013125000000000024
7 0.07986689814814815 0.6612422839506173 0.009453125000000007 0.0125
7 0.0985085227272727 0.6801357323232324 0.010624999999999996 0.013229166666666596
7 0.096796875 0.6941307471264367 0.009609374999999986 0.011458333333333333
10 0.02464773546157802 0.8182046075895001 0.06690014367816091 0.1691869229319766
7 0.17287571520856407 0.5855738074730324 0.0305405592469546 0.040143964562569204
7 0.22742187499999997 0.4377590090090088 0.029921874999999966 0.04239583333333332
2 0.21928437500000006 0.4221458333333335 0.03960937499999999 0.06687500000000005
2 0.19795841457250146 0.5027877070094358 0.030464688041594478 0.04693818601964181
4 0.9170319667431193 0.9271005351681956 0.04289062499999989 0.1486458333333334
4 0.9713605945011287 0.9200616632128228 0.039103232533889455 0.15109054570733407
6 0.7845519770408165 0.6622108843537418 0.016093749999999928 0.0140625
6 0.7822057845744679 0.6309131205673759 0.014765624999999982 0.015208333333333239
7 0.7361058180894309 0.6282967963608207 0.019810267857142884 0.02232142857142859
7 0.6640116279069768 0.6365043604651162 0.019218750000000017 0.02364583333333338
7 0.5953639481707318 0.6429166666666667 0.018593749999999964 0.024270833333333287
7 0.582340625 0.7045916666666667 0.011640624999999983 0.022812499999999975
7 0.5784816576086956 0.7521467391304348 0.01828124999999998 0.02364583333333338
7 0.6508493589743591 0.7482318376068376 0.019843749999999983 0.02854166666666676
1 0.6478554687500002 0.7227274305555554 0.02109375 0.10302083333333331
7 0.7291441761363637 0.7400331439393939 0.009609375000000054 0.024895833333333308
7 0.7290922619047617 0.6918452380952381 0.013124999999999965 0.024374999999999977
1 0.7248549107142859 0.708690476190476 0.021171875000000017 0.11000000000000003
1 0.8655799504771542 0.691227720744168 0.019641004554655693 0.09519399460188929
7 0.5850132515620201 0.5173177216702517 0.02028545272969371 0.040778961384820296
7 0.7197370493644532 0.49825589889692445 0.01936431623931627 0.04941239316239319
7 0.7428850662861299 0.4133619601686828 0.032638055222088805 0.041891756702681054
7 0.6394761029411765 0.3449417892156862 0.038671875 0.0484375
7 0.7757194795976023 0.317065253996527 0.03766148107714704 0.055212882096069886
7 0.8630016447368419 0.47835252192982464 0.04015624999999989 0.043124999999999976
2 0.6162567934782608 0.39550724637681167 0.03742187499999998 0.03583333333333331
2 0.6359556595450885 0.32851995512254994 0.03901904894327028 0.09014645902855024
3 0.5781344143956247 0.49697146134594006 0.03606437708565071 0.18226269929551359
3 0.7057588025156157 0.4290896580245859 0.04023567853170187 0.19767334074898038
3 0.8525244140624999 0.3953841145833335 0.04828124999999996 0.19197916666666667
