10 0.3688425327901431 0.49714190293234406 0.165575731981982 0.1804147897897898
10 0.7901107380274046 0.5097915630323037 0.050292107583774295 0.1287845385067607
12 0.8564158580780921 0.5881507676720442 0.02096972176759415 0.03341516639388983
9 0.8252468940633835 0.6005120765759063 0.009589811783960655 0.04398527004909987
9 0.8517713447899616 0.5867089470812875 0.00690466448445175 0.04279187124931809
12 0.5219321308830971 0.5513031376518218 0.02084585336538467 0.05896935096153844
7 0.47276423527644224 0.5756293402777778 0.018686147836538415 0.028796073717948664
7 0.2311704958463136 0.176802094150225 0.012899143302180649 0.032126168224299076
7 0.2755420217152281 0.19303379451469063 0.030300817757009345 0.04088785046728972
7 0.2742024087672452 0.11765687583444592 0.03188278816199377 0.039265316718587726
7 0.3422098005869014 0.1911320083588991 0.015006002400960394 0.03601440576230492
7 0.0472335926161103 0.15960442368166422 0.033789912917271396 0.041575955491049844
7 0.046829644412191576 0.08766227221415898 0.032202467343976776 0.03295839380745041
7 0.05283440026954178 0.27307951482479786 0.028428234501347717 0.018952156334231803
7 0.7989472179878049 0.35985137195121963 0.023151676829268285 0.015243902439024381
7 0.7627229041222787 0.20106723791878955 0.024606299212598427 0.030019685039370064
7 0.7655114324651725 0.26873864324651725 0.023868110236220465 0.03412073490813648
7 0.8461842660292463 0.28305446194225714 0.02202263779527556 0.03346456692913383
7 0.8433106017997749 0.21761342332208475 0.024729330708661477 0.02919947506561679
7 0.9161723238987017 0.19443853302121017 0.01783956692913389 0.04035433070866142
7 0.9684121203367446 0.16139700487876452 0.016541487839771208 0.038447782546495016
7 0.9752771816881258 0.2443893061516452 0.024029864091559362 0.029953505007153058
7 0.9800955730408519 0.3019194086790653 0.022129828326180247 0.031145684310920352
7 0.9273515736766809 0.36745946590367196 0.02682403433476388 0.0274201239866476
7 0.9857144822273577 0.3799498367631414 0.019670958512160296 0.026376967095851238
10 0.9832697272491207 0.5325208732821988 0.03466338087248318 0.1407997762863535
7 0.7843530680955991 0.06508440819423368 0.026911039453717756 0.049949418310571564
7 0.4997425204295266 0.22856588100222863 0.028971727898966737 0.03946613088404132
7 0.49782558613813527 0.157549801599291 0.026729334098737033 0.03743302717183316
7 0.44479990118577073 0.2086133069828722 0.016576086956521775 0.03532608695652174
7 0.3903629658385093 0.20988612836438922 0.030570652173913082 0.039311594202898564
7 0.38984601449275363 0.13891304347826092 0.03016304347826084 0.03894927536231883
1 0.27834790390816855 0.13408442057927278 0.032936340640809414 0.16178330522765597
1 0.3946314705793784 0.15687422207500207 0.033726812816188854 0.1575674536256324
1 0.504276657153976 0.17897911531975613 0.035176011804384455 0.14983839235525578
1 0.7698633390503095 0.2115176049233253 0.034877232142857116 0.13000165343915346
1 0.850615644414096 0.2350528197300771 0.03735539845758353 0.1325514138817481
1 0.9829294584594293 0.2535823915579094 0.034038384244373 0.11488478027867094
7 0.4197736703929539 0.09138578364950316 0.024263211382113868 0.03760162601626016
7 0.45410028193023855 0.04114760905673572 0.027057926829268285 0.0453929539295393
