7 0.37297299623576935 0.4638725670216673 0.027213206940874056 0.034008140531276786
7 0.4136561035082413 0.42044316119764097 0.02892030848329048 0.03896208226221075
7 0.4937718837535015 0.3591386554621848 0.03303571428571432 0.051785714285714296
7 0.4808192355889723 0.4536288638262323 0.043005952380952374 0.05257936507936509
1 0.47084630013831275 0.39334288348811164 0.07531552558782853 0.20055325034578148
7 0.565734106142457 0.2860831832733093 0.04529936974789921 0.05886729691876751
7 0.5570552645400266 0.3849179474421348 0.04382221638655466 0.06214985994397762
1 0.5441834180881145 0.33040967344704897 0.08164536395147319 0.2269280762564991
7 0.6575781876503608 0.1866861419788444 0.04775747508305646 0.0688676633444075
7 0.6501424189307625 0.2976783888401987 0.052362921779141126 0.06885864008179957
1 0.6325570389975876 0.23308094344679722 0.0896291208791209 0.2504578754578755
7 0.6994288541104516 0.4497211728728189 0.04467698776758411 0.04937563710499487
7 0.720645387359837 0.4973931787291879 0.014095948012232462 0.027076962283384277
7 0.6261516067216981 0.6177771226415095 0.014593160377358494 0.02220911949685534
7 0.6849941037735849 0.6386506575185821 0.01827830188679238 0.021619496855345942
7 0.41352345502991766 0.6597481924707055 0.03190445026178015 0.052083333333333336
7 0.7392740278783174 0.059745065109226204 0.04764673237559913 0.06273234200743494
7 0.8481122243141475 0.18545757127487894 0.05053540209790217 0.08559149184149183
1 0.8031412334119082 0.1375520196728944 0.1129518072289156 0.2581157965194109
13 0.5289758993183798 0.7681271206798187 0.0423526033690659 0.06444614599285346
13 0.5898593975324465 0.7834932302515621 0.029865506329113955 0.06315928270042193
13 0.6558147565514327 0.8008119748302192 0.02982406812339331 0.06788239074550131
11 0.36373107256489584 0.8666284013749647 0.38531839622641506 0.27885416666666674
