7 0.014648437500000003 0.026699218749999996 0.025078125 0.042499999999999996
6 0.048914741847826085 0.014125905797101443 0.045703125 0.037916666666666675
7 0.01813802083333333 0.3126519097222222 0.02203125 0.028541666666666642
7 0.07965195540277878 0.3564770654860461 0.029358037578288098 0.04218858733472513
7 0.07015625 0.4294205729166666 0.034453124999999994 0.042708333333333334
7 0.14889787946428573 0.32319568452380937 0.032343750000000004 0.043020833333333286
7 0.14138916015625003 0.4002506510416666 0.035234375 0.04385416666666663
7 0.21080000000000002 0.20416249999999997 0.02640625000000001 0.03177083333333333
7 0.22755417386693902 0.2870535831173252 0.03318977790432802 0.048642748671222515
7 0.2193036187649343 0.3716148944643568 0.03851121471774195 0.049248151881720464
7 0.2871015153420523 0.2468875754527163 0.02452213279678066 0.027980382293762585
7 0.39725235849056606 0.20683962264150943 0.03478773584905661 0.051690251572327026
7 0.3929838709677421 0.2976243279569893 0.03773437500000001 0.05302083333333331
7 0.5154614625413146 0.14835812216917615 0.038861664524421614 0.060518423307626384
7 0.5113540118464768 0.24698829195080726 0.03920593635250915 0.057629538963688276
7 0.5203652426160337 0.3963871308016877 0.035799050632911375 0.04997362869198311
7 0.6401964181499854 0.36016681256687083 0.04005872483221475 0.05243288590604026
7 0.6559249440636008 0.08283843505030308 0.04107085475578405 0.0650706940874036
7 0.653864914575786 0.18952099825573593 0.041646400778210156 0.06728274967574578
7 0.779156598695584 0.3221996306773535 0.04011227015558703 0.04744224422442246
7 0.9656473553002385 0.05736731338969579 0.056785849772382414 0.07682094081942337
7 0.40697128754171297 0.7912553299962922 0.018683954393770862 0.021088246199480902
12 0.2657615693772436 0.7870753342698094 0.03271812080536911 0.05704697986577176
9 0.12643973214285714 0.8505704365079365 0.014609375000000013 0.0421875
7 0.9771655231560894 0.7510988421955404 0.031089193825042827 0.030374499714122295
10 0.5600759330443541 0.6215041572891173 0.24306756230529594 0.22066458982346832
10 0.5812060383881736 0.7717663792189899 0.1868741058655222 0.05096566523605155
10 0.18639789701257875 0.6807114779874216 0.17148437499999997 0.16635416666666672
1 0.061707405673128934 0.38596155640946433 0.05813741238317758 0.15746690031152646
1 0.13094471879894098 0.35452065647243575 0.0578125 0.16760416666666664
1 0.20865240484880085 0.3154286280426791 0.06142466110531804 0.17835418839068476
1 0.3803901276868103 0.24458922634073182 0.06007106697819316 0.20119916060920734
1 0.4986419547872343 0.18690750591016542 0.06171875 0.21885416666666666
1 0.6374941259398492 0.11560776942355894 0.06265624999999994 0.2315625
1 0.9573170731707318 0.05382452574525745 0.06046747967479682 0.10873983739837398
