7 0.07829205974842765 0.448624213836478 0.024027122641509434 0.0316430817610063
7 0.16316129489836198 0.48370070225643047 0.04718028419182947 0.06179692125518059
7 0.02557204174901186 0.5252079216073782 0.029296875 0.059442934782608724
7 0.06740330410272473 0.7130376344086021 0.04778519417475728 0.06432038834951458
3 0.05507325960003343 0.6523935762052745 0.06659635007849293 0.2194531658817373
2 0.15248427377451523 0.45628164591947284 0.05506770015698588 0.11986525379382519
2 0.11778597986115265 0.5462967811758137 0.07769016697588127 0.1039734075448361
7 0.23628840627763043 0.6765951959917473 0.051005747126436775 0.06585249042145604
3 0.22667025862068974 0.5936755002128566 0.06088362068965516 0.26197318007662834
7 0.3296267725840336 0.4468334208683473 0.04710477941176468 0.06204044117647059
2 0.3201003373902964 0.4154721739250426 0.055042613636363626 0.125736531986532
2 0.2910353535353535 0.5000473484848484 0.07141729797979797 0.11363636363636367
7 0.6181820045931757 0.283886633311461 0.030142716535433055 0.05044291338582676
7 0.5981722987751531 0.2903543307086614 0.009534940944881854 0.03034776902887142
7 0.6470902558816396 0.39264491874848406 0.03618421052631575 0.04573934837092732
7 0.6272981312353287 0.547578002738654 0.053367077464788706 0.07005575117370894
1 0.6197164487984994 0.4620299426048894 0.05535986632001313 0.24920416393711106
7 0.6232679999313635 0.4292393069997827 0.050343289920724746 0.056271234428086105
7 0.6742103821811098 0.47870009737098357 0.03303006329113929 0.0358649789029536
7 0.8355259250950168 0.3892668303068694 0.057274070945945964 0.06932713963963964
7 0.8460578857810017 0.5049661334128246 0.05898965371621632 0.07020692567567562
1 0.8365562591951832 0.416634029442749 0.0702069256756758 0.2605926238738739
7 0.6483645260989012 0.9387934981684983 0.01914491758241752 0.029761904761904746
7 0.15963049032398346 0.9893794846705806 0.02140410958904111 0.020588714938030012
7 0.23554574363992167 0.9856896607958252 0.021556996086105683 0.030473336594911988
7 0.3152166754478398 0.977579783230468 0.022321428571428558 0.028538812785388147
10 0.7622208605664491 0.928932915758896 0.10910266884531597 0.18813543936092963
10 0.8926761801725902 0.9338356566584967 0.062212350217864906 0.22667256717501813
10 0.9951042396125116 0.9311494968357714 0.009465209694989162 0.11705246913580242
