6 0.6166399438296446 0.07929870892018777 0.05210953219315897 0.04904426559356137
7 0.6212016369047618 0.15404761904761904 0.028828124999999982 0.03302083333333335
7 0.5225546875 0.10615104166666667 0.02921875000000007 0.03375000000000001
7 0.41814062500000004 0.06039583333333333 0.031875000000000056 0.03833333333333334
7 0.4533922697368421 0.17565241228070178 0.019296875000000036 0.023541666666666662
7 0.4183767361111112 0.3160763888888889 0.022968750000000072 0.02979166666666663
7 0.33658110119047613 0.2843799603174604 0.023984374999999992 0.030520833333333344
7 0.2481510416666667 0.25211805555555555 0.02562500000000001 0.03093749999999999
7 0.2892548076923077 0.4161378205128205 0.018671874999999984 0.024270833333333287
7 0.2177099609375 0.3938802083333333 0.019609374999999974 0.02354166666666669
7 0.14461458333333332 0.37022916666666666 0.020390624999999996 0.024479166666666666
7 0.8313916015625 0.2603841145833333 0.027421875000000106 0.030208333333333334
7 0.6020703125 0.3853515625000001 0.022343750000000016 0.02624999999999999
7 0.6690808823529413 0.41205882352941176 0.021640624999999948 0.026041666666666668
7 0.34900993748525605 0.600832055516238 0.019821523354564795 0.028640304317055984
7 0.34556351733899504 0.6493276716206654 0.01741640127388533 0.025986376503892454
7 0.38114469069718393 0.6360143532679393 0.017848196392785586 0.028076987307949133
7 0.3850142045454545 0.5842140151515153 0.02023437499999998 0.026250000000000048
7 0.4283376736111112 0.5198321759259259 0.021250000000000036 0.025312500000000012
7 0.4224130298572518 0.5643581326504667 0.021027432712215344 0.038065044858523106
7 0.41854105772743894 0.6205027300775381 0.02159355590062111 0.032565562456866815
7 0.42470805921052646 0.6893092105263159 0.021796874999999983 0.028645833333333332
7 0.5000984768907564 0.5328858105742298 0.022485556722689103 0.036655287114845926
7 0.49659583293544696 0.5918958492487902 0.023306197478991562 0.033372724089635854
7 0.5532216588853224 0.510735823363486 0.024433724832214752 0.03775167785234898
7 0.5491232638888889 0.5746064814814815 0.023828125 0.034895833333333334
7 0.6128951149425286 0.4850395114942528 0.025772270114942587 0.037116858237547845
7 0.6079790360501566 0.5500805468477881 0.02478448275862073 0.03735632183908043
7 0.5891145833333333 0.6442757936507936 0.025624999999999964 0.03333333333333333
7 0.64765625 0.6291999999999999 0.02734375 0.03572916666666662
7 0.7413020833333334 0.4307074652777777 0.030937500000000017 0.0441666666666667
7 0.7367060467479675 0.5047510162601626 0.03061483739837394 0.04369918699186996
7 0.8514631382877755 0.5716066739433054 0.032388952164009235 0.04176157934700069
7 0.8283393518182478 0.4708027872541192 0.034693238731218656 0.04730105731775177
7 0.8312208320685992 0.3909214220670814 0.0327368530884808 0.04747495826377299
7 0.9369005586003372 0.3464288223721192 0.03622997470489029 0.05322512647554802
7 0.9342965074997782 0.435360640217745 0.03688870151770658 0.05129286115795389
13 0.10410088978185997 0.5504060227707616 0.036416475315729044 0.07199579027937239
13 0.17958625153392596 0.5659937345983856 0.028291112956810617 0.06909837578442234
13 0.25022253787878784 0.5886963383838385 0.03023437499999999 0.06458333333333334
10 0.40063046514931494 0.8196605951554182 0.10142340504451033 0.10911226508407523
10 0.4004406781089829 0.8994666621706681 0.07963186201780412 0.020246043521266088
10 0.5857011399602243 0.8037786027533264 0.132421875 0.13723480105731767
10 0.5833956473214285 0.9034077380952381 0.105859375 0.02645833333333331
10 0.8794263498591726 0.7741328001642984 0.2030702394859814 0.18204828660436145
10 0.8875177824464874 0.9071913312732388 0.15962689836448601 0.03638531931464174
1 0.9201091206285795 0.37640558528456103 0.053939106308411054 0.18995813862928349
1 0.8168085689628611 0.4205826083502643 0.05337667785234892 0.1747762863534676
1 0.7258057598039213 0.4594403594771243 0.05109374999999998 0.16114583333333338
1 0.6001611842105263 0.5139221491228071 0.04242187499999996 0.14437500000000003
1 0.542117550872093 0.5370578972868217 0.041875000000000016 0.13375000000000004
1 0.4905679086538461 0.5524559294871795 0.039453125 0.12781250000000005
1 0.4124068921232877 0.5882220319634703 0.038671875 0.11395833333333331
1 0.37700016038294515 0.605209155809975 0.03785654362416109 0.11786912751677849
1 0.3406392045454545 0.6214867424242422 0.03453124999999999 0.11895833333333326
