7 0.1591456778606965 0.03172937396351576 0.026819029850746266 0.04353233830845771
7 0.1417327425373134 0.10552705223880597 0.02667327425373134 0.042754975124378106
7 0.03388327306596538 0.37413708086785014 0.030715811965811968 0.035315764482431136
7 0.015186691869384174 0.5614681496091751 0.01535790598290598 0.022257834757834872
7 0.01043645140867363 0.6189326791178641 0.02003205128205128 0.024335232668566083
7 0.01053537511870845 0.6621623404030811 0.014245014245014245 0.02374169040835715
7 0.14123161764705883 0.5711458333333332 0.015859374999999988 0.018437500000000048
7 0.18068969698698928 0.5334113216160694 0.014141320474777452 0.03848293768546001
7 0.24226447044334978 0.40305251949917903 0.02710802801724137 0.0363685344827586
7 0.3015978582974138 0.5423663493773947 0.03148572198275863 0.038613505747126395
7 0.3508944004730713 0.41405112809315864 0.026951419213973794 0.03138646288209603
7 0.5849998378097834 0.5055604212620561 0.05364441416893735 0.062159400544959095
7 0.6123539402173912 0.6115625 0.013750000000000017 0.019791666666666666
7 0.6673028273809525 0.6159722222222223 0.014453125 0.021041666666666715
7 0.3865594822961373 0.3155922150691463 0.021570994277539324 0.02473772055317121
7 0.41074960026929236 0.27263212151813515 0.02045332618025748 0.029059370529327597
7 0.458683536003815 0.2786818470831347 0.02022979256080113 0.029655460181211228
7 0.6374307028006009 0.04959397178784934 0.030728200371057567 0.04193722943722943
7 0.6514940368161785 0.3924952467375335 0.01834462233169134 0.024801587301587286
7 0.6861537718535693 0.3615900383141763 0.020910303776683126 0.030446086480569255
7 0.7243720494663384 0.3230941262999453 0.022193144499178974 0.0273672687465791
7 0.7948388086150492 0.8119963952502119 0.012026876590330726 0.013252756573367226
7 0.784704506802721 0.5609174225245653 0.022480867346938726 0.032100340136054346
7 0.7822704081632652 0.5026360544217687 0.021364795918367374 0.032738095238095254
7 0.8698182397959183 0.5477465986394557 0.016422193877551016 0.02465986394557819
7 0.917517006802721 0.4470781368102797 0.016262755102040848 0.025510204081632657
7 0.9428323412698413 0.4916855631141344 0.023915816326530503 0.027848639455782316
7 0.9180351828231293 0.6046626984126983 0.021843112244897968 0.03401360544217683
7 0.9083289230699936 0.6367763414707385 0.013997894333843953 0.0186638591117917
7 0.8791953802960695 0.682427258805513 0.010289050535987698 0.016749617151607884
7 0.8811096222562533 0.7209247915603199 0.011605091883614093 0.017706738131699852
7 0.9269064109703468 0.7243085526010488 0.015672856049004657 0.02456610515569165
7 0.9273858081046059 0.6881822554678604 0.012681852986217379 0.020418580908626773
7 0.9892412045619409 0.6420098868918084 0.013160413476263422 0.021854262378764606
7 0.9910721881912542 0.6123624581702684 0.016869257274119497 0.032382593159775416
7 0.8801553415697676 0.24132701469638243 0.02467902131782953 0.03351098191214472
7 0.9378206224350205 0.18621038531691742 0.026495881782945752 0.03512596899224807
6 0.972203628620971 0.037973446212430303 0.04012233527131794 0.025032299741602062
9 0.9948110465116278 0.032170004306632215 0.007667151162790731 0.04920058139534884
9 0.9574272324090636 0.021802325581395342 0.014080668604651158 0.045017764857881136
6 0.9008011008828596 0.018045237582543786 0.03997093023255811 0.028666020671834627
7 0.807828125 0.6315520833333333 0.008515625000000072 0.020624999999999952
8 0.11969490397662039 0.8841717983509029 0.003946613088404116 0.02870264064293918
8 0.13184154348450056 0.8864033199387676 0.00574052812858783 0.03408438576349025
8 0.1443832520091848 0.8883586873325678 0.005919919632606208 0.03169249904324533
8 0.25228425181783387 0.8865428466641152 0.005561136624569451 0.030257367011098425
8 0.2660973976272483 0.8905153718586553 0.005650832376578619 0.043532338308457715
8 0.3564329793340987 0.8950679295828549 0.0040363088404133055 0.03671546115575962
8 0.36564473306544193 0.8977049846919248 0.003587830080367382 0.03528032912361259
8 0.3785384974167623 0.8967482300038269 0.004126004592422472 0.029539800995024852
8 0.3894768943742824 0.899229812476081 0.006099311136624585 0.0288222349789514
4 0.1567674869179307 0.8215622309068027 0.03384881930184806 0.10074435318275157
4 0.20189477188141686 0.823828392368241 0.030640400410677615 0.0966803559206023
12 0.1431756930184805 0.7341290212183437 0.02310061601642712 0.022245037645448325
12 0.1996706023271732 0.7321255418663015 0.012191991786447632 0.020747775496235476
1 0.2087534834262247 0.6477033832013298 0.02406314168377823 0.09753593429158111
1 0.1425518337896418 0.6425512396379953 0.025346509240246416 0.10288329911019846
1 0.278972022587269 0.6526582161849103 0.022619353182751524 0.09389972621492125
1 0.009622328134026572 0.6379982668977467 0.018549610051993064 0.10290294627383005
2 0.03464818763326226 0.44344867922293296 0.016158049040511723 0.04841862117981523
2 0.03506463219616205 0.35727611940298504 0.029984008528784644 0.06774164889836533
11 0.8135182339981446 0.9259286100803957 0.030293367346938816 0.11878188775510204
11 0.9127774993926142 0.8954891480401687 0.07114955357142846 0.13791454081632643
12 0.8977598852040816 0.7845317814625851 0.05739795918367339 0.0294961734693878
5 0.8856159651360546 0.6987059870244395 0.02351721938775526 0.07679634353741491
5 0.9331910296446166 0.700037019117992 0.023716517857142884 0.0709502551020408
10 0.9675476323341836 0.7926278167517008 0.0716836734693878 0.14065688775510204
10 0.659214999737973 0.7838975648953637 0.09237272036474167 0.14880952380952384
10 0.3060264619024592 0.760428899557889 0.14888867781155013 0.16938956433637292
12 0.43801818867026326 0.4481050989103987 0.054744525547445286 0.15625
3 0.18904802209550967 0.5049076383939178 0.0313780737704918 0.15027322404371582
2 0.25303819444444436 0.4620051085568326 0.026760057471264354 0.03951149425287355
2 0.24361010284331513 0.38904012905827795 0.027119252873563184 0.06369731800766285
3 0.30304118773946354 0.5203455371079891 0.0319683908045977 0.1307471264367816
12 0.7090399757722592 0.46409688572582275 0.06951279527559055 0.1587106299212598
1 0.693183241482966 0.677779169450011 0.01628256513026054 0.07702905811623247
1 0.6319844550211535 0.6748218659541304 0.018317885771543096 0.08203907815631256
1 0.7884706108470784 0.5277758363619418 0.03180039138943256 0.126182322243966
3 0.9261703109359359 0.5853900775775777 0.035191441441441464 0.11980730730730725
2 0.967627784034034 0.53686498998999 0.04129129129129137 0.028153153153153157
