7 0.5118504857038123 0.4832218352883676 0.040007560483870906 0.05754368279569893
7 0.37408014112903226 0.5119287634408602 0.038117439516129045 0.05460349462365593
7 0.5426747311827957 0.6615423387096774 0.024571572580645195 0.05334341397849466
7 0.44808701090203107 0.672525263839108 0.0267767137096774 0.04914314516129027
7 0.4014301915322581 0.6863659274193549 0.025516633064516105 0.05250336021505374
7 0.3335590011503068 0.8796518191888208 0.014698364008179966 0.037704498977505094
7 0.34483640081799594 0.8897409679618268 0.0046331799591001754 0.010437968643490099
7 0.37034939115077153 0.9138548057259717 0.015177658486707556 0.016189502385821442
7 0.40561626618950236 0.9462338104976141 0.017254601226993894 0.016615541922290453
7 0.2729604135418899 0.7026060638525818 0.030901810584958243 0.04961699164345402
7 0.24812122794800376 0.5368161946765707 0.037212743732590516 0.05135793871866294
7 0.059386164769286674 0.5636316155988859 0.045482242339832876 0.0824048282265552
7 0.01993928447075209 0.6220258820798514 0.03503655988857939 0.048456360259981325
7 0.07253492775069638 0.7335734389507894 0.030684192200557105 0.04497446610956371
7 0.18185124850775963 0.7011457089799709 0.023720403899721455 0.020601207056638888
7 0.19338360977462654 0.7410103823752849 0.017191852367688033 0.015958681522748343
7 0.2281827677893138 0.7329387186629527 0.015233286908077969 0.019440575673166195
7 0.26092444289693595 0.8109621634168989 0.03177228412256268 0.019730733519034278
11 0.12106493732590533 0.9249955896007429 0.20835001740947073 0.10208043175487459
6 0.7196229619565218 0.573845108695652 0.017265625000000017 0.03291666666666669
6 0.7978320868945868 0.5640258982272872 0.020365918803418825 0.030938390313390348
7 0.8070461758421317 0.6121362807943691 0.03372061965811959 0.06432514245014254
9 0.7307803596866098 0.5148979107312441 0.012186164529914566 0.01290954415954418
9 0.7863414797008549 0.5038988307217475 0.018362713675213714 0.012909544159544121
6 0.9510779747596153 0.5346178886217949 0.021221454326923173 0.03655849358974355
