7 0.15399823257500228 0.2484119610864376 0.013000770416024631 0.02391499743194657
7 0.1603533027400013 0.17476022196913865 0.04092835130970725 0.03434771443246021
7 0.23488051470588228 0.015992647058823525 0.013906250000000009 0.020104166666666666
7 0.29766377649325626 0.007883750802825948 0.016708815028901737 0.013728323699421964
7 0.2564187029100712 0.2787090159212921 0.011750881316098694 0.021298472385428903
7 0.2860490415687427 0.2883020588523306 0.010649236192714451 0.01823834704269487
7 0.3523854583553576 0.08955202748621913 0.013002152080344364 0.021969153515064566
7 0.40638450502152085 0.08068806791009088 0.015468077474892405 0.019727403156384504
7 0.46071492165242167 0.0729389245014245 0.013822115384615419 0.02350427350427351
7 0.4371818438914028 0.14528343388637502 0.01161858974358978 0.016292735042735037
7 0.4843583066239316 0.13886663105413105 0.012920673076923083 0.018028846153846152
7 0.33670984932010295 0.30259249050594145 0.009474917309812581 0.014011392870268284
7 0.3393226295479603 0.2724067438441749 0.008958103638368265 0.014815325248070544
7 0.36149967842704883 0.31029492833517086 0.00956105292171996 0.01699742741639104
7 0.38449322112734285 0.31859409454244764 0.008699696802646085 0.01619349503858872
7 0.42020507812499996 0.32850911458333326 0.007968749999999946 0.014791666666666654
7 0.4392135416666666 0.3343958333333334 0.008203125 0.014479166666666644
7 0.45666015625 0.33897135416666674 0.007890625000000017 0.014895833333333346
7 0.532109375 0.13404411764705884 0.011484375000000036 0.01656249999999999
7 0.527046875 0.31845312499999995 0.017578125 0.02322916666666668
7 0.5857741477272727 0.17793560606060607 0.00703125 0.015104166666666667
9 0.7111942142924396 0.3981400841100963 0.009179926560587503 0.03990718074255408
12 0.071343779677113 0.08903133903133906 0.08947649572649571 0.14467592592592596
12 0.21262299049849148 0.14278999864907457 0.06339498806682578 0.1312649164677804
12 0.49561457586083224 0.27583990913438544 0.05430640243902438 0.0820630081300813
12 0.5473677047038328 0.30489619628339154 0.02181783536585371 0.06300813008130082
12 0.5851711625132557 0.3334272269353129 0.05020960365853666 0.0514481707317073
12 0.6221145470383276 0.3404169086333721 0.02010289634146334 0.0423018292682927
12 0.6600382912311267 0.36917465156794427 0.019626524390243906 0.03048780487804882
12 0.6778039985928707 0.36387488273921215 0.01810213414634152 0.05411585365853657
12 0.7026171874999998 0.38606971153846154 0.01640625 0.025729166666666654
3 0.29358373620532563 0.2715061928385812 0.024338425129087772 0.06024096385542169
3 0.34215680455813396 0.2884258709715709 0.018152969018932864 0.04984222604704535
2 0.31735661131922643 0.2492955013330633 0.033751075731497424 0.013625932300631109
2 0.2900328994549627 0.2402691121629375 0.032137478485370075 0.010040160642570288
2 0.36691753276843636 0.26705723994880615 0.025683089500860578 0.007171543316121613
2 0.3906494484431232 0.2771312522818547 0.022993760757314963 0.006633677567412496
10 0.3377602619330562 0.4157821061926454 0.06293402777777782 0.08340141612200433
10 0.4234852166441289 0.4327365524753962 0.044424019607843146 0.07352941176470591
