11 0.7879755434782608 0.8734539690382079 0.1245754076086957 0.22903079710144933
4 0.3361220501219416 0.4683325877092653 0.1811297714679835 0.39662429631130475
4 0.44264360673847003 0.5171223418945046 0.10086561032863854 0.3711854460093897
4 0.5345690141954436 0.5389982145683382 0.13162364130434784 0.3475996376811594
11 0.954118046675192 0.7700766969309462 0.08882472826086954 0.3365031231884057
3 0.6517917615444486 0.11446400248913413 0.09183099648365492 0.22597177848775293
1 0.5579112293956043 0.05743475274725275 0.050652472527472445 0.1267742673992674
1 0.8395228169913389 0.6447753284458718 0.04611782563867557 0.17310495626822148
7 0.6290121145915161 0.16411568800733173 0.042560634328358216 0.06685323383084577
7 0.625810401119403 0.05531716417910447 0.04183185634328357 0.06646455223880596
7 0.23968356020663978 0.1409201666108674 0.057073675145609085 0.06986134934248141
7 0.38898215981549317 0.2288458712069823 0.051304309116809145 0.0701863722697056
7 0.7121520237350399 0.07958664968914451 0.03866532196194763 0.08436938818421531
1 0.2829866111111111 0.8432289999999999 0.04531200000000002 0.096875
7 0.5135102187924016 0.05344371890547263 0.047516324626865634 0.0775419776119403
1 0.326172 0.8421870000000001 0.03984399999999999 0.09895800000000013
7 0.7804502222329193 0.20296069276728698 0.03771992635024555 0.05557828696126569
7 0.506239224137931 0.3084806034482759 0.04468750000000003 0.05958333333333332
7 0.8512026515151516 0.6934248737373737 0.0328125 0.04364583333333331
7 0.7854200213821867 0.3014184397163121 0.03656914893617023 0.0554078014184397
7 0.7780733043332408 0.15655991075081835 0.03833953474495359 0.07679738562091502
7 0.846693822872087 0.2687358222509783 0.03322227328431371 0.04812602124183008
7 0.8537202380952381 0.36576140873015883 0.031063988095238138 0.05357142857142859
7 0.9060808982683982 0.3263437950937951 0.024925595238095254 0.040674603174603224
7 0.7273519520997376 0.4120461504811898 0.03895997375328086 0.04483814523184601
7 0.9072730654761905 0.4128844246031747 0.03180803571428577 0.04637896825396825
7 0.8484331597222219 0.6117563657407408 0.03249999999999993 0.043333333333333356
7 0.7878001982961221 0.4551936447316882 0.03635428907168041 0.04063846455150806
7 0.8454357582153232 0.21845119220527717 0.025084252450980494 0.05846609477124183
7 0.9605401109307359 0.3547077922077922 0.029947916666666786 0.05183531746031746
7 0.9804468662464986 0.41323821195144733 0.02734375 0.04290674603174598
7 0.9862655119047619 0.48921810389610393 0.025297119047619 0.041765539682539675
7 0.33114687499999995 0.8303750000000002 0.025703124999999983 0.03250000000000005
7 0.2355157574152542 0.8388323382126346 0.024765624999999993 0.030280720338983023
7 0.281484885620915 0.834339757144688 0.02291666666666665 0.030419389978213474
7 0.2384218750000001 0.6860451388888887 0.02109375 0.035520833333333356
11 0.5529499372909699 0.9110664018952063 0.11081861413043477 0.1336050724637681
5 0.808683379921573 0.23495873297652484 0.10362088323353288 0.19024451097804393
5 0.9297589557926831 0.36940458568987855 0.08322010869565233 0.1361526268115942
5 0.8736701159743788 0.3023967229554866 0.09553328804347831 0.18314085144927533
1 0.23276632072099662 0.8400253182870372 0.03070159313725491 0.06501906318082788
1 0.27600476477904595 0.836066460995675 0.033573325163398685 0.06501906318082788
1 0.27600476477904595 0.836066460995675 0.033573325163398685 0.06501906318082788
1 0.27600476477904595 0.836066460995675 0.033573325163398685 0.06501906318082788
1 0.27600476477904595 0.836066460995675 0.033573325163398685 0.06501906318082788
1 0.32471014284620103 0.829301991847086 0.033573325163398685 0.06501906318082788
