7 0.16457704876822526 0.6439584380760851 0.019266119909502267 0.02309577677224735
7 0.22705078125 0.6593343467194571 0.013079751131221728 0.02262443438914031
7 0.28898296097285076 0.6787330316742081 0.017145079185520374 0.02309577677224735
7 0.255101661109788 0.6983929705485432 0.015554298642533926 0.02121040723981906
7 0.21093750000000006 0.6729944381598794 0.01820559954751131 0.021681749622926107
7 0.28223098133484165 0.5785334967320261 0.024038461538461543 0.02686651583710405
7 0.35226951357466063 0.6019513574660633 0.020326640271493224 0.02403846153846144
7 0.46199657945958317 0.45155188535226315 0.02420497481108317 0.03332283795130143
7 0.5396664749052473 0.4822495508518307 0.023666105605122566 0.028069833852544097
7 0.6101473607866776 0.5125681310124834 0.0228823656845754 0.028162911611785073
6 0.5585186755071423 0.41498644297213355 0.028548351158645246 0.029510889752312686
6 0.6081704220379487 0.3836204555330242 0.026886587485515624 0.03005504055619935
6 0.6578068012267902 0.3474265721706454 0.022160456730769162 0.029672475961538443
7 0.7465277777777778 0.25376337876337873 0.035895270270270264 0.04374566874566875
7 0.8026510370260368 0.22289459789459787 0.02436330561330564 0.02945252945252944
7 0.831905372920998 0.29536447505197505 0.025825103950103845 0.02360533610533615
6 0.8386771646906782 0.2286141390871121 0.04499090436590443 0.03226784476784476
6 0.9128359641638222 0.1778113364877443 0.0475949232081911 0.038573663253697384
7 0.7646295279211158 0.5815249323047055 0.021849294947121047 0.023379357618487973
7 0.8298732058922278 0.6273956409825975 0.026531286721504087 0.029132393262827943
7 0.4150097656250001 0.6241970486111114 0.019843749999999983 0.021354166666666667
7 0.5572609142959383 0.6769186994294348 0.019611625514403208 0.02229080932784638
7 0.6080535799487087 0.6966064292956402 0.017896947873799716 0.020719021490626353
7 0.6555378242299539 0.7143321070790207 0.016718106995884784 0.02057613168724271
7 0.815930886243386 0.8438464506172839 0.022114748677248563 0.03169091710758375
7 0.8961410567313346 0.8217898785028415 0.023354828042328003 0.03196649029982363
7 0.8934501065710126 0.7428237852637415 0.024051582969432238 0.035252911208151376
7 0.8865688203861183 0.6774065348961924 0.020810589519650514 0.036162663755458506
1 0.88169386347966 0.7016376742894355 0.04469159388646293 0.14487809315866093
7 0.8028486394557822 0.7079081632653063 0.023363095238095342 0.03690476190476192
7 0.8051339285714286 0.7707431457431456 0.022767857142857117 0.03511904761904769
1 0.7952682114512473 0.7325774754346182 0.038690476190476185 0.13869047619047628
7 0.7256291617704661 0.7385918527222876 0.022522522522522515 0.039789789789789747
7 0.728541041041041 0.7954621287954622 0.021396396396396435 0.0322822822822823
1 0.7186585936585936 0.7601302601302603 0.037302927927927866 0.13063063063063066
7 0.609316479400749 0.7776347274240533 0.01738061797752808 0.032771535580524376
7 0.6097261235955055 0.8327137034589117 0.02159410112359552 0.030430711610486938
1 0.6021522392783669 0.8007002690299099 0.0310744382022472 0.11985018726591766
7 0.5512946193485292 0.797929361317987 0.018513033175355444 0.0315955766192733
7 0.5506337067356025 0.8503129637608311 0.020240916271721955 0.030937335439705057
1 0.5438788117360939 0.8192742544552537 0.02986769352290679 0.11585044760400211
7 0.4984110941142192 0.8142017126392126 0.01761909965034967 0.02622377622377622
7 0.4964458284770785 0.8672765313390315 0.018984921328671335 0.028044871794871775
1 0.49047277296567077 0.8369175805255348 0.02909200174825175 0.10962995337995345
7 0.4156644710874285 0.84607920531544 0.019843472468916535 0.027198046181172348
7 0.41366007992895204 0.8931042776791001 0.018733348134991078 0.02516281823564235
1 0.40741563055062163 0.8678769424772977 0.02927952930728246 0.10102131438721133
7 0.3742080316310975 0.8623205665650406 0.01714939024390243 0.028105945121951238
7 0.37196364660657477 0.907695685312831 0.01917397103658538 0.025088922764227563
1 0.3668985010162602 0.8822514397018968 0.027986852134146332 0.09765625
7 0.3354181400282886 0.8745285242809994 0.01624381188118811 0.025577557755775616
7 0.3325108292079208 0.9191831683168317 0.017636138613861353 0.024546204620461982
1 0.3271183096570526 0.8956031472712487 0.030785891089108876 0.09653465346534655
7 0.27292320932479763 0.8982692152836493 0.01411704312114992 0.021817248459958923
7 0.270888589436459 0.9376663624610238 0.017646303901437354 0.02267282683093773
1 0.26623302167839225 0.9155004151658981 0.024544404517453787 0.08662731006160165
7 0.24119760840681245 0.909114929339292 0.013796201232032823 0.023742299794661175
7 0.23867071640428922 0.9483135599665374 0.01411704312114992 0.02288672142368237
1 0.23374419221800719 0.9274143261522755 0.026469455852156053 0.0859856262833676
7 0.21269811986652978 0.9176211712867899 0.01443788501026697 0.022031143052703685
7 0.21041317680752183 0.9583716092078246 0.015721252566735133 0.024383983572895337
1 0.20490225367758447 0.9361710483499959 0.027913244353182744 0.08448836413415475
7 0.16561919863861382 0.9363397277227724 0.013613861386138626 0.02000825082508252
7 0.16295108129233976 0.973488796248046 0.015934405940594077 0.01980198019801982
1 0.16017011488884736 0.9514641322622825 0.023360148514851485 0.07178217821782175
7 0.06362257281553399 0.9708636731391584 0.015321601941747564 0.0266990291262136
7 0.4058774038461538 0.7475040064102563 0.015234375 0.017708333333333333
7 0.4014131801554641 0.9517234891784789 0.01757544581618653 0.023005258344764457
7 0.4416966735253772 0.9408379058070416 0.018218449931412906 0.023719707361682652
7 0.5731958269525269 0.9058179084271034 0.019740620214395134 0.025523226135783617
7 0.6294765345839715 0.8912258592819465 0.021415581929555838 0.02695890760592145
