7 0.07518939393939394 0.47275883838383836 0.05042613636363637 0.046401515151515166
7 0.1823200757575757 0.3316666666666666 0.04190340909090906 0.08143939393939395
7 0.19516453598484845 0.20688657407407407 0.03693181818181819 0.07859848484848483
7 0.2576095779220779 0.5533910533910533 0.04214015151515151 0.04040404040404043
7 0.3820954042246352 0.3247122780228481 0.039526425178147265 0.07175376088677753
7 0.3759265705626996 0.44405424959729156 0.04305225653206653 0.07323832145684879
7 0.5391695977633477 0.4278649591149591 0.0403645833333333 0.06473214285714288
7 0.5406515731292518 0.536607142857143 0.044456845238095254 0.06671626984126977
7 0.7600107914259452 0.5659480589110644 0.03748276654411757 0.05763633578431377
7 0.766637465533088 0.6681793811274511 0.039349724264705885 0.05744485294117645
7 0.7580626244638478 0.8360938776552287 0.03173828125 0.0486366421568628
7 0.8490195394564074 0.875815169817927 0.031307444852941305 0.046913296568627534
7 0.8576127819548871 0.6300299359509886 0.036397417153995984 0.053200129954516014
7 0.8650932607055273 0.7257147498375568 0.030305799220272968 0.0529970760233919
7 0.9450159815388142 0.6839035565493253 0.032742446393762135 0.04852988953866143
7 0.9532097115618908 0.7752725999025344 0.03441764132553615 0.04913905133203388
6 0.973248304367743 0.33442197754426645 0.047755492983751854 0.05200640078778929
1 0.21016847294654503 0.2415457953063885 0.09302171610169492 0.2771892655367232
1 0.3967328867271425 0.3480967016790006 0.07812500000000004 0.2551200564971752
1 0.5542372881355935 0.4610228342749527 0.06753177966101695 0.24143714689265536
1 0.7786660634416197 0.6051806242153172 0.06819385593220346 0.2158368644067797
1 0.8798654117774888 0.6588960415761264 0.07448358050847456 0.20391949152542377
1 0.9632722924975076 0.7184046817879696 0.06488347457627111 0.18802966101694912
10 0.2725669985911886 0.908874622893898 0.3153483072916667 0.21809895833333334
