7 0.30589918759231904 0.06285608778223255 0.034504246676514014 0.04862136878385031
7 0.6874118890977445 0.03630169172932331 0.03641917293233084 0.048950501253132835
7 0.7566723159171076 0.033424731775426215 0.030381944444444465 0.04863866843033509
7 0.8312036132812499 0.027962239583333326 0.03781250000000007 0.049166666666666664
7 0.04840242122218868 0.4093363032316521 0.021629291251384276 0.02526301218161683
7 0.02373255336617406 0.47129778134188705 0.03702934662236988 0.04210502030269474
7 0.017481344285177423 0.5494711977237343 0.034878804960541146 0.04368658399098084
7 0.14655901961577553 0.46392144620901415 0.029128086419753084 0.04215851602023613
7 0.13985593644603714 0.5441742200674536 0.03267284991568296 0.044442102304665575
7 0.36949549901852535 0.4569224635014109 0.033211032388663984 0.042875618533513266
7 0.3647553537183038 0.5390046049672088 0.033421896086369786 0.04653058929374717
7 0.49994379496402874 0.45416627224536155 0.034566097122302165 0.04552607913669065
7 0.4969953628174209 0.5347906913510191 0.03464033018867925 0.046467879604672
7 0.6342242382564536 0.5344694832369399 0.03559652278177454 0.04271582733812949
7 0.8863607003736383 0.4425447836340991 0.037823455759599334 0.0481705620478575
7 0.8899525830087184 0.526823254807395 0.03808430717863107 0.046083750695603776
7 0.09574647003688695 0.6331824091431336 0.030641515994436718 0.0411451089476125
7 0.20101331094855496 0.886865681336691 0.03034967472118959 0.0851920693928129
7 0.3162628037485017 0.8840488903417961 0.01823512585812357 0.08676582761250948
7 0.8952062270220587 0.9165445963541665 0.0196748621323529 0.03236060049019602
12 0.8276377370905751 0.9009044256907308 0.03367187500000011 0.09187500000000005
10 0.502745452506449 0.8590590001646906 0.17391556421884857 0.16660373821765215
10 0.4323307012847965 0.9640435403283368 0.05821734475374729 0.029777837259100673
10 0.5697032817632081 0.9621529846352834 0.09794776119402986 0.034865521386356825
10 0.07179677071009016 0.9571243458250248 0.10551948051948053 0.027249536178107547
10 0.05840469105852388 0.8335492019827873 0.10631525351929094 0.16640597844977403
1 0.8890062269590698 0.4584849702240287 0.04530201342281881 0.18316554809843405
1 0.4963660963636993 0.47239976671843886 0.037934543590858814 0.17628177162367228
1 0.6334986839160645 0.4656417569963767 0.03700183709326712 0.1792229686003468
1 0.36520026408450706 0.47221390845070427 0.03773437500000001 0.17447916666666666
1 0.13934739926856077 0.4705180499182593 0.04350405092592593 0.16076903292181075
1 0.018331354037762967 0.4790373471451571 0.04462459083469721 0.15633524277141297
