7 0.6342581243871691 0.43095511159359373 0.029973998459167907 0.06067026194144839
7 0.5620352698790682 0.46702580504583585 0.028529468412942995 0.05136106831022088
7 0.4988172910246531 0.4997592449922959 0.026723805855161764 0.05344761171032359
7 0.30104540891800513 0.2563662299239223 0.03150755494505493 0.0444139194139194
7 0.31610506717289716 0.6166338103582555 0.01743209696261685 0.02239096573208729
7 0.2757624200688637 0.6370280988686668 0.02418589369158881 0.0330996884735202
6 0.41190586692597836 0.2425398789878988 0.03237712164073554 0.028288543140028287
6 0.3417593832087291 0.18535415403785274 0.032156117397454054 0.04287482319660538
6 0.26040745815652994 0.14944798051233696 0.03337164073550212 0.03285596416784534
6 0.11186208424063873 0.052001053185887325 0.043567338072669826 0.04163375460768826
12 0.8240080853546721 0.8554742852379761 0.11688468992248069 0.14077304048234277
12 0.697475909776055 0.809346289118576 0.11103036175710593 0.1512704565030146
12 0.12419248402333986 0.5967803556543484 0.10348360655737703 0.20628415300546443
12 0.32413641686182654 0.697150663544106 0.061475409836065566 0.10143442622950817
12 0.3865373121584699 0.6859133082877961 0.04405737704918038 0.16359289617486336
9 0.3559689299955693 0.7546337320927485 0.04610655737704916 0.18852459016393439
9 0.18718621926229512 0.6945782103825136 0.055840163934426215 0.20116120218579236
9 0.4975233686208894 0.7975430100607075 0.04658641160949868 0.17150395778364108
