7 0.048905470812555 0.5415811088295687 0.010266940451745376 0.005989048596851513
7 0.10368005646817251 0.5500941136208077 0.013956622176591382 0.009411362080766613
7 0.08181468172484599 0.47468913985854433 0.01684419917864476 0.02267282683093773
7 0.15693543494493184 0.5567676249144423 0.01155030800821355 0.009197467488021971
7 0.14441895533880905 0.48491241016427106 0.014919147843942503 0.018822724161533227
7 0.2038478379031284 0.4941845834843177 0.011710728952772097 0.019892197125256673
7 0.19896915388331923 0.4031913073237508 0.017967145790554428 0.02267282683093773
7 0.26662533917571135 0.40890534858707317 0.017165041067761778 0.03978439425051335
7 0.18806676742532 0.2689663347558085 0.02491554054054055 0.028153153153153157
7 0.2744154516358464 0.2888661688003793 0.020903716216216183 0.025337837837837836
7 0.35555924227799224 0.30753297940797936 0.020903716216216228 0.018299549549549533
7 0.26458333333333334 0.09774774774774775 0.024282094594594607 0.028434684684684693
7 0.2836631274131275 0.06034829472329471 0.023015202702702676 0.02674549549549549
7 0.303026463963964 0.02727102102102102 0.03315033783783781 0.02899774774774775
7 0.41110641891891897 0.05753800675675676 0.029138513513513552 0.030405405405405404
7 0.49243113305613295 0.11031704781704779 0.027871621621621667 0.015202702702702705
7 0.4860641891891892 0.1273729086229086 0.012880067567567632 0.010979729729729722
7 0.5154560810810811 0.0883445945945946 0.022804054054054123 0.03125
6 0.538159253003003 0.062468718718718716 0.026604729729729736 0.0259009009009009
6 0.5764606518282989 0.013662559618441974 0.025337837837837895 0.025056306306306304
7 0.9244095651726975 0.15147426672149125 0.03692626953125 0.05615234375
7 0.9298197428385416 0.24427625868055555 0.032958984375 0.054117838541666664
7 0.7958020662006579 0.22660104851973684 0.02410888671875 0.030924479166666668
7 0.750396728515625 0.3609619140625 0.02960205078125 0.049235026041666664
7 0.749664306640625 0.2804000289351852 0.02777099609375 0.047607421875
7 0.7161300185560054 0.20228154520917674 0.024038461538461498 0.02656882591093117
7 0.6749626178974006 0.40740501111877925 0.02660778985507255 0.0415157004830918
7 0.6752056914251208 0.3334213969404187 0.02585295893719808 0.040760869565217385
7 0.5428763541045518 0.34922025110978605 0.020125223613595634 0.024597495527728105
7 0.611759721306845 0.37672025546872556 0.023619186046511587 0.038014311270125195
7 0.6121488734134083 0.4494367067041486 0.024038461538461498 0.03931872391174718
7 0.5729861616529194 0.5723438595072511 0.016716703056768534 0.031386462882096094
7 0.5308121815866085 0.5936703966521104 0.016716703056768624 0.027899078117418697
7 0.5206657473377769 0.5094454659209889 0.019218522561863162 0.03350921882581274
7 0.5217620390587094 0.4448268774597013 0.021492903930130945 0.0350254730713246
7 0.4782540905422262 0.5338188177171228 0.023955123266564016 0.03306368772470473
7 0.47867512519260397 0.47627760657421675 0.0181770030816641 0.030174627632254727
7 0.4408491696627289 0.503177966101695 0.016010208012326645 0.028569594247560382
7 0.43945391695726216 0.5589148622712405 0.017213983050847405 0.030014124293785353
7 0.3851360452586207 0.5428901760057472 0.014951508620689636 0.02316810344827586
7 0.38289331896551737 0.5946240421455938 0.01508620689655169 0.026580459770114948
7 0.3553699712643678 0.6127035440613027 0.013604525862068995 0.027658045977011388
7 0.356860632183908 0.564044540229885 0.011988146551724154 0.02532327586206892
7 0.30666948891625617 0.5682727832512315 0.01373922413793105 0.01939655172413796
7 0.3311992900608519 0.5826466362407031 0.01252693965517242 0.02640086206896548
7 0.32914365571120696 0.6287491020114943 0.013604525862068995 0.02693965517241376
7 0.2713592980295566 0.6671926313628899 0.00902478448275863 0.02262931034482752
7 0.2731681034482759 0.6267061781609196 0.008755387931034475 0.020833333333333332
7 0.25354705459770116 0.6787146791187738 0.008351293103448265 0.022449712643678173
7 0.25533612400530503 0.6384283819628647 0.0078125 0.019755747126436775
7 0.22759299720916565 0.6948473609479044 0.009547591069330208 0.017136701919310583
7 0.22869396730490082 0.6563860855740652 0.008721357226791992 0.021176067371719516
7 0.1988862892395501 0.6794352582396062 0.0037639541715628775 0.015055816686251451
13 0.03042466371391076 0.6695391103455819 0.022760826771653545 0.04552165354330716
13 0.08200390966754156 0.6720329663653156 0.016609251968503935 0.04470144356955383
13 0.1342196727362205 0.6786651668541432 0.017224409448818888 0.04470144356955371
1 0.9086468231214502 0.19606906218144748 0.06713493883792054 0.20419215086646278
1 0.7345833034690366 0.3171538528924567 0.054950305810397546 0.17870795107033638
1 0.6606985589384147 0.3648438165468061 0.04781958438287157 0.16084172963895885
1 0.5993167611724324 0.4108967671736886 0.043442505720823824 0.15207856598016783
1 0.5120868020642337 0.4713962165572447 0.037521440823327624 0.13329045168667808
1 0.4677268813471646 0.5026313222067939 0.039933533447684424 0.12471412235563181
1 0.4304267995755443 0.5261481136920855 0.03470733276157807 0.11292166952544308
1 0.37534841337907376 0.5677208404802744 0.03082118353344767 0.10470268724985712
1 0.34740970787972153 0.5862059660914107 0.030151157804459715 0.10309462550028586
1 0.3246128999179656 0.6032756295522906 0.025460977701543718 0.08790737564322472
1 0.1941971042276259 0.6936263999596408 0.014070540308747858 0.06575185820468844
1 0.20512064586357037 0.6855153494304439 0.009782375643224706 0.06950400228702118
1 0.22356433997269579 0.6742190872918634 0.025192967409948565 0.07093339050886224
1 0.24822414050264746 0.6588042546051159 0.022512864493996566 0.07986706689536878
1 0.2670186535162951 0.6454652658662092 0.01969875643224701 0.0680746140651801
1 0.2886712489103843 0.633116464677708 0.025594982847341317 0.096483704974271
7 0.29417479631217835 0.6554459691252146 0.017554674099485412 0.028766437964551153
7 0.2934861587573852 0.6119270535544119 0.013132504288164704 0.023406232132647274
10 0.21818547549833894 0.8346695428817524 0.050068204365079375 0.07502480158730158
10 0.2880135148321624 0.8081963147280768 0.06184895833333335 0.08329199735449737
10 0.3842273178210678 0.7835046897546897 0.08680555555555554 0.10044642857142859
10 0.5190280639499388 0.7432844932844933 0.11594742063492065 0.1258680555555556
10 0.7454022810067895 0.6959824796231898 0.17418032786885237 0.2134562841530054
