7 0.07731193438914027 0.1519136500754148 0.03163885746606334 0.022388763197586727
7 0.15232928835870008 0.054654291786644736 0.026513009049773762 0.04760558069381599
7 0.1719898897058823 0.18215026395173448 0.025629242081447966 0.03935708898944193
7 0.24970099217571642 0.02705308886375062 0.027927036199095045 0.04218514328808446
7 0.25043991955756667 0.10641863583040051 0.029341063348416307 0.04524886877828054
7 0.2524529443187531 0.2144084129378247 0.025452488687782805 0.036293363499245855
7 0.33151458623390184 0.076085537765402 0.02527573529411762 0.04242081447963801
7 0.3308444772139626 0.1459225517129929 0.02527573529411762 0.04359917043740573
7 0.3963606476244344 0.06549302413273 0.019266119909502243 0.021210407239819002
7 0.4480902475635224 0.14307054182619794 0.021740667420814486 0.03417232277526397
7 0.44839390082956276 0.20625157114127704 0.02068014705882355 0.034172322775263955
7 0.42891174899446965 0.2896791729512318 0.01820559954751131 0.029930241327300124
7 0.47916161656970485 0.310816634346046 0.01643806561085972 0.02851621417797888
7 0.5037779116663389 0.17350522985113778 0.017498585972850745 0.03275829562594268
7 0.5042185143288085 0.23554774473892123 0.017498585972850745 0.03252262443438913
7 0.5521776018099549 0.204708485958486 0.01855910633484168 0.027573529411764705
7 0.5537362453722747 0.2606844748388866 0.016084558823529348 0.030165912518853737
7 0.6123009484859033 0.1480558939552152 0.011842477375565607 0.016025641025641028
7 0.626388776664512 0.24812809739280325 0.01626131221719458 0.02686651583710408
7 0.5981217006033183 0.3538367269984917 0.01237273755656112 0.024745475113122122
7 0.6324000754147815 0.36687719959778786 0.012019230769230749 0.022388763197586727
7 0.6271210407239819 0.30002121040723984 0.015907805429864207 0.026159502262443488
7 0.6626989738202973 0.26776736335559864 0.014847285067873273 0.027809200603318224
7 0.6624409797363761 0.31948816315823997 0.015200791855203644 0.0245098039215686
7 0.696113782051282 0.33663946347769874 0.017321832579185514 0.027573529411764733
7 0.6964167878689939 0.28715973568914754 0.01626131221719458 0.02450980392156866
7 0.7714948960353374 0.10938510019392374 0.01785209276018094 0.023331447963800902
7 0.8427503613624937 0.0929460993799229 0.019796380090497757 0.01956070889894419
7 0.9193943045445604 0.07789445209521936 0.021033653846153834 0.024745475113122174
9 0.05306314053067527 0.4547767794468622 0.01864558472553699 0.0474840891010342
12 0.0873545644391408 0.45246618933969773 0.02871420047732697 0.057428400954653944
13 0.7973481753812633 0.28165849673202614 0.02236519607843146 0.055964052287581695
13 0.8685693027210883 0.2766273175937041 0.020220588235294025 0.057802287581699356
13 0.9417207707551103 0.2661138923654568 0.020220588235294025 0.06413398692810457
1 0.1666071102234754 0.06173202102478419 0.04960317460317461 0.0952794312169312
1 0.25828589537666924 0.07317780507264636 0.04371279761904758 0.1419890873015873
1 0.34138068398021304 0.10598148601145176 0.044332837301587304 0.1570767195767196
1 0.4564461132134972 0.1736932355723746 0.034837196467991216 0.1381990434142752
1 0.5131260104778783 0.20154499476624282 0.03449227373068435 0.13130058866813832
1 0.5636978225968294 0.22504640778647397 0.03449227373068435 0.12026306107431936
1 0.6346022982377372 0.26793676182636783 0.03259519867549665 0.10807579102281091
1 0.6697414064963733 0.2913570574477032 0.028111203090507696 0.10255702722590142
1 0.7036795296315161 0.30691755815927996 0.03156043046357615 0.10324687270051507
10 0.19258526989210084 0.3750775344757947 0.18324732415902142 0.19654689092762492
10 0.4647648275544565 0.4457885009996843 0.13062075791855204 0.15860671191553546
10 0.6305174784846067 0.4854318235589864 0.09597709276018093 0.12867647058823525
