6 0.18545758928571426 0.24174404761904766 0.057500000000000016 0.078125
6 0.39906163194444433 0.41783564814814805 0.06195312499999996 0.06041666666666667
6 0.6647174714956405 0.5775102000894254 0.004951584507042206 0.009012407780013377
6 0.654324383802817 0.5880176894701542 0.006680709255533213 0.020225519785378884
6 0.6273606076111844 0.5971750040472722 0.03238179074446679 0.028923541247484863
6 0.7150223214285715 0.6170386904761905 0.005000000000000071 0.010208333333333286
6 0.6860505319148936 0.637670656028369 0.047812499999999945 0.03895833333333331
7 0.10048763775278342 0.09198311936681057 0.04733032975460122 0.06550357873210634
7 0.641825284090909 0.9570896464646467 0.02140624999999998 0.043333333333333356
7 0.7055308948863637 0.9236363636363635 0.026406249999999964 0.05458333333333343
7 0.8866824776785716 0.6308630952380951 0.032578125000000034 0.04552083333333338
7 0.8826069078947368 0.5899780701754387 0.024375000000000036 0.026145833333333358
7 0.865796875 0.6023958333333332 0.009140624999999857 0.010625000000000048
7 0.8947095352564105 0.861113782051282 0.02546874999999993 0.05947916666666669
7 0.9790848214285715 0.8269419642857145 0.029531249999999964 0.06187499999999998
7 0.39360119047619047 0.9111753856472167 0.027744592555332036 0.043594902749832326
7 0.48686755952380956 0.9540426587301585 0.02804687499999998 0.04375
7 0.19793658088235294 0.8199999999999998 0.02906249999999999 0.051145833333333356
7 0.19024553571428568 0.9135962301587303 0.03343750000000001 0.0556250000000001
7 0.06523594953738701 0.7593549492674558 0.031246269516501574 0.05725761084900256
7 0.0522940340909091 0.8557623106060605 0.034765624999999994 0.05687500000000002
1 0.07617863344883077 0.7938148373182696 0.07323022037572255 0.21354166666666666
1 0.2109674202127659 0.8562333776595743 0.06367187500000002 0.2007291666666667
