7 0.42840998427672955 0.2842243186582809 0.027122641509433887 0.03419811320754717
6 0.4294663915094339 0.22820502021563344 0.017099056603773644 0.03950471698113208
6 0.5038460696778712 0.2379584646358544 0.017725840336134446 0.03545168067226892
6 0.5771087731967787 0.24774232609710548 0.016248686974789893 0.03391981792717085
6 0.6960003930817608 0.2616676649695517 0.02779649595687328 0.03172731356693624
6 0.7624860388051986 0.26847800669521976 0.02742913251366117 0.02831853369763208
7 0.7829749575395066 0.3231420457342588 0.024120560109289625 0.03173383424408017
7 0.7880806010928961 0.25786112059805705 0.020278346994535477 0.01878415300546449
6 0.8319055479659987 0.27617132159481883 0.03564719945355197 0.035576047358834226
6 0.9485417547072356 0.29231425396378197 0.020241994177583676 0.03487384764677343
13 0.4359843156860087 0.5126352923897324 0.07592190889370931 0.09038322487346342
7 0.5294447880808948 0.5800882099827883 0.022119728915662586 0.03168925702811253
7 0.45929693056543386 0.6421141536273116 0.022302576013513507 0.02885698198198199
7 0.45915329391891896 0.6974521396396399 0.023490287162162192 0.03167229729729731
1 0.46000806889478757 0.665251467985843 0.024018158783783772 0.12070664414414421
7 0.5444815396700707 0.6467559406912805 0.02215485074626864 0.028373756218905418
7 0.5468149829894645 0.7017989098624523 0.02215485074626864 0.030705845771144286
1 0.5476847533167497 0.6686464749664377 0.02448694029850742 0.12010261194029859
7 0.6246309502180234 0.6499944484819122 0.014080668604651158 0.028867894056847494
7 0.6279301328089375 0.7033149984800121 0.013626453488372103 0.03189599483204143
1 0.6317742284766268 0.670938429841046 0.028766957364341116 0.11688468992248069
7 0.7671690244932433 0.6573849239864864 0.01662795608108114 0.026745495495495437
7 0.7712267233751607 0.7098365106177607 0.01715582770270272 0.028681024774774737
1 0.7741791978799448 0.6775117508813164 0.029956714527027018 0.11296452702702701
7 0.8183923154051833 0.5968587172631289 0.02280118778280542 0.024745475113122122
7 0.8527207545914294 0.5572653269452578 0.01820559954751122 0.015789969834087477
7 0.8878974160514408 0.5301237397793125 0.016614819004524863 0.022153092006033208
7 0.8428346608427543 0.6606946585588671 0.01573741007194247 0.02735311750599519
7 0.8478318907374099 0.7119398231414868 0.015877922661870512 0.027540467625899366
1 0.8503129865510577 0.682262026199936 0.028243030575539584 0.11166067146282982
7 0.9177445652173913 0.6635144927536233 0.01671195652173907 0.026992753623188412
7 0.9226071859903383 0.7141606280193238 0.016168478260869534 0.0273550724637681
1 0.9255394224529526 0.6839633354964311 0.03152173913043477 0.11231884057971016
7 0.9905224116161616 0.4451915975795693 0.015218964408233226 0.026511578044596897
9 0.4162926859445702 0.9885369532428356 0.012350643382352899 0.021246936274509784
9 0.4601557029061626 0.9884120662153749 0.010531556372549034 0.021757557189542472
12 0.4659384902951079 0.9369842212979468 0.024935321350762506 0.051175562817719705
10 0.5284273346760566 0.9091840098309499 0.14048273899848257 0.15269347496206376
12 0.6171754175688215 0.9349385245901639 0.02918632075471699 0.05444182389937116
9 0.6361447010869565 0.9862545289855074 0.009687499999999983 0.02510416666666669
10 0.830131770972365 0.9001832579344469 0.1655819295558958 0.14117534456355282
