7 0.11326357466063348 0.08526583710407241 0.032876131221719465 0.04430618401206636
7 0.20726439614307254 0.05703242835595777 0.03429015837104073 0.044541855203619904
12 0.7962526899166552 0.39948108803570626 0.03968694493783298 0.08658969804618118
12 0.5999174203429152 0.4357049214001764 0.036772868561278926 0.07289816459443456
12 0.22629272834864939 0.46079101109254605 0.050843253968253975 0.06655092592592596
12 0.09548611111111109 0.47740917487684725 0.04045758928571429 0.05435681216931219
12 0.03479003906249999 0.4915493758267196 0.018291170634920632 0.037615740740740713
6 0.6144781144781144 0.09469696969696971 0.00841750841750848 0.011223344556677884
10 0.5966763140058595 0.1810310901219992 0.24673821548821548 0.27286756453423117
10 0.11616599804720666 0.2756256957415898 0.20152110927152317 0.23040838852097129
