7 0.2741815476190476 0.5568910256410257 0.051081730769230796 0.06353021978021983
7 0.28440309690309695 0.7123345404595406 0.023609203296703286 0.06667811355311362
7 0.28540307348901095 0.8820779914529914 0.02425309065934065 0.07154304029304027
7 0.6918472152847153 0.8672577422577422 0.02017513736263732 0.07354624542124549
7 0.6923506181318682 0.707331730769231 0.023823832417582392 0.05580357142857141
7 0.707570888932496 0.5413355245944531 0.051725618131868066 0.07211538461538466
7 0.5144928313873626 0.5600389194139194 0.011804601648351731 0.054086538461538505
7 0.46749288657770804 0.5594256933542646 0.013092376373626369 0.05408653846153844
7 0.5158968635531136 0.7086099664224663 0.010087568681318704 0.053800366300366304
7 0.46377060439560436 0.7053571428571428 0.004721840659340693 0.03033424908424903
7 0.5163976648351647 0.8767241872710622 0.012877747252747263 0.06667811355311362
14 0.2786371901701858 0.47942706494362447 0.05244377162629758 0.2663638985005767
14 0.2947741596638656 0.7164225984511451 0.0359537197231834 0.0857843137254901
14 0.28745235456314877 0.9097462514417531 0.045955882352941214 0.17337081891580156
14 0.5092632641291812 0.9111519607843138 0.047577854671280305 0.14057093425605535
14 0.5168685121107267 0.7081260813148789 0.010002162629757816 0.056949250288350586
14 0.46338848039215685 0.7045367166474433 0.005136245674740447 0.034241637831603215
14 0.4917786278114186 0.4755194816897346 0.05974264705882355 0.2234717416378316
14 0.709657944059977 0.4272261736938784 0.056498702422145275 0.325836216839677
14 0.6910953719723183 0.7196665430878233 0.024599913494809743 0.08722606689734723
14 0.6973322417202172 0.9067983811171528 0.04325259515570936 0.16652249134948097
