6 0.8480141715116277 0.37184835271317834 0.036328125 0.02510416666666669
6 0.8833389945652173 0.3492074275362319 0.024453124999999964 0.02364583333333332
13 0.42375901442307684 0.7346874999999999 0.013828124999999946 0.035520833333333356
13 0.45815624999999993 0.7573541666666668 0.007968749999999946 0.0109375
13 0.46524038461538464 0.7392828525641024 0.015156249999999982 0.035520833333333356
10 0.8766398790257318 0.8670642498786215 0.09625000000000003 0.10268018018018026
4 0.5895748887870638 0.7612584039270499 0.12242187500000004 0.14884890904311257
11 0.3564751174822268 0.8909193699869242 0.19937500000000002 0.17541666666666664
7 0.3249195075757575 0.609715909090909 0.016093749999999973 0.0296875
7 0.34768939393939396 0.5960448232323229 0.016484374999999975 0.029895833333333382
7 0.37890625 0.5860250350140056 0.004021139705882337 0.005252100840336145
7 0.36815464032835366 0.5821807889822596 0.01288405987394956 0.03063725490196075
7 0.42028993055555575 0.5507407407407408 0.019765624999999964 0.036249999999999956
7 0.6444192708333332 0.4016267361111112 0.030312500000000055 0.0558333333333333
7 0.9504946432562298 0.3540665623719597 0.02330480360934182 0.02731334041047416
7 0.8899254261363637 0.48328125 0.018359375 0.021666666666666678
7 0.8356986899563319 0.46674399563318775 0.021578193231441035 0.02547307132459971
7 0.7803125000000001 0.45067528735632184 0.021015624999999982 0.02958333333333331
7 0.924408143939394 0.5886710858585859 0.015625 0.02958333333333331
7 0.8855346200980392 0.5758803104575162 0.017109374999999892 0.03312500000000007
7 0.843319481382979 0.5650797872340426 0.018671874999999893 0.034791666666666644
7 0.3880946180555556 0.619994212962963 0.016093750000000018 0.02677083333333326
7 0.4200669642857141 0.6068105158730159 0.018906250000000034 0.0265625
7 0.41609730113636373 0.6514914772727273 0.019765625000000054 0.02666666666666669
7 0.4530626975836352 0.5867244167301011 0.02124605960607138 0.028958357941570274
7 0.4509331970740102 0.6354286192388602 0.01957831325301198 0.027986947791164715
7 0.5055147058823529 0.6360968137254902 0.01640625 0.029999999999999954
7 0.5489962917941432 0.6179432546620045 0.016526442307692336 0.03292768429487178
7 0.5969069602272726 0.5974526515151514 0.016015625 0.03239583333333336
7 0.6201365354535975 0.46087504344803626 0.020529197080291973 0.032803267292318354
7 0.7365729166666668 0.7106597222222223 0.0125 0.020937499999999904
7 0.7369944852941177 0.7440134803921569 0.012265625000000035 0.021250000000000095
7 0.8031670673076924 0.6938701923076923 0.0109375 0.022083333333333264
7 0.8054036458333333 0.7308333333333332 0.012734374999999964 0.022708333333333285
7 0.84670703125 0.6825937500000002 0.013124999999999965 0.02312500000000005
7 0.8481525735294116 0.7218443627450981 0.014218750000000035 0.02312500000000005
7 0.8929687500000002 0.6711527777777778 0.015390625000000036 0.02333333333333331
7 0.8933318014705882 0.7107904411764706 0.014375000000000072 0.02302083333333336
7 0.9785833333333332 0.6490624999999999 0.01062499999999993 0.025729166666666595
7 0.9804627403846153 0.6925400641025641 0.009765625 0.02041666666666669
3 0.49204577848401376 0.6280992217605973 0.036015625000000016 0.09875120423892104
3 0.5369968469795325 0.610562325581558 0.03752942825112102 0.10930232874903538
3 0.5828692676936622 0.5900045362466039 0.040295368941443324 0.11354205862113395
2 0.5815418462643678 0.5176843869731801 0.0532507183908046 0.04250478927203064
2 0.6048495802238805 0.42691853233830834 0.04437499999999996 0.11656250000000004
2 0.5483246527777776 0.4978587962962963 0.019687499999999948 0.010729166666666679
2 0.5384909539473685 0.5448629385964912 0.05109374999999998 0.04250000000000007
2 0.5500914634146342 0.44253810975609764 0.029140624999999965 0.08229166666666667
2 0.490535300925926 0.5700848765432097 0.04914062500000007 0.03812500000000003
2 0.5095123626373627 0.4948946886446887 0.022321428571428558 0.028502747252747263
1 0.37910726825842694 0.6398970037453183 0.03125 0.09822916666666674
1 0.409676206078511 0.6251232036837868 0.03296875000000003 0.10378052699228799
1 0.44164010864821035 0.610481577607349 0.03634034207818928 0.10593750000000005
1 0.7317613636363635 0.7275378787878786 0.019218750000000017 0.07864583333333333
1 0.7976788949275364 0.7088753019323674 0.024531249999999984 0.08177083333333333
1 0.8404768668831171 0.6995806277056279 0.026015624999999966 0.0859375
1 0.8860348731884062 0.6866108091787437 0.026171875 0.08885416666666673
1 0.9737499999999999 0.6690985576923076 0.022499999999999964 0.09604166666666672
