11 0.3163299809505964 0.6947735521824393 0.46312499999999995 0.43943810096153846
12 0.6279970079787233 0.8547739361702127 0.029921875000000053 0.04989583333333331
12 0.8379166666666666 0.8364043209876544 0.01570312499999993 0.052187500000000026
12 0.9283103197674418 0.8279966085271319 0.028593749999999928 0.05760416666666674
4 0.6574702227011492 0.4860470402298847 0.09217672413793113 0.21090277777777774
4 0.7443813624110094 0.45592184953841247 0.09142778268551233 0.21881343246957202
4 0.8486777571580062 0.43981309650053035 0.0903201219512196 0.22891260162601632
7 0.02494092987804878 0.2923729674796748 0.029218749999999998 0.052083333333333336
7 0.09116688829787235 0.2599601063829786 0.028671875000000013 0.05468749999999997
7 0.22831452546296296 0.1945428240740741 0.03187500000000001 0.06322916666666666
7 0.3135066105769231 0.1541466346153846 0.03273437499999998 0.06833333333333334
7 0.4098849431818182 0.10865151515151511 0.03265624999999996 0.07166666666666668
7 0.4597479838709678 0.5449227150537633 0.018593750000000055 0.03604166666666663
7 0.05311718749999998 0.4126718749999999 0.027812499999999997 0.031874999999999966
7 0.9131676136363638 0.5107386363636365 0.01453124999999993 0.031458333333333324
7 0.9008593749999998 0.5115277777777778 0.0034374999999998933 0.019479166666666655
7 0.9172460937500002 0.5650086805555554 0.013203124999999894 0.0328125
7 0.9033487339930151 0.5713200103479498 0.005275029103608731 0.012247768723321784
7 0.6166302083333333 0.5690833333333333 0.015234375 0.02822916666666669
7 0.43736778846153845 0.6509054487179486 0.015312500000000017 0.02520833333333338
7 0.43878125 0.60625 0.014921875000000018 0.02364583333333338
7 0.28616287652600847 0.6775740335279548 0.016669984076433143 0.025101733899504573
7 0.28815625 0.6378888888888888 0.01484375 0.021562500000000047
7 0.0939776311609331 0.5115531678315329 0.02854253653444676 0.03849164926931105
7 0.08619243421052633 0.5816008771929824 0.026328125 0.036458333333333336
7 0.18383984374999998 0.28481770833333336 0.027812500000000018 0.039791666666666656
7 0.17744791666666668 0.36004050925925923 0.027031250000000017 0.038437500000000034
7 0.27612413194444446 0.25242476851851847 0.03031250000000001 0.043020833333333314
7 0.2736250963261732 0.32604755747920483 0.033919149143302144 0.04511076497057805
7 0.3763640873015873 0.21064465496683807 0.030967052313883282 0.047053152246814216
7 0.3719102811312318 0.28738402638050525 0.030102489939637822 0.044328470824949694
7 0.6008042279411765 0.06808210784313726 0.038124999999999964 0.05197916666666666
7 0.5507638888888888 0.25761574074074073 0.011562500000000054 0.05135416666666668
7 0.6889794435215947 0.20948689553340719 0.013929263565891414 0.04902639350313771
7 0.8443374437660667 0.15722070479862899 0.01285347043701801 0.04686161096829477
1 0.9075640625 0.5270020833333331 0.027968749999999966 0.11885416666666664
1 0.6089156250000001 0.5804395833333333 0.025078125000000017 0.1046875
1 0.4344631661442005 0.6204039315569488 0.021641522988505725 0.0877634099616858
1 0.42860991379310337 0.6711685823754789 0.00457974137931032 0.00874042145593871
1 0.2821841271122134 0.6545108073978437 0.025949646643109548 0.08946333922261474
1 0.07943891067987889 0.5410946531791907 0.052203757225433536 0.154383429672447
1 0.16836017875514397 0.31065554041531684 0.05307195216049383 0.15922367969821674
1 0.2609366508152175 0.27824615036231876 0.053750000000000006 0.1653125
1 0.35976740056818185 0.24103101325757575 0.05523437499999999 0.1714583333333333
2 0.5629037167241706 0.10809552919515492 0.06670917479108632 0.09778319405756733
2 0.584585597826087 0.03855751811594202 0.053984375000000015 0.09125
3 0.5247143093738996 0.18631941150427941 0.059687499999999984 0.2424306690159991
3 0.6622098383369168 0.12910913306925484 0.06383359678988328 0.2519085062689148
3 0.817164772727273 0.11848295454545453 0.057265624999999966 0.2103125
