12 0.5655405405405404 0.47990146396396394 0.023281249999999965 0.04989583333333337
10 0.5153004025355231 0.3270965587175808 0.1960535878212975 0.24658302733578133
10 0.26554058688220156 0.41114288327072696 0.13664703182374544 0.1776060791513668
10 0.10170251623376622 0.46341179653679654 0.100390625 0.14114583333333328
8 0.9602804616992161 0.4628314407949895 0.017892809587216972 0.1845417221482468
8 0.8197691567312468 0.537204783490644 0.013981386612021928 0.07655965391621126
8 0.8206006659836067 0.4373505806010929 0.008218066939890712 0.06403688524590159
9 0.8528265252813595 0.4199190295381703 0.03192608173076916 0.1105518830128205
9 0.7893279932824023 0.4251785733886547 0.031362680288461585 0.10454226762820511
7 0.7723355263157894 0.3735279605263158 0.02421875 0.03447916666666663
7 0.8618443080357144 0.3656770833333333 0.018593749999999964 0.034895833333333334
7 0.9141666666666666 0.34432407407407417 0.030624999999999857 0.03468750000000001
7 0.2799691611842105 0.2545751096491228 0.023984374999999992 0.03427083333333337
7 0.327125946969697 0.2280839646464646 0.01929687499999999 0.03510416666666665
7 0.5084805484693878 0.13494260204081635 0.031953124999999985 0.04322916666666665
7 0.596575766509434 0.09348663522012576 0.03679687500000002 0.048749999999999995
7 0.0406702302631579 0.2303070175438597 0.021875 0.028541666666666674
7 0.035970552884615384 0.28466346153846156 0.019453125000000005 0.02687499999999995
7 0.0704391891891892 0.2081728603603604 0.020781250000000008 0.029166666666666667
7 0.06790581597222224 0.26240740740740737 0.019843750000000004 0.02510416666666669
7 0.10084535256410258 0.24247061965811964 0.02046874999999999 0.030624999999999975
7 0.10287890625 0.18486458333333333 0.019765624999999988 0.030729166666666665
7 0.1698764534883721 0.1993855437476172 0.02689549180327868 0.03436646174863389
7 0.21330882352941177 0.1725122549019608 0.025468749999999974 0.035416666666666666
7 0.21739280523255816 0.10205426356589148 0.02554687499999999 0.03677083333333333
7 0.2683795837007642 0.1378988666797309 0.02797067901234569 0.04308127572016461
7 0.2695985116146849 0.06473754151324812 0.028051054526748987 0.04104509602194787
7 0.27062174479166673 0.020635850694444447 0.02664062500000002 0.0334375
7 0.3798787006578948 0.06563322368421053 0.03304687499999996 0.04687499999999999
1 0.030189140733250935 0.2550860390218327 0.03918099089989889 0.11238203572632287
1 0.06170610119047617 0.23213988095238092 0.033984375000000004 0.11677083333333332
1 0.09542238481040566 0.2046073541299235 0.03413318452380952 0.11879960317460317
1 0.16172113271438832 0.15703489415141716 0.042552475780409035 0.1358988159311087
1 0.20822702181233055 0.12571350291857458 0.04573800992282249 0.1476938625505329
1 0.2589278792912514 0.08723975636766332 0.04482142857142857 0.15904761904761905
1 0.37010802002974247 0.07133078507915855 0.049170316711590265 0.10585130278526504
