11 0.8050784480976011 0.45587994554728434 0.13182382133995044 0.21091811414392053
7 0.9697981952181989 0.3502084300526153 0.01262186629526454 0.017409470752089127
7 0.9694790215877438 0.3222638115134632 0.013165912256267375 0.015958681522748406
1 0.9704827863857937 0.33284731894150427 0.013383530640668617 0.05556522748375118
7 0.8807233635097494 0.3213498142989787 0.012295438718662944 0.0156685236768802
7 0.8813544568245126 0.3498288068709378 0.012948293871866311 0.013347260909934988
1 0.8815595203021214 0.33199637525891007 0.012513057103064185 0.05237349117920154
7 0.7563574218750001 0.3216666666666666 0.0125 0.016562500000000036
7 0.757595486111111 0.3480324074074074 0.010312500000000035 0.01395833333333337
1 0.7574467329545453 0.3298342803030303 0.013515624999999965 0.05166666666666669
7 0.866639544156374 0.1755815498930554 0.017307986536107833 0.04322215422276621
7 0.8098083856633493 0.1820574565838256 0.015013004895960868 0.03633720930232558
7 0.7513611901974351 0.1835763574760967 0.014630507955936345 0.029324765401876778
6 0.9518656079234973 0.08265027322404371 0.011953551912568371 0.017361111111111115
6 0.8659684274438373 0.08161935842946773 0.011526639344262258 0.016507285974499093
7 0.9166117779078844 0.078368950039032 0.010886270491803351 0.01622267759562841
6 0.7878031079234973 0.08461407103825137 0.010886270491803263 0.020776411657559207
6 0.7463019200626959 0.08388845350052244 0.008351293103448221 0.020593869731800767
9 0.7561063218390803 0.053560025542784155 0.0072737068965517794 0.017480842911877393
9 0.7868399784482758 0.052981321839080456 0.007543103448275801 0.016642720306513408
9 0.7207794540229884 0.05330459770114942 0.01023706896551726 0.017840038314176243
12 0.6109942158492657 0.049269188140759215 0.016560162094763076 0.08598295926849545
12 0.6374688279301746 0.046527200517225455 0.01305330423940152 0.083904821280133
12 0.5228248822388474 0.05250184723376743 0.017144638403989988 0.0826059850374065
12 0.49401236492103073 0.04903828391983007 0.011689526184538668 0.08260598503740649
12 0.4103909260938562 0.04711233280435275 0.0288341645885287 0.08884039900249377
12 0.35077237461900806 0.14850027708506514 0.018508416458852837 0.04883624272651705
12 0.45898437500000017 0.14939863881961768 0.0210411471321696 0.04701787198669991
9 0.3060707605985038 0.05935681629260183 0.008572319201994994 0.017144638403990022
9 0.5536938902743143 0.05591490024937656 0.007793017456359142 0.01740440565253533
9 0.5820409912718204 0.055655133000831254 0.007987842892768082 0.018703241895261846
12 0.17252869897959183 0.060204081632653055 0.06071428571428572 0.06815476190476191
12 0.0584952731092437 0.05959383753501401 0.05625 0.05803571428571428
9 0.11166294642857141 0.0662202380952381 0.010491071428571419 0.01666666666666666
9 0.23883928571428573 0.061383928571428575 0.008705357142857162 0.015773809523809527
9 0.265234375 0.06205357142857142 0.007366071428571441 0.012797619047619039
6 0.27326388888888886 0.09212962962962963 0.010491071428571397 0.02023809523809524
6 0.2318973214285714 0.09291666666666668 0.008928571428571397 0.019940476190476186
6 0.3134598214285714 0.09014880952380952 0.011160714285714279 0.016369047619047627
10 0.4035470409711685 0.4536150101163379 0.010432473444613021 0.05959155285786544
10 0.43051453320326616 0.4501695088758821 0.04018873292867982 0.0592754172989378
8 0.654296875 0.28886959876543206 0.00994646990740744 0.1806037808641975
8 0.6245478877314814 0.2856746720679012 0.010489004629629584 0.17192322530864199
8 0.5963360821759258 0.2745225694444444 0.006691261574074047 0.15022183641975312
8 0.5322265625 0.2866391782407407 0.008499710648148095 0.1673418209876543
8 0.5058533468364197 0.2947370113168724 0.0146484375 0.16782407407407407
8 0.4750795717592592 0.2814549575617284 0.008861400462962887 0.15866126543209877
8 0.41314019097222215 0.27826003086419754 0.0075954861111111605 0.15311535493827158
8 0.384205005787037 0.27404031635802467 0.00723379629629628 0.14033564814814817
8 0.35581235532407407 0.27373890817901236 0.007957175925925907 0.13985339506172836
8 0.1499445408950617 0.3251993312757202 0.02152054398148149 0.10947145061728397
8 0.12471064814814814 0.3318383487654321 0.01898871527777777 0.09307484567901234
8 0.10014286747685183 0.3245563271604938 0.010127314814814825 0.09283371913580248
8 0.0671709656084656 0.3113977072310405 0.017903645833333336 0.12418016975308642
8 0.03486287937242798 0.32916452331961593 0.017541956018518517 0.09524498456790122
8 0.011773003472222225 0.3244357638888888 0.017903645833333332 0.09934413580246915
