7 0.09731930738304094 0.2543098196881091 0.0458470394736842 0.05701754385964911
7 0.12647559091401933 0.5347139397882105 0.03838061097256858 0.04493973399833753
7 0.28957958153844976 0.4186687174899121 0.04926616094986809 0.06699549534312066
7 0.401911231884058 0.5189009661835748 0.04211956521739131 0.03200483091787435
7 0.5665170263204538 0.4943485613848518 0.04691377171215887 0.05815756823821345
7 0.7488125964557503 0.47983963954375325 0.048481487148102784 0.05826703386372909
7 0.4769844517184943 0.3964129841789416 0.04756546644844519 0.06035188216039279
7 0.3959469216224617 0.2167512778008012 0.04598302165354329 0.06418143044619423
7 0.5735989368732022 0.18826203710902065 0.050083087149187654 0.06708517971442636
7 0.68446309347181 0.3771605017224325 0.05552206973293776 0.07402942631058357
7 0.7193374060150376 0.8223574925686309 0.024575428396572806 0.034297225622194935
7 0.7144125405844155 0.9580639784322821 0.026506696428571442 0.03388073979591842
1 0.475252504802112 0.28581270944390375 0.04928234011627906 0.2522407945736434
1 0.28894645802860885 0.31873239901989425 0.05030776515151514 0.24821035295528018
1 0.6786952082374599 0.25715456741831555 0.05645636792452828 0.27260220125786166
10 0.530800709075891 0.8031535993603224 0.3013144885699216 0.32697916666666665
7 0.7677562550443903 0.158091202582728 0.05429025423728806 0.0727793471437539
1 0.7134481293458526 0.906917563517723 0.028630378338278906 0.12920375865479722
7 0.8183415434391998 0.8205148439523441 0.025373931623931513 0.034944800569800566
7 0.8177737157229344 0.8905220575142451 0.025707799145299148 0.031272257834757865
7 0.8221789352413291 0.9580486835367988 0.027589134125636683 0.035016977928692704
1 0.8202860115804678 0.9216492347261993 0.03156833616298815 0.15377582059988673
