10 0.8556241382305517 0.8301939332564934 0.2634598761379553 0.26361716561624665
10 0.46391232085333006 0.8743946266955933 0.16720013477088952 0.19022349505840072
10 0.22624158653846158 0.9066161858974358 0.121875 0.1453125
10 0.07275990270107315 0.9197093712242296 0.07609375 0.11740250485201358
7 0.5475939417177915 0.07901329243353783 0.029955904907975485 0.03179320040899795
6 0.5648376498884551 0.012650469418107454 0.023245782208589017 0.022207310838445803
6 0.5955054160276072 0.049023836912065445 0.019411426380368014 0.027319785276073618
7 0.05192467561157101 0.18043864136669457 0.020877418379685615 0.025821241434905287
7 0.07863932554077659 0.14965823592637373 0.025884220072551388 0.02305018137847643
7 0.10410578731694212 0.1309899682027857 0.031268893591293846 0.04143994357114066
7 0.15668847438752784 0.23741184112843358 0.02688265590200447 0.026679658500371208
7 0.18278466035634744 0.20990687840934766 0.026447661469933204 0.025403674832962124
7 0.20955762201026432 0.19156146105677666 0.029318624721603535 0.03839550853749071
7 0.25042798913043485 0.2885733695652174 0.02562500000000001 0.021562499999999988
7 0.2793768601190476 0.27743551587301585 0.023906249999999973 0.030833333333333327
7 0.3060216346153846 0.2474479166666667 0.02726562499999998 0.03572916666666665
6 0.17800624999999998 0.34795208333333333 0.025703125000000004 0.026041666666666668
14 0.09542429259839526 0.12870861621484755 0.0585390406162465 0.07907329598506067
14 0.04307500000000001 0.18339166666666665 0.030468750000000006 0.05364583333333333
14 0.1969873873698928 0.18922181658122322 0.057225318471337584 0.07265127388535034
14 0.3014230287957881 0.23503651704676035 0.06881432827735642 0.11184091729866379
14 0.15778006267136704 0.23854187067502286 0.026439482961222095 0.026929103016059545
14 0.2502865588803089 0.28912064238151197 0.025246034077555813 0.02191049745397571
7 0.0071874999999999994 0.3883740942028986 0.011796875 0.022708333333333344
7 0.019991071428571427 0.36735714285714294 0.021640625 0.022083333333333323
7 0.036693359375000005 0.3538229166666666 0.02578125 0.03250000000000005
7 0.08156473214285716 0.4231130952380953 0.020937499999999998 0.02624999999999999
7 0.10597656250000001 0.4032339015151515 0.021875000000000012 0.025520833333333333
7 0.1218075284090909 0.39136363636363647 0.021953124999999997 0.029791666666666692
14 0.12406468702712928 0.3819049466031369 0.0587741164072633 0.08719884889753568
14 0.08147017572807524 0.4234343632263566 0.020879955242966753 0.02690750213128729
14 0.03759728773584906 0.3383755896226416 0.0646875 0.0921875
14 0.0069791666666666665 0.38766493055555545 0.011640625 0.022916666666666665
7 0.05564198369565217 0.8139402173913044 0.011953125000000004 0.016770833333333356
7 0.10390355603448276 0.8003879310344828 0.01875 0.01895833333333338
7 0.46142306555895446 0.6989343869731801 0.029286012235817616 0.03649888765294769
7 0.5347894021739129 0.6799071557971015 0.031015624999999946 0.03833333333333329
7 0.8037297365754814 0.6041394487993033 0.037300281954887195 0.049342105263157875
7 0.9355392156862747 0.5684987745098039 0.04343749999999993 0.051770833333333384
7 0.2907775297619047 0.6594866071428572 0.0234375 0.026875000000000072
7 0.28734722222222225 0.5138194444444444 0.018906249999999993 0.024374999999999977
7 0.4773925781249999 0.41587673611111103 0.023203124999999946 0.02802083333333331
7 0.547202620967742 0.45335013440860206 0.022265625 0.02833333333333332
7 0.7605596700385356 0.2582992132305716 0.023572976878612727 0.02577071290944124
7 0.0320703125 0.7046875 0.014999999999999996 0.024895833333333308
7 0.024284274193548384 0.7543615591397849 0.015390625 0.025416666666666643
7 0.06274784482758619 0.691950431034483 0.016875000000000008 0.02791666666666674
7 0.055851004464285724 0.7417671130952379 0.015625 0.027083333333333334
7 0.09654052734375 0.6759016927083333 0.019921875 0.02802083333333343
7 0.08968245967741936 0.7297345430107528 0.015234375 0.028958333333333287
7 0.15540283203125 0.7024739583333335 0.018437499999999996 0.03145833333333338
7 0.16378058802045287 0.6465516191867542 0.02128378378378377 0.03096846846846842
7 0.20772058823529416 0.627981004901961 0.020625000000000004 0.03177083333333333
7 0.19912276785714286 0.686761904761905 0.020937500000000008 0.03270833333333331
7 0.25724107142857144 0.6060178571428573 0.02132812500000001 0.035208333333333286
7 0.24861572265625004 0.6698763020833334 0.021171875000000017 0.0381249999999999
7 0.36296210807958995 0.5570302293739324 0.022725613317757 0.036628699376947085
7 0.3560152488671765 0.6269212274615313 0.02546363901869162 0.036750389408099694
7 0.4228036395856053 0.6049391130498002 0.026751635768811344 0.044756452199200325
7 0.43232059790757915 0.5290547755361686 0.027348009814612873 0.042030170846964705
7 0.5137621454831932 0.4922172862200437 0.028394170168067223 0.04311099439775911
7 0.5074817569073085 0.5678601933197521 0.02420890231092434 0.041688550420168016
7 0.6859820608825387 0.4179786872860122 0.03101778131634818 0.049208244869072895
7 0.6822497111902087 0.508204409683194 0.0300225583864119 0.04976114649681526
7 0.8101973574385684 0.35882064080306275 0.03239558293269233 0.05396133814102567
7 0.8061392546255826 0.45867706512237755 0.036996694711538415 0.05483774038461539
7 0.9578722233625252 0.2954144620811287 0.031725363756613764 0.058421516754850106
7 0.957347728587963 0.4052863549933862 0.038132440476190334 0.06214175485008819
1 0.021863397277227727 0.7201144801980199 0.036093749999999994 0.10020833333333326
1 0.05457625679347827 0.7099932065217391 0.0384375 0.10447916666666662
1 0.0873024929775281 0.6923384831460676 0.03890625000000001 0.10604166666666674
1 0.15206328125000004 0.6665822916666666 0.045390625 0.12239583333333333
1 0.1981192434210526 0.6465383771929823 0.04125000000000001 0.1248958333333333
1 0.24669649567831634 0.6225040711511962 0.042629650507328073 0.1309423149192033
1 0.3521757823533568 0.580771339406208 0.05048959608323136 0.14853631170950637
1 0.419760683584631 0.5612558132615603 0.05435771470160118 0.15784206695778752
1 0.4985740534369555 0.5253746262165556 0.054105987055016236 0.16725419941439365
1 0.6749019720067515 0.448063306519189 0.053232230392156854 0.1872276688453159
1 0.7954606871639257 0.3945990954162865 0.05561440677966108 0.20672829994863892
1 0.9434014226362837 0.32143269305707917 0.05779459901800319 0.22742771412984178
