7 0.5879594898724682 0.09210836362936889 0.04276610017889091 0.05478533094812165
7 0.1472612629957644 0.1616207803876267 0.05940448113207546 0.08077830188679247
7 0.350052500597544 0.12372379213074945 0.07438099041533545 0.09876451199208028
7 0.3940139504943051 0.49404280845518683 0.028577016689847003 0.04042072322670377
7 0.4215651041666667 0.5369340277777777 0.025546874999999948 0.034791666666666644
7 0.5891152293552352 0.80106133832458 0.01418192675159231 0.017029370134465673
7 0.6303450520833332 0.7950260416666666 0.015625 0.019895833333333356
7 0.6934055397727272 0.7868039772727272 0.014531250000000018 0.019687499999999976
7 0.7350130208333334 0.7806814236111114 0.020859375000000034 0.02020833333333343
7 0.6619174494219653 0.7704494821772641 0.018876445086705208 0.023723506743737962
7 0.7179711005880742 0.762951027990518 0.01889018052516418 0.024617067833698058
7 0.7995490013352622 0.7724583657876191 0.01769048347613218 0.019634842921256633
7 0.8164098359088128 0.7491919752141984 0.019124847001223876 0.025244798041615606
1 0.6628809516037776 0.773717558137848 0.019921415981198544 0.10135135135135134
1 0.7180394097222221 0.7649099264705883 0.0203125 0.0883333333333334
1 0.8176926665552585 0.7518498403149141 0.020775888480392267 0.09599673202614376
8 0.0743924950593521 0.34500331731952383 0.04244206562863795 0.3028664256290857
8 0.1059683964660243 0.38653973871289593 0.03828125000000001 0.2801041666666667
8 0.1358475658902768 0.4045342318800999 0.041465719499478616 0.2661192214111922
8 0.18914440203562333 0.4546289228159457 0.03786975190839694 0.24199533502968612
8 0.21013208762886607 0.47096005154639187 0.03367187500000002 0.21437499999999995
8 0.2264862351190476 0.49664434523809525 0.026328125000000036 0.18937499999999996
8 0.5080444373711903 0.47598693979533757 0.05183166673014128 0.24905968430941303
9 0.5046735209962118 0.1835321458316542 0.026919027565084262 0.0529606942317509
9 0.5354635416666665 0.12221527777777776 0.016562500000000036 0.02749999999999999
9 0.5418500394114556 0.18894508670520233 0.008128612716762972 0.03299614643545281
9 0.5151282514450867 0.23202673410404623 0.026463150289017356 0.009152215799614626
9 0.6023120185574227 0.42455854890976014 0.028230042016806678 0.1194123482726423
12 0.8483384776388296 0.5998672342329613 0.04022162462908021 0.05424703264094954
