10 0.1851964315297176 0.36713732286675493 0.09992417677642981 0.12474725592143271
7 0.15177502394636005 0.07252753831417623 0.012751436781609194 0.018678160919540228
7 0.1979054418103448 0.059337084929757346 0.01526580459770115 0.018797892720306512
7 0.32573439412484706 0.026269889840881265 0.016351744186046523 0.020654834761321905
7 0.38181227050183597 0.012754997960016317 0.017212362301101614 0.02065483476132191
13 0.35561080737711187 0.19388318301361787 0.04140349588719157 0.054715041128084604
7 0.15934475946811472 0.1596511533463288 0.016844411375661374 0.0252149470899471
7 0.1603999147173489 0.20742684256938643 0.019427910052910047 0.024112654320987657
1 0.1666362725645813 0.17955376595082473 0.02800512566137565 0.10444223985890651
1 0.21633290088520143 0.19708839676762685 0.027664953580901885 0.1031996021220159
7 0.2090822630182884 0.222519370375541 0.01740716180371349 0.02500552608311229
7 0.25296221986674744 0.19011205330102962 0.016732283464566945 0.019849081364829414
7 0.2544467097862767 0.233935601799775 0.015132874015748055 0.023950131233595802
1 0.2601369885116819 0.20718503937007873 0.02718996062992125 0.09186351706036744
11 0.46502855592774683 0.2297474651971113 0.329129016064257 0.6358768406961178
