7 0.38278112449799195 0.22207580321285142 0.04047439759036142 0.07938002008032129
7 0.4286521084337349 0.21554969879518074 0.018589984939759052 0.030747991967871494
7 0.4918109939759036 0.2756024096385542 0.031061746987951812 0.03796435742971888
7 0.37524119917168675 0.10338227911646586 0.04776920180722892 0.07686997991967873
7 0.4162382703892492 0.021456016373185047 0.04988704819277108 0.041101907630522086
7 0.26097108604874036 0.0832163882803943 0.05600527108433737 0.1164031124497992
7 0.12060493394030673 0.17501112404162103 0.05741716867469878 0.10918674698795179
7 0.2001364834337349 0.2192755396586345 0.05247552710843371 0.07090863453815259
7 0.2014568691432396 0.33095925368139223 0.04471009036144578 0.07310491967871488
7 0.050929163080895 0.3097957305412125 0.05012236445783132 0.06588855421686747
7 0.04875199326718638 0.418936776517836 0.04118034638554217 0.07090863453815265
7 0.18084714905484972 0.44332971800433835 0.030165401301518437 0.034797541576283446
7 0.20254167142367846 0.5509808958404687 0.045248101952277665 0.060782718727404254
7 0.3535678778018799 0.4743738451032377 0.048298535791757045 0.06552783803326102
7 0.5327144534372502 0.39744246269650946 0.052973246402877636 0.06369904076738606
7 0.9052289418465227 0.7153443911537436 0.028805080935251758 0.03465977218225428
7 0.776695315976858 0.7547960773094287 0.026806575433911916 0.032960614152203034
12 0.8049960923507765 0.7463576096041336 0.0797938918558077 0.11487538940809969
12 0.9285720462091869 0.7070593525179856 0.05976468824940042 0.10766386890487614
12 0.9233082284172662 0.7589553357314149 0.0251049160671462 0.028227418065547502
9 0.7355427414021163 0.8715553350970017 0.030133928571428558 0.08804563492063491
9 0.9942034040178571 0.7913876488095238 0.01298363095238102 0.09250992063492068
6 0.5870691747572814 0.7164805825242718 0.022451456310679685 0.0238673139158576
6 0.5297519720873787 0.6818534250269687 0.027760922330097148 0.02305825242718444
4 0.26558089514827643 0.7854999442146519 0.3740985576923077 0.44900412087912095
1 0.3409408651095044 0.13929169050963253 0.09818154034229827 0.2806642216788916
1 0.16885497847901382 0.23627718775468612 0.09646240831295842 0.281937652811736
1 0.04004792020975056 0.31613658194759375 0.07603236607142858 0.26010664682539686
