7 0.947513066696966 0.045828125591788824 0.015348042836041386 0.027387986213687838
7 0.8789213617500176 0.065326721530562 0.01938700147710488 0.025695470211718356
7 0.8130468750000001 0.08600996376811594 0.019921875 0.024791666666666663
7 0.6920855978260871 0.027314311594202893 0.020859374999999947 0.02625
7 0.6844473379629631 0.16559799382716048 0.01632812499999998 0.020729166666666674
7 0.5318522135416666 0.08973090277777776 0.019296874999999946 0.025937499999999992
7 0.47411458333333323 0.11301587301587301 0.01789062500000007 0.023333333333333338
7 0.2678359375 0.032295138888888894 0.02757812500000001 0.03572916666666667
7 0.03695372750642674 0.09507621882469669 0.02982406812339331 0.045388817480719795
7 0.21950788966310375 0.08351232354665585 0.030125321336760935 0.0416398886032562
7 0.21649586087648426 0.1540567490920961 0.026510282776349613 0.038962082262210776
7 0.30526117388327006 0.11662781816266334 0.026272123893805333 0.03753160556257903
7 0.3033381494190596 0.18287329681134992 0.022815265486725654 0.03726822587442055
7 0.38220982142857146 0.1451686507936508 0.02437499999999999 0.03364583333333335
7 0.38377297794117643 0.2101531862745098 0.019609374999999974 0.03697916666666667
7 0.4970386904761904 0.19029265873015874 0.021484375 0.032500000000000015
7 0.49857142857142867 0.24467261904761908 0.020000000000000018 0.032083333333333346
7 0.5536393229166666 0.21321180555555552 0.022421874999999945 0.031979166666666656
7 0.5560825892857143 0.26718253968253963 0.022890624999999963 0.031458333333333324
7 0.6067089843749998 0.23130642361111114 0.02257812500000007 0.03427083333333334
7 0.6085703125 0.2851770833333333 0.022812500000000034 0.02843750000000001
7 0.6844921875 0.2622821969696969 0.019062499999999982 0.02645833333333334
7 0.687549715909091 0.31205492424242426 0.020624999999999984 0.02687499999999995
7 0.7258407738095237 0.2785019841269841 0.018906249999999947 0.0265625
7 0.7266299715909091 0.32520359848484853 0.018828124999999928 0.025729166666666654
7 0.7909672619047619 0.33959325396825396 0.016015625 0.021249999999999977
7 0.8203330214079327 0.3153045924174765 0.016160608747044947 0.023271276595744676
7 0.8514432565789474 0.36589912280701753 0.016953125000000034 0.0238541666666667
7 0.8777205882352941 0.340140931372549 0.018984374999999963 0.02833333333333332
7 0.8796415441176471 0.37829656862745087 0.01875 0.02364583333333332
7 0.921732536764706 0.3554105392156862 0.016953125000000034 0.021458333333333357
7 0.9228676470588235 0.3924938725490197 0.01640625 0.019895833333333356
12 0.1522048515063119 0.4725901733474157 0.043003523738872416 0.07171117705242339
1 0.22773267663043475 0.11406023550724641 0.038046874999999994 0.15520833333333334
1 0.3142277960526315 0.1426864035087719 0.035781249999999966 0.1453125
1 0.3904129464285716 0.1734419642857143 0.036171875000000055 0.1391666666666667
1 0.5087586805555558 0.21541666666666684 0.035781250000000056 0.12406250000000002
1 0.5650619612068963 0.23510057471264378 0.03515625 0.12031249999999998
1 0.6153409926470588 0.25231127450980384 0.033984375 0.11343749999999998
1 0.6931666666666668 0.28528472222222223 0.030625000000000034 0.11000000000000003
1 0.732946671195652 0.298899456521739 0.028281250000000036 0.10302083333333334
1 0.8275162760416664 0.33629050925925935 0.028125 0.09031249999999999
1 0.856224365234375 0.3394873046875 0.026093749999999895 0.07822916666666663
1 0.8840893677478119 0.3577086055997782 0.029892071106094775 0.0854731000752445
1 0.9276537698412698 0.36778108465608444 0.02703124999999993 0.075
1 0.9508740795183248 0.376741269706844 0.027142857142857225 0.0769791666666667
1 0.7696761775362319 0.3107774758454106 0.03539062499999997 0.08947916666666664
10 0.27060821226606524 0.4227062594441719 0.14940616576819404 0.13757861635220123
10 0.2424402573529411 0.5184191176470588 0.11687499999999998 0.02041666666666663
10 0.5199855347054106 0.4581422760785559 0.11926444274028629 0.11358433034548217
10 0.5018357240437157 0.5384316180935034 0.08847762978142075 0.018784153005464432
10 0.6948085064818611 0.48190160210425653 0.09133731617647056 0.09300595238095237
10 0.6863687315203861 0.5542141625168587 0.07213432247899165 0.01608455882352947
10 0.8218298834649497 0.5093768798556272 0.07694009100101118 0.08004718570947086
10 0.8134005308392315 0.5659320425919685 0.05758657735085944 0.014956184698348451
10 0.9204334109712855 0.5203336114394308 0.05129210700132099 0.07265521796565384
10 0.9210906538969615 0.5714816474806567 0.044377476882430676 0.0104579480405107
