6 0.47436741698595136 0.4725991556690791 0.020653735632183867 0.0347222222222222
6 0.5681283967391304 0.4976721014492753 0.020000000000000018 0.03302083333333332
7 0.981741365131579 0.546702302631579 0.0296875 0.07354166666666669
7 0.5327821828358209 0.3979228855721393 0.046484375 0.08760416666666664
7 0.7133968098958334 0.8649609375 0.03148437500000005 0.05375000000000003
7 0.6712102004716982 0.9165978773584907 0.029843750000000037 0.050208333333333265
7 0.5974036922827962 0.935498118047564 0.03609572784810133 0.05926160337552749
7 0.5078385416666666 0.9907986111111111 0.017578125 0.013437499999999976
1 0.517140625 0.9750541666666669 0.03046875 0.04906250000000002
1 0.6423524305555555 0.9835648148148147 0.015078125000000053 0.025833333333333285
13 0.454490122426266 0.9424851604526062 0.020215984974958266 0.0337367835281024
13 0.41166863616685045 0.8811230870504989 0.053381059813566265 0.11825897114926083
13 0.5066172542735042 0.8733885327635329 0.026302083333333393 0.04236111111111107
13 0.4582767978407894 0.802954133713374 0.06026129583818394 0.1336458333333334
13 0.5318150811209441 0.7133981686332352 0.09834201388888894 0.16006944444444451
