9 0.19731448613928326 0.698930865449628 0.02191091954022988 0.04406130268199237
12 0.23148593128442477 0.6925719891115869 0.03279911260709913 0.06276838535291714
12 0.24909598214285716 0.6596279761904762 0.010859375000000027 0.006979166666666595
13 0.9388472222222222 0.3911250000000001 0.03648437499999986 0.06906250000000001
10 0.32461951924432525 0.6094112152826733 0.18340320121951223 0.20500508130081307
10 0.30353125 0.5669375 0.006093750000000009 0.005520833333333286
10 0.3063541666666667 0.571875 0.002187500000000009 0.002395833333333286
10 0.3043880208333334 0.5775694444444445 0.006406249999999991 0.005104166666666643
10 0.30700000000000005 0.58225 0.00234375 0.0026041666666666665
10 0.3051302083333333 0.5880034722222223 0.005781250000000027 0.005208333333333333
10 0.6002155260205015 0.6249536531020241 0.1341603734833165 0.16039107263228847
10 0.6068749999999999 0.5905468749999999 0.0024218750000000178 0.004375000000000047
10 0.60720703125 0.5986979166666667 0.0034374999999999822 0.0042708333333332385
10 0.6071875 0.60675 0.004062499999999946 0.0046875
10 0.7816197712756615 0.6330592102511332 0.09804687499999991 0.1320833333333334
7 0.5025946455491481 0.2366942923911558 0.021171875000000017 0.046145833333333316
7 0.5663236177884619 0.1990805288461538 0.024375000000000036 0.05427083333333333
7 0.7520723684210526 0.10625274122807019 0.025546874999999948 0.05843750000000001
7 0.8360499237804879 0.0627540650406504 0.029296875 0.06239583333333333
7 0.9293323863636364 0.026654040404040402 0.03171874999999993 0.052083333333333336
7 0.886953125 0.20526589912280704 0.024296875000000107 0.0484375
7 0.9605507812499997 0.173 0.023593750000000035 0.049583333333333326
7 0.8391202445652175 0.46171195652173924 0.020468750000000036 0.03083333333333336
7 0.8321726371951218 0.41398043699186987 0.016933117378048833 0.024975863821138235
7 0.7958593749999999 0.39950181159420295 0.02148437499999991 0.025729166666666654
7 0.8014355468750003 0.4495963541666666 0.01945312500000007 0.028749999999999963
7 0.756421875 0.38301041666666685 0.02140624999999998 0.030520833333333344
7 0.7630121527777778 0.4368287037037037 0.020859374999999947 0.031354166666666634
7 0.6766907542394456 0.3527736547348634 0.02601583305592543 0.0331502441189525
7 0.6832775891906282 0.40928403443379474 0.023961661341853003 0.032392616258431005
7 0.6217934546503787 0.33112205839125775 0.02053006503527337 0.03270135214579657
7 0.6286947715378423 0.3937053731181147 0.02489376653439157 0.03583333333333337
7 0.5624144345238096 0.3086160714285714 0.026406249999999964 0.036562500000000026
7 0.5693563988095237 0.3755059523809523 0.027031250000000017 0.0375
7 0.438906983622663 0.26265655932115306 0.02840863790024235 0.038506054131054145
7 0.44512340076071927 0.33440669663439365 0.029391424619640373 0.04466343937298293
7 0.3527733671438051 0.22956362372420766 0.03144551616266948 0.044968717413972896
7 0.3594676074692945 0.30568647053222875 0.03243492930591261 0.045254927163667524
7 0.2537162597436063 0.19107399772380768 0.03375535495716035 0.048194614443084455
7 0.2592857796760754 0.2742234582945915 0.03424083184257602 0.050434370660295436
7 0.03103282584500549 0.10907667686806607 0.03544257762138414 0.05474874881609528
7 0.03984899328859061 0.2059304830557627 0.03712248322147651 0.05774608501118571
1 0.7687730189732144 0.4065755208333333 0.04281249999999996 0.11843749999999999
1 0.6893169070512818 0.37672943376068363 0.04539062500000002 0.12375000000000001
1 0.6377154081830663 0.3620444107754162 0.0445955300632912 0.13414293248945153
1 0.578216623940808 0.3408549179936414 0.04860386221294366 0.13928757828810018
1 0.45509551871860915 0.2861941759638337 0.049246481028151746 0.15950122399020808
1 0.36906452637696313 0.2582451088890866 0.052265625000000024 0.1690625
1 0.27149378765060234 0.22315010040160638 0.05648437500000001 0.18104166666666666
1 0.0513486426767677 0.13747369528619524 0.059531249999999994 0.21125
