6 0.8692824431692783 0.33148955344662695 0.0373572335025381 0.02263113367174281
6 0.7573883928571428 0.2900595238095238 0.021953125000000018 0.02020833333333331
12 0.8581068995594887 0.4052282408129321 0.07489614601200696 0.06581207118353341
7 0.7960232213065175 0.03710336962548515 0.03996625964010274 0.05891173950299914
7 0.6881314156704781 0.09173461321898821 0.04156989020270263 0.05437077702702702
7 0.6889232231029107 0.018218338530838533 0.04552892736486482 0.03202421171171171
7 0.6081960766003908 0.06008049841014442 0.03614886219974718 0.05135903919089759
7 0.6047890081206497 0.14369331364690993 0.03462151972157779 0.04797467130703789
7 0.5402764423076923 0.051278044871794874 0.028984375000000017 0.040312499999999994
7 0.48664598651960783 0.09288194444444443 0.027860753676470562 0.03957312091503269
7 0.49053117340686264 0.14189458927510398 0.0283394607843138 0.04863664215686274
7 0.4808493221507352 0.21034922215413943 0.04001991421568629 0.05093443627450981
7 0.4386568509615385 0.1326121794871795 0.024843749999999963 0.031249999999999986
7 0.4376497395833333 0.17726128472222225 0.026953125 0.03895833333333334
7 0.43484375000000003 0.24603298611111113 0.026796875000000053 0.03854166666666667
7 0.38907137784090917 0.20741653669043375 0.03197763480392157 0.035871119281045756
7 0.3844434343030691 0.2699519572321682 0.03245634191176468 0.04199857026143793
7 0.36618795955882344 0.18416053921568623 0.02269071691176472 0.027828839869281047
7 0.3333059210526316 0.21235197368421052 0.02132812500000001 0.02822916666666666
7 0.30152132998745296 0.23503666091593478 0.021467220828105392 0.025094102885821843
7 0.3249531806459535 0.2587792684923656 0.021773877870563663 0.031423973556019495
7 0.5256510416666667 0.20545717592592594 0.015312500000000017 0.035312500000000004
7 0.32534374999999993 0.30898611111111113 0.014218749999999992 0.04583333333333333
7 0.36168678977272717 0.27678030303030304 0.02218749999999998 0.035000000000000024
7 0.3375120192307691 0.3894150641025641 0.021328124999999965 0.03104166666666668
7 0.6311249662070829 0.34041536322558225 0.031771376433785206 0.04084115397984013
7 0.6299317698724634 0.41743954038662073 0.03193430656934311 0.04214459506430306
5 0.47133381831983795 0.15336468173639223 0.059375 0.14109432234432231
5 0.42413979198400603 0.19229031797410515 0.06003806089743593 0.1301201923076923
5 0.37122754223243354 0.2346918366629979 0.06459047870611179 0.10446723918575061
1 0.2478900862068965 0.3302234195402296 0.06171875 0.155
4 0.14692051494443298 0.5479481604196867 0.023579869020501132 0.09574316628701597
4 0.33278481791338593 0.48502091535433073 0.04136934055118111 0.10129593175853019
4 0.2873654284244561 0.4942213832549482 0.03689236111111112 0.08942350088183423
1 0.641988901869159 0.3723432632398755 0.04679687499999998 0.14114583333333333
11 0.3412478229113518 0.557334602459216 0.13860713727329582 0.2711995209740829
11 0.49705579703383507 0.6578801123255541 0.11467416461286328 0.38737520798668884
11 0.6325011507659318 0.6558485849407576 0.08982168079096046 0.37559588868876265
