7 0.13061523437500003 0.10540364583333334 0.0328125 0.02881944444444445
7 0.4613170546558704 0.01623650472334683 0.014233299595141701 0.03373819163292847
7 0.4835296282664704 0.015929793890320204 0.006958502024291491 0.02994264507422402
7 0.5916224962710419 0.027046043753107464 0.016921811740890646 0.04554655870445344
7 0.6547203563084114 0.43459404205607477 0.019257447429906538 0.018496884735202456
7 0.7830991124260356 0.14493519301211608 0.028331043956043977 0.0173611111111111
7 0.8094308035714288 0.04128510378510379 0.02131982600732609 0.04159035409035409
7 0.8854961225527586 0.152369904229172 0.027889016018306557 0.015493897787948126
7 0.9886298627002288 0.1576206140350877 0.02413472540045749 0.015017162471395876
7 0.9228403890160184 0.05115369946605644 0.025386155606407355 0.040284134248665136
12 0.11220503259229746 0.4130018122645718 0.021897949816401474 0.05852203182374544
12 0.5963267045454544 0.411308712121212 0.021875 0.06843750000000005
10 0.4638745512589336 0.3209847578300876 0.1692063737623762 0.18358085808580862
10 0.8997707125895522 0.3160615223107677 0.17133353960396053 0.1820338283828383
