8 0.31192036290322583 0.7948051075268816 0.01734374999999999 0.06749999999999995
8 0.33688151041666664 0.7871932870370368 0.02109375 0.07072916666666665
8 0.36747869318181825 0.7711079545454544 0.022187500000000027 0.07833333333333338
8 0.44972034404634453 0.6666597583358825 0.04327238356531051 0.16146034082798005
8 0.505880505979021 0.6290326893231356 0.05274598758687725 0.1787221498358941
8 0.5735024671052632 0.5885153508771929 0.057734374999999984 0.19635416666666666
8 0.679916639357693 0.6931302000837474 0.03144585654596108 0.13927576601671302
9 0.8468650196270371 0.37458128713371663 0.04005744739756363 0.1266611295681063
12 0.5442292613848976 0.3813137937585976 0.05706710761594706 0.09056644286213214
12 0.6647908589020546 0.2666440788614448 0.1533650500719496 0.17264125047189524
4 0.9626537287562238 0.8384251394154245 0.07905221602972397 0.10656249999999995
11 0.7096101408631138 0.9397786867499991 0.047812500000000036 0.11354166666666667
11 0.680375 0.8957777777777779 0.016484375000000016 0.04239583333333338
11 0.8779296875 0.883125 0.005937500000000107 0.010729166666666737
11 0.8684712837837838 0.9099324324324326 0.031640625 0.11906249999999995
11 0.9179668469551281 0.9325698116987179 0.019344951923076968 0.093359375
7 0.00800867799113737 0.8272607910717213 0.015232644017725255 0.01846381093057611
7 0.06822183098591549 0.8332425106192712 0.013990191146881293 0.01760563380281693
7 0.039279796425612495 0.813909190436738 0.007859657947686116 0.02232142857142859
7 0.04950711211714733 0.8128749347939489 0.006287726358148898 0.02095908786049622
7 0.09039620535714285 0.8199553571428573 0.007890624999999995 0.021562500000000047
7 0.10005468749999999 0.8192708333333333 0.005624999999999991 0.021145833333333287
7 0.10510279605263158 0.8357291666666667 0.015156249999999993 0.017708333333333333
7 0.16214488636363633 0.8438778409090909 0.01585937500000001 0.019166666666666644
7 0.1788002232142857 0.8254910714285713 0.008359374999999992 0.02333333333333331
7 0.188203125 0.8258203125 0.0047656249999999956 0.021249999999999977
7 0.19834099264705884 0.8452389705882353 0.014453125 0.0171875
7 0.24272288602941178 0.7120955882352944 0.01796875 0.03125
7 0.32853693181818183 0.6580918560606059 0.01664062500000001 0.0321875000000001
7 0.35514266304347825 0.6385960144927536 0.019218750000000017 0.03270833333333331
7 0.3883203125 0.6103472222222223 0.020078125000000037 0.03291666666666669
7 0.480447860962567 0.5596463253862151 0.0244140625 0.03982843137254903
7 0.5372029933669022 0.5175954617346116 0.026534660356347484 0.04570341499628808
7 0.6084077380952381 0.46242559523809523 0.02921874999999998 0.04968749999999999
7 0.8008979106454719 0.5265534682080925 0.040281791907514373 0.053106936416184955
7 0.8376054067460318 0.2821312830687831 0.04109374999999993 0.08395833333333333
7 0.9229344512195119 0.5975685975609757 0.020390625000000107 0.03999999999999997
7 0.9681661931818178 0.5775132575757576 0.022499999999999964 0.042708333333333334
7 0.801671875 0.6969722222222222 0.014218750000000035 0.02166666666666662
7 0.8013720703124999 0.7343424479166667 0.013593749999999983 0.02177083333333331
7 0.8369990808823529 0.6854779411764705 0.011015625000000107 0.02000000000000005
7 0.8355902777777778 0.7267766203703705 0.013749999999999929 0.021875
7 0.8954114583333335 0.7304166666666667 0.012578125000000107 0.023645833333333262
7 0.9402387152777779 0.7221354166666667 0.015546874999999894 0.02385416666666664
7 0.986611328125 0.7114453124999999 0.01640625 0.029166666666666667
7 0.8616059027777778 0.794988425925926 0.007109374999999929 0.015000000000000095
7 0.861127232142857 0.8246577380952381 0.005000000000000071 0.0140625
7 0.866748046875 0.8224609375 0.005859375 0.013020833333333334
1 0.7957466700819672 0.7165983606557377 0.022890624999999963 0.08208333333333329
1 0.8297291666666666 0.7067805555555556 0.02437499999999986 0.08406249999999993
1 0.858190789473684 0.7909046052631579 0.013125000000000142 0.024687500000000046
1 0.8564504076086956 0.8196286231884057 0.013046875000000036 0.03916666666666669
1 0.866748046875 0.8224609375 0.005859375 0.013020833333333334
3 0.8848215726619866 0.7264346892735143 0.029296875 0.07677083333333339
3 0.9289132396530404 0.7158072272633593 0.03283095723014249 0.08145409029192123
3 0.9744065045824846 0.7060972505091649 0.03651667515274948 0.08655804480651738
11 0.8068992847326337 0.9311974221222722 0.060434626436781526 0.12335967432950205
