7 0.07072992829021373 0.5620488845144358 0.05490280511811023 0.07566437007874019
7 0.2778144355292792 0.5527109140390392 0.05423880912162162 0.07267032657657661
7 0.4848608303123257 0.5451175869120655 0.054799335378323114 0.06454498977505109
7 0.7427032127808989 0.7924201193820224 0.07531601123595513 0.10088951310861419
9 0.6914223677424111 0.9178747298359369 0.024873130341880323 0.07300569800569802
6 0.7250019078144078 0.97820332638041 0.08062900641025647 0.04075854700854696
7 0.719828458727241 0.6840678979925304 0.07640165441176468 0.0880821078431372
7 0.7754447367747221 0.3393004984551305 0.08999558303886923 0.12993227326266196
7 0.7406399258421317 0.2720404935478466 0.07914624183006538 0.09344362745098038
1 0.7348367825504354 0.3087050598856877 0.18409304511278196 0.17680921052631576
1 0.7043978699252132 0.7381903638414051 0.15055338541666669 0.2273220486111112
14 0.48316209337935306 0.4330376647072699 0.056158819628647196 0.27178156520668106
14 0.46448784722222225 0.6324074074074074 0.007291666666666608 0.054629629629629646
14 0.5061458333333333 0.8102314814814816 0.0024305555555555356 0.02245370370370369
14 0.4618489583333334 0.8275462962962962 0.0078125 0.017824074074074048
14 0.2854867101020071 0.5126340883247321 0.06466384863123995 0.30352589908749333
14 0.3046700077741663 0.7520297872710761 0.02414207559681696 0.05885080588975953
14 0.31028114284790076 0.8473304975092192 0.023934847480106124 0.08109526967285584
14 0.0827648089071906 0.5129157825028126 0.078125 0.2987661318451343
14 0.10669118111729022 0.7618438237276711 0.03338481104651164 0.0572311046511628
14 0.0813513789949942 0.7291265562828905 0.012740060646900276 0.024006064690026935
14 0.11398415858725763 0.9141972530009232 0.051809210526315784 0.18755482456140354
