6 0.15169303783144897 0.023386310137244685 0.01230265015534624 0.02823652239939256
6 0.16939972043901436 0.09392041140332713 0.03772779043280181 0.06738800303720577
6 0.2748150170149123 0.0692891306860875 0.027294303797468354 0.1047507911392405
7 0.3659697347473897 0.02499668336688986 0.043655183312262966 0.04674989464812474
7 0.4506992187500001 0.017333333333333333 0.03695312499999996 0.029583333333333336
7 0.5355729166666667 0.01582561728395062 0.04281250000000005 0.028645833333333332
7 0.39421130952380945 0.7789434523809523 0.04320312499999997 0.0484375
7 0.23003348214285718 0.7884821428571429 0.04289062499999998 0.05531250000000002
7 0.06964213709677419 0.8022983870967743 0.043515625 0.057187499999999974
10 0.773640725617331 0.9738566045110366 0.05306945447976874 0.08927083333333338
10 0.8765835336538462 0.9664963942307694 0.06351562499999996 0.0984375
10 0.968285984848485 0.960306186868687 0.04078125000000003 0.10260416666666666
7 0.14481516290726815 0.624608395989975 0.03269893483709274 0.05900167084377609
7 0.154810546875 0.5274557291666667 0.03953125000000002 0.05718750000000004
7 0.33074942129629625 0.5075385802469137 0.03046875 0.0573958333333333
7 0.3275841876102293 0.597800925925926 0.028521825396825396 0.06536596119929451
7 0.6599305555555556 0.4611265432098765 0.016640624999999964 0.054583333333333366
7 0.62765625 0.4666458333333334 0.01687500000000002 0.054583333333333366
7 0.6641365131578948 0.564188596491228 0.01632812499999998 0.05458333333333331
7 0.6354605263157894 0.5624287280701755 0.018203124999999966 0.052291666666666715
7 0.8173660714285713 0.45481150793650793 0.023906250000000108 0.05864583333333335
7 0.853037109375 0.4464322916666667 0.014140625000000106 0.04499999999999999
7 0.8334521392010681 0.5481953871641755 0.02381043451652385 0.05393206854345163
7 0.8627792227662177 0.5455490106079152 0.01606487148102822 0.05648204814361482
1 0.14214748399359745 0.5333904395091371 0.06335346638655462 0.21095938375350134
1 0.3167648026315789 0.5093914473684208 0.05242187499999997 0.21791666666666665
1 0.6458460115131577 0.47099095394736845 0.053750000000000055 0.21479166666666666
1 0.8381308543890327 0.45464691082567815 0.06445716873706005 0.23561507936507933
