7 0.612709263392857 0.3612202380952382 0.016640625000000055 0.02020833333333331
7 0.4396651785714285 0.09469600340136056 0.03312499999999998 0.04604166666666666
7 0.34637812500000004 0.03364791666666667 0.03648437499999999 0.048854166666666664
7 0.39580208333333333 0.23518402777777783 0.03023437499999999 0.04364583333333331
7 0.29618534482758624 0.18835488505747128 0.030078125 0.04802083333333336
7 0.17623732535268585 0.12659573385784048 0.031165431701030942 0.045625
7 0.042962962962962974 0.35958333333333325 0.03554687499999999 0.058437500000000024
9 0.23321325231481485 0.7752218364197528 0.018203125000000007 0.06468750000000002
10 0.16931923324887138 0.7331639887322275 0.0751440113368669 0.11473633195916762
1 0.17592608848314606 0.5192837078651685 0.025390625 0.10708333333333335
1 0.2433773226351351 0.5328012387387387 0.025859375000000018 0.10375000000000002
1 0.34389304577464797 0.5463805751173709 0.022031249999999992 0.0875
1 0.3949584960937499 0.561328125 0.021015624999999982 0.08385416666666666
11 0.5080303744396936 0.59702594042003 0.3616613507588321 0.5614505597014925
