6 0.014464292450825941 0.12883018120435438 0.03448234247967479 0.06943347585513078
9 0.030117187499999993 0.11093460648148148 0.019375000000000003 0.054375
6 0.4418718749999999 0.019620833333333334 0.030625000000000034 0.034479166666666665
9 0.46818638392857126 0.01345238095238095 0.017734374999999948 0.025520833333333333
6 0.5316536458333334 0.009600694444444445 0.017031250000000053 0.011458333333333333
7 0.19901145526860628 0.1660060477280157 0.03128575514874141 0.037662090007627776
7 0.6332552473763119 0.04848200899550224 0.03642241379310347 0.04022988505747127
7 0.018145611553636566 0.35944595399389556 0.025857496463932105 0.02696251768033946
7 0.1585290948275862 0.43548132183908056 0.022521551724137924 0.024856321839080486
7 0.19013691683569983 0.4281862745098039 0.021228448275862077 0.02370689655172414
7 0.23480468749999997 0.4638489583333333 0.022578124999999984 0.025208333333333322
7 0.4352418050553554 0.38541805611133345 0.023196778711484622 0.027281746031746046
7 0.48192489662849863 0.37476807675996604 0.023357983460559773 0.03193914334181513
7 0.5158189655172413 0.41564655172413795 0.02198275862068968 0.02844827586206898
7 0.5467708333333332 0.45658730158730165 0.021328124999999965 0.025624999999999964
7 0.8604600694444443 0.49318415637860086 0.06734006734006748 0.07856341189674522
7 0.10371093749999998 0.7330303030303031 0.014765625000000004 0.01885416666666669
7 0.14873296718576196 0.727411243974787 0.01425194660734148 0.019697812384130486
7 0.2851709167709637 0.7163323367171928 0.015052452718676123 0.022039992119779347
6 0.4375471629953118 0.6977648085115493 0.036812223042836045 0.019387001477104822
7 0.4618590756588544 0.8519218613245162 0.012148388116308428 0.015407711757269264
7 0.5163982896652111 0.8508752286044864 0.01194050218340612 0.015920669577874826
7 0.5716074745981194 0.847787761601456 0.012854962845010665 0.015812986553432395
9 0.4431274878850814 0.8940341236875504 0.011925623052959545 0.042834890965732106
7 0.9222500461595274 0.6609813515509603 0.01857920974889211 0.0247722796651896
7 0.9929790076727393 0.6556630901581049 0.011404865214180226 0.027629554406696264
1 0.7868103671757164 0.7293090513448969 0.020032051282051277 0.09915865384615377
12 0.2432616676478283 0.5341403388278388 0.11468349358974361 0.18830128205128205
12 0.666424255672137 0.4080278140760384 0.09027777777777776 0.24599237843285468
12 0.027809395695364236 0.5524998938699269 0.056912251655629145 0.15728476821192056
4 0.30621751559251564 0.9407224532224532 0.02939838877338876 0.0996188496188496
4 0.2738929878875531 0.9379896200548372 0.02533783783783785 0.09507103257103253
10 0.5426489020239018 0.8741759783426445 0.15440867003367006 0.18308080808080807
10 0.15058273823932863 0.8984994889588209 0.05838099128540306 0.1309458968772695
10 0.21224809368191724 0.8899555192447349 0.009191176470588225 0.02337509077705159
10 0.20952478213507625 0.9384645061728395 0.010723039215686292 0.04833877995642707
10 0.26169321895424835 0.8935109537642218 0.007999727668845314 0.023148148148148213
3 0.5996412278180904 0.5824098354766867 0.029057628062360764 0.15775798069784705
10 0.9496593128225113 0.8457213078168052 0.11190952034883725 0.18808330783353722
7 0.9794931911613565 0.44405546990978645 0.03334832134292576 0.04596322941646681
2 0.9768390486725662 0.42174331015592076 0.035121681415929196 0.08019911504424779
2 0.9771709070796459 0.4950589970501475 0.02295353982300874 0.04111356932153391
