7 0.06911090916629808 0.704155839967566 0.014607405462184864 0.015209208683473464
7 0.07193942029936976 0.6861377363445378 0.014032956932773111 0.01860119047619051
7 0.1397248866651924 0.729091801194162 0.01263786764705881 0.015646883753501466
7 0.14200732376283848 0.7107356831621539 0.012227547268907579 0.01641281512605038
7 0.42952014415648254 0.8356781441681885 0.01274099241466491 0.035424568057311374
7 0.44718202546505326 0.830041087231353 0.011555783817951948 0.0347661188369153
7 0.4830860856510745 0.8476150969237253 0.01086441213653604 0.0192267172355668
7 0.5015435931009572 0.8493468183733669 0.011852085967130232 0.032264011799410026
7 0.5706496858800991 0.6117942866801893 0.03523284313725492 0.052764161220043584
7 0.5651850149782136 0.7032441448801741 0.034211601307189546 0.05293436819172115
7 0.3768733032504219 0.6049523687235552 0.027686825885978417 0.040446841294298964
7 0.3849500605326876 0.5397650842566097 0.022390215716486896 0.03836029789419619
7 0.4382014725451743 0.5623891067843303 0.026603428351309688 0.041570364663585005
7 0.4437516050333847 0.4905851416709467 0.027927580893682614 0.04012583461736004
7 0.5106208123953099 0.5125139586823004 0.029051507537688436 0.0453657174762703
7 0.5159863822316713 0.4388327857234893 0.028004606365159113 0.043969849246231145
7 0.5672457248596222 0.3451484600986899 0.03122607197549776 0.05966054109239411
7 0.6658001639833036 0.32366825680779165 0.03621608527131777 0.05022609819121448
7 0.668531976744186 0.40201550387596896 0.027495155038759655 0.05248708010335914
7 0.7784246167106809 0.32848567097026604 0.0353488116197183 0.056668133802816927
7 0.7757909255099564 0.2367590962441315 0.039612676056338 0.05611795774647887
7 0.8258494462414016 0.12355930641991479 0.04277618838028161 0.08601085680751173
7 0.9085387323943662 0.13502787558685445 0.040162852112676006 0.061986502347417836
7 0.9171540662242688 0.23292197092813288 0.03617407570422522 0.06327024647887323
7 0.949733982441949 0.029312983758406286 0.04896566901408441 0.06106954225352113
6 0.03867594669481462 0.767952566301623 0.018894725557461405 0.02304888507718701
6 0.10892253556654223 0.790125870245182 0.016884648370497433 0.023406232132647274
6 0.20617010740831496 0.8190734841678239 0.021172813036020588 0.01929674099485427
6 0.26946800595238096 0.8392113095238095 0.018203125000000007 0.017916666666666713
6 0.41039062500000006 0.8846041666666667 0.02179687500000007 0.018229166666666668
6 0.4638955965909092 0.9017140151515152 0.02109375 0.018020833333333285
6 0.5149320652173913 0.9161231884057971 0.02265625 0.015312500000000047
4 0.8321575894795611 0.6934936056489465 0.3024553571428572 0.3586309523809524
1 0.36784032338989237 0.5608104512558536 0.0520833333333333 0.15101410934744272
1 0.428676021123938 0.5204492010047566 0.04918981481481488 0.15762786596119932
1 0.5003361992945324 0.46865814226925334 0.051876653439153396 0.1656194885361552
1 0.5550742933125663 0.6563853172499116 0.05944293478260869 0.19248188405797098
1 0.6469064462603484 0.35025038062612995 0.07190265486725664 0.20372418879056048
1 0.7557150003253512 0.2635549518479958 0.07190265486725664 0.224004424778761
1 0.8864885960060548 0.16645682929669298 0.08503871681415945 0.23921460176991147
