7 0.07663177339901478 0.16017651888341547 0.033728448275862064 0.04367816091954024
7 0.05527549342105263 0.19231085526315786 0.025859374999999997 0.04114583333333333
7 0.03366179435483871 0.22617271505376343 0.025078125 0.03864583333333333
7 0.18828124999999996 0.20483035714285716 0.030781249999999982 0.04072916666666669
7 0.1665577651515152 0.23426452020202015 0.026484375000000004 0.03656249999999999
7 0.2978846153846154 0.23534455128205126 0.019374999999999965 0.023854166666666673
7 0.291220703125 0.2506966145833333 0.02367187500000001 0.034895833333333334
7 0.279640625 0.25679166666666664 0.0049218749999999645 0.011354166666666672
6 0.31760074013157896 0.22565789473684209 0.030703125000000008 0.03239583333333336
6 0.3351674107142858 0.24129464285714286 0.004921875000000009 0.012291666666666678
6 0.337958984375 0.22035156250000001 0.006328125000000018 0.011250000000000012
6 0.3539807412790698 0.1813808139534884 0.029921875000000007 0.038749999999999986
6 0.0331056355570317 0.4238282485607642 0.02258937891440501 0.028705636743215024
7 0.5051989300127442 0.02283716251298027 0.03687207943925239 0.04575545171339564
7 0.9352596507352938 0.20333946078431372 0.03791360294117645 0.06778492647058826
7 0.9398859254664904 0.3057612562943931 0.04266400709219855 0.06620049067346319
7 0.7918657112526538 0.2862306679572041 0.03723792462845008 0.062477883934890274
7 0.795421875 0.3866875 0.040703125000000104 0.057500000000000044
7 0.9384456907763103 0.4784882703081232 0.041579131652660986 0.05514705882352941
7 0.811283482142857 0.5327678571428571 0.036484375000000034 0.051041666666666666
7 0.6746932805926751 0.36246958261156476 0.03810551224944323 0.05393930957683738
7 0.6764821788659483 0.45061034029575225 0.036626531180400865 0.05359131403118044
7 0.5604076086956522 0.4139311594202898 0.0234375 0.027708333333333356
7 0.49121323529411764 0.3850735294117647 0.013515624999999965 0.02979166666666663
7 0.4780245535714286 0.38255952380952374 0.012812499999999982 0.023958333333333335
7 0.5090112216761705 0.4604185424169668 0.03200498949579833 0.04967612044817926
7 0.5090820312500001 0.5435044642857143 0.030937500000000017 0.044375000000000026
7 0.4356297348484849 0.5055239898989898 0.029453124999999948 0.04104166666666664
7 0.4324414062499999 0.5813541666666666 0.03289062500000002 0.041562499999999974
7 0.3730765166705984 0.5428715826583838 0.026953954352441613 0.040472399150743084
7 0.3695128645021481 0.6146439252810197 0.02980292171995589 0.039622381477398015
7 0.31036523641588293 0.5097962382445141 0.020563936781609192 0.02562260536398468
7 0.32551711309523806 0.74046626984127 0.01640625 0.03416666666666674
7 0.28448369565217396 0.7567481884057972 0.020625000000000025 0.030520833333333403
7 0.2793028846153846 0.606229967948718 0.023281249999999965 0.030104166666666644
7 0.2755998281029619 0.6687040314997649 0.025394922425952073 0.034583333333333265
7 0.23497036637931035 0.6333548850574713 0.02445312500000001 0.033645833333333285
7 0.23172475961538463 0.6932652243589743 0.02710937499999999 0.03302083333333326
7 0.19557942708333337 0.6563628472222223 0.023984374999999992 0.03083333333333336
7 0.19006835937500002 0.7148133680555554 0.025937500000000013 0.030208333333333334
7 0.133896875 0.6957458333333335 0.019374999999999986 0.029479166666666737
7 0.127734375 0.7485503472222224 0.023359375000000005 0.03208333333333328
7 0.10275625000000002 0.7134583333333333 0.01976562500000001 0.029895833333333382
7 0.09959292763157897 0.7632949561403507 0.022812499999999993 0.026041666666666668
1 0.026116409067990527 0.7805934789072901 0.029676773455377576 0.0941552250190694
1 0.06572858591637191 0.7528331166354619 0.03307351258581235 0.10798054919908466
1 0.09171209507642132 0.7395090415693147 0.03828125 0.11670073987538944
1 0.12310872395833339 0.7132562934027779 0.036562499999999984 0.10843750000000002
1 0.18241919763929978 0.6798723213551942 0.04046875000000001 0.12448317307692314
1 0.2237975705640302 0.6551546031046717 0.04219947907743706 0.12966319608032084
1 0.26705907806148377 0.6386917238313009 0.04334984756097562 0.13249491869918703
1 0.3590278596698112 0.5753822720125786 0.04828125000000001 0.151875
1 0.42200549248228203 0.5353376831501832 0.04753534012629164 0.1614583333333333
1 0.4946258252512267 0.49888850750434943 0.05151429948586124 0.17566409597257931
1 0.6615866161237676 0.39763154753974583 0.06084195143884896 0.19671762589928055
1 0.7776168706707709 0.32866882593623153 0.06696428571428567 0.21394632414369258
1 0.9182982240583126 0.23793607124343624 0.07800535987748862 0.23273991832567636
10 0.024486664810542628 0.9656962268524067 0.05448742087874252 0.07012084199584206
10 0.12639194219773586 0.9448392478534551 0.09419939159292033 0.10132743362831866
10 0.2705829789991314 0.9101894141051866 0.11913575436408977 0.13131234413965095
10 0.2698549107142857 0.9949851190476191 0.09093749999999998 0.004375000000000047
10 0.4951852656747314 0.8540672512963149 0.16822595164609058 0.16557355967078186
10 0.5153906249999999 0.9761375000000001 0.13578124999999996 0.034895833333333334
10 0.922459165154265 0.9173453569268 0.18918585526315787 0.05537280701754384
10 0.878152244742626 0.755206320529129 0.25905072932053186 0.22828558656611986
