11 0.12361214058248711 0.8017894956903018 0.20070656297420336 0.28562847749114817
10 0.2816817010309278 0.9019684278350512 0.053593749999999975 0.10072916666666659
10 0.5522910391566267 0.9205302459839358 0.0875 0.10656250000000007
10 0.8102785885989018 0.9291334706959706 0.08843750000000003 0.10375000000000002
9 0.7390011160714287 0.9545479910714284 0.016718749999999984 0.05499999999999995
7 0.7303828124999999 0.9152638888888888 0.010781249999999964 0.017916666666666595
9 0.078876953125 0.33098090277777786 0.010312500000000002 0.017708333333333333
9 0.117109375 0.33172348484848485 0.0140625 0.016562499999999977
9 0.1751145833333333 0.33393750000000005 0.013203125000000005 0.017291666666666632
9 0.30413125 0.33671666666666666 0.009609375000000009 0.017812500000000023
9 0.35337053571428584 0.33786086309523805 0.010234375000000018 0.017604166666666702
9 0.39459374999999997 0.33854166666666674 0.014140624999999973 0.019479166666666655
6 0.07069475446428569 0.3777473958333333 0.016640625 0.03302083333333332
6 0.1286301185344828 0.38116199712643656 0.016796875 0.035416666666666666
6 0.18507959905660373 0.3802279874213836 0.014375000000000004 0.03218749999999997
6 0.28545918367346934 0.3843027210884355 0.0125 0.03177083333333333
6 0.3423388671875002 0.3853645833333334 0.0109375 0.03218749999999997
6 0.3995213068181819 0.38689393939393946 0.011875000000000035 0.03739583333333337
6 0.5066857638888889 0.3860115740740741 0.012343750000000053 0.028854166666666656
6 0.6265195312499999 0.38951822916666656 0.013593749999999983 0.02833333333333332
7 0.565783155487805 0.37827489837398376 0.013203124999999982 0.021249999999999977
7 0.08195172991071428 0.43249813988095226 0.023515625000000005 0.03302083333333332
7 0.17559311224489793 0.4354124149659864 0.024375000000000015 0.034375
7 0.2699002719186486 0.439282315653706 0.02468502265005661 0.03480086825217062
7 0.4154596656976744 0.47774709302325574 0.018593750000000055 0.02364583333333338
7 0.7027213541666664 0.4881026785714286 0.019374999999999965 0.025520833333333333
7 0.9803597005208331 0.4999869791666668 0.019296875000000036 0.024687500000000046
7 0.07162405303030303 0.697253787878788 0.016328124999999992 0.02010416666666662
7 0.1326765046296296 0.7005439814814817 0.016015625 0.021458333333333357
7 0.24759374999999997 0.70446875 0.008906249999999982 0.021354166666666667
7 0.24694140624999994 0.7467604166666667 0.008046875000000009 0.019895833333333356
7 0.3134197443181818 0.7085037878787879 0.008359374999999992 0.019999999999999928
7 0.30203993055555556 0.7087037037037036 0.003359375000000009 0.015416666666666738
7 0.31076041666666676 0.7512569444444445 0.007734375000000027 0.02312500000000005
7 0.2996205357142857 0.7496279761904762 0.0029687499999999645 0.01729166666666669
7 0.23464843749999997 0.74634765625 0.003828125000000027 0.014479166666666762
7 0.3790900735294117 0.7110723039215686 0.006484374999999964 0.0203125
7 0.3684375 0.7110069444444445 0.004843749999999991 0.01739583333333338
7 0.365328125 0.753 0.003671874999999991 0.016562499999999977
7 0.3746435546875 0.7519531250000001 0.004531250000000009 0.016145833333333335
7 0.49525390625000004 0.7173090277777778 0.0068749999999999645 0.019895833333333356
7 0.48568359375 0.7179622395833333 0.005156250000000018 0.018541666666666737
7 0.49556818181818185 0.7586742424242423 0.007499999999999929 0.021041666666666594
7 0.5621223958333335 0.720703125 0.006171874999999982 0.020624999999999952
7 0.55234375 0.7208072916666667 0.005546875000000018 0.020416666666666573
7 0.5605245535714286 0.7626488095238095 0.004921875000000053 0.018333333333333358
7 0.5510546875000001 0.7635156249999999 0.004921875000000053 0.018333333333333358
7 0.6292187499999999 0.7241746794871795 0.005078125 0.02010416666666662
7 0.61946875 0.723034722222222 0.005624999999999947 0.019166666666666644
7 0.6293323863636365 0.7662215909090909 0.004999999999999982 0.019583333333333286
7 0.6184004934210526 0.7645888157894737 0.006484374999999964 0.019583333333333404
7 0.7493394886363636 0.7307765151515151 0.005859375 0.02062500000000007
7 0.7396571180555555 0.7303009259259258 0.006093750000000053 0.021249999999999977
7 0.7515576171875 0.7735937500000001 0.004765624999999929 0.019270833333333334
7 0.7396874999999999 0.7742897727272727 0.006562499999999982 0.021875
7 0.8080915178571428 0.7328869047619047 0.007187500000000036 0.022499999999999905
7 0.8187864583333335 0.7341041666666668 0.0048437500000000355 0.018124999999999978
7 0.8093359374999999 0.7739004629629631 0.006328124999999929 0.02020833333333343
7 0.8201302083333333 0.7769184027777778 0.004765625000000107 0.01843749999999993
7 0.8780427631578945 0.7368421052631579 0.0067968750000000355 0.022291666666666644
7 0.8886598557692308 0.7372916666666666 0.004375000000000106 0.017604166666666643
7 0.8799932065217393 0.7806159420289855 0.009921874999999858 0.021979166666666692
7 0.8905747767857143 0.779516369047619 0.004218750000000071 0.018437500000000048
1 0.24149568256578946 0.7196943530701753 0.020156250000000007 0.08958333333333333
1 0.30689789870689643 0.7203663793103451 0.02023437499999998 0.09145833333333328
1 0.37258580942622943 0.722291666666667 0.018906249999999993 0.08999999999999998
1 0.4906559806034482 0.723387212643678 0.018046875000000018 0.08989583333333341
1 0.5574095996252482 0.7353960666124856 0.017778128950695304 0.09086599241466496
1 0.6240917968749999 0.7411393229166667 0.018125000000000037 0.09333333333333335
1 0.7444993473801977 0.7457191248679224 0.018063583815028927 0.09597784200385355
1 0.8138801799345691 0.7438570725014951 0.018487595419847302 0.09541984732824424
1 0.8831887760666607 0.7503314380168494 0.01849455944798315 0.09421443736730357
