6 0.05837713068181819 0.20740530303030302 0.01460937499999999 0.02010416666666668
9 0.06431332236842105 0.17498355263157894 0.008984375 0.016874999999999987
9 0.0943912760416667 0.1709157986111111 0.012968750000000006 0.01729166666666666
6 0.23411162031184155 0.19372203158549556 0.012543457648546141 0.023967551622418853
9 0.2396810033010254 0.15587687877510883 0.008790297092288225 0.018831647703329117
9 0.2696117163679631 0.15426303264668698 0.00967920353982299 0.016592920353982313
9 0.6058651191030674 0.12152200190742345 0.009975505689001274 0.02028023598820058
9 0.6386002686472819 0.11829698693636748 0.009382901390644705 0.020016856300042137
6 0.6465065976611883 0.15313553518752637 0.013136061946902622 0.018304888327012225
9 0.6889628546846467 0.11348738118649625 0.008592762326169456 0.019621786767804468
6 0.6980306823474616 0.14833821278860868 0.011160714285714324 0.017383059418457622
6 0.7852313701923076 0.13984249799679485 0.011174128605769251 0.01715244391025642
8 0.005669070512820512 0.43970352564102555 0.013020833333333334 0.14322916666666666
8 0.03575127180232559 0.4386991279069766 0.031340843023255814 0.1262718023255814
3 0.046622645311520446 0.40202605208426617 0.016160495716034267 0.06961444308445533
2 0.07090701219512194 0.38544715447154476 0.029843750000000002 0.031354166666666634
2 0.07463020833333331 0.32408680555555563 0.019140625 0.02958333333333331
3 0.115096356096604 0.4128476611883691 0.018271965865992425 0.09508006742520016
3 0.18455615942028986 0.4046323934319541 0.01993604274611398 0.0964756044905009
2 0.21163849154746422 0.37586241150122823 0.02692213914174253 0.030071521456436892
2 0.21442486850532774 0.30153806714153547 0.0298683355006502 0.07544971824880799
4 0.1045847330268741 0.506880598774163 0.020332390381895337 0.024752475247524743
4 0.10658310674047702 0.5729344486172754 0.0282885431400283 0.049946958981612374
4 0.19215920657880634 0.5471869531054679 0.03159153005464481 0.10207953855494842
8 0.3503521126760564 0.3327596666139156 0.0235252808988764 0.24016853932584267
8 0.393655190362879 0.33821220834159565 0.022865853658536616 0.24203929539295393
8 0.4372651003510377 0.32568511735178396 0.022321428571428558 0.2468711843711844
7 0.46443080357142846 0.44360863095238096 0.012421875000000072 0.013541666666666667
7 0.46509765625000005 0.47541666666666654 0.012812499999999982 0.017708333333333333
1 0.4637832446808511 0.4532446808510638 0.013984374999999983 0.06312499999999996
7 0.5170551604957889 0.47308682928121193 0.013730533926585142 0.015178902484241755
1 0.5174237033523088 0.44863755661701094 0.015555478309232474 0.0800658138672599
8 0.5333949544184189 0.3249836416467039 0.02474547511312215 0.25028280542986425
8 0.5793947268377717 0.3201882896916647 0.022977941176470562 0.2507541478129714
8 0.6248243247609201 0.3160969673472903 0.025795990566037742 0.248624213836478
3 0.6642839845964846 0.36048832923832924 0.02014033264033266 0.10741510741510739
2 0.6936918871136719 0.33267126476922176 0.028081074297188736 0.030747991967871494
2 0.6884830990629183 0.26113382099827875 0.027610441767068304 0.06086847389558233
10 0.47935899893817824 0.5934479830305172 0.05775498466257671 0.06470475460122695
4 0.6779479847494555 0.4703068264342774 0.027062908496731986 0.04198438634713148
4 0.6815809236152374 0.5307087762153121 0.026892701525054453 0.049700435729847454
7 0.715528504577128 0.4255618937013253 0.013599023090586115 0.015541740674955602
8 0.7261177463094362 0.30532532012070795 0.02604166666666661 0.2541552823315118
8 0.7727241331675644 0.3028373509232397 0.027477034120734968 0.24852362204724407
8 0.8196749149032154 0.3005685080380578 0.027271981627296604 0.2501640419947506
6 0.9769782193304952 0.12551196465428277 0.014073988970588225 0.019722732843137244
7 0.9479836856617645 0.2313362505328218 0.020249310661764674 0.02470128676470589
7 0.9936691353223981 0.22180253110859727 0.009013097426470652 0.018811274509803896
11 0.9529496752564329 0.5554625931842386 0.08368360623003195 0.2752263045793397
