7 0.6960893946252441 0.02389375962897667 0.028041912850812433 0.03477351058591826
7 0.3350108036956089 0.2551203722100801 0.02575191237830321 0.03911682892906813
7 0.06077028306850467 0.3584394401767862 0.030886627906976744 0.04211389385807992
9 0.2603128635957411 0.28979958512499254 0.052593954248366034 0.19791187986463063
9 0.4286503024632096 0.3294723030353683 0.0534209470304976 0.182601458623983
9 0.5686156264744041 0.38517021998112777 0.04765046296296296 0.18356867283950618
9 0.9035385032537964 0.4833129971077366 0.03914723427331897 0.15726681127982645
9 0.9814269075246133 0.4932005115689032 0.03261335784313726 0.13905909586056636
12 0.18998492459622726 0.1875543959772009 0.10145262336206666 0.21271016354584346
12 0.38848303686784774 0.29367215377753164 0.06273437500000005 0.09927083333333335
12 0.4580625468919334 0.2580054950398757 0.04316880053908356 0.1663578167115903
10 0.3292279099126794 0.6250112192466047 0.14047561597872602 0.172893592812796
3 0.07041627134724858 0.2889016269590273 0.04225388071895424 0.1548883442265795
12 0.7775542888224116 0.38602180075123904 0.11659581801470598 0.16056497175141243
12 0.9335794348373799 0.42229968315773403 0.050185381355932354 0.13241525423728812
12 0.852262049324891 0.4243405518451055 0.0659997795414462 0.0593400940623163
