11 0.42842474227303146 0.8585125957100475 0.39655385514281216 0.28704179681940417
11 0.6995923523771348 0.8294480189052021 0.06004159556313997 0.2361630577427822
11 0.8234709968667545 0.9130984773526826 0.03277539577836404 0.1323686235708004
4 0.9191987253797915 0.5605426526841967 0.10311092342342328 0.26383920685391277
4 0.9631932172557172 0.49540020790020783 0.06594172297297299 0.2990803303303303
7 0.8735340617995517 0.1883872344967446 0.032420749279538974 0.06874399615754084
7 0.7858823633967844 0.03322764990646645 0.040167056916426525 0.056135926993275694
7 0.7491810383645532 0.2879780559558117 0.02971902017291068 0.055535542747358294
7 0.6593930115273773 0.15479106628242073 0.036923631123919255 0.04893131604226704
7 0.5902494988096729 0.22898133066031828 0.02296469740634004 0.04622958693563882
7 0.6057543494503149 0.2690277333048707 0.033996757925072084 0.05343419788664742
7 0.6064391210374639 0.359257925072046 0.036023054755043214 0.051332853025936605
7 0.6388125 0.5540833333333333 0.015234375 0.017812500000000023
7 0.5361704456987153 0.42199191211452797 0.033208446866485095 0.047116257947320626
7 0.5358409968210716 0.3409069406600061 0.03065395095367851 0.045413260672116235
7 0.5295611943687556 0.29389317791906344 0.030015326975476864 0.03774977293369665
7 0.4768477520435968 0.4719346049046323 0.030866825613078942 0.04654859218891918
7 0.47680517711171666 0.39503860127157125 0.029589577656675737 0.0437102633969119
7 0.4394894104533069 0.38419360498720173 0.02341621253405988 0.03519527702089012
7 0.40235084582198005 0.4292026188313654 0.023629087193460484 0.03207311534968215
7 0.3669046808096536 0.4641478526015311 0.02341621253405992 0.02895095367847412
7 0.4235197368421052 0.7172801751376725 0.020502787307032654 0.044311034877072566
7 0.42077615780445965 0.6397852344196685 0.007772298456260707 0.02912378502001142
7 0.4346144225271583 0.6379478749761769 0.015276586620926302 0.036985420240137165
3 0.8348493305777998 0.15768586088517866 0.09598864206827304 0.2694109772423025
3 0.7137056525211045 0.2584702258726898 0.08406057494866533 0.25282340862423
2 0.7220494968820863 0.12132700302343162 0.11100924744897958 0.09911777210884352
2 0.7660454554805793 0.030481950844854073 0.07892219387755102 0.05660076530612245
1 0.591077302631579 0.3136984086819613 0.06109775641025639 0.19598023504273504
1 0.523211829032379 0.37779882866301046 0.05633850762527226 0.18314270152505444
1 0.4640345268542199 0.43354922484291625 0.05463643790849666 0.17066085693536676
1 0.4113204459327876 0.6807799766660525 0.03833160083160085 0.1613392238392238
1 0.43440201334938183 0.6370705219389429 0.013968295218295169 0.03854816354816357
13 0.6246368188616707 0.7044577168728271 0.026433270676691746 0.05195279866332499
13 0.5680216165413532 0.6937645763714843 0.022125626566416125 0.05612990810359229
13 0.5192342836257309 0.6928655965310102 0.022321428571428558 0.05560776942355889
