11 0.7252116682807027 0.45923069154730817 0.1813173558897243 0.2205533866718077
12 0.8849164244186045 0.42095445736434106 0.011406249999999929 0.03125
4 0.9376371398959215 0.3649892414886376 0.029610546038543895 0.10137847965738758
10 0.5773242187500001 0.4399901221264367 0.05281249999999993 0.065625
12 0.42728236607142855 0.22332403273809523 0.026796875000000053 0.053854166666666654
9 0.7106398809523811 0.010084325396825399 0.00703125 0.016979166666666667
9 0.7395735677083333 0.006866319444444444 0.007500000000000018 0.015520833333333333
6 0.5353289473684211 0.06358552631578948 0.009843750000000017 0.017708333333333333
7 0.5751141826923076 0.055662393162393166 0.011015625000000018 0.017291666666666667
6 0.6213488051470587 0.053014705882352936 0.010859374999999982 0.018958333333333337
6 0.7026747532894737 0.04691611842105265 0.00859375 0.025
6 0.7485000000000002 0.040692708333333334 0.011171875000000053 0.024895833333333336
6 0.7938199013157895 0.036477521929824556 0.010390624999999964 0.021875000000000002
6 0.8754024621212123 0.027885101010101013 0.010078125000000071 0.02322916666666667
6 0.9230664062500002 0.02322916666666667 0.010312500000000035 0.024895833333333332
7 0.09784555288461537 0.27143429487179477 0.033203125 0.039791666666666656
7 0.13596199395984 0.2851799758932299 0.033374598501070676 0.04293807994289797
7 0.25309742647058825 0.14610906862745096 0.024140625000000027 0.03312500000000001
7 0.30429843749999996 0.1417125 0.02367187500000001 0.032083333333333346
7 0.35750269396551737 0.1321551724137931 0.024765624999999993 0.03333333333333335
7 0.503277027027027 0.1806672297297297 0.013671875 0.01729166666666669
7 0.5626497395833334 0.1740422453703704 0.01570312500000002 0.019166666666666644
7 0.6450686553030304 0.1487152777777778 0.011953124999999964 0.016354166666666656
7 0.2928069196428572 0.23981398809523802 0.031874999999999966 0.0484375
7 0.3299327761627908 0.2591375968992248 0.026874999999999982 0.04364583333333334
7 0.36195312500000004 0.2754737103174603 0.024843750000000008 0.03864583333333333
7 0.4076227678571428 0.30484375 0.025156249999999946 0.03583333333333331
7 0.46202008928571425 0.3364012896825396 0.0203125 0.033854166666666664
7 0.520630787037037 0.3620601851851852 0.015937499999999983 0.022395833333333334
7 0.5340997023809523 0.3127827380952381 0.005390625000000071 0.01593749999999995
7 0.5787535511363636 0.30598011363636357 0.005000000000000071 0.012812500000000011
7 0.57234375 0.3058884803921569 0.004609374999999982 0.012604166666666632
7 0.5797738486842106 0.33545504385964914 0.004296875 0.013229166666666655
7 0.5717247596153846 0.3356169871794872 0.002734375 0.011145833333333322
7 0.6171788194444443 0.32978009259259256 0.007265625000000053 0.01885416666666669
7 0.6070312499999999 0.33006250000000004 0.0032031250000000176 0.015625
7 0.6185649671052632 0.36808662280701754 0.005234375000000036 0.019166666666666644
7 0.6080013020833334 0.36920138888888887 0.0029687500000000534 0.0140625
7 0.6715021306818182 0.2169223484848485 0.005390625000000071 0.019687499999999976
7 0.6610703124999999 0.21850520833333337 0.004374999999999929 0.02020833333333334
7 0.6712708333333334 0.2569583333333333 0.0064843750000000535 0.020729166666666642
7 0.6610036057692308 0.25620192307692313 0.0046875 0.017708333333333333
7 0.7067487980769231 0.2983092948717949 0.003984375000000017 0.01593749999999995
7 0.6983233173076921 0.29837339743589747 0.004296875 0.0125
7 0.7076025390624998 0.32784505208333337 0.003828124999999982 0.012187499999999988
7 0.6988645833333333 0.3276111111111112 0.00390625 0.01229166666666662
7 0.7351480263157896 0.21268092105263156 0.005703125000000054 0.019479166666666655
7 0.724248046875 0.2134375 0.004296875 0.015208333333333327
7 0.7348437499999999 0.2536951754385965 0.005859375 0.01895833333333332
7 0.7246763392857143 0.2529836309523809 0.004218749999999982 0.01739583333333335
7 0.7549720982142857 0.2946428571428571 0.0030468749999999823 0.013645833333333357
7 0.7461216517857144 0.2946205357142857 0.0036718750000000354 0.013020833333333334
7 0.7998958333333335 0.2062210648148148 0.00546875 0.019374999999999993
7 0.7887239583333334 0.20721527777777776 0.004609374999999982 0.019270833333333334
7 0.8000520833333333 0.24738425925925928 0.005937500000000017 0.019479166666666655
7 0.7886393229166667 0.2475347222222222 0.0046875 0.01895833333333335
7 0.8026442307692309 0.2910096153846154 0.004374999999999929 0.0160416666666667
7 0.8044771634615385 0.32082532051282053 0.0049218749999999645 0.01260416666666669
7 0.9350828598484847 0.28417613636363637 0.011093750000000036 0.014791666666666654
7 0.8899671052631583 0.3156578947368421 0.004531249999999964 0.015208333333333357
7 0.8818667763157896 0.31427083333333333 0.00390625 0.016145833333333335
1 0.3093651851952127 0.22975574297696183 0.05274893503727367 0.09052183173588926
1 0.343659137228261 0.2516519474637682 0.04484374999999998 0.07739583333333332
1 0.3753593648889129 0.27020335643155013 0.043384989754098366 0.08079320355191255
1 0.42059179687500003 0.29458203125 0.039921875000000016 0.06708333333333331
1 0.4718519467213114 0.32984631147540977 0.03375000000000004 0.05812500000000001
1 0.5312374441964286 0.31458705357142863 0.011015625000000018 0.05687500000000002
1 0.5754704122340426 0.31841755319148946 0.0125 0.05927083333333337
1 0.6119295634920636 0.3477335164835165 0.016397664835164784 0.07864010989010986
1 0.7028185096153846 0.3063201121794871 0.013671875 0.0625
1 0.7507031249999997 0.2986923758865248 0.01328125 0.06385416666666668
1 0.7994026692708334 0.29898871527777776 0.013515625000000054 0.06374999999999999
1 0.8857393973214285 0.2978571428571428 0.013046874999999857 0.0655208333333333
1 0.6665253586065573 0.23393613387978132 0.01789062500000007 0.08708333333333336
1 0.7290825892857142 0.23018005952380954 0.016562499999999945 0.08822916666666668
1 0.7934691722972971 0.2251759572072072 0.01765625000000002 0.08635416666666668
3 0.8980822172619047 0.2450421626984127 0.009999999999999964 0.07812499999999997
2 0.9242382812499998 0.21405381944444446 0.02234374999999993 0.02802083333333331
2 0.9248949353448278 0.1687966954022988 0.016875000000000105 0.035312500000000004
