7 0.9296188780942239 0.3080430418773844 0.03800197963800898 0.07070135746606336
7 0.890921061934389 0.2818450697586728 0.03976951357466056 0.07447209653092009
7 0.8492254273504274 0.25013092843975193 0.04507211538461533 0.07824283559577679
7 0.9143002028397564 0.64355138607167 0.024515086206896443 0.035560344827586236
7 0.728320666969147 0.6907516636418634 0.02842133620689653 0.044001436781609254
7 0.570776752553389 0.3903429020942949 0.033948467966573845 0.049181754874651776
7 0.50709210810681 0.41913801107802656 0.03873607242339831 0.04758588672237695
7 0.4490083855617457 0.4444396084803468 0.03133704735376046 0.04628017641597027
7 0.44588193477251614 0.49871570610602656 0.028181580779944326 0.050632544103992615
7 0.4014864890071627 0.4985585372728479 0.028725626740947075 0.033803389043639775
7 0.35197393475800837 0.4625206737465181 0.029269672701949866 0.042072887650882095
7 0.11579856325799338 0.6896232428335171 0.013437155457552374 0.022510106578463744
7 0.0838353984312834 0.6016610776401046 0.021429535637149034 0.03554715622750185
7 0.11766558675305976 0.5877404807615392 0.022273218142548613 0.03554715622750185
7 0.15186285097192226 0.5736253599712023 0.023454373650107985 0.03667206623470124
7 0.18909843496516837 0.6187871775296625 0.010568011022044077 0.015865063460253855
7 0.21058200960745022 0.6081096015560534 0.01377755511022043 0.0172219438877755
7 0.2260827458488405 0.6632685012882908 0.012211923847695382 0.01868319973279888
7 0.22805158928969055 0.7019188840644252 0.013934118236472948 0.018370073480293906
8 0.8976078677054387 0.7805986998809052 0.017057860262008794 0.05936135371179034
12 0.14816013313609466 0.6212687552831785 0.03541380494505493 0.048076923076923114
12 0.05186870421245421 0.6028534544159545 0.02747252747252747 0.034340659340659246
6 0.04669112370838117 0.48885978760045923 0.01910519517795637 0.021526980482204354
6 0.08751166044776118 0.49878013777267505 0.01955367393800229 0.01793915040183697
6 0.12613358345634462 0.5064990979170084 0.018028846153846145 0.018417527745885977
6 0.3440863590700345 0.5573753827018753 0.016145235361653264 0.015188480673555205
6 0.37110909269442255 0.5637551110842549 0.017490671641791033 0.016264829697665562
9 0.06514508928571427 0.4562053571428572 0.007890624999999995 0.0171875
9 0.090625 0.46379807692307684 0.00859375 0.0140625
9 0.13027573529411765 0.47174632352941176 0.007265625000000009 0.01729166666666669
1 0.1221236230110159 0.6905956752345982 0.021324204406364754 0.0552070583435332
1 0.23077846627226978 0.6885440749807334 0.022376070991432063 0.07420440636474908
