7 0.10287037037037035 0.08032407407407408 0.018437500000000006 0.030833333333333334
7 0.2681345421769255 0.041815212428832314 0.019896320093457966 0.03529010903426791
7 0.40707720588235297 0.03720588235294118 0.017187499999999956 0.036041666666666666
7 0.5080584490740738 0.017692901234567904 0.017109374999999982 0.03260416666666667
7 0.8195894114688128 0.057868041582830314 0.011475100603621691 0.021587860496311197
7 0.9433501838235294 0.03890625 0.016484375000000107 0.016458333333333335
7 0.1196067708333333 0.1869583333333333 0.010624999999999996 0.01843749999999999
7 0.16497306034482762 0.178746408045977 0.011640624999999983 0.016666666666666666
7 0.15347956730769233 0.22585737179487178 0.013984375000000004 0.013124999999999994
7 0.15174913194444448 0.2669907407407407 0.01109374999999999 0.016041666666666673
7 0.29591015625000006 0.15229687500000003 0.009765625 0.017604166666666643
1 0.14690946691176468 0.22126225490196078 0.020156249999999987 0.025624999999999995
1 0.147515625 0.27192013888888883 0.017031249999999987 0.027083333333333334
1 0.27957646398784275 0.2233942992858564 0.024296875000000016 0.08687500000000001
1 0.3333824792346707 0.21540204623090756 0.025281103971962614 0.08992893302180685
4 0.33856040396341464 0.3819588414634147 0.02640625000000001 0.10395833333333335
4 0.2948275862068964 0.3748886494252873 0.019140625 0.10364583333333334
4 0.7118416969060349 0.3327484402852051 0.025932247899159665 0.11828168767507007
4 0.8016611842105263 0.32187499999999997 0.02531250000000007 0.12229166666666667
3 0.8080758160425102 0.1342498875393612 0.020954579959514153 0.1063807354925776
9 0.8510357142857143 0.29208333333333336 0.011015624999999928 0.04968749999999999
9 0.4684317835365853 0.3360670731707317 0.009921874999999946 0.03802083333333333
8 0.5162571022727274 0.41341224747474753 0.006015625000000036 0.0597916666666667
8 0.5275963541666668 0.4104722222222223 0.006953124999999982 0.05416666666666667
8 0.5378627232142859 0.4209375 0.005234375000000036 0.045937499999999964
8 0.553349609375 0.42975260416666666 0.005312499999999965 0.035000000000000024
8 0.5581542968750001 0.39636718750000005 0.004765625000000018 0.019583333333333286
8 0.7976102941176471 0.4198161764705882 0.009062500000000018 0.02197916666666663
8 0.8082167119565217 0.41636322463768116 0.010468750000000072 0.02062500000000001
8 0.8226841517857142 0.4169940476190476 0.008984375 0.02010416666666668
8 0.8573299632352942 0.40566789215686266 0.01023437499999993 0.027187499999999965
8 0.8686490885416669 0.40350694444444435 0.010234375000000106 0.027395833333333345
10 0.5557555138074288 0.23069473757615272 0.1503125 0.17749999999999996
