10 0.04839728860294119 0.4892902172888386 0.07727989783653846 0.07374298878205122
10 0.24321743898111028 0.5069701395873856 0.05950401336521449 0.06594928267359569
7 0.9521690400843882 0.06062071133273664 0.05164381153305211 0.05274261603375528
7 0.9435398802232206 0.12784413139149767 0.031975210970464116 0.05816338490389123
1 0.05453703703703703 0.343912037037037 0.017343749999999998 0.07781249999999999
1 0.11219019396551726 0.3503771551724137 0.01875 0.07604166666666673
12 0.6255986554613356 0.25475120742677204 0.03498427214411244 0.06022993555946104
1 0.7072839981470354 0.32918815938835466 0.017559344951923173 0.06222455929487178
7 0.8944868046776232 0.1278562063960294 0.03150679519595449 0.04042878213232194
1 0.20882373074477104 0.3616943129357452 0.0156890368852459 0.07374914617486338
7 0.6303019805326482 0.20681244648731462 0.030481107205623914 0.036430872876391324
1 0.2604421389528193 0.36496691599539705 0.014932753164556977 0.06869725738396622
7 0.5932574280536029 0.22315053822495606 0.026499340949033456 0.039543057996485054
1 0.31374487404803747 0.36947129466900996 0.007277021089630953 0.07158025776215583
1 0.48491145833333327 0.39246527777777784 0.015390624999999946 0.06906250000000001
1 0.4408539870689655 0.38728089080459777 0.014687500000000053 0.06541666666666668
1 0.39493582589285703 0.38226562499999994 0.014687499999999964 0.0671875
7 0.5634562700299804 0.2408120541714049 0.025263620386643204 0.03807850029291154
12 0.19189453124999997 0.50359375 0.015546874999999983 0.03572916666666668
7 0.2021171875 0.15133333333333335 0.018515625000000015 0.03802083333333333
7 0.4795968804920913 0.20684843455054353 0.016888181019332205 0.034050966608084376
7 0.35195724406854134 0.1820513876684241 0.01881041300527242 0.03551552431165786
7 0.4164530853348955 0.19567101152118732 0.016888181019332205 0.036613942589338
12 0.13304687499999998 0.501373106060606 0.008984375 0.025937500000000037
7 0.597646333723882 0.32924070819501394 0.017025483304042233 0.02471441124780315
6 0.19643229166666662 0.055127314814814816 0.014999999999999968 0.017083333333333332
7 0.6896998877172427 0.24857815856278068 0.0173000878734622 0.0367970123022847
6 0.57171875 0.14003125 0.013125000000000053 0.01468750000000001
7 0.7056650922671353 0.3422259446397188 0.013867530755711765 0.017940831868775636
7 0.7050129064147626 0.3044907000585823 0.017711994727592283 0.022700644405389585
6 0.2936328125 0.0758984375 0.01499999999999999 0.016666666666666666
6 0.10725446428571428 0.040401785714285716 0.013359375000000007 0.01947916666666667
7 0.05047286184210527 0.27917763157894737 0.014296874999999997 0.019791666666666666
6 0.6096732954545455 0.14753787878787877 0.012578125000000018 0.01552083333333334
7 0.2527187500000001 0.30304687500000005 0.014453125 0.022916666666666665
7 0.11072716346153848 0.33231570512820513 0.01328125 0.019583333333333286
7 0.049786931818181814 0.3633049242424243 0.007890625000000002 0.019999999999999987
7 0.05466947115384615 0.3278205128205129 0.013906249999999998 0.015416666666666618
7 0.2049796067150063 0.3797961985077763 0.00952548668032791 0.020705259562841506
6 0.4624921875 0.11603125000000002 0.0140625 0.015312500000000003
7 0.10680803571428572 0.36861607142857145 0.008984375 0.020729166666666642
7 0.25760690789473684 0.06351425438596493 0.012265624999999992 0.019479166666666662
6 0.37819444444444444 0.09589120370370371 0.01171875 0.01843749999999999
6 0.42210937500000006 0.10630208333333332 0.012265624999999947 0.01947916666666667
7 0.6679069639718804 0.2592953646748682 0.011807996485061523 0.024897480960749886
7 0.20917460221793632 0.34619470226615234 0.013687884221311463 0.01739668715846996
7 0.2572784810126582 0.3855221518987341 0.008504746835443023 0.020569620253164562
6 0.5331684027777778 0.13042824074074072 0.014453125 0.016354166666666684
7 0.48247532894736833 0.40848135964912274 0.009218749999999965 0.016145833333333335
7 0.438251953125 0.40533203125 0.00929687500000007 0.016666666666666666
7 0.2599263251582278 0.3518509361814346 0.012361550632911378 0.01766877637130803
6 0.244814453125 0.06295572916666664 0.01234375000000001 0.01572916666666665
7 0.43743923611111113 0.3739583333333333 0.0078125 0.016145833333333335
7 0.4831249999999999 0.3791586538461539 0.01015625 0.017708333333333333
7 0.39160156250000006 0.4009895833333334 0.004921875000000009 0.018020833333333344
7 0.30919101493848855 0.3601347393087287 0.013455623901581726 0.021968365553602827
7 0.3920089285714286 0.36770833333333336 0.009062499999999973 0.01572916666666663
7 0.3063671646162859 0.39292862722124583 0.008100834797891032 0.01940538957234915
9 0.459453125 0.078625 0.007968750000000035 0.018854166666666675
9 0.6097767857142857 0.11566964285714285 0.007656249999999964 0.01583333333333332
9 0.5480729166666667 0.09899305555555557 0.008750000000000036 0.01802083333333333
6 0.8577836655640668 0.204361797818013 0.01414519498607234 0.011606313834726094
9 0.39218749999999997 0.06205357142857142 0.00859375 0.01947916666666667
6 0.8303954851439181 0.1970171773444754 0.012186629526462411 0.013202181987000945
9 0.572109375 0.106875 0.008203125 0.014479166666666658
9 0.41871093749999994 0.0688888888888889 0.008281250000000018 0.015416666666666664
9 0.8629788306451613 0.1757728494623656 0.007963709677419394 0.013037634408602136
9 0.832585685483871 0.1686491935483871 0.008266129032258008 0.013306451612903232
9 0.43403125 0.07650000000000001 0.005937500000000017 0.012083333333333342
7 0.8416087363153464 0.08961491330353479 0.031663474930362055 0.04773096564531105
