11 0.8405440418648663 0.5171943464102433 0.08527177318295731 0.20037071846282378
10 0.4015171030405404 0.5274704391891892 0.05437500000000002 0.059687499999999956
10 0.24806490384615376 0.5324951923076924 0.05640624999999999 0.06531249999999993
7 0.35582812499999994 0.4077083333333333 0.003125 0.012395833333333309
7 0.3636545138888888 0.40891203703703705 0.002578125000000009 0.011041666666666691
7 0.36282451923076925 0.4348076923076923 0.003828124999999982 0.013541666666666667
7 0.3547314453125 0.43490234375000003 0.003515625 0.013749999999999988
7 0.40645312499999997 0.4360625000000001 0.0032812499999999465 0.013333333333333345
7 0.39914663461538463 0.43608974358974356 0.0029687500000000534 0.011562499999999965
7 0.39900390625000004 0.4095920138888889 0.002734375 0.011562500000000024
7 0.40728124999999993 0.4091458333333334 0.0024218750000000178 0.009166666666666679
1 0.35890364583333334 0.4199288194444445 0.013125000000000008 0.05812500000000001
1 0.4038829495614036 0.4189144736842105 0.011874999999999991 0.058437500000000024
7 0.563560267857143 0.4116964285714285 0.0036718750000000354 0.0140625
7 0.5720200892857144 0.4113095238095239 0.003125 0.011875000000000035
7 0.5720624999999999 0.43696874999999996 0.004921875000000053 0.012395833333333309
1 0.5689099702380951 0.41488095238095235 0.0140625 0.04895833333333333
7 0.6896540178571428 0.4117113095238095 0.0030468749999999823 0.011041666666666691
7 0.6823508522727274 0.4112973484848485 0.0030468749999999823 0.011354166666666702
7 0.6819411057692307 0.43624999999999997 0.0048437500000000355 0.013749999999999988
7 0.691484375 0.43572916666666667 0.0028125000000000177 0.009791666666666643
1 0.6867799479166665 0.42198437499999997 0.012656250000000036 0.057187499999999974
7 0.8421235795454546 0.4417234848484848 0.00546875 0.016354166666666656
7 0.8429575892857144 0.4160565476190476 0.004609375000000071 0.014374999999999952
7 0.8844791666666667 0.41598090277777783 0.004062500000000036 0.0109375
7 0.8912265625 0.41583333333333333 0.003515625 0.011979166666666667
7 0.8841145833333334 0.4415711805555556 0.005156249999999929 0.013437500000000036
7 0.890752840909091 0.44027462121212124 0.0032031250000001065 0.012604166666666632
1 0.8883678977272729 0.42155681818181817 0.011562500000000142 0.058854166666666666
1 0.8463115026595744 0.4231515957446809 0.011328125 0.05958333333333332
7 0.8678452620967745 0.28960013440860216 0.014140625000000106 0.017812500000000023
7 0.8426940524193546 0.2735954301075269 0.011093750000000036 0.014166666666666631
7 0.8754507211538461 0.18077323717948718 0.011171875000000142 0.012708333333333321
12 0.49433444656488545 0.15160711761379703 0.018090012722646254 0.07898642917726885
12 0.5254361176355451 0.16646991420369284 0.008150445292620833 0.0618903731976251
12 0.6057414742212672 0.14953212644707004 0.026824874686716793 0.07584064327485379
12 0.7185078125 0.15472395833333336 0.030234374999999945 0.07687500000000001
6 0.20338216145833338 0.1682855902777778 0.007890625000000017 0.013437499999999976
6 0.5608254076086958 0.17688405797101447 0.00828124999999993 0.013437499999999976
6 0.6721547379032258 0.18089381720430103 0.011171875000000053 0.017812499999999995
6 0.8657776988636364 0.18124526515151512 0.009062500000000107 0.010729166666666679
6 0.90580078125 0.1843229166666667 0.01281250000000007 0.015625
9 0.07836805555555555 0.13888310185185185 0.0073437499999999935 0.01510416666666668
9 0.11821484374999999 0.13981770833333332 0.007187500000000013 0.016458333333333314
9 0.2117187499999999 0.14010995370370372 0.007734374999999983 0.017395833333333322
9 0.23786595394736842 0.1415405701754386 0.007500000000000018 0.014791666666666654
9 0.5551562499999999 0.14699754901960785 0.00625 0.013750000000000017
9 0.6895898437500001 0.15056770833333336 0.007734374999999983 0.01552083333333334
8 0.008431681496127863 0.41625473718899336 0.016084558823529414 0.08242880485527546
8 0.03176162706461895 0.41636985253871656 0.01882002801120448 0.08432539682539683
8 0.1034253246753247 0.4227453102453102 0.019732142857142854 0.08071428571428575
8 0.12880777310924368 0.4205077030812325 0.017142857142857147 0.07964285714285714
8 0.1541020408163265 0.4203843537414966 0.019464285714285712 0.07940476190476188
8 0.2234051724137931 0.4227914614121511 0.02008928571428572 0.08119047619047617
8 0.24904761904761905 0.42414462081128756 0.020178571428571424 0.07988095238095241
8 0.2750744047619048 0.41816269841269843 0.020357142857142872 0.0815476190476191
8 0.4864477368947169 0.37388584266799946 0.015407711757269293 0.1526285292878213
8 0.5139188508805459 0.3696809553210048 0.012839759797724426 0.15434049726085122
8 0.5424659227203475 0.3686471468551114 0.012839759797724426 0.15276021913190055
8 0.6035311838747821 0.37759444236992773 0.012420358009708731 0.14815938511326862
8 0.6311433797164608 0.36879815294939694 0.012515169902912682 0.1546065938511327
8 0.6593986578247806 0.3768817903374942 0.011661862864077666 0.15511225728155342
8 0.7215249495265943 0.3744133191775736 0.013020833333333393 0.14495149911816577
8 0.7489928135888502 0.3737579042457091 0.01260747354497358 0.14123126102292763
8 0.7769345477185089 0.37712885604113106 0.013255141388174786 0.1356308911739503
