7 0.5199761703667953 0.27095398970398965 0.039695945945945964 0.04814189189189187
7 0.5240844263590392 0.40615781710914445 0.0363661504424778 0.04572271386430682
7 0.6076904514404513 0.26726159538659533 0.038818866943866936 0.04786036036036035
7 0.6759582736145235 0.2615328396578397 0.03888654279279278 0.052317942942942966
7 0.6688945172120294 0.3947969863186432 0.031275120578778196 0.04823151125401933
7 0.6075404795938486 0.40015957708990535 0.028341876971608837 0.04600420609884329
7 0.6637213902330495 0.5089097002057957 0.03169061822125814 0.04586948662328272
7 0.6052937284588873 0.5146633431806992 0.027811115214180226 0.042005169867060606
7 0.529183271816269 0.5174268630457782 0.03335796244784417 0.042883634677793186
12 0.3246139096185738 0.08490533443891653 0.18889925373134325 0.1990049751243781
6 0.2913797669491525 0.4835687382297552 0.014565677966101687 0.04625706214689267
6 0.3898801139811043 0.4598203966946925 0.02697841726618706 0.08861660671462832
6 0.49196982407972356 0.4417497118839401 0.022441275167785248 0.06893176733780759
12 0.10365233807725822 0.04689466550488915 0.14327076677316294 0.10316826411075612
7 0.23455052593954245 0.9258550063543936 0.034339256535947715 0.05055147058823527
1 0.23109112026647968 0.9355276998597477 0.039775815217391305 0.1371829710144927
7 0.37000772285966466 0.9163540747278615 0.03498558859223304 0.049175768608414216
7 0.5078906041722206 0.9097365702479336 0.03562591642228741 0.047653958944281524
7 0.5088721132697948 0.9795637829912022 0.035167705278592365 0.0358932062561094
7 0.7614653642180925 0.9763524865591396 0.03685735887096779 0.04305275537634413
7 0.7502677671370968 0.8948042674731183 0.03685735887096771 0.046832997311827995
7 0.881525116359675 0.8890580643031623 0.03012663398692812 0.04765795206971681
7 0.8971809720620275 0.9674564270152507 0.027743736383442297 0.0503812636165577
1 0.3687908751167859 0.9155150264715041 0.04080212550607287 0.1440199055330634
1 0.5064264591241865 0.9192749288232102 0.03948617136659438 0.1552309291395518
1 0.755434432087575 0.9077435736531396 0.049311571782178196 0.17000825082508253
1 0.8870102545334053 0.8980532953447902 0.04402756508422652 0.17154069433316757
14 0.6099740029512166 0.23473775293562102 0.307734375 0.13304783950617285
14 0.4282687757273669 0.2498529864747557 0.017849454649827744 0.06350459242250285
14 0.7002519794446586 0.3741828462597152 0.10338601077313045 0.11959191487114497
14 0.6146763392857143 0.3843537414965988 0.04201680672268911 0.10079031612645058
14 0.5089344961291148 0.3867404902570859 0.11310927672955975 0.1075935803993025
14 0.7054621404013103 0.4859122920057876 0.12038176872469633 0.11260416666666669
14 0.6128668902158347 0.5060810062056736 0.039438100961538415 0.08626302083333333
14 0.5205081376956378 0.506309167023453 0.09615384615384617 0.09176587301587305
