9 0.38476562500000006 0.11208017676767677 0.017109375000000027 0.043958333333333335
9 0.4587239583333333 0.15080902777777777 0.019765624999999964 0.04354166666666668
9 0.5022253024193548 0.19025537634408607 0.019921875 0.05625
9 0.5035364583333333 0.15552083333333336 0.016640625000000055 0.01416666666666666
9 0.6373235887096775 0.23759408602150536 0.017421875000000052 0.04229166666666666
9 0.6888818359375 0.26613932291666664 0.015312499999999929 0.04739583333333333
9 0.7233349609375 0.2717057291666667 0.016249999999999966 0.013749999999999988
9 0.7183300781249999 0.2840625 0.010859374999999982 0.005729166666666666
9 0.7228501157407409 0.3113966049382716 0.015781250000000035 0.038749999999999986
6 0.39232653601694917 0.14082980225988703 0.051484374999999985 0.03916666666666666
6 0.4638210227272729 0.18014204545454543 0.05609374999999996 0.04052083333333334
6 0.5363407939189191 0.20985360360360358 0.051406249999999966 0.04802083333333336
6 0.6465685096153846 0.2639967948717949 0.051484374999999985 0.03812499999999999
6 0.7024104713429927 0.2917533099688475 0.04937499999999995 0.033229166666666705
6 0.75314453125 0.3167239583333334 0.04109375000000002 0.039687499999999966
6 0.8324419070512821 0.36312767094017084 0.03273437500000007 0.024062500000000025
6 0.8593229166666665 0.3573412698412699 0.014687499999999964 0.012395833333333309
6 0.8820757004310344 0.3781824712643679 0.04289062499999989 0.028645833333333332
6 0.906484375 0.40768229166666664 0.007890625000000106 0.008645833333333346
6 0.9327592329545455 0.40131865530303024 0.040234375 0.02385416666666664
6 0.9864302884615386 0.43890624999999994 0.025156250000000036 0.020833333333333332
12 0.8976894915302713 0.7392047626732415 0.09668413088262522 0.14100609756097562
7 0.02098865799492386 0.042486252115059235 0.04719225888324873 0.09332698815566837
7 0.3392948190789474 0.3440570175438597 0.03156249999999998 0.055312499999999966
7 0.39648242187499994 0.28771875 0.036249999999999984 0.059791666666666674
7 0.462833686440678 0.2348746468926553 0.03890624999999996 0.0759375
7 0.10623798076923074 0.5226682692307694 0.00703125 0.019166666666666644
7 0.11974888392857141 0.5202678571428572 0.015156250000000005 0.03093750000000005
7 0.15073988970588237 0.4830147058823529 0.022812499999999993 0.029270833333333357
7 0.18553267045454547 0.4425331439393939 0.025312500000000005 0.03427083333333331
7 0.2175651041666667 0.45027777777777783 0.010546875 0.010312499999999976
7 0.22820746527777777 0.4613657407407407 0.023828125 0.027083333333333334
7 0.4049584173387097 0.5922306613830182 0.009124721913236877 0.023869113830181612
7 0.4039847515758249 0.6153751081448522 0.005822441601779804 0.018423248053392644
7 0.4178601223581757 0.5925024718823384 0.008690211345939947 0.018654987022617676
7 0.49915653935185167 0.5425424382716049 0.02531249999999998 0.04927083333333335
7 0.6355147058823529 0.4583333333333333 0.02726562499999998 0.055520833333333346
7 0.6997023168103447 0.4166918103448278 0.029765625000000018 0.05906249999999999
7 0.7724973378872766 0.37367152106419693 0.03226016684045874 0.06452033368091765
7 0.6157972756410255 0.6551442307692309 0.018125000000000037 0.03989583333333328
7 0.6571070772058824 0.6310753676470588 0.017578125 0.044270833333333336
7 0.710105613425926 0.6053086419753085 0.021718749999999964 0.04458333333333329
7 0.8541049592391303 0.5404234601449274 0.02507812499999993 0.050625000000000024
7 0.9189403044871792 0.5132825854700853 0.025468750000000106 0.05135416666666662
7 0.9881392045454549 0.47782196969696966 0.020468750000000036 0.05291666666666668
7 0.8812172379032257 0.6602788978494623 0.020000000000000108 0.03875000000000005
7 0.9786224734772274 0.7834104246692275 0.039082935110663894 0.0713656941649899
7 0.08054075480428985 0.7632764440089282 0.018494559447983016 0.04224168435951867
7 0.14482052364864867 0.7750985360360357 0.01632812499999998 0.041562499999999974
7 0.20852951388888888 0.7812476851851853 0.017031250000000008 0.04052083333333331
7 0.30787860576923076 0.8004727564102563 0.016874999999999973 0.03343750000000002
7 0.3607204861111111 0.8093344907407408 0.015468750000000009 0.03260416666666674
7 0.4122098214285714 0.8140654761904765 0.015000000000000036 0.029895833333333264
7 0.4951212993421053 0.8270668859649123 0.013671875 0.02822916666666669
7 0.5389168074324325 0.8339752252252254 0.013828125000000035 0.02510416666666669
7 0.5128267045454545 0.9208996212121211 0.012421874999999982 0.019375000000000024
7 0.5123848684210526 0.8833717105263158 0.012812499999999982 0.019375000000000024
7 0.4268532986111112 0.9120428240740741 0.010078125000000071 0.019687499999999976
7 0.42656640625 0.8745208333333333 0.013046875000000036 0.021249999999999977
7 0.374485294117647 0.8675490196078433 0.013359375000000017 0.02177083333333331
7 0.37493106617647054 0.9064522058823529 0.012109375 0.018229166666666668
7 0.32122702205882353 0.9013174019607842 0.012265624999999992 0.022187500000000072
7 0.31823863636363636 0.8624715909090909 0.010781249999999964 0.02010416666666662
7 0.322640625 0.8535833333333332 0.003593750000000018 0.01270833333333338
7 0.10381835937499999 0.6126432291666666 0.020859375000000003 0.03822916666666672
7 0.12092447916666667 0.6215798611111112 0.004296875 0.013541666666666667
7 0.09673828124999999 0.6892274305555554 0.020468750000000015 0.04468749999999998
7 0.11659598214285712 0.6926041666666667 0.005312500000000009 0.021145833333333405
7 0.21021139705882352 0.6378492647058823 0.020781249999999973 0.0375
7 0.20611458333333332 0.7061666666666667 0.019140625 0.03833333333333329
7 0.22425223214285714 0.7104613095238096 0.003125 0.018020833333333406
7 0.36143006263048016 0.7656286244490838 0.021039926931106477 0.03762178148921365
7 0.4032563935847421 0.6583224967490247 0.019302665799739938 0.015577589943649646
7 0.39580624187256175 0.6368412259789047 0.018896293888166448 0.024924143909839578
7 0.44693359374999997 0.7791276041666667 0.022109374999999966 0.03791666666666676
7 0.4826116071428571 0.6496279761904762 0.012109375 0.00625
7 0.47444335937500004 0.6646614583333332 0.019687500000000035 0.019791666666666666
7 0.48602864583333333 0.6755902777777778 0.016171875000000037 0.0078125
7 0.527482638888889 0.788935185185185 0.022109375000000053 0.036770833333333405
7 0.6529111842105263 0.8135800438596491 0.02078125000000002 0.03010416666666676
7 0.7143399464317077 0.8226184552036376 0.02050889877641824 0.030937152391546145
7 0.772808159722222 0.8313194444444444 0.01945312500000007 0.030312500000000023
14 0.13730187665749155 0.4284366699777451 0.056439549180327876 0.10354166666666664
14 0.10277644230769231 0.4437379807692309 0.019453125000000005 0.03468750000000001
14 0.0815187562203618 0.47801041117811227 0.04562360956618464 0.040206711160548754
14 0.10617280320440552 0.5225813658110021 0.00703125 0.019166666666666644
14 0.11977627840909093 0.5122395833333333 0.0203125 0.04239583333333338
14 0.17698248861047836 0.382616742596811 0.002491457858769941 0.008542141230068327
14 0.18380464314047446 0.446618750855752 0.10601562500000002 0.18309717908902692
1 0.09077553353658539 0.8368597560975611 0.028359375 0.08635416666666665
1 0.09376562499999999 0.8956944444444443 0.01875 0.029895833333333264
1 0.15872265625 0.8405963541666668 0.02554687499999999 0.08010416666666664
1 0.16053768382352945 0.9039889705882352 0.019140625 0.028645833333333332
1 0.22350183823529407 0.8576388888888887 0.024843750000000008 0.09895833333333333
1 0.11174852737352736 0.6333073458073457 0.03927364864864864 0.1561561561561561
1 0.2182968675512474 0.6585260077334603 0.03554296440489431 0.142982944011865
1 0.3280657395701644 0.8514907290349767 0.014815107458912768 0.04582806573957008
1 0.31815764710952765 0.8624952950810251 0.010781249999999964 0.02010416666666662
1 0.3272981759075312 0.9041561314791403 0.02192635903919089 0.05162241887905606
1 0.3813889449089639 0.8895885553415289 0.02468750000000002 0.09927083333333328
1 0.4324749301930989 0.8881883439175589 0.02375000000000007 0.08260416666666674
3 0.37217161759344747 0.7394219843857869 0.03824756606397774 0.14520877047708633
3 0.45984590741080156 0.7487901952997719 0.03860428885630505 0.1371578690127078
3 0.5376276166465764 0.7605302874391165 0.03506242098609347 0.13419195111672988
3 0.6625059297912712 0.7999288425047436 0.03337041156840934 0.11575361512791993
3 0.73125 0.7359659090909091 0.010468749999999982 0.011458333333333333
3 0.7225830078125 0.8079709201388889 0.03117187499999998 0.10281249999999993
3 0.7814925986842105 0.8257894736842107 0.032187499999999945 0.09041666666666674
2 0.405453125 0.62371875 0.03187500000000001 0.050625000000000024
2 0.4032563935847421 0.6583224967490247 0.019302665799739938 0.015577589943649646
2 0.414175244926113 0.7029377299226837 0.0493992198216735 0.04372427983539093
2 0.505421772465515 0.7153000982099013 0.055462786259542 0.03989079728583545
2 0.48603649759212725 0.6757054369067561 0.016171875000000037 0.0078125
2 0.4759375 0.6645572916666667 0.025937500000000037 0.019895833333333356
2 0.49091308593750005 0.6363281250000001 0.026484374999999984 0.034687499999999954
2 0.5731124046840959 0.7345565541031227 0.044551674836601315 0.02961601307189549
2 0.5614839538409704 0.6931575696316263 0.009476078167115976 0.007440476190476156
2 0.5530269301116674 0.6849650237453472 0.019794474393530947 0.010669362084456442
2 0.5669677953728661 0.6576866202455827 0.025690700808625344 0.038044699011680075
2 0.6952024543864626 0.7608012367608376 0.04325752741539039 0.03439627056154286
2 0.683913140354956 0.6873885918003562 0.02337755754475701 0.0367647058823529
2 0.675078125 0.7180555555555556 0.021328124999999965 0.01083333333333331
2 0.7512913120426344 0.7700975713225157 0.03305957683741649 0.021691722345953936
2 0.7470271381578945 0.6938267543859648 0.011406249999999929 0.025520833333333333
2 0.7395612980769231 0.7172676282051283 0.026406250000000055 0.016979166666666736
2 0.8013876015803467 0.7133912856233381 0.017457659251769543 0.029491068419278694
2 0.8004718660968659 0.7831908831908833 0.018028846153846256 0.017841880341880292
2 0.8291051136363636 0.7735132575757576 0.03132812499999993 0.0125
