7 0.6124162946428572 0.3918526785714286 0.023906249999999928 0.017812500000000023
7 0.6119460227272728 0.3695549242424242 0.013671875 0.007083333333333345
7 0.6415749289772725 0.12811079545454546 0.027109375000000036 0.06614583333333333
7 0.7683743135221944 0.0911791880686995 0.02914210651074587 0.06380570480404552
7 0.9068762290576322 0.054169389303521095 0.03115124715477986 0.06572916666666667
12 0.6737335526315792 0.13886147660818715 0.05499999999999998 0.12739583333333335
12 0.795056573275862 0.101569683908046 0.04914062500000007 0.12145833333333332
12 0.7804861111111112 0.15137731481481478 0.023828125 0.03375000000000001
12 0.9283377403846153 0.06400801282051284 0.05421875000000007 0.12229166666666666
12 0.9142812499999998 0.10886458333333332 0.03523437499999993 0.03885416666666666
9 0.9929199026981388 0.1402199846830571 0.014825953872437302 0.09828682611996963
9 0.8492888621794871 0.18678952991452988 0.03125 0.0938541666666667
9 0.5944639008620689 0.2522449712643678 0.028671875000000034 0.08552083333333332
8 0.6943168604651164 0.4333212209302324 0.01640625 0.11812499999999998
8 0.721298828125 0.4378463541666667 0.015859375000000054 0.10614583333333331
8 0.747373798076923 0.4292788461538461 0.013671875 0.10531250000000002
8 0.8137075407608696 0.4051132246376811 0.02250000000000014 0.13666666666666666
8 0.837604939436712 0.4136268765318628 0.020926339285714236 0.10996586134453784
8 0.8670959821428571 0.4101517857142857 0.016953125000000034 0.11114583333333337
8 0.9311904491833027 0.3973684210526315 0.01713362068965516 0.11738505747126435
8 0.9620324227882368 0.38751358639924527 0.020504568106312425 0.11731727574750828
8 0.99160202222524 0.3830439751946405 0.01716076520912555 0.12198986058301647
4 0.22415467612315307 0.12524355274465881 0.14578342618384404 0.2897247798563017
4 0.11189599035805797 0.15100622344791628 0.14654183201058202 0.32145833333333335
