7 0.9454160748106061 0.08910392992424242 0.04711174242424239 0.08996212121212119
7 0.8964043003565061 0.20759061200237666 0.04024621212121211 0.05965909090909092
7 0.900198271780303 0.30520044191919193 0.04166666666666661 0.05555555555555554
7 0.7790943979266348 0.29648458266879324 0.038115530303030366 0.053030303030303
7 0.7804953835227273 0.38109611742424243 0.030303030303030276 0.053345959595959634
7 0.6802320075757575 0.5940340909090909 0.03409090909090908 0.05113636363636355
7 0.6750647926634767 0.6871345029239766 0.03125 0.053661616161616146
7 0.6735429579889807 0.32189795684113864 0.030539772727272752 0.05018939393939394
7 0.6203177609427609 0.4144746071829406 0.02840909090909092 0.04577020202020202
7 0.599459670231729 0.38240864527629237 0.026988636363636333 0.03724747474747474
7 0.6150213068181818 0.49191919191919187 0.02769886363636358 0.04261363636363633
7 0.5471568362193362 0.46699134199134196 0.025568181818181747 0.04071969696969694
7 0.5414891098484848 0.4325284090909091 0.015625 0.03503787878787878
7 0.5411931818181818 0.5415561868686868 0.025568181818181747 0.04166666666666661
7 0.4852035984848485 0.5131874298540965 0.02627840909090908 0.03693181818181816
7 0.4781670875420875 0.5810185185185186 0.024857954545454496 0.036931818181818225
7 0.6224129503286461 0.834546689963114 0.00895067185289955 0.017238330975954716
7 0.5906264733616218 0.8189385902875999 0.009834688826025496 0.033592644978783545
7 0.5718141857289178 0.8239444634118587 0.010608203677510631 0.03491867043847243
7 0.5364308752303801 0.7997183646936122 0.0103871994342291 0.03447666195190943
7 0.5189514487163003 0.8057368236823682 0.011713224893918017 0.03462399811409718
7 0.09473876598372566 0.6329842947786497 0.015308277027027018 0.04152590090090082
7 0.16607218267374513 0.6603673986486486 0.015132319819819839 0.036364489489489435
7 0.23524305555555558 0.6857326076076077 0.01583614864864864 0.03753753753753746
6 0.0646312816722973 0.708594336524024 0.01882742117117118 0.024164789789789747
6 0.13594453828828829 0.7316222472472471 0.0198831644144144 0.023695570570570604
6 0.20370345931869366 0.7547977665165163 0.020235078828828846 0.021818693693693682
6 0.2974708417849899 0.7856237322515213 0.020474137931034475 0.016379310344827522
6 0.3596713362068966 0.8065463362068962 0.01918103448275863 0.018821839080459788
6 0.41532441016333943 0.8271854204476707 0.02424568965517242 0.019109195402298815
6 0.4999567936148819 0.8523790570359198 0.024261039886039892 0.01647079772079773
6 0.5528846153846154 0.8704791864514088 0.025485220797720753 0.016025641025641
6 0.6046464466603355 0.8853342302416376 0.02459490740740735 0.014690170940170924
6 0.28272576023114815 0.883541745610711 0.015749336870026553 0.015196728558797546
6 0.23431579196665409 0.867200328407225 0.012537301061007967 0.014782272325375819
6 0.18401856763925728 0.8533357805987116 0.011397546419098136 0.015887488947833716
6 0.10205121297524314 0.8262300139994105 0.013677055702917773 0.013953359858532247
6 0.04622767857142858 0.8118377976190476 0.012109375000000006 0.018124999999999978
4 0.9087317687292785 0.7028848475561624 0.19297808764940233 0.32204515272244355
1 0.8749560581204591 0.23651309793505718 0.07781374501992033 0.2348937583001328
1 0.758743435349511 0.3262404925751538 0.0700323705179283 0.20957835325365204
1 0.6626563919759559 0.6362051792828686 0.06007221115537851 0.19754316069057107
1 0.6034422094231771 0.4492807754489288 0.05166832669322705 0.1643426294820717
1 0.5306198674688999 0.49637335013686745 0.05353585657370523 0.1572875166002656
1 0.4698560668042118 0.541494735344337 0.051357071713147476 0.14857237715803454
