1 0.7449766995614036 0.4402229532163742 0.05304276315789469 0.1984649122807017
1 0.3754243135522487 0.4096843645885143 0.05828373015873019 0.22765449988003691
1 0.5604717486203773 0.418548977551016 0.0612529342723005 0.22017705649099278
2 0.07398886411028728 0.26974484476367006 0.07577183734939759 0.14307228915662654
7 0.742719214941437 0.40514205444761 0.0490290637860082 0.06472908093278468
7 0.7484609930479297 0.5041320380353399 0.0493531655907181 0.05572702331961589
7 0.5603432700889986 0.38560253987435616 0.04959239130434785 0.05163043478260866
7 0.5543853556016936 0.49555497883080935 0.058630007327796815 0.05736036476143956
1 0.76668394338004 0.8364908016395006 0.020620353159851314 0.03698110285006197
7 0.0910041313986296 0.29496044941555827 0.046761638452236964 0.054665457476823914
7 0.7399891403654486 0.21490016611295684 0.03671875 0.04979547342192691
7 0.7145184162298843 0.31163564240332026 0.033082107843137275 0.04739583333333333
10 0.4502961601307188 0.9097324346405228 0.05659722222222223 0.19340277777777773
10 0.5478324915824916 0.9040544332211 0.04965277777777777 0.18472222222222226
10 0.6409505914233531 0.9194266019766281 0.052430555555555536 0.18246979553903345
3 0.0475657770347712 0.766298737764941 0.0425073987859811 0.22184054776515072
7 0.7116336633663366 0.6273778419508617 0.039836014851485135 0.01882219471947195
7 0.5444685093509352 0.6117070040337366 0.037322091584158376 0.013149752475247448
7 0.6942422677185075 0.5068244427748559 0.01980027548209362 0.05337465564738295
7 0.3762206070444706 0.5991940508985963 0.04067665289256195 0.018939393939393884
7 0.07361700543518726 0.7338588588588589 0.025826446280991733 0.0680096418732782
6 0.027347678511565537 0.7729320315119007 0.01781449044585987 0.018842887473460836
