3 0.12385110294117638 0.47684566250742716 0.08925189393939394 0.21527777777777768
4 0.06296732978808463 0.9278574936309089 0.13107437015503873 0.18317990956072344
1 0.014106691919191925 0.48757996632996625 0.03139204545454547 0.12531565656565657
7 0.22400398112535616 0.3800540187559354 0.05208333333333335 0.09992283950617284
7 0.08901839842973565 0.426532581329093 0.05147771317829456 0.09245801033591731
7 0.1398982558139535 0.5703806322674417 0.04330184108527133 0.0631863695090439
7 0.1566890746124031 0.48047884366925064 0.045724321705426375 0.05935077519379846
7 0.09298698747291598 0.7470858720034907 0.04504504504504504 0.061877310888736756
7 0.016571969696969693 0.5144279331779331 0.031013257575757576 0.057449494949494986
7 0.004450757575757576 0.6014835858585859 0.0078125 0.03424873737373737
