7 0.041480612167010156 0.6249681958120245 0.04289987405541561 0.053788832913518075
7 0.0419791854084203 0.5731509385870218 0.03030541561712846 0.0511649874055415
7 0.02175331916456759 0.7186931500139938 0.03345403022670025 0.060610831234256916
1 0.02640244542401344 0.6402647678771338 0.06336586901763223 0.19547649034424855
7 0.1287402982026144 0.5336994330560506 0.037913602941176475 0.05080678104575167
7 0.1749282809714795 0.7138364341948902 0.034466911764705885 0.058976715686274515
3 0.15062933067964032 0.656236178681999 0.08942248774509802 0.24535334967320258
2 0.19760032537960942 0.5382926286024171 0.10591784164859001 0.12179139551699211
2 0.2599418261502914 0.3559027777777778 0.047303533755274255 0.08460794655414906
2 0.2505274261603374 0.4572577976338215 0.07202663502109705 0.10306786216596339
7 0.2710180556351344 0.48079126797685195 0.03996447602131439 0.053656009473061005
7 0.31579358699535554 0.6776973919256878 0.03667604501607715 0.07234726688102894
3 0.2879052365200955 0.6061034702878366 0.10380396935933148 0.2695566388115135
2 0.3910697992700728 0.38224858069748585 0.08240191605839416 0.15358880778588802
7 0.41529533802572116 0.4255373073803731 0.04704607664233573 0.06690997566909977
2 0.3313996562351825 0.46663110478899944 0.10416666666666666 0.13559941520467836
3 0.447981032884538 0.5553328155892747 0.10730787937743189 0.29709792477302205
7 0.4790166749420721 0.6284136047666335 0.04151926100628929 0.07403039832285122
7 0.5813512145748986 0.34988191632928484 0.05345394736842106 0.0729588394062078
2 0.5076486371063577 0.40780414438502655 0.10904356060606064 0.15142045454545455
2 0.5609839417166136 0.28238150944526214 0.08462971494429032 0.22229114971050454
7 0.9547503806271089 0.5582016569280992 0.036172434367541764 0.04673826571201272
