7 0.2791661722828666 0.7616147234087433 0.06696428571428573 0.07613510520487263
1 0.30444092607973416 0.8922515227021042 0.03763496677740861 0.07302048726467329
1 0.30543103869454746 0.7648456669489501 0.11705772425249168 0.12320044296788477
7 0.2151776175213675 0.44211479107312435 0.07862580128205128 0.11952457264957268
7 0.2478131677350428 0.3694497053872055 0.06986177884615383 0.06977831196581198
1 0.25205627511481055 0.40891795031253986 0.1650140224358974 0.16125801282051277
9 0.2252722002262444 0.14495742207139264 0.04156650641025639 0.04607371794871796
6 0.19774496336996333 0.18503891941391937 0.08738982371794872 0.046073717948717945
7 0.4921016483516484 0.5760931776556776 0.052369505494505475 0.052083333333333336
7 0.6878403404631082 0.5540088631606488 0.05215487637362637 0.04092261904761898
7 0.8816248855311356 0.5436741113824447 0.0682520604395604 0.09071657509157512
14 0.8812364502510273 0.5203103605659517 0.07338258785942493 0.3817225772097977
14 0.8769094448881788 0.7651091586794462 0.02695686900958467 0.05491214057507984
14 0.8630169002323553 0.8795623971342821 0.04318091054313093 0.1118210862619808
14 0.6752789287140575 0.9002263045793397 0.03619209265175716 0.11015708200213001
14 0.6756637296991481 0.5572888933262338 0.061651357827476085 0.25725505857294995
14 0.5088733027156549 0.9298455804046858 0.038438498402555865 0.08253461128860487
14 0.48886487502349196 0.5309935475787759 0.052915335463258814 0.1447683706070288
