7 0.5138849183660504 0.272927122376808 0.04837585763293308 0.06825328759291024
2 0.481044472107729 0.18034025839925583 0.06284841337907379 0.18242567181246425
2 0.4387399876582396 0.32475393916892314 0.10535608814732882 0.13055685990274934
7 0.37283132742117125 0.3613574512012013 0.04236169763513513 0.06281672297297299
7 0.43974463619402987 0.5416185441838427 0.03483558768656714 0.06801927860696519
7 0.3017459749386481 0.6097162316253937 0.031605562579013924 0.061630847029077174
7 0.17795091665759985 0.6711332190911398 0.03624469589816126 0.06247053276756252
7 0.1283713294098347 0.5072565927080341 0.03651365705614569 0.04394284269094584
7 0.05230768612575544 0.5519257282871145 0.029172560113154167 0.04508486562942006
7 0.05589680759370581 0.6020431842291372 0.03900724893917963 0.05112564827911363
7 0.03962417200710862 0.6928157592403111 0.04225792988313856 0.05617000556483032
7 0.9100144909274194 0.3968327502371915 0.033748851102941124 0.04346660539215688
7 0.9819954859463946 0.3665443647216951 0.03615579044117663 0.04346660539215688
7 0.6116518616518616 0.8494770994770993 0.01819126819126824 0.02079002079002083
7 0.6014566049310587 0.9539380793799171 0.01666934447300772 0.03133033419023133
7 0.530149867894887 0.9659665690755024 0.015866002570694083 0.030393101970865526
7 0.8404692616404439 0.973838950563054 0.020272192716236682 0.03730399595346488
7 0.9443937310318666 0.9586652756702072 0.018612481031866503 0.041097622660596876
7 0.9381364307962622 0.8866853685807842 0.01956088770864941 0.037462063732928756
7 0.8364749304501773 0.9074144326420505 0.017782625189681413 0.03572331815882646
1 0.9334377265997944 0.9132758525187827 0.03969509109311744 0.15076754385964922
1 0.8296501375885624 0.9273881631663291 0.03811361336032384 0.1354714912280702
1 0.5929756313249628 0.9459992659920037 0.02946524784482758 0.08615301724137923
1 0.5228850125718392 0.9657474257662838 0.02718211206896557 0.05674389367816086
4 0.4543875144199075 0.8672771094265 0.09536880630630629 0.2552458708708709
4 0.3663787437128486 0.8887059899405578 0.09375 0.2231095679012346
4 0.2876076027199075 0.9015076437114197 0.08478009259259256 0.19340277777777787
3 0.408533922333998 0.4711091722961665 0.08588527445626593 0.2770748987854251
2 0.3450214172162035 0.22587435233160622 0.04412240932642488 0.06017918825561311
2 0.351360103626943 0.33698863828778486 0.077922603626943 0.11307210708117446
2 0.2973258941421991 0.4205571747265399 0.09978141191709847 0.11496113989637304
3 0.2733942414174972 0.5769855951541997 0.07968230897009967 0.25055370985603537
2 0.17391251929012347 0.49579326923076916 0.09498530982905987 0.10372150997151
2 0.2191469313865147 0.4204504985754986 0.04790998931623931 0.05542200854700858
2 0.2242354433760684 0.3190883190883191 0.04640758547008543 0.09815705128205134
3 0.1536319497334348 0.6335297766749377 0.07831885856079404 0.2101426799007444
1 0.03617088511208578 0.6363557910981157 0.07606907894736842 0.1998355263157895
