7 0.11595653886554622 0.04773393732492997 0.05824497767857142 0.07300967261904762
7 0.35360863095238093 0.16114831349206346 0.04115513392857144 0.043247767857142856
7 0.5596062922389361 0.2707493096431946 0.03728267386091124 0.053457234212629864
7 0.6534857341399607 0.32190156965336825 0.03409772182254196 0.04996003197442042
7 0.7334075921081318 0.3674560351718625 0.032786270983213406 0.047961630695443645
7 0.7070976828231293 0.5052083333333333 0.027901785714285678 0.03401360544217683
7 0.6224095329188587 0.46867527498804407 0.02942920054200542 0.036415989159891575
7 0.5571646341463417 0.6280487804878049 0.01736111111111116 0.02145438121047872
7 0.7757439061651277 0.6552428480898063 0.016783507604562774 0.017031051964512045
7 0.7233089853912348 0.675592855713428 0.015001188212927818 0.022774081115335795
7 0.6054274926066749 0.7321041930713986 0.013961501901140672 0.021189797211660397
7 0.39752252252252246 0.7540518459636106 0.017595720720720687 0.023460960960960973
7 0.44399282094594605 0.6619392830330332 0.038851351351351406 0.05424174174174171
7 0.44950954243717395 0.7649063537221432 0.03181306306306304 0.059496996996996995
7 0.4242680180180181 0.8196662571662572 0.014076576576576549 0.030780780780780857
7 0.4303053053053053 0.8684413580246915 0.01534346846846848 0.025900900900900935
7 0.57825506381798 0.8394954679985202 0.016804245283018826 0.02417452830188675
7 0.5816258844339623 0.87890625 0.012529481132075393 0.00825471698113205
7 0.5830483490566039 0.8933962264150943 0.014003537735849036 0.010809748427672971
7 0.6263174380896225 0.846857802672956 0.01577240566037732 0.025550314465408876
7 0.6307193396226414 0.8938810272536689 0.014593160377358494 0.021816037735849038
7 0.6755038459993574 0.8967638710368466 0.015464331619537308 0.02463581833761784
7 0.666112695479863 0.851430841188232 0.01194971079691518 0.015129605826906574
7 0.6707044160852 0.8654670094258782 0.010644280205655488 0.006025064267352202
13 0.7650852002513757 0.8292074303055007 0.02970490947075204 0.05512999071494894
4 0.09332261478345819 0.687954520785846 0.14273648648648646 0.31813063063063063
4 0.22292909792909787 0.7165525915525918 0.13344594594594592 0.29560810810810817
4 0.33412378724878716 0.7214065026565026 0.1300675675675676 0.27984234234234234
1 0.43248906292501565 0.8450212696829571 0.028752323420074343 0.10590923172242875
1 0.5880760042112084 0.8613620412089799 0.031452922077922094 0.10088126159554728
1 0.6343501814601439 0.865933095726329 0.03014842300556584 0.0993351886209029
1 0.6791459352335978 0.8719711024905831 0.03188775510204076 0.09469696969696978
3 0.04512623284734134 0.22002155993901276 0.07923054245283019 0.27663128930817604
3 0.252408671216379 0.29014870199384446 0.08181014150943393 0.2496069182389937
3 0.4179176092606854 0.3566214221537672 0.0755454009433962 0.23093553459119495
2 0.17477268495531278 0.09638261337305526 0.10207841981132074 0.14003537735849056
2 0.1282019785115304 0.03797060621942697 0.0766509433962264 0.07517688679245284
2 0.35328223270440245 0.20233883647798742 0.09249705188679247 0.1203812893081761
2 0.3107914343910806 0.13442949542595767 0.07186025943396226 0.07370283018867925
2 0.5074439858490567 0.2737814465408805 0.08438974056603774 0.11595911949685535
2 0.4589054076819406 0.21858153638814015 0.06412146226415097 0.055522798742138384
