12 0.05585746951219513 0.45307926829268297 0.012265624999999997 0.04520833333333331
10 0.20640625000000004 0.4675464285714286 0.09015625000000002 0.1014583333333333
9 0.39038221153846153 0.5019919871794873 0.01484375 0.05749999999999999
10 0.4585288027108435 0.4813296937751004 0.08273437499999999 0.09697916666666669
13 0.650296875 0.24901041666666668 0.03390625000000007 0.06354166666666669
13 0.6225019531249998 0.2705651041666667 0.017890624999999983 0.04489583333333336
13 0.60512939453125 0.28193033854166666 0.017890624999999983 0.04114583333333333
13 0.6358123527679622 0.3028378975265017 0.024753386336866967 0.011287789556340754
7 0.6379609375000002 0.07585677083333332 0.018984375000000053 0.023854166666666666
7 0.36965006510416687 0.03581380208333334 0.019140625 0.025833333333333337
7 0.46368652343749994 0.2955078125000001 0.006953124999999982 0.020937500000000022
7 0.4745920138888889 0.29658564814814814 0.004375000000000018 0.017500000000000012
7 0.46161458333333344 0.33906944444444437 0.006640625 0.02177083333333331
7 0.47306640624999996 0.3406510416666666 0.004765624999999929 0.021458333333333357
7 0.3973524305555555 0.28965277777777776 0.006484374999999964 0.021666666666666678
7 0.408234375 0.2889375 0.005781249999999983 0.01875
7 0.39654296875000006 0.33102864583333336 0.0067968750000000355 0.02041666666666669
7 0.408407451923077 0.3309134615384616 0.005312499999999965 0.02000000000000005
7 0.27903645833333335 0.27636904761904757 0.00703125 0.020937500000000022
7 0.28889705882352945 0.27539215686274515 0.006093750000000009 0.019791666666666638
7 0.21939453125 0.26875868055555546 0.005624999999999991 0.020937499999999994
7 0.20923295454545449 0.2694128787878788 0.006406249999999991 0.019270833333333334
7 0.21756138392857144 0.3114136904761905 0.005937500000000017 0.02166666666666662
7 0.20754261363636362 0.3110511363636364 0.005781250000000027 0.017708333333333333
7 0.15014914772727272 0.2617329545454546 0.005546874999999995 0.021458333333333357
7 0.13933823529411765 0.26173406862745097 0.005390625000000005 0.019791666666666666
7 0.1471935096153846 0.3047435897435898 0.006328125000000018 0.020729166666666642
7 0.1356689453125 0.3048111979166667 0.005156249999999996 0.01864583333333337
7 0.023400735294117646 0.250110294117647 0.007734375000000002 0.022916666666666665
7 0.012070312499999998 0.24721354166666662 0.004765625000000001 0.01895833333333332
1 0.5341461267605634 0.3112646713615023 0.015468750000000054 0.08999999999999998
1 0.46838100961538476 0.3112596153846154 0.017890624999999983 0.09166666666666666
1 0.40235231164383567 0.30176369863013697 0.017968750000000044 0.09291666666666666
1 0.28357563405797104 0.2896557971014494 0.01796875 0.08770833333333332
1 0.21383229166666654 0.28265555555555544 0.019140625 0.094375
1 0.14338124999999993 0.2730527777777779 0.01968749999999999 0.09291666666666669
1 0.016833705357142854 0.26103720238095246 0.021328125000000003 0.09468750000000004
