7 0.304620045133438 0.033012002878074306 0.018458104395604424 0.032909798534798536
7 0.3548624227335165 0.06320827609890109 0.016311813186813184 0.0280448717948718
7 0.4723860698125403 0.1240977160094807 0.02189217032967026 0.026327838827838825
7 0.5008307409502262 0.14562796272355097 0.018243475274725272 0.025183150183150184
7 0.5056271853146853 0.01519314019314019 0.016097184065934033 0.02232142857142857
7 0.5390347244667097 0.03851540616246498 0.013521634615384581 0.026041666666666664
7 0.5053084935897435 0.06625839438339438 0.01352163461538467 0.029189560439560433
7 0.5363984160370879 0.09270189445970695 0.012448489010988962 0.02833104395604395
7 0.5676537817651098 0.06703582875457874 0.015024038461538502 0.02546932234432234
7 0.567428894634777 0.11722958414134883 0.014594780219780201 0.026900183150183152
13 0.6677349937665005 0.07134912486555198 0.030800821355236076 0.06202943189596167
13 0.7391290398178734 0.0696459393506532 0.029196611909650904 0.0607460643394935
13 0.8149851877994523 0.060077643737166335 0.03031955852156063 0.06523785078713211
9 0.26608864985163205 0.2767989614243324 0.01054803412462908 0.04636498516320472
9 0.28957251483679525 0.30659619188921855 0.019357381305637977 0.026737141444114758
9 0.31729380828740983 0.3013392857142857 0.018545994065281856 0.03168273986152321
1 0.576024865591398 0.08573174770141809 0.0326360887096774 0.10836693548387095
1 0.5131138392857144 0.043463781682027657 0.034526209677419394 0.0883736559139785
10 0.07928719008264466 0.09568220079583714 0.17597853535353536 0.24174031986531988
10 0.3327528566403414 0.19887502647664013 0.1388888888888889 0.1781499636891794
10 0.49787603017741244 0.2804971582730854 0.0941154970760234 0.1370614035087719
