7 0.3233143028846154 0.1528565705128205 0.0171875 0.023958333333333335
7 0.32641145833333335 0.10765277777777778 0.013359375000000017 0.019687500000000007
7 0.37395596590909097 0.09752367424242422 0.016250000000000007 0.023854166666666673
7 0.37399259868421053 0.14370065789473682 0.01781250000000001 0.026458333333333323
7 0.4232254464285715 0.13207341269841272 0.01796875 0.02572916666666667
7 0.5235523897058822 0.10979779411764705 0.020546874999999964 0.02645833333333334
7 0.6467968749999999 0.14027281746031747 0.018437500000000016 0.027500000000000007
7 0.6481147146358543 0.08265676062091504 0.022430847338935588 0.029324229691876744
7 0.6496093749999999 0.028016826923076922 0.022968749999999982 0.029062499999999998
12 0.6781775578336386 0.3076724619934087 0.0428694058641975 0.05148350111856826
11 0.2182965023614732 0.28262429227998276 0.4397226645435244 0.6488404133180252
12 0.8039022152920179 0.2998559371914637 0.04121632205513794 0.04542606516290727
1 0.3694495192307692 0.10896955128205131 0.02523437500000001 0.08906250000000002
1 0.41790132705479455 0.09600028538812785 0.03039062500000007 0.09447916666666667
11 0.4822290033783422 0.201021043362965 0.14992187499999998 0.3363400205761317
1 0.5143298192771083 0.08524723895582333 0.02937499999999993 0.11416666666666667
1 0.6443271169354838 0.05925235215053764 0.027968750000000053 0.1109375
