6 0.232007372893459 0.2898665857374085 0.036351221079691506 0.027849185946872326
6 0.28084051878034855 0.3342943682757308 0.027916131105398458 0.023430805484147398
7 0.3153877322280997 0.4072928761880188 0.027587166172106815 0.035546488625123614
7 0.41076273741332514 0.34285184906039595 0.02829293224299061 0.035533489096573175
7 0.515478884799045 0.2774489322191272 0.03122823816155993 0.03743036211699164
7 0.5827617097804249 0.4976880919919632 0.023051808266360486 0.029181017986988127
7 0.5029453125 0.5419479166666668 0.021796874999999983 0.030624999999999975
7 0.6676447610294118 0.44960477941176463 0.0265625 0.029999999999999954
7 0.6212680038829691 0.6246942914333875 0.018173198482933018 0.026601348504003277
7 0.6868938651914799 0.5878904094470808 0.017709827833572424 0.025406504065040754
7 0.7574167687908498 0.551262084694989 0.01790364583333339 0.02285028594771248
13 0.6954939144409008 0.7844173559896349 0.046242774566473965 0.07129094412331405
13 0.7607444852941176 0.754269957983193 0.04281250000000005 0.06270833333333327
13 0.830417144495413 0.7212423547400612 0.03828125 0.06302083333333333
7 0.09453646635850026 0.5548141829921491 0.02732569337442219 0.032582177709296306
7 0.016511780945043655 0.6093830251669234 0.027566448382126345 0.030014124293785353
7 0.04279435669670287 0.6454045497986212 0.04103842412451362 0.04863813229571991
7 0.05230879134241244 0.7362242623216605 0.03815053501945525 0.05410992217898827
1 0.06199380976166689 0.687057981700839 0.07236067503924647 0.19852171637885926
7 0.06021385705725947 0.8794189791409204 0.03531028816986855 0.04286737445230872
7 0.1496117424242424 0.8872380050505052 0.032187499999999994 0.04125000000000002
7 0.14306396890599002 0.6760271509290072 0.034317803660565714 0.04749029395452027
7 0.15472476428175264 0.761583703087447 0.03457778702163061 0.05095673876871878
1 0.16419193725464104 0.7146350389247457 0.06733960176991152 0.1797566371681416
7 0.22869770916334659 0.7057021912350598 0.03128112549800797 0.04274568393094296
7 0.23721143651201643 0.7785792314612519 0.026301045816733072 0.041085657370517954
1 0.24667221152773128 0.7385010973477663 0.062260536398467445 0.16483077905491694
7 0.31781009936539745 0.6517444611445112 0.019805235470941884 0.025571977287909203
7 0.34484748959417266 0.7389383888310789 0.024193548387096798 0.03561827956989241
7 0.3607976716961498 0.8121097814776276 0.0299899193548387 0.037970430107526924
1 0.35993139545537844 0.7634320788284159 0.05049062557265897 0.13572303921568624
7 0.3360418828641848 0.9115833225234574 0.024109401349072534 0.032672849915683005
7 0.38712904270055415 0.9166089496506865 0.02476812816188869 0.031970207982012395
7 0.34337797619047616 0.6925201227062928 0.024656471631205656 0.029797084318360943
7 0.404516072795887 0.7612587052431999 0.025961906584992357 0.039720520673813195
7 0.41542523958899363 0.8245185578553902 0.026560107197549775 0.03557299642674832
1 0.41644295916756857 0.7841975371272245 0.04705255681818179 0.12922190656565652
7 0.4506437059859156 0.774237089201878 0.02778389084507049 0.037228579812206536
7 0.4623099927691146 0.8348594169181758 0.0273712588028169 0.0339275234741784
1 0.4645378994396488 0.8016222897420365 0.0528169014084507 0.12819102112676053
7 0.5234984061178647 0.8005885526779422 0.020212572674418627 0.03028100775193797
7 0.5356973584428715 0.8559914265251096 0.021121002906976827 0.030129602713178254
1 0.5376902234950584 0.820211889787361 0.04864386792452828 0.12133123689727464
1 0.5681840652988708 0.8283820701908101 0.037602219626168144 0.10919652128764276
7 0.5583074581898673 0.8084146308137946 0.017279984423676 0.02466251298027006
7 0.5691503602024921 0.863991108515057 0.01679322429906538 0.029530114226375897
7 0.590761321710193 0.8261216209698811 0.019368760399334484 0.03206461453133672
7 0.6016014975041597 0.870140674633187 0.02066867720465888 0.02565169162506926
1 0.6026373687084028 0.8371355899889078 0.042897254575707235 0.10693982251802557
7 0.5074068509615385 0.9225320512820512 0.027109375000000036 0.02802083333333331
7 0.5404140624999999 0.9271354166666665 0.025156250000000036 0.02677083333333338
