4 0.15141724107458468 0.29237731236008 0.10812952898550723 0.3645833333333333
4 0.29118712702472294 0.31525291275930656 0.10529891304347827 0.3366545893719806
4 0.42064482961222105 0.3360425643034338 0.12228260869565219 0.33967391304347827
7 0.09606481481481483 0.03441358024691358 0.05590277777777778 0.05046296296296296
7 0.28857638888888887 0.09050925925925926 0.05 0.053703703703703705
7 0.4627700617283951 0.14449588477366254 0.046875 0.0486111111111111
7 0.6839120370370371 0.15771604938271605 0.04097222222222223 0.03888888888888887
7 0.8106376262626263 0.1989057239057239 0.042708333333333307 0.037037037037037056
7 0.9200757575757577 0.2345117845117845 0.041319444444444464 0.039351851851851874
7 0.9125496031746032 0.09133597883597883 0.03923611111111107 0.058333333333333334
7 0.7822627314814814 0.040702160493827154 0.044791666666666605 0.05833333333333333
7 0.6752480158730159 0.03816137566137567 0.02673611111111107 0.025
7 0.9011284722222224 0.013715277777777776 0.040625 0.025462962962962965
7 0.06954429499072355 0.715252009894867 0.03029336734693878 0.03146258503401356
9 0.0117718962585034 0.5848214285714285 0.015625 0.10331632653061221
7 0.4212018140589568 0.7657785336356764 0.016262755102040848 0.02891156462585028
7 0.4513939504373178 0.7693756073858113 0.015943877551020426 0.025510204081632657
7 0.4096779336734694 0.8669217687074829 0.018813775510204113 0.022534013605442146
7 0.45523756377551017 0.8466198979591836 0.022002551020408136 0.028486394557823164
7 0.5348446196660481 0.8131570810142238 0.0204081632653061 0.026785714285714236
7 0.5685985331632653 0.7993728741496597 0.023278061224489742 0.028061224489795932
7 0.5365839517625232 0.6709570191713047 0.019451530612244916 0.028061224489795814
7 0.5752796310832025 0.6818746729461015 0.021364795918367284 0.028061224489795932
7 0.6072491496598638 0.6834372637944065 0.011798469387755084 0.02593537414965989
11 0.6050073818897638 0.8993602362204725 0.05536417322834648 0.20751312335958
11 0.7923021015602216 0.6736332871585498 0.28235728346456695 0.44531660104986875
12 0.8199800149528415 0.5414174526493368 0.12530193236714976 0.08051529790660225
