6 0.060655691964285705 0.2027827380952381 0.011562499999999998 0.028750000000000022
6 0.14855298913043477 0.219026268115942 0.01773437499999999 0.021875
6 0.19766544117647059 0.2255821078431373 0.016015625 0.01552083333333334
6 0.24582331730769238 0.23942708333333335 0.01796875 0.02302083333333336
6 0.32991898148148147 0.2600462962962962 0.015078125000000008 0.025416666666666643
6 0.3716299972777475 0.26673213035700394 0.01848458038422649 0.024224806201550417
6 0.4116297743055557 0.2746701388888889 0.020624999999999984 0.02197916666666666
6 0.48339322916666677 0.28911458333333334 0.018515624999999945 0.022916666666666665
6 0.5191479492187501 0.2991373697916667 0.022578124999999984 0.0203125
6 0.5555684267241381 0.3068462643678161 0.01796875 0.0171875
7 0.8867493892246368 0.23070610632491811 0.04298532531824595 0.050978312116925974
7 0.8874319242738589 0.30312608056708157 0.03168762966804976 0.03738762102351316
7 0.8354017180543716 0.2941867165545768 0.030670556265984493 0.03769714407502131
7 0.15715625000000003 0.317109375 0.015781250000000014 0.019374999999999965
7 0.3711576704545455 0.3589346590909091 0.017578125 0.022187500000000013
7 0.43255345394736844 0.36899671052631583 0.016953124999999947 0.019583333333333345
7 0.5802749311178587 0.37215685447593355 0.026041666666666696 0.035846828609986524
7 0.5436020286921316 0.3873474446987032 0.026041666666666696 0.03711201079622135
7 0.5170026428250113 0.4004535912430649 0.024460188933873094 0.0424538911381017
7 0.6182958984375 0.41710286458333334 0.010468749999999982 0.015625
7 0.6406285511363637 0.40484848484848496 0.01945312499999998 0.021354166666666667
7 0.6549051339285714 0.45847470238095234 0.014218750000000035 0.0207291666666667
7 0.6556818181818181 0.4985416666666666 0.015078125000000053 0.018124999999999978
7 0.4352704326923077 0.533661858974359 0.010000000000000054 0.01864583333333331
7 0.4340572916666665 0.5625625 0.011406250000000017 0.02041666666666669
7 0.39319010416666667 0.5294010416666667 0.012968750000000018 0.019375000000000024
7 0.39276785714285717 0.5577232142857143 0.01484375 0.022604166666666595
7 0.3473858173076923 0.5233974358974358 0.012968749999999973 0.018333333333333358
7 0.34588378906250006 0.55404296875 0.015468750000000009 0.024166666666666597
7 0.2634254807692308 0.5134615384615384 0.012812499999999982 0.019687500000000035
7 0.26187499999999997 0.5452013888888889 0.014531249999999973 0.023645833333333262
7 0.2128004807692307 0.5106490384615384 0.013671875 0.021458333333333357
7 0.2102287946428571 0.5420014880952382 0.015625 0.02322916666666662
7 0.1604575892857143 0.5058705357142858 0.01499999999999999 0.022916666666666665
7 0.15804166666666666 0.5371805555555554 0.01585937500000001 0.025
7 0.20619791666666662 0.46440476190476193 0.015156250000000005 0.01729166666666669
7 0.06221875 0.49384027777777784 0.016015625 0.025416666666666643
7 0.06221507352941177 0.5335968137254902 0.018359375 0.0261458333333333
7 0.006805555555555556 0.48771990740740734 0.01234375 0.024270833333333346
7 0.0061640624999999985 0.5208958333333332 0.011328125 0.02645833333333331
9 0.3458380681818182 0.22324810606060605 0.008046875000000009 0.018229166666666668
9 0.37207386363636363 0.22908143939393938 0.008046875000000009 0.01708333333333334
9 0.41279829545454555 0.23717803030303033 0.007421875 0.018437500000000016
9 0.5003027343750001 0.2575260416666667 0.007734374999999983 0.01739583333333335
9 0.523056640625 0.2634375 0.007578125000000035 0.014791666666666654
9 0.560685763888889 0.2710763888888889 0.007499999999999929 0.016874999999999987
1 0.6607729388297872 0.4837721631205675 0.022031250000000037 0.07479166666666667
1 0.4384625000000001 0.5436104166666667 0.018593750000000055 0.07281250000000003
1 0.3946304898648647 0.5431221846846845 0.016093749999999973 0.06645833333333329
1 0.3480616554054054 0.5320720720720723 0.01742187500000001 0.06385416666666668
1 0.2642713994565217 0.5267323369565217 0.016015625 0.07322916666666662
1 0.21313387784090917 0.5202533143939392 0.01796875 0.07239583333333334
1 0.1604505813953488 0.5167950581395349 0.018828124999999994 0.07343750000000006
1 0.06310351562500001 0.5074609374999999 0.019765625 0.07812499999999994
1 0.0067596808954393794 0.5011455916626939 0.012578125 0.07869241286614757
12 0.5806371228448277 0.41258755387931034 0.04364224137931041 0.06307471264367817
