8 0.3951613065367045 0.3978579585665573 0.014928343949044543 0.07154547062986556
8 0.41916071428571416 0.38792857142857146 0.020624999999999984 0.0703125
8 0.45016759726865363 0.3707256028167011 0.02125529020556227 0.07280330511890364
8 0.5266252504612814 0.25776490034403876 0.043125738770685554 0.16142139479905435
8 0.5811631944444444 0.2260416666666665 0.05085937499999993 0.17791666666666667
8 0.6495848398760333 0.1751403236914601 0.059609375000000055 0.2025
8 0.753946445778986 0.2642041217836206 0.028588743676222616 0.12717818999437888
13 0.875625 0.3661284722222222 0.014218750000000035 0.026875000000000013
11 0.7884420839656046 0.6397003034901366 0.03378698786039456 0.028610268082953992
11 0.7833707427078064 0.5236317184660634 0.04718323216995444 0.12724456246838642
11 0.7542089843750001 0.4754296875 0.018203125000000053 0.04364583333333331
11 0.8771856137347003 0.5372610862330055 0.0604821487467019 0.18153419085312225
11 0.9364796960737702 0.49403728176607703 0.031425499197717956 0.13489187763713079
11 0.9931027009928914 0.515875556972132 0.013583318845618919 0.10286277236903109
3 0.9564594414893616 0.2860593971631207 0.023359374999999894 0.07854166666666668
3 0.9494292430388622 0.22893400273771367 0.01943734975961533 0.024288862179487166
7 0.038765625000000005 0.31216666666666665 0.017578125 0.029270833333333298
7 0.3202524038461538 0.32581196581196586 0.014531250000000018 0.02822916666666663
7 0.08316105769230771 0.4339022435897436 0.00625 0.022812499999999975
7 0.09237980769230769 0.4354487179487179 0.006718750000000007 0.020833333333333332
7 0.1332533482142857 0.43653273809523807 0.007421875 0.02177083333333331
7 0.14299479166666668 0.43608506944444436 0.00546875 0.01864583333333331
7 0.18284040178571426 0.43781994047619044 0.007187500000000013 0.021354166666666667
7 0.19225260416666667 0.4380121527777777 0.004921875000000009 0.019375000000000024
7 0.2672412109375 0.43937499999999996 0.007421875 0.021354166666666667
7 0.27625 0.4387580128205128 0.0040624999999999915 0.019479166666666714
7 0.40386328124999993 0.26168749999999996 0.016484374999999975 0.027604166666666666
7 0.4293898809523811 0.24325396825396825 0.019218750000000017 0.03458333333333335
7 0.4608062499999999 0.21288749999999995 0.020703125 0.038437500000000006
7 0.5522493489583333 0.1528559027777778 0.023046875 0.03895833333333334
7 0.6081550480769229 0.10586939102564102 0.026015624999999966 0.046666666666666676
7 0.6804056490384616 0.03809695512820512 0.030156250000000016 0.050208333333333334
7 0.8752281837214051 0.09099158326525054 0.038583792892156764 0.05514705882352942
7 0.8739111328125 0.2714778645833333 0.0140625 0.02364583333333332
7 0.8723721590909091 0.30857954545454547 0.0140625 0.021041666666666656
7 0.9093055555555555 0.2565914351851852 0.012734375000000141 0.021875
7 0.9094284539473682 0.29746710526315795 0.013593750000000071 0.021875
1 0.8674273574561404 0.2925809913584387 0.02388535031847141 0.08470452937013447
1 0.9022451636904762 0.2795473710317461 0.024609375 0.08770833333333335
1 0.08841638513513513 0.44048141891891895 0.017421874999999996 0.06697916666666667
1 0.13805532094594594 0.44248029279279266 0.016640624999999985 0.06270833333333332
1 0.18763822115384615 0.44251869658119664 0.017109375000000003 0.06052083333333336
1 0.27142058385854334 0.44600473522742434 0.015742515756302523 0.06477591036414569
