8 0.7004336376404495 0.9326018258426967 0.030625000000000034 0.1264583333333333
7 0.42989701704545447 0.9341524621212122 0.024374999999999945 0.04770833333333328
7 0.5536920538582772 0.8613497908710673 0.035738031914893664 0.05713159968479111
6 0.6601227678571429 0.7763971560846562 0.032109375000000016 0.03208333333333328
7 0.6946066978193145 0.7408963984499659 0.04624221183800623 0.06701064382139149
7 0.9159826721386226 0.6120508728237867 0.05995639534883725 0.07211538461538455
7 0.21836191056166485 0.6187049135701648 0.04597121802002224 0.07438820912124579
7 0.3270847486413044 0.5119689764492755 0.0484375 0.07781249999999992
7 0.45501960927097207 0.38216926043053706 0.05773551930758991 0.08405459387483359
9 0.2058702256944444 0.8098630401234567 0.03937500000000003 0.1148958333333334
9 0.4377596137721074 0.6240795267396811 0.044668484500574035 0.13059701492537315
9 0.599471125604975 0.5006621737816429 0.05590233881163078 0.14551727770754325
9 0.929794943065254 0.20070483494649813 0.07136569416498997 0.19628185781354798
12 0.3197474932236013 0.6362387551068516 0.13328758445945943 0.16346424549549557
12 0.43822079794834945 0.5383672514626757 0.1398480662983425 0.17879066912216082
12 0.5785160733980057 0.4141298476220486 0.14934467071057184 0.1875722125938763
12 0.5749837521663779 0.4589615829000577 0.023559358752166394 0.05578422876949739
