12 0.3956403775452488 0.2817890978506786 0.06879021139705888 0.056678921568627444
12 0.4929099192946089 0.26288178522930494 0.08323688271604945 0.05688574566386422
12 0.596981772160123 0.2392488381278401 0.09182167195668409 0.07090811317525514
12 0.8501467370082324 0.18124003449285742 0.07059366966580978 0.09800771208226221
12 0.22329374999999999 0.48181458333333327 0.024140625000000027 0.03843749999999998
12 0.1982928856382979 0.485370124113475 0.023124999999999972 0.031562500000000014
9 0.6718060661764705 0.26518995098039216 0.007499999999999929 0.014999999999999977
9 0.695529513888889 0.260775462962963 0.007187500000000036 0.014583333333333334
9 0.733349609375 0.2517057291666666 0.007421875 0.01416666666666666
6 0.7066225961538459 0.28852964743589743 0.011874999999999946 0.016354166666666715
9 0.9347607421874999 0.28844835069444436 0.027421875000000106 0.05593749999999999
7 0.076209375 0.5834208333333333 0.01328125 0.024687500000000046
7 0.1172415865384615 0.5900520833333334 0.014296874999999987 0.020729166666666642
7 0.15739583333333335 0.5980468750000001 0.013359375000000017 0.024270833333333287
7 0.22038722826086957 0.6030932971014493 0.01273437500000001 0.02000000000000005
1 0.0830369318181818 0.5806799242424243 0.024765624999999993 0.049479166666666664
1 0.12409119897959184 0.5875 0.02218749999999998 0.04645833333333336
1 0.16319444444444445 0.5935208333333333 0.02250000000000001 0.03854166666666667
1 0.22664394946808514 0.6001972517730497 0.01960937500000002 0.04010416666666667
10 0.8696747036637932 0.6472117456896556 0.05539062500000007 0.0650000000000001
7 0.9014019097222222 0.5079166666666667 0.006328124999999929 0.016458333333333287
7 0.9019091796875 0.53880859375 0.004921875000000142 0.015625
7 0.8953906250000001 0.5388862179487179 0.003671874999999858 0.014062499999999941
1 0.8968475115740743 0.5192264660493828 0.012343749999999964 0.06437499999999995
7 0.3606099759615385 0.397323717948718 0.013906250000000009 0.029062500000000036
7 0.45363124999999993 0.3799375 0.013750000000000017 0.0308333333333333
7 0.5583945312499999 0.3627135416666667 0.012656250000000036 0.033854166666666664
7 0.8268374164810691 0.33979534292730285 0.010961859688196008 0.03642353377876765
7 0.9720781250000001 0.31504166666666666 0.009999999999999964 0.03677083333333334
7 0.9483145382842963 0.31850038402457753 0.004167959057071968 0.025072373862696472
11 0.5652431640625002 0.6591171874999997 0.068359375 0.12083333333333333
11 0.46496348794310566 0.7023484973677282 0.17085937499999998 0.19220274390243902
4 0.6835587686567163 0.6089894278606963 0.023671874999999964 0.08572916666666662
4 0.7149971064814814 0.5970807613168726 0.030703124999999963 0.0860416666666667
4 0.7458561197916667 0.604609375 0.014453125 0.0671875
3 0.6886306818181818 0.48049810606060633 0.019062500000000072 0.09166666666666666
3 0.7426537298387096 0.4750756048387096 0.016562499999999945 0.09593750000000002
2 0.7078738839285714 0.45255208333333324 0.02335937499999998 0.025625000000000023
2 0.7090670955882354 0.4092279411764706 0.01632812499999998 0.03229166666666667
8 0.32623909883720936 0.5412185077519375 0.018828124999999973 0.07854166666666665
8 0.34492820945945935 0.5408614864864866 0.01875 0.08000000000000002
8 0.3634392361111111 0.5439837962962967 0.01937500000000001 0.07729166666666666
8 0.4168329326923078 0.5416559829059828 0.01749999999999998 0.07895833333333334
8 0.4367908653846153 0.5371100427350427 0.018515625000000036 0.08031250000000002
8 0.45778371710526333 0.5354797149122807 0.019843749999999983 0.08135416666666669
8 0.51642350297282 0.5270974896187239 0.02105747451868627 0.08588146470366169
8 0.5400264186893574 0.526457587258833 0.020084229898074745 0.08824084560211407
8 0.5633614864864867 0.521500563063063 0.020546874999999964 0.08604166666666663
8 0.7793059593023257 0.44146248615725364 0.01640625 0.13214285714285717
8 0.81125 0.4339616402116403 0.017075892857142883 0.13392857142857148
8 0.8456600711391842 0.42920773917759264 0.018111282578875176 0.13631687242798354
8 0.9214375095763645 0.41376313062230796 0.0182082376578645 0.14059393169061943
8 0.9580716164259202 0.4107370126113618 0.017400975889781733 0.13454362801377726
8 0.9915940370264062 0.4033859548411786 0.011489128874856647 0.14171928817451201
