7 0.6395377293406921 0.3259558969769292 0.06302207637231509 0.07856006364359587
7 0.4301717871293458 0.4130786149454671 0.05703604294478524 0.0758350374914792
7 0.5466986044067268 0.627254619537008 0.02720141700404861 0.07949561403508779
7 0.3283104099244877 0.7046700827040634 0.03974514563106792 0.08232200647249191
7 0.24812190210656762 0.4884521328526904 0.05242216542750926 0.06970260223048327
7 0.23424671592775045 0.8775107877954711 0.025436046511627897 0.03022332964193429
7 0.13956310679611653 0.7585541396979504 0.041110436893203886 0.07847896440129448
7 0.9314847598522167 0.6752616995073892 0.03448275862068968 0.034770114942528706
7 0.035561589374555794 0.567952647476901 0.04535914179104478 0.05752487562189058
6 0.939583941783489 0.5886315820785736 0.02199547313084107 0.04636390186915887
7 0.9760610641932036 0.562970678490322 0.038905306841046185 0.04793524929102174
4 0.3641535768073111 0.950283270053507 0.11042917837975982 0.08139721228384017
4 0.5136258392259396 0.92650588969456 0.11238254555808655 0.11615176537585417
3 0.10731347241959692 0.6562229213263596 0.1021721919315329 0.35255533042394016
2 0.1693445047179103 0.5358666974189934 0.11287946428571427 0.1477827380952381
2 0.21979216269841273 0.4284946117335822 0.08507812499999998 0.183328081232493
3 0.28755869015696783 0.5554484272582224 0.08668535520770622 0.3879260037348273
2 0.23299023437500002 0.3186041666666667 0.03921874999999999 0.05593749999999999
2 0.39345456674455187 0.3125758050687519 0.10148437499999999 0.2546875
2 0.605174533812748 0.21519090766529456 0.11749737394957985 0.270436799719888
2 0.5834217920647558 0.3695540608781554 0.1087048832271762 0.18046709129511676
2 0.3705090349375709 0.4604682799816409 0.10482306985294114 0.16607073082856333
3 0.5039999971640857 0.49883887433745194 0.09718749999999998 0.3966020898234683
