7 0.656840106732348 0.15708812260536398 0.07042795566502455 0.12725779967159276
7 0.6809839709051723 0.3513540383825944 0.05580357142857144 0.1087848932676519
7 0.47832319889162556 0.8646667179802954 0.0277093596059113 0.04156403940886702
7 0.36157878532538235 0.7208484573502719 0.03810036945812807 0.06876026272577995
7 0.3419263925729443 0.30730942907667036 0.0765855911330049 0.1277709359605911
7 0.14111149920164232 0.40347950881995126 0.06472399635036497 0.09922445255474456
8 0.11040164262820513 0.7089176014957265 0.04541015625 0.3229166666666667
8 0.06660970052083334 0.6647135416666666 0.05126953125 0.3450520833333333
8 0.02054187863372093 0.6207909399224806 0.048828125 0.3619791666666667
8 0.5891068711967546 0.8368196416497632 0.053232230392156854 0.2624591503267973
9 0.4918927798392084 0.03504432075860648 0.08715986394557831 0.06023242630385488
9 0.7104966692789969 0.769723092998955 0.02909482758620685 0.11997126436781613
9 0.7329545454545454 0.8927148641588295 0.02316810344827589 0.0991379310344828
12 0.4359492549189814 0.1972113715277778 0.0745081018518519 0.12683256172839502
12 0.37462718126780625 0.22213319088319086 0.03689236111111112 0.08246527777777776
12 0.503930362654321 0.3978266460905349 0.05280671296296289 0.07716049382716049
12 0.43759946469907407 0.4044897762345679 0.03653067129629628 0.0737847222222222
