7 0.10549616228070177 0.25169956140350874 0.0484375 0.0579861111111111
7 0.09156250000000002 0.8083854166666666 0.03411458333333332 0.06875
7 0.09441406249999999 0.9234201388888887 0.0390625 0.07326388888888881
7 0.2625411184210526 0.8523026315789473 0.039583333333333304 0.06388888888888893
7 0.27288115530303025 0.9611742424242424 0.038541666666666655 0.065625
7 0.6531250000000001 0.8224206349206348 0.034375 0.05902777777777774
7 0.8821614583333334 0.901736111111111 0.03151041666666661 0.05138888888888881
7 0.9207107843137253 0.9571486928104577 0.02578125 0.03402777777777774
6 0.762700283174421 0.5584779076158386 0.03686980249480252 0.034216909216909265
1 0.10565834336141192 0.8397930873111379 0.06035649819494585 0.2545878459687124
1 0.2801451400878983 0.8902644796735207 0.06740749097472927 0.22864019253910955
