6 0.18845131265347395 0.02125563740831688 0.03149224806201549 0.047757475083056486
6 0.28142187500000004 0.02020416666666667 0.029765625000000018 0.03802083333333333
9 0.2207391826923077 0.027932692307692308 0.019062499999999982 0.04156250000000001
9 0.30591796875 0.019401041666666667 0.017109374999999982 0.030520833333333334
6 0.3776215277777778 0.012598379629629626 0.027265625000000026 0.023854166666666666
7 0.37725104556317535 0.0887051035605431 0.03604270573566084 0.04390066500415628
7 0.39961461558307526 0.1783717873114158 0.02104871553884715 0.03746345029239766
7 0.16568397586747882 0.4042706795250399 0.02422480620155041 0.02895441122185307
7 0.2141336586299273 0.3980564591572054 0.024128157290470752 0.029061423650975905
7 0.24782608695652172 0.4440806159420289 0.022031249999999992 0.02843750000000001
7 0.2785956711065574 0.48646687158469953 0.021372310450819665 0.028603142076502705
7 0.6940830592105263 0.5095723684210526 0.030156250000000016 0.0417708333333333
7 0.8107562580403087 0.5009559033733563 0.031625214408233314 0.03787878787878789
7 0.5641944652673664 0.5464871730801265 0.07042572463768115 0.09420289855072467
7 0.2192697505197505 0.6763420224958686 0.03573284823284819 0.03941441441441439
7 0.5161117601246106 0.7224493769470405 0.018253504672897235 0.02336448598130853
7 0.6363116776315789 0.7178289473684208 0.01828124999999998 0.020833333333333332
7 0.7062782707028534 0.7165742949928754 0.018267223382045915 0.025226165622825293
7 0.778265625 0.7136718750000001 0.018046875000000018 0.02354166666666669
7 0.903545265921409 0.02475016937669377 0.03849085365853657 0.04556233062330623
7 0.7071743579926963 0.821406133427573 0.01926205972434918 0.025363705972434876
7 0.9805438846252373 0.7062515566182069 0.02063241839762604 0.025196830666031053
7 0.9915537292099794 0.8126275554400555 0.014941203222453403 0.036458333333333336
12 0.38625438477270363 0.4680893177660418 0.08973817567567566 0.2360172672672673
7 0.006078124999999999 0.8213125 0.012109375 0.021979166666666692
6 0.1322318736926295 0.7053391985562528 0.03521248615725361 0.015688445921004164
6 0.16102430555555555 0.7269849537037038 0.041015625 0.017916666666666713
12 0.7410318201829685 0.47046226300812743 0.10021964856230028 0.23727128457984292
1 0.019199587264150955 0.8094474744496857 0.029333726415094342 0.10770440251572329
10 0.25319588079536376 0.8932931779576337 0.1530650479616307 0.17486011191047174
4 0.013766891891891888 0.9588105963105964 0.021959459459459457 0.08961148648648655
4 0.4139666208209903 0.9590709785113087 0.024917565947242214 0.09267585931254997
4 0.4960750149880096 0.9533373301358914 0.02079586330935248 0.08718025579536372
10 0.6711603083262291 0.890443070948186 0.1441023284313725 0.17873093681917213
3 0.5106854838709676 0.7875880608083055 0.0256465517241379 0.1004310344827586
12 0.9849562826971517 0.8981221339533683 0.024008186397984944 0.038570528967254346
14 0.24640656359142432 0.4238439673749961 0.18247039921464098 0.1591679670650326
3 0.21721751374607262 0.6249479315433685 0.03665247429305914 0.151831619537275
3 0.3234914731079347 0.6145346573208722 0.02920560747663554 0.15560098650051918
3 0.9820141334115806 0.5858331703182055 0.029808538732394398 0.15470950704225347
2 0.2706897945478062 0.520874788578251 0.0339673913043478 0.07151029748283749
2 0.25175597508263414 0.5770086448004067 0.029855549199084664 0.026458810068649898
2 0.8094972363945578 0.48251133786848066 0.03316326530612255 0.07227891156462582
2 0.8147587159863946 0.5434027777777778 0.015784438775510168 0.036564625850340114
