6 0.856752098321343 0.5563798960831335 0.023418764988009676 0.04021782573940851
7 0.9246548074040769 0.624594074740208 0.03316097122302164 0.030225819344524396
7 0.985611510791367 0.6064398481215029 0.01667416067146288 0.02672861710631492
7 0.962595994632865 0.5201909900650908 0.03653327338129486 0.04421462829736207
7 0.8877183967112027 0.5450044726123863 0.03578387290167857 0.046962430055955254
6 0.9449523714361844 0.5285632605027089 0.02154526378896886 0.04046762589928055
7 0.958757993605116 0.6905309086064483 0.028851918465227833 0.026229016786570726
7 0.6134870940563725 0.33924377042483655 0.05476409313725492 0.07557189542483661
7 0.4371826855742298 0.40693751458916894 0.06969975490196076 0.08782679738562091
7 0.2669383470299885 0.48545030757401 0.047679227941176495 0.06280637254901962
7 0.17219094669117646 0.7270763122957518 0.03255208333333333 0.06612540849673204
7 0.10029282145550529 0.7140640711412769 0.028913909313725495 0.03855187908496731
7 0.01109004799836601 0.6424462145969498 0.02144607843137255 0.06076388888888881
7 0.3344566993464052 0.6839937363834424 0.034466911764705885 0.07276348039215688
7 0.5254289215686274 0.6229149645969498 0.028530943627450966 0.07557189542483668
7 0.08309621741416875 0.5244722410036811 0.04561546840958606 0.08601125635439359
3 0.14103403707161877 0.6864654297933163 0.08765659041394336 0.2598493100944081
2 0.2203881270976859 0.47039073387112607 0.1417824074074074 0.22648874364560648
7 0.37338546529723005 0.5618937389770725 0.051742919389978236 0.04198438634713154
2 0.3810375401220709 0.38870941364954226 0.13139978213507622 0.3208968772694263
3 0.4874451665036942 0.5652829838476024 0.087890625 0.30649038461538464
2 0.5697654732420359 0.31066034274367615 0.1274368990384615 0.33453525641025644
3 0.2999291168522765 0.6362978013429414 0.0865279796511628 0.2782824612403101
7 0.3315903941518468 0.6351530437756499 0.030432412790697683 0.03270348837209293
7 0.2685265282583622 0.8054727882438377 0.021956699346405227 0.04402687000726217
7 0.2162139748140636 0.9815410343575489 0.02314814814814814 0.03558687363834423
4 0.2760927287581699 0.9388896453643185 0.08969907407407404 0.09799609658678285
4 0.3914328873910676 0.9258908065541033 0.08048406862745097 0.1231867283950617
7 0.4473890250544664 0.9370007262164124 0.02450980392156863 0.04833877995642707
4 0.5114753540305012 0.916943536673929 0.12357026143790853 0.15227850399419035
14 0.9171410591658711 0.5071832632923249 0.17934124443207136 0.13943021529324426
14 0.9649122719800616 0.5479321331353624 0.0890364003340757 0.0633351893095768
14 0.9482008630289531 0.6349178730512249 0.016007795100222745 0.02691165553080926
14 0.9838142921770601 0.6259859873793616 0.03266112193763924 0.01925575352635486
