4 0.2074187328509199 0.22007481357329028 0.16455998310962444 0.4118931950509461
7 0.35864581613560065 0.12597339166804244 0.03679884843982166 0.051232045567112444
7 0.3312867266471807 0.228980179028133 0.029034032091097294 0.044642857142857116
7 0.7044050480769231 0.22630208333333332 0.03273437500000007 0.04364583333333334
7 0.7561558755633725 0.24594303066945147 0.03211910519951626 0.04181781539701734
7 0.8155531609195401 0.26400595998297155 0.03286637931034484 0.04482758620689656
7 0.07931036998132586 0.7201943277310924 0.01442504084967321 0.042211328976034794
7 0.10059232026143791 0.7198576546003018 0.012127246732026153 0.03914760348583878
7 0.3058293269230769 0.670264423076923 0.016093750000000018 0.04072916666666657
7 0.32314453125 0.673888888888889 0.00882812500000001 0.03302083333333326
7 0.30422507788161995 0.7464234720367899 0.017036604361370687 0.041536863966770574
7 0.3234977365654205 0.7468928478712357 0.005962811526479772 0.02839434060228451
7 0.4183890991084388 0.6888325903656093 0.016951650943396145 0.03860624438454631
7 0.4380506347101175 0.6917274535809017 0.0036264920424403436 0.015058576480990264
7 0.4175175578731613 0.760728136805723 0.016578249336870066 0.04047855879752428
7 0.4371995192307693 0.7636586354258768 0.004559018567639228 0.02486737400530501
7 0.7012623284734134 0.7369568324757004 0.020194575471698162 0.03714622641509434
7 0.7086281446540881 0.8017164570230607 0.02137382075471699 0.036949685534591124
7 0.7920090602612725 0.7472520719202135 0.023012800252844468 0.037004846186262104
7 0.7984459212189766 0.8141689954975936 0.02459307838179523 0.0358196375895492
7 0.8779164549457995 0.7606213301716351 0.018387957317073322 0.033790650406504
7 0.8854537178184281 0.822337962962963 0.024485518292682862 0.034552845528455244
7 0.9634073464912282 0.7280902777777778 0.022734374999999928 0.04395833333333326
1 0.3157311100746269 0.6887033582089556 0.03374999999999999 0.1569791666666666
1 0.4298572530864197 0.7076170267489713 0.033828124999999966 0.1523958333333334
1 0.7160200112877891 0.7622405673341185 0.039453125 0.14312500000000009
1 0.8063949742268038 0.7697852233676973 0.04406249999999989 0.1390625
1 0.8904648480433505 0.7818969979296067 0.04019474637681153 0.13457556935817802
6 0.8925755208333331 0.35209027777777774 0.021640625000000035 0.028854166666666715
6 0.9545922851562499 0.3720540364583333 0.029453125000000035 0.02791666666666668
