7 0.28652517539356614 0.07564144611757549 0.038661447638603706 0.0789271047227926
7 0.20372730772820608 0.13590084624478876 0.033527977412731017 0.050265229295003405
7 0.12724465921655345 0.19076106986784602 0.0349717659137577 0.05432922655715264
7 0.15236619971264365 0.5581597222222222 0.02141702586206897 0.035201149425287306
7 0.15045155993431855 0.6272663519430759 0.02357219827586208 0.03771551724137936
7 0.23778531543887152 0.6504130747126436 0.023302801724137946 0.035380747126436775
7 0.23806573275862064 0.5866469109195405 0.02020474137931032 0.035201149425287306
7 0.20674058529945555 0.506276467029643 0.02330280172413792 0.03250718390804597
7 0.2620622306034483 0.44930405890804603 0.025592672413793104 0.047234195402298874
7 0.31569407766040686 0.6096867664319249 0.02063160211267605 0.034110915492957736
7 0.31597905447390223 0.6721641121237226 0.01870598591549295 0.03374413145539907
7 0.43126161482785613 0.6502775332550861 0.019806338028169092 0.032460387323943726
7 0.4119443221830987 0.5651428827595202 0.015129841549295798 0.037228579812206654
7 0.4703438923985086 0.5420744442143055 0.0177431778169014 0.03942928403755873
7 0.4327564508142607 0.7065062903462441 0.018430897887323903 0.029892899061032808
7 0.4908859897667254 0.7247652582159625 0.018705985915492995 0.029342723004694923
7 0.4888071535832643 0.6710853355426678 0.016917913732394308 0.02787558685446013
7 0.5398344657790494 0.686585332306338 0.018293353873239403 0.02915933098591559
7 0.543171136192153 0.7377729921193831 0.016642825704225307 0.028058978873239344
7 0.6201179183505463 0.7146354088709274 0.012722646310432583 0.023987489397794683
7 0.6235223176420696 0.7643394826123833 0.013617207379134832 0.023987489397794683
7 0.6614080508157462 0.7300008107568728 0.01500874681933837 0.02637298558100092
7 0.6639907142352275 0.7755513146734522 0.01461116412213741 0.02504770992366403
7 0.7026635200836059 0.7849513055858476 0.013815998727735312 0.025842875318066186
7 0.6993015797285834 0.7408467627933276 0.01490935114503813 0.023589906700593726
7 0.7588473194091037 0.7614886674206012 0.012424459287531775 0.021601993214588687
7 0.7622046844076902 0.8045380383564225 0.012921437659033063 0.022794741306191687
7 0.4260862594195928 0.37511356955801406 0.024939373897707194 0.03931510875955316
7 0.49878747795414463 0.3410034538506761 0.023974867724867722 0.03325249853027632
7 0.5797914926204402 0.3053157585321328 0.02356150793650791 0.036008230452674955
7 0.6197265625 0.48327473958333333 0.019843749999999983 0.039791666666666656
7 0.6876041666666667 0.45851128472222225 0.02023437499999998 0.041770833333333354
7 0.7605593749999999 0.4327041666666666 0.02109375 0.04145833333333335
7 0.8899576473395368 0.041428060128847526 0.03912401574803148 0.07020997375328084
7 0.9439332521757147 0.11721663903854124 0.04195374015748019 0.07463910761154854
7 0.8192558501502791 0.5305069107935144 0.016700338894682077 0.021180917622523467
7 0.801925834202294 0.518742396593674 0.0188998957247132 0.02563434132777195
7 0.7403360211868424 0.5420438746168673 0.017352059436913515 0.028132603406326003
7 0.6214983258928571 0.6121540178571429 0.014374999999999982 0.02937499999999993
1 0.15954350490196084 0.5838375714869279 0.03638174019607845 0.14629289215686275
1 0.24537298893916532 0.6134652044578515 0.03446691176470584 0.13965482026143797
1 0.32147750542038056 0.6349122701357103 0.032277613827993254 0.1315697020798202
1 0.4404175288271081 0.6742905230145257 0.0346522177419355 0.12054771505376334
1 0.4973543119913635 0.6901928320323311 0.03503363228699552 0.11561098654708518
1 0.5500775309514525 0.7065217391304347 0.034508127802690594 0.11000560538116595
1 0.6286296521754587 0.7301034705436275 0.02830406654343811 0.09376925446703635
1 0.6695854460611405 0.7509560858808545 0.030381944444444465 0.10330932784636496
1 0.7080065822625344 0.7582986898463088 0.03102494855967075 0.10330932784636483
1 0.7671196399120395 0.7806410726284282 0.029643691588784993 0.08820093457943928
10 0.19580305096341277 0.8906824017843757 0.15530111336032387 0.1684800944669366
10 0.47289069963153335 0.9232808211648394 0.12035045546558702 0.1264043522267207
10 0.6367830397352499 0.9364704639190891 0.09536310728744937 0.10067898110661275
10 0.7744434030737264 0.9533869149087288 0.07543648785425097 0.07823043184885278
