7 0.3212701505639498 0.5428958732354403 0.04521407480314958 0.060490485564304385
7 0.48462180010893235 0.5584916258169934 0.043466605392156854 0.05795547385620914
7 0.6415287990196077 0.5675959967320262 0.04078584558823524 0.052338643790849675
9 0.6066207489615786 0.9585280373831774 0.017279984423676 0.06555036344755968
7 0.960846119023149 0.6785591934615576 0.06313699040767382 0.08218425259792166
7 0.9817425059952039 0.7929657274180657 0.034552982613908864 0.08393285371702638
9 0.7276662665599717 0.5052828902522155 0.025562372188139015 0.06646216768916156
6 0.6808490134517591 0.9006798177799155 0.04955826518691584 0.03857573987538944
6 0.6942774189114902 0.726538798281514 0.05378699376947038 0.019632658359293842
6 0.7380143282927333 0.7273495561519403 0.023482658959537515 0.02107418111753378
6 0.7427795517802027 0.6349263760288063 0.06834215167548505 0.04501028806584368
7 0.8785006547260649 0.8767257894503787 0.05728491221288383 0.07306648935854364
7 0.9074569689336689 0.971160189516613 0.06946630982367755 0.05247691015952979
14 0.6432339665729586 0.5253344661196258 0.08848148826979471 0.2851979263269585
14 0.5861971473412113 0.7183807237813883 0.04465934268833092 0.02569547021171843
14 0.5932723799126638 0.7650166029839883 0.032409934497816636 0.03570778748180494
14 0.4835438400552802 0.5160283952061717 0.06307952924393723 0.25757414523031613
14 0.3184423234571784 0.5174689134662913 0.05880058676696485 0.26209065615493504
14 0.2908892091423948 0.7061505528586838 0.010998179611650505 0.025536003236245955
14 0.44976922425474253 0.7096954042457091 0.021055640243902385 0.02362804878048775
14 0.44345415621494116 0.7672874713775231 0.020000884016973065 0.04592225095525428
1 0.8680334159590624 0.8973770465868163 0.13192332957957956 0.18658345845845853
1 0.9457907851784505 0.6976168287594721 0.11868489583333322 0.21801215277777775
