7 0.8665758928571428 0.7259285714285715 0.027187499999999965 0.019583333333333404
7 0.8467578124999997 0.657884837962963 0.028593749999999928 0.027604166666666666
7 0.9068247767857143 0.647217261904762 0.021718749999999964 0.02822916666666669
7 0.9774871926229508 0.6342298497267762 0.03328124999999993 0.03312499999999995
7 0.8944378396739134 0.5603962862318841 0.035859374999999895 0.044375000000000026
7 0.9636490885416664 0.5505360243055556 0.036093749999999855 0.04812499999999999
6 0.8579742324561407 0.5654148391812865 0.022499999999999964 0.04364583333333331
7 0.07193080357142859 0.9359598214285714 0.018359375 0.02375000000000007
7 0.11778862847222223 0.9712818287037037 0.016171874999999992 0.02302083333333336
4 0.18685546992043314 0.9105375686555987 0.11288978942982639 0.13559194711538455
4 0.3148421831170317 0.9010356251725604 0.1192734236234458 0.15333333333333338
4 0.4566552889063333 0.8929556010354461 0.11724554234769684 0.16530460624071328
7 0.15724144345238092 0.7568526785714287 0.024140625000000006 0.03093750000000005
7 0.21103219696969697 0.809917929292929 0.023750000000000028 0.028333333333333263
7 0.10166920731707318 0.6628048780487802 0.03726562499999999 0.06979166666666667
7 0.2915057674408298 0.6332319460449723 0.03374035989717226 0.0676146101113968
7 0.5034857536764706 0.6021875 0.028828125000000072 0.07718749999999991
7 0.21848459147845892 0.4144208262162333 0.05113191544885176 0.06513135003479474
7 0.3983333333333334 0.3762152777777778 0.057968749999999944 0.06916666666666664
7 0.6088877296842651 0.31536835748792263 0.05766369047619051 0.07354209799861972
3 0.07594743939634145 0.5747313005030487 0.10064965857359635 0.3309939301972686
3 0.2615315591309351 0.5292595900830491 0.09435274480712166 0.35361028684470813
3 0.4718984197047097 0.479806724195681 0.0904485811620245 0.3805621693121693
2 0.13578189380393374 0.4470266785871623 0.09197285819793206 0.1400172328902018
2 0.20451332997987937 0.3722191482226693 0.07686745472837023 0.13780600268276325
2 0.32859374999999996 0.39123397435897433 0.09700000000000002 0.15066666666666664
2 0.38493498518402985 0.3071150676427775 0.07803971069868995 0.15215611353711792
2 0.5498608268341745 0.34188957899565936 0.09318095599393014 0.16375821952453215
2 0.596222939676331 0.25990400922090984 0.06859756097560972 0.1565322944896116
