6 0.1655123782467533 0.26751555735930743 0.09249999999999999 0.029062500000000005
6 0.19471467391304342 0.14727031573498964 0.11406249999999998 0.03437500000000002
6 0.24998838097992232 0.013610606185794157 0.14182692307692307 0.024954212454212456
6 0.2863663736979166 0.5044444444444445 0.05648437499999996 0.028854166666666656
6 0.2930386029411765 0.4286348039215685 0.0484375 0.03354166666666666
6 0.3535441300675676 0.3012443693693693 0.04453125 0.03687499999999998
6 0.43981188911358277 0.05528990188368347 0.007583417593528807 0.02822716548702393
6 0.4886038085608358 0.07025349835848653 0.09929537411526797 0.054137175598247385
6 0.6918085401303302 0.15444651571018303 0.11864778037383177 0.086764992211838
7 0.6958819901315791 0.5585169956140351 0.017343749999999946 0.021458333333333357
6 0.7317821557971016 0.5762741545893719 0.04445312499999998 0.0203125
6 0.9545543981481481 0.7927584876543208 0.05343750000000007 0.030312500000000023
