11 0.9140448558766249 0.8279359950576328 0.1515899427523344 0.2286801739926741
10 0.2498852848101266 0.5281869725738396 0.08015624999999997 0.13010416666666663
10 0.3860290128876162 0.47583822887578037 0.12506410256410255 0.17396367521367515
10 0.6205525160388923 0.37507482102439305 0.19007812500000004 0.23322916666666665
9 0.02498340499358829 0.46940858288702814 0.027968749999999997 0.08218749999999998
6 0.14319110576923075 0.4639663461538462 0.0140625 0.019583333333333345
7 0.1571323529411765 0.4120526960784314 0.010000000000000009 0.011458333333333333
7 0.15584292763157898 0.426030701754386 0.009296875000000005 0.010520833333333358
7 0.26187959558823526 0.4410539215686275 0.009921875000000035 0.010104166666666655
7 0.26050575657894737 0.453969298245614 0.00914062499999999 0.011145833333333322
7 0.39524305555555556 0.3618402777777778 0.012812500000000027 0.015000000000000036
7 0.3939200367647059 0.3772426470588235 0.012890625 0.014270833333333321
7 0.41384765625000003 0.35280381944444444 0.008359375000000035 0.014895833333333285
7 0.40621874999999996 0.3496875 0.0028124999999999288 0.005624999999999976
7 0.40628125 0.35681250000000003 0.0028125000000000177 0.004374999999999988
7 0.4133238636363637 0.36842803030303034 0.006875000000000053 0.01416666666666669
7 0.4061221590909091 0.36799242424242423 0.005000000000000071 0.011249999999999953
7 0.074609375 0.11277777777777778 0.0203125 0.0421875
7 0.1462439903846154 0.14336538461538464 0.020390624999999996 0.01677083333333333
7 0.2501025390625 0.3546744791666667 0.019062500000000027 0.030208333333333334
7 0.27267361111111116 0.24971064814814817 0.020468750000000036 0.029166666666666667
7 0.3469227680961161 0.28566684510002177 0.01919552578361978 0.03275615099427031
7 0.39345673240394424 0.25036127167630057 0.020231213872832398 0.03420038535645474
7 0.4122554030373832 0.18373842592592587 0.022816880841121545 0.03151771806853582
7 0.49545703124999996 0.1815885416666667 0.030078125 0.043020833333333314
7 0.5647851562499999 0.133921875 0.03132812500000002 0.04572916666666666
3 0.21153642879912704 0.36209101644388275 0.03404492677538999 0.079680341169412
3 0.19129155585106378 0.291943705673759 0.03468749999999998 0.034791666666666644
3 0.33637645284214573 0.2666519709658297 0.03618289262820511 0.11988021413972501
3 0.38345067746132655 0.22143450628190017 0.03522028688524585 0.12817452185792352
3 0.48141056443433883 0.14042835585290847 0.0476223581757508 0.1493557656655543
3 0.548278375643856 0.09340406378600825 0.0555556705298013 0.16489928256070643
2 0.24838029745324314 0.2908003382411461 0.03264275766016711 0.029886258124419682
2 0.263721875 0.23998124999999998 0.03023437499999999 0.05135416666666665
2 0.3424447963026361 0.20082306287800977 0.05019685039370079 0.044619422572178456
2 0.37828125 0.1623541666666667 0.002734375 0.005520833333333316
2 0.37667149949933243 0.14494325767690255 0.062335718457943966 0.08165401090342679
2 0.4151722301136365 0.08850615530303033 0.03718750000000002 0.06427083333333333
2 0.49187500746250823 0.07258831629891424 0.06599658067867038 0.060416666666666674
2 0.5267584462683719 0.018849016987974806 0.039837934243176235 0.03722084367245657
