11 0.5909477185920302 0.3534267962111539 0.12627629950495053 0.175688206546899
11 0.4427115074044732 0.34625942064314297 0.21288336431226762 0.40427509293680297
7 0.30995624745624745 0.06308506308506308 0.03605769230769229 0.05119301994301994
4 0.190704100691347 0.12703965953018143 0.14679276315789472 0.26617324561403505
13 0.2968137339662978 0.2653208626760563 0.008016851106639855 0.025989268947015396
7 0.6955407441372985 0.07185766845713785 0.013136831848552345 0.02099573125463993
7 0.5865364538718519 0.08160495545657016 0.01052686525612474 0.028535634743875275
7 0.5849143930957682 0.15442650334075722 0.006176920935411978 0.02064773570898293
7 0.6734221301967334 0.1518082235214056 0.006524916481069098 0.021691722345953963
6 0.6310741040696498 0.17280615171762165 0.006785913140311806 0.008931885671863427
7 0.6291229907039798 0.1540510716245441 0.005741926503340711 0.02134372680029696
6 0.5854403635062042 0.17583717785555203 0.006437917594654774 0.009047884187082408
6 0.7465881936711211 0.16889383815887155 0.007481904231625869 0.010555864884929485
6 0.7716826923076923 0.12621794871794872 0.008906249999999982 0.013541666666666667
7 0.6409329044117646 0.0741176470588235 0.010703124999999947 0.018749999999999992
7 0.9195870535714287 0.08090029761904763 0.017421874999999965 0.019791666666666666
6 0.6773017207278481 0.1726826213080169 0.007515822784810134 0.009493670886075941
6 0.6713522830018084 0.1864451476793249 0.005043512658227822 0.007779535864978903
6 0.6283623417721519 0.18838532248342377 0.0034612341772152 0.009625527426160326
6 0.5850804324894515 0.19110407876230662 0.0035601265822784887 0.012658227848101274
