7 0.744229714912281 0.28046418128654965 0.034950657894736815 0.03289473684210528
7 0.6166951155462185 0.3344056372549019 0.033153886554621884 0.030199579831932746
7 0.5009021805896806 0.385493447993448 0.035472972972972985 0.02843468468468468
6 0.412203046336778 0.31077492934110584 0.05278716216216215 0.04152590090090088
6 0.44166890346851123 0.3765203422614169 0.06741140215716479 0.049274524910118106
7 0.19156454248366017 0.499527959331881 0.045785675381263616 0.059912854030501055
7 0.18850016858595292 0.5918447625963965 0.04765795206971679 0.0680827886710239
7 0.15376674347489014 0.6760738794613376 0.03797565466448445 0.04398527004909987
7 0.2886948723359359 0.5891549289582894 0.04004338995568686 0.05477597242737566
7 0.29033487882269265 0.6827393001075915 0.04592872968980797 0.055699162973904495
7 0.24807123370181405 0.7412574404761905 0.03146701388888888 0.041129298941798946
7 0.29186153628117917 0.7666790674603174 0.019996279761904746 0.02108134920634915
7 0.2582502927654407 0.8539353458246588 0.039658874045801526 0.05029421119592878
6 0.26631336900484304 0.09707467583190127 0.043533236994219626 0.054190751445086706
6 0.213893359169732 0.100751007181643 0.020773121387283267 0.01601637764932562
7 0.37048022415227794 0.6650999410581788 0.040224542334096114 0.04958047292143396
7 0.3740765844194607 0.7487024508340797 0.037542906178489724 0.05553966437833715
7 0.44755530577836816 0.7054573477068753 0.023318155111633397 0.02705150802976893
7 0.483302801724138 0.7699353448275862 0.030703124999999963 0.043333333333333356
7 0.4898165954415954 0.8481745607787272 0.03680889423076916 0.04607371794871788
7 0.16823210221114243 0.8000205488113303 0.04137424127465859 0.05247850278199285
7 0.06459563648293963 0.7312390638670168 0.043676181102362197 0.06167979002624679
7 0.4322924189898406 0.8775348275474666 0.02685793731041457 0.03338810246039768
7 0.4440439967105262 0.9697094298245612 0.030078125 0.040625
7 0.4925117681418363 0.9874859698552318 0.021812938084112155 0.018010124610591895
7 0.48576125227154715 0.915771568881966 0.024916033878504606 0.03200447819314635
7 0.5365269886363636 0.8195770202020203 0.029765624999999928 0.04093749999999995
7 0.542265625 0.8917447916666669 0.029921875000000053 0.04479166666666667
7 0.5833898121955052 0.8576601707789825 0.026741513437058016 0.04154879773691652
7 0.5890072489391798 0.9287010843941538 0.02729402404526171 0.04508486562942006
7 0.6177960526315789 0.9470449561403508 0.015234375 0.020624999999999952
7 0.6522937499999999 0.9228249999999998 0.023906250000000018 0.033749999999999974
7 0.6580672554347827 0.9813179347826088 0.024843749999999963 0.03208333333333328
7 0.685760407475736 0.9532791569744125 0.022810218978102183 0.03975495307612095
7 0.7120758928571428 0.9768700396825397 0.025156249999999946 0.03760416666666669
7 0.8920588235294119 0.9616360294117646 0.01484375 0.019687499999999976
7 0.953682528409091 0.9459895833333334 0.017578125 0.021145833333333405
6 0.6151309742647061 0.6287086397058821 0.04125000000000005 0.04208333333333343
6 0.7027987938596489 0.7399013157894733 0.039921875000000016 0.02822916666666669
6 0.7149183238636363 0.7676633522727273 0.028046875000000072 0.025520833333333333
7 0.64243975029036 0.5759352013162988 0.027629573170731715 0.032520325203252064
7 0.7398 0.5393416666666665 0.0296875 0.03250000000000005
7 0.8509040178571429 0.49919642857142854 0.018203125000000143 0.03260416666666668
7 0.7549999999999999 0.7420436507936508 0.025390625 0.02802083333333343
7 0.76814453125 0.7587708333333332 0.018203125000000053 0.025624999999999905
7 0.7820876736111111 0.7765451388888888 0.015859375000000054 0.025520833333333333
7 0.8359024784482759 0.718096264367816 0.023828125 0.029999999999999954
7 0.8605098684210526 0.7520285087719297 0.016953125000000034 0.026145833333333358
7 0.9202870525855722 0.6902862762237763 0.022377909919028306 0.028993758434547937
7 0.9316598286581839 0.7073874590321958 0.024038461538461498 0.030996963562753048
14 0.8226122445988165 0.44057121283442247 0.039963619836299105 0.06669108217860581
14 0.7243800657391027 0.48397059341200904 0.03173512289780076 0.05012936610608018
14 0.745242471665125 0.5461188399369642 0.05601816211780024 0.057545731707317076
14 0.7817540322580645 0.584360709430231 0.032848998887653025 0.028851501668520522
14 0.8036501736111111 0.6438136574074075 0.015859375000000054 0.02177083333333331
14 0.7873677884615385 0.642724358974359 0.013046875000000036 0.010312499999999976
14 0.6363365216288579 0.5155805238892534 0.024597772277227748 0.03547854785478541
14 0.6206492130750605 0.535370349988994 0.009028312788906057 0.02568053415511044
14 0.664638151396626 0.5939528926817061 0.0786065100154083 0.08683230611196713
14 0.8568688090694293 0.5035100872410033 0.031011450381679496 0.05632421543681089
14 0.8791348600508906 0.5589880195080578 0.020574904580152698 0.03843299406276503
14 0.7693464018411991 0.7376857557244432 0.06601391921397379 0.10223344250363896
14 0.8401696400683866 0.7083371006011188 0.05794357523302267 0.10375055481580114
14 0.922889018977768 0.6808890459242194 0.05130372159889322 0.11253321422026753
1 0.21027799567320016 0.5298119692014194 0.07213854501532155 0.21329365079365079
1 0.30644020090087015 0.6241746653788957 0.062239311783107445 0.20474887035106015
1 0.38738409056544376 0.6926717220416163 0.06156093489148584 0.18224819143016133
1 0.49866093010001017 0.7947667355233107 0.05290205562273274 0.17089026602176544
1 0.5514921875000002 0.8584250000000001 0.05093750000000004 0.15520833333333334
1 0.5961218749999999 0.8834395833333336 0.04468749999999995 0.14187499999999992
1 0.6619339206357743 0.9383819242853214 0.0390625 0.11751749363867686
1 0.6940249414038717 0.9499450515442994 0.035781249999999966 0.08512761780104713
1 0.7251845079787234 0.9698515070921989 0.03351562499999998 0.05666666666666664
