9 0.07408405172413793 0.27508381226053646 0.01903735632183907 0.020234674329501937
9 0.07489732142857142 0.22815178571428568 0.026640624999999994 0.05802083333333332
6 0.05815801056338028 0.23850645539906112 0.063203125 0.0863541666666667
6 0.14252855053093774 0.1929374188590046 0.06296875000000002 0.07822916666666666
6 0.3017951310915338 0.09840262183067498 0.06546629383313181 0.08136839983877468
6 0.4044031546556578 0.03791905855338691 0.06404734141791049 0.08102623899732109
9 0.34132635946327683 0.08270052573760199 0.03551244703389833 0.08843749999999999
7 0.03371507926195426 0.7338703891828892 0.04055856938669438 0.05249999999999998
7 0.15463491725964928 0.8547006960645178 0.04264201243835788 0.05999472573839668
7 0.2424457644628099 0.6571164356171688 0.04112445014662756 0.05605449657869007
7 0.28739164481351975 0.811207022144522 0.04407051282051282 0.059595352564102554
7 0.36833156653129484 0.5988712374581939 0.04249656593406592 0.05837912087912092
7 0.4455189010680158 0.7568039160577105 0.042026770657672866 0.06218381112984825
7 0.5175974854227405 0.5435131195335277 0.04416454081632652 0.06016156462585028
7 0.7982099184782608 0.389080615942029 0.038046875000000036 0.04854166666666669
7 0.8065932446091646 0.48565251572327045 0.029333726415094397 0.06643081761006293
7 0.7667305424528302 0.4930227987421384 0.006043632075471717 0.030660377358490542
7 0.8060113249845393 0.5887102315673743 0.03797541743970303 0.0751777983920841
7 0.8905443340216831 0.5908836689038031 0.024643456375838823 0.03257829977628634
7 0.8711035646984927 0.6027271775544388 0.018255339195979835 0.027742881072026885
7 0.8692772361169985 0.7481763105835806 0.04868323442136493 0.04095573689416412
7 0.9727054471032746 0.4214158270361041 0.0188916876574309 0.0640218303946264
1 0.7875141658847868 0.5112408256615033 0.06693586983985078 0.233407044609719
3 0.14953723254504503 0.7872442755255253 0.046030405405405414 0.22222222222222227
3 0.27641243787077113 0.7447407273796163 0.06131503527336864 0.22633744855967078
3 0.4270944429858643 0.6790499989528143 0.059881227496191604 0.23646958523750167
2 0.23581638952711986 0.6358638375031095 0.0476095793566631 0.1087030163779899
2 0.18912208686440676 0.7006201447740114 0.06210275423728813 0.07680084745762711
2 0.35773026315789486 0.5676834130781498 0.05178963032581456 0.11173767752715118
2 0.32785563449227745 0.6471937227287362 0.06665610365593269 0.10266746624022739
2 0.5076927923387096 0.5154771505376344 0.05390625 0.11687499999999999
2 0.4767470306371721 0.5800368181428871 0.06646443425418269 0.1121288365453248
