6 0.0621923828125 0.3055598958333334 0.01070312499999999 0.013541666666666667
6 0.136984375 0.30813888888888896 0.010312500000000013 0.013333333333333345
6 0.204828125 0.31344444444444447 0.009531249999999991 0.016354166666666715
6 0.24019531249999998 0.3128971354166667 0.011015624999999973 0.013749999999999988
6 0.2740211397058823 0.31430759803921576 0.012187500000000018 0.013437500000000036
6 0.33591145833333325 0.31697222222222216 0.009843750000000017 0.013541666666666667
6 0.36788352272727276 0.31855113636363636 0.013984374999999983 0.0140625
6 0.4028459821428572 0.3196081349206349 0.014140625000000018 0.0125
6 0.5815407986111112 0.3292766203703704 0.0109375 0.015520833333333369
6 0.6117447916666668 0.3298710317460318 0.011015625000000018 0.013645833333333298
6 0.6419184027777778 0.3314062499999999 0.013359375000000017 0.013229166666666655
6 0.6922569444444443 0.33341435185185186 0.013906250000000054 0.011874999999999976
6 0.7181711647727275 0.3337547348484848 0.01875 0.013437500000000036
6 0.7489279513888889 0.33611689814814816 0.0140625 0.012291666666666678
9 0.21291015624999998 0.28457465277777777 0.006718750000000018 0.017812500000000023
9 0.2361647727272727 0.28703598484848486 0.006875000000000009 0.016250000000000025
9 0.2700837053571429 0.28796130952380955 0.007265624999999965 0.018020833333333344
9 0.3465625 0.29250868055555557 0.006328125000000018 0.016666666666666666
9 0.36726562500000004 0.29396701388888885 0.006406249999999991 0.014375000000000011
9 0.4016646634615385 0.29461538461538467 0.006640625 0.01708333333333337
9 0.5904557291666667 0.3050086805555556 0.007578124999999947 0.01583333333333332
9 0.6110227272727273 0.30542613636363636 0.006406250000000035 0.01572916666666669
9 0.64140625 0.307717803030303 0.006875000000000053 0.016562499999999977
9 0.7082734375000002 0.31184375000000003 0.0067968750000000355 0.014270833333333321
9 0.732375 0.3126041666666667 0.005859375 0.014687500000000023
9 0.7521803977272727 0.3128314393939394 0.006171874999999982 0.01552083333333331
9 0.7987154084636169 0.47173064241137486 0.01418192675159231 0.050424628450106174
9 0.8603978680113233 0.46908174097664546 0.014430732484076359 0.0354962845010616
9 0.9777055921052631 0.4726864035087719 0.015703125000000106 0.03468750000000001
7 0.8399895833333334 0.3380902777777778 0.008046874999999964 0.008333333333333333
7 0.4033823529411765 0.4376041666666666 0.0125 0.015104166666666667
7 0.28303710937500004 0.4375781250000001 0.011953125000000009 0.01895833333333338
7 0.07624320652173913 0.40046648550724634 0.024531250000000004 0.029270833333333357
7 0.12798295454545455 0.40283143939393934 0.023203125000000012 0.025729166666666713
7 0.17856335046323102 0.403331684681207 0.02214371019108281 0.02875088464260435
7 0.07961277173913042 0.4594565217391305 0.018203124999999997 0.025
7 0.1184375 0.4597439236111111 0.018984375000000008 0.022708333333333344
7 0.15757352941176472 0.4594117647058823 0.018359375 0.021875
7 0.24070833333333336 0.47335416666666663 0.01429687500000001 0.02010416666666662
7 0.2383928571428572 0.5038690476190476 0.016718749999999984 0.022291666666666644
7 0.2852794680770398 0.4756691689414619 0.01467953821656054 0.019683297947629144
7 0.2840462999823071 0.505729903868837 0.016504113588110415 0.018577494692144352
8 0.580508586177834 0.5961862621154655 0.009876738305941846 0.06452802359882005
8 0.5956914845584249 0.5959642706640178 0.012740992414664998 0.06452802359882005
8 0.60912039963478 0.5971841784894882 0.00967920353982299 0.0636061946902655
8 0.6539706291759465 0.5954891184800243 0.012962834075723873 0.06345118782479583
8 0.6686974406727593 0.5973763535826742 0.01496380846325165 0.06948311061618402
8 0.6827394209354122 0.5982507423904974 0.012701837416481076 0.06948311061618402
8 0.8685717241043612 0.5541764018691587 0.012047313084112155 0.07204049844236758
8 0.8830374923406863 0.5535449857026145 0.011584712009803867 0.06293402777777773
8 0.8992638996388029 0.5568253891468867 0.01340379901960791 0.06331699346405231
8 0.9314541065268701 0.5561560079278625 0.012733609068627416 0.06331699346405231
8 0.9465188419117647 0.5571427355664488 0.010723039215686292 0.0647212009803922
8 0.9602119927832243 0.5531206502662794 0.010340073529411598 0.06625306372549021
8 0.9920760296306025 0.5563306051587301 0.010627297794117575 0.07059334150326801
12 0.0790029322938615 0.49159087184529665 0.022518963337547403 0.033449220396123046
12 0.11024719196732471 0.4949309540017505 0.021827591656131483 0.025021070375052665
12 0.14219210914454278 0.49620001638806954 0.024988147914032876 0.025547829751369554
12 0.16715999708256346 0.49992503808875494 0.0165929203539823 0.01804150863885378
12 0.6418362146563592 0.39865012443079517 0.04574320925553321 0.03856472166331327
12 0.7062966994676392 0.40322010186116697 0.054939009054325985 0.04024144869215292
12 0.8448695646098814 0.3989079982540748 0.06099094567404428 0.04694835680751179
12 0.910647880409931 0.3992135594588051 0.0600505689001265 0.04740834386852087
12 0.9656381824221467 0.4029969383455026 0.06181751738305952 0.04688158449220398
4 0.421700159541918 0.5869630940933066 0.022548272357723498 0.0640808491418247
4 0.4471417982801258 0.5896025367206232 0.020233812949640217 0.06575989208633098
4 0.4742909475256279 0.5920878206857683 0.020764759855074734 0.06392077661563735
4 0.7197128723714952 0.5842832761390188 0.01743209696261685 0.06206191588785046
4 0.7390309343434343 0.5877087979360708 0.015444624819624853 0.05922318422318421
4 0.7651650432900434 0.5864838864838865 0.01747384559884555 0.05546536796536804
10 0.39001953125 0.6169173177083334 0.02609374999999998 0.04802083333333324
10 0.49709381664466346 0.6153021436308861 0.028742494541484743 0.043895560407569194
10 0.8432034866632376 0.6018420714233229 0.03452448747152612 0.03618545937737281
3 0.4033512443438914 0.5014362849840791 0.017488766339869333 0.0849332788671024
3 0.4449597073677956 0.4965556298276886 0.022212009803921618 0.07165713507625278
3 0.486810661764706 0.4930759803921568 0.02016952614379086 0.06757216775599127
1 0.2397888513513514 0.4888344594594595 0.018671874999999984 0.0691666666666667
1 0.2857098214285715 0.4910892857142858 0.017656249999999974 0.06708333333333337
1 0.33014366792885436 0.49459806850552346 0.017573104113110506 0.07765638389031704
11 0.29518660757530696 0.666581741651146 0.13426315288816953 0.16987322735728275
11 0.9181179227331985 0.6097860801785356 0.10020025605158267 0.13418797845987515
