7 0.10364312689894084 0.18584182828368878 0.030454042081949073 0.04545035068290882
7 0.045765625000000004 0.28059722222222216 0.0384375 0.04750000000000002
7 0.03590435670235837 0.36638697817836813 0.03996520483193276 0.048363095238095254
7 0.1355490747509205 0.3307692134141938 0.0390625 0.05701303155006858
7 0.13879971590909096 0.23596275252525242 0.035859375000000006 0.049583333333333326
7 0.19726199127906976 0.13918604651162791 0.03742187499999998 0.054687500000000014
7 0.24075106792198198 0.28801448570508226 0.04195757250268528 0.06468697281256794
7 0.24894631765749775 0.1829217194124026 0.0375258799171843 0.05380866114561768
7 0.3036588822013439 0.08602398273199799 0.0390625 0.05208333333333334
7 0.3476501668520579 0.25269744160177976 0.031284760845383765 0.05190952910641456
7 0.06911931818181818 0.49628314393939393 0.018203124999999997 0.019687500000000035
7 0.25332741477272724 0.4370075757575759 0.020156250000000007 0.024791666666666677
7 0.1940589488636364 0.5469034090909091 0.01882812500000002 0.01593750000000007
7 0.2378628644462441 0.5639953263143686 0.016007795100222745 0.017747772828507872
7 0.27680803571428564 0.5809300595238096 0.012812499999999982 0.015625
7 0.21637109375000002 0.5996770833333332 0.01773437499999999 0.022500000000000023
7 0.13833984375 0.6670638020833334 0.016640624999999985 0.022916666666666665
7 0.13572916666666665 0.7106828703703703 0.015078124999999987 0.023958333333333335
7 0.18863281249999994 0.6578645833333334 0.019140625 0.02385416666666664
7 0.185361328125 0.7024739583333334 0.016640624999999985 0.023229166666666738
7 0.2383353365384615 0.6474358974358974 0.018046875000000018 0.024166666666666597
7 0.23765104166666667 0.6933402777777778 0.018906249999999993 0.023958333333333335
7 0.337684095056043 0.6320144379760766 0.0213487813884786 0.03138847858197925
7 0.33599190230006326 0.6764458922416824 0.016271233382570173 0.02661866075824726
7 0.45599702380952384 0.5411359126984128 0.014296875000000053 0.019583333333333286
7 0.4632346251819507 0.6036056525958273 0.015181495633187847 0.02786117176128092
7 0.4623664238327175 0.6546106958907177 0.015863810043668103 0.025927947598253218
7 0.4505289952617225 0.25400591300205716 0.02805223651960782 0.06098681850789094
7 0.5113058035714285 0.021463293650793646 0.044921875 0.03802083333333333
7 0.9140594951923076 0.5171394230769232 0.025468750000000106 0.03562499999999993
7 0.9185453869047618 0.5788740079365079 0.026640624999999928 0.03875000000000005
1 0.02490678881596158 0.3146993737640858 0.06375 0.1921121924502865
1 0.12106479779411769 0.27624999999999994 0.066015625 0.20583333333333328
1 0.23099653171453766 0.21803751644690797 0.06804687500000002 0.20913323045267487
1 0.1305534771126761 0.6832805164319249 0.031093749999999986 0.08364583333333328
1 0.18029983108108108 0.6798536036036035 0.03171875000000002 0.1015625
1 0.23032339375710942 0.6698475038575372 0.0298597067745197 0.10504623778227161
1 0.45475635866758496 0.6196278882385572 0.025046443736730328 0.11312367303609333
1 0.9123754882812498 0.5258854166666665 0.032265624999999964 0.12656250000000005
12 0.4923911199756682 0.8715617347495827 0.03685631229235886 0.053294573643410816
12 0.6063158559948911 0.8666493711528568 0.022987234580384187 0.05182002022244691
12 0.8260359642515981 0.8513208171063267 0.018241030751708465 0.06098139711465447
12 0.934621050738671 0.8415609611021968 0.045025728987993216 0.06432246998284737
3 0.41672516848523744 0.14765970439309656 0.07863313008130084 0.2986111111111111
2 0.45658266129032254 0.06492271505376343 0.08953124999999992 0.12145833333333332
2 0.5036081735460578 0.01921614786625032 0.060087943989071045 0.03899134790528233
3 0.5848946413648126 0.14865942937443494 0.07601562499999996 0.251875
2 0.6497859888190076 0.02884419403680409 0.05761104559748435 0.07517688679245284
3 0.7741384214743593 0.11220836672008543 0.07364650106837614 0.18629807692307696
13 0.038647629310344815 0.6453071120689652 0.027187500000000003 0.053125
10 0.9905676020408162 0.8107461734693879 0.02062500000000007 0.1282291666666667
10 0.9932031250000002 0.891015625 0.012265625000000035 0.008645833333333287
4 0.5740534646579579 0.5195769698359625 0.10871047610829879 0.2645663956639567
4 0.689047152056319 0.5006206305655364 0.1208826013513514 0.2776604729729729
4 0.8054350798512357 0.4684605848464958 0.11581163859111791 0.29399566105155694
11 0.10770827776003544 0.8253701248557047 0.2348278985507246 0.30406847285054006
11 0.2809419752886433 0.7701114944524162 0.1564655172413793 0.29376022355507087
1 0.33090069520174475 0.6548686841148672 0.03390812431842964 0.10666575790621594
