11 0.09782795329670325 0.5541781135531139 0.08515625 0.2480208333333333
11 0.24357244318181817 0.6719507575757575 0.029921875000000007 0.034687499999999954
11 0.25371874999999994 0.6144791666666667 0.011328125 0.009166666666666738
11 0.25657552083333335 0.49053819444444435 0.03875000000000002 0.051145833333333356
7 0.09777220904306344 0.1417029633662596 0.02101238624873608 0.04170879676440849
7 0.10245513144590497 0.20998092108430833 0.011849089989888772 0.027595214020896524
7 0.1151534062184024 0.21130877148634983 0.0047396359959555046 0.014534883720930243
7 0.1151204920795416 0.2607501966071228 0.0037917087967644036 0.016852039096730713
7 0.10150156182290912 0.25913771727093265 0.012323053589484323 0.027805864509605656
7 0.24948219476744188 0.15895106589147287 0.019453125000000026 0.03895833333333334
7 0.25758463541666665 0.22828124999999996 0.013593750000000026 0.02635416666666668
7 0.2578841145833333 0.27263888888888893 0.009687499999999983 0.025416666666666643
7 0.2696651785714285 0.2745684523809524 0.0030468749999999823 0.016145833333333335
7 0.3708333333333334 0.17767708333333335 0.01664062500000001 0.03427083333333334
7 0.3828645833333333 0.23984953703703707 0.00914062499999999 0.021562499999999988
7 0.38452690972222214 0.2858912037037037 0.014374999999999982 0.024479166666666666
7 0.42996093749999986 0.18676041666666668 0.00546875 0.028541666666666642
7 0.4396010044642857 0.18182663690476195 0.009375 0.035312500000000004
7 0.49720274390243907 0.1923170731707317 0.018046875000000018 0.03427083333333334
7 0.5122656250000001 0.2544444444444445 0.016562500000000036 0.024375000000000004
7 0.5125355113636363 0.2977272727272727 0.012734374999999964 0.022708333333333344
7 0.4030786826981245 0.03745084694494858 0.024425287356321813 0.04489942528735632
7 0.5177343750000001 0.05771990740740742 0.02351562500000002 0.044062500000000004
7 0.6453485576923077 0.03930288461538462 0.017031249999999963 0.035729166666666666
7 0.7028586458555295 0.09280962189549449 0.02688512145748989 0.04203216374269007
7 0.732399910031489 0.0576712213225371 0.017712550607287447 0.03486279802069277
7 0.7915670955882353 0.10979166666666666 0.026015624999999966 0.039895833333333346
5 0.11075728864076495 0.23269180974859074 0.028821559873949586 0.11979166666666667
5 0.26654342296511624 0.25237766472868217 0.02953125000000001 0.11604166666666667
2 0.7540050821945609 0.022084855454832453 0.05543059125964005 0.04552270779777206
1 0.41339786321081845 0.038468253968253964 0.04054687499999998 0.07125
1 0.5284763967468177 0.06531084656084657 0.03922825318246117 0.0942951438000943
3 0.7124166094724509 0.07173650251844534 0.03964956647398852 0.12054431599229286
3 0.8013472576530614 0.06859268707482993 0.038437499999999944 0.13114583333333332
10 0.9928972577418232 0.3747836203897007 0.011646985908141972 0.018919624217119
10 0.9942425626304802 0.429866910229645 0.009052061586638871 0.010764613778705663
10 0.7784757133152173 0.3358038949275363 0.15460937500000008 0.17604166666666668
10 0.4359984583081114 0.30868898989680627 0.1335897775423729 0.1973958333333333
