7 0.013345609267734555 0.17418716628527842 0.01358695652173913 0.015255530129671986
7 0.06413173496983567 0.19163676236044658 0.016447368421052634 0.019069412662090012
7 0.12692715700141444 0.19048797736916548 0.016575318246110315 0.018564356435643574
6 0.023591724031177156 0.07930491817210568 0.016808143028846152 0.02416366185897436
6 0.1013897235576923 0.0762119391025641 0.011174128605769218 0.019781650641025647
7 0.1431249241872877 0.07049739878160548 0.012025791484716164 0.013305131004366817
6 0.19450553199529727 0.07348001343634532 0.006652565502183405 0.020924308588064038
6 0.18555664062500002 0.06869791666666665 0.0035937499999999954 0.008958333333333336
9 0.2810260391782131 0.03947185061315497 0.007383241758241743 0.018543956043956047
9 0.30946943681318684 0.04093406593406595 0.009701236263736267 0.017055860805860808
9 0.35190980894105894 0.03891941391941392 0.00746909340659343 0.01877289377289377
6 0.2732944139194139 0.07492464133089134 0.010559752747252737 0.024610805860805864
6 0.3188156951743908 0.07384237139671922 0.01081730769230771 0.022092490842490844
6 0.3602856406985871 0.07155121664050233 0.016311813186813184 0.02037545787545787
9 0.44966317879520734 0.039670816386354474 0.0076519044740024356 0.01826380491737203
9 0.4772791069269304 0.03943062513195525 0.00746296856106401 0.01637444578798871
9 0.5214421268305791 0.0371993819696359 0.007935308343409896 0.020782950423216442
6 0.439265097432797 0.07283237218243266 0.01039147521160828 0.02179060862555422
6 0.4820497387286232 0.07216002332008983 0.014831469165659073 0.021790608625554205
9 0.9397098873707532 0.03910481290004924 0.013847858197932083 0.01646356474643033
9 0.9742141340472674 0.040589611029049726 0.009808899556868589 0.015694239290989658
7 0.09502392730858152 0.3280336257309941 0.011570532435740521 0.013514891880864965
7 0.09550811986361252 0.35747071166287814 0.010805538555691552 0.012877396980824152
1 0.09369628167974656 0.3440091229270166 0.014056762545899637 0.06961444308445533
7 0.14298369950389794 0.32617971887550207 0.012330572289156617 0.014432730923694828
7 0.1425739723600283 0.35588678242381294 0.011483433734939763 0.013303212851405632
1 0.14233226007478192 0.33996762913723855 0.012612951807228923 0.0630020080321285
7 0.17849953991258338 0.34993002837205733 0.016732085346215796 0.020464304884594733
7 0.18034499745741162 0.39069342034635707 0.015222423510466987 0.020464304884594733
1 0.17889492753623193 0.3720830861372433 0.01773852657004833 0.081857219538379
7 0.23411565647893773 0.2402773008241758 0.017456501831501825 0.020985958485958484
7 0.23504571600274726 0.2799359928266178 0.01645489926739927 0.020222832722832724
1 0.234632107801053 0.2593733306623931 0.017027243589743613 0.08585164835164835
7 0.29757852214960057 0.24031333212297265 0.015956903594771265 0.019744008714596955
7 0.29709877210688196 0.28018069973087273 0.015446282679738577 0.019403594771241827
1 0.2971872643288084 0.25952373470755813 0.01621221405228761 0.0862949346405229
7 0.35963096058713817 0.2383559051712486 0.016250963020030797 0.018618387262455075
7 0.36027482184129433 0.2788444562146893 0.015287942989214143 0.017173857216230104
1 0.35978345332341527 0.2574888643890689 0.016250963020030797 0.08474576271186442
7 0.2726510565052232 0.3236190250079139 0.014356303418803406 0.0169159544159544
7 0.2740009014423076 0.351210084283001 0.014356303418803406 0.016322412155745467
1 0.27328130466836587 0.3356637676813116 0.015469195156695158 0.062173551756885104
7 0.32090505908191036 0.32200543388600167 0.010874860801781771 0.013571826280623612
1 0.3208485469847524 0.33418056864256745 0.011918847438752777 0.06333518930957685
7 0.3670518085367852 0.32163143809055666 0.011098537604456827 0.015523444753946158
7 0.36770706389275765 0.3488876073584031 0.010772110027855187 0.01349233983286909
1 0.3672121913166916 0.3316476278480109 0.011751392757660151 0.06470519962859793
7 0.44845982142857144 0.3201785714285715 0.012656250000000036 0.015104166666666667
7 0.44829532464563326 0.3462219935985368 0.011895576131687235 0.015717878372199342
1 0.44819491904271996 0.32531670504278537 0.013074417009602168 0.07330246913580248
3 0.45723197471078836 0.27548258003766474 0.01686507936507935 0.09027777777777776
2 0.4767656561287616 0.17118634441298805 0.018923010380622874 0.03370098039215688
2 0.48076340830449815 0.20756199538638986 0.019733996539792374 0.03676470588235293
2 0.4816367074621792 0.25700818743271564 0.021226415094339667 0.028957023060796654
7 0.4936041666666666 0.3181111111111111 0.010546875 0.013020833333333334
7 0.4948149671052631 0.34596491228070175 0.013125000000000053 0.012708333333333321
1 0.4949011479591838 0.32929421768707473 0.013749999999999929 0.05802083333333332
4 0.4924097782359199 0.39842877398556703 0.02723065144766155 0.08607089829250185
4 0.5663716148604141 0.37109869787708355 0.02693228454172365 0.053437072503419954
4 0.568804664988212 0.42103258918609493 0.025756668946648454 0.02393980848153217
3 0.5795269423558895 0.26614191729323305 0.010769110275689187 0.0828895154553049
8 0.5982652193800055 0.3297820008285004 0.022144586267605605 0.09151261737089206
8 0.626375440140845 0.3279533727522367 0.022419674295774607 0.09077904929577467
8 0.6534281759636769 0.3269075343876123 0.023244938380281698 0.0948136737089202
8 0.7304700937392499 0.332115606964033 0.02412683823529411 0.0869757625272331
8 0.7586352159398243 0.3312227668845315 0.022977941176470562 0.08850762527233116
8 0.7856833146394151 0.3279542160555371 0.022594975490196133 0.08765659041394334
8 0.8598225458843156 0.325767055988135 0.023185483870967617 0.09089381720430106
8 0.8867952548963135 0.3252298147081413 0.023311491935483986 0.0925739247311828
8 0.9130978865406005 0.32183328698553937 0.023185483870967617 0.0913978494623656
4 0.9692396249445183 0.38134709276520184 0.030792276964047894 0.08266755437194853
10 0.6751552083333335 0.44587222222222217 0.0390625 0.05614583333333337
12 0.7249765625 0.43501388888888887 0.008906249999999982 0.04145833333333335
12 0.7782800226874093 0.4372052861028497 0.009973404255319184 0.03607663514578411
10 0.8246197745714806 0.4400747249574518 0.05598673413566733 0.05903537563822023
11 0.30102260233660255 0.49994623231491714 0.18108767629858963 0.22092864923747282
