7 0.9163016621743034 0.4896207696915245 0.03493514150943398 0.03360849056603777
7 0.12185276144801978 0.40249200701320137 0.04935024752475248 0.05404290429042901
7 0.1445599383307896 0.4975523367554147 0.03670210771077109 0.06868811881188121
7 0.17481435643564355 0.5097720709570958 0.006033415841584166 0.027021452145214533
7 0.13197194719471947 0.6123831133113312 0.03883044554455446 0.0752887788778878
7 0.16194588208820881 0.6260688568856886 0.006342821782178221 0.023102310231023063
1 0.15474831030897207 0.5340568676965737 0.08262310606060605 0.2607323232323232
7 0.32620851370851367 0.5852873977873977 0.043323863636363626 0.06565656565656562
7 0.3197375541125541 0.6939484126984127 0.045217803030303025 0.06912878787878789
1 0.3338450024437928 0.623245221027479 0.07291666666666666 0.24747474747474746
7 0.5785984848484848 0.7155934343434344 0.042850378787878805 0.059343434343434254
7 0.5829578108672936 0.8202390282131662 0.04190340909090908 0.061553030303030214
7 0.6975695570640141 0.7748249999141945 0.03870412844036704 0.053345959595959634
7 0.7047740334378265 0.8747169975618249 0.03716856060606064 0.055555555555555476
7 0.8033393633068711 0.8281356720449481 0.032196969696969634 0.05113636363636367
7 0.8108351661779079 0.9214015151515151 0.03669507575757569 0.056818181818181775
1 0.5970924318245 0.7453549254007972 0.0659403669724771 0.22967635066258923
1 0.7156306172234284 0.8060496766813734 0.0659403669724771 0.21916411824668708
1 0.8212061138373278 0.8663245067128148 0.06785168195718647 0.20610346585117229
