6 0.47636613370180275 0.030886739483265334 0.04697986577181208 0.034395973154362415
6 0.5273100490196079 0.07150122549019608 0.047812499999999945 0.04552083333333334
7 0.5470741490478332 0.1519507234967761 0.02569901315789478 0.03626855600539812
7 0.4712160326086957 0.18105978260869568 0.023671874999999964 0.029062500000000005
7 0.40248139880952366 0.21086805555555557 0.023515624999999974 0.024583333333333356
7 0.6648437499999998 0.29896354166666667 0.02109375 0.023958333333333335
7 0.5995847557773109 0.3192784926470589 0.020187762605042004 0.024072128851540656
12 0.2092800664388216 0.31110418932031425 0.13887773136246784 0.21423676269022843
12 0.4258758165771047 0.40183590021949445 0.1304392224409449 0.1742946194225722
12 0.6676660532452499 0.5079294581151079 0.11179687499999993 0.1366074346405229
9 0.7924921704793031 0.5931826434277416 0.031403186274509755 0.1325912309368192
9 0.8444169985702615 0.6014518654684096 0.029233047385620915 0.12050653594771248
9 0.8912247440744702 0.6186653822920621 0.02616932189542478 0.11228817128225863
12 0.919635589018285 0.597442204497301 0.048318688514924976 0.10229438997821347
12 0.9631932664404899 0.6186898995718287 0.0670512071651089 0.0900506230529596
12 0.8689039099891922 0.5852519813699757 0.03557660761154864 0.038276465441819715
10 0.13731810813498876 0.6966754609117808 0.06419995306131795 0.15920017249011617
10 0.19944825529376675 0.7443272194055074 0.011743215031315235 0.04871259568545578
10 0.20132002435629787 0.7021645209928091 0.012721816283924858 0.02500869867780094
10 0.24114365866388304 0.7579810368823938 0.006524008350730659 0.04914752957550448
