10 0.12111411224992959 0.7022701523903446 0.23823832417582413 0.3600045787545787
10 0.6650068681318679 0.8039434523809521 0.2330872252747252 0.280448717948718
9 0.31560842175066317 0.8986595301250474 0.04507211538461542 0.11961996336996338
7 0.3303279552884108 0.8399021055221625 0.02699732415902143 0.03822629969418957
7 0.259461009174312 0.8156324328916071 0.035359327217125404 0.039819062181447505
7 0.9440912717685424 0.06318803626355836 0.035682847082494897 0.03342974513749162
7 0.1430849125364431 0.18176020408163263 0.039540816326530594 0.07440476190476192
7 0.15256211180124224 0.06039263531499557 0.03922193877551021 0.07312925170068027
7 0.17445670081476156 0.18944953670420966 0.00535436137071652 0.030828141225337488
7 0.1827175817757009 0.0695796555901696 0.005232671339563866 0.036182502596054
7 0.3346628382586051 0.2654528041968599 0.04061933876811592 0.07019927536231885
7 0.34016927083333326 0.1549526343599034 0.04203464673913042 0.06491545893719806
1 0.15876225490196078 0.12022875816993463 0.06458333333333335 0.2298611111111111
1 0.34795217803030304 0.19000631313131314 0.06822916666666665 0.2520833333333333
7 0.5955938898210291 0.28978296669152376 0.04236577181208059 0.0591442953020134
7 0.6001156357699982 0.3888385029324627 0.0413171140939597 0.0599832214765101
1 0.609451872266764 0.32423393464528677 0.06397480867346941 0.22666879251700683
7 0.7137904877860237 0.34851061636775926 0.03846460459183669 0.0550063775510204
7 0.7181097536670917 0.44610471141581626 0.03766741071428577 0.056069302721088475
7 0.8226376488095237 0.489406179138322 0.035475127551020336 0.05288052721088435
7 0.8167322453534984 0.4016243774295433 0.03128985969387763 0.04623724489795921
1 0.7298852040816323 0.3841730442176871 0.061583227040816355 0.21258503401360548
1 0.8342139668367349 0.4247130102040816 0.05919164540816322 0.19876700680272114
