7 0.11473827231121281 0.068999491482329 0.05117753623188405 0.0676328502415459
7 0.09848159801678108 0.1722603610475464 0.0516304347826087 0.0640096618357488
7 0.30489034320584574 0.013077516065505801 0.04022854477611939 0.02390391791044776
7 0.29967496867167925 0.09857877867746286 0.05022321428571428 0.06657268170426066
7 0.29165524488304084 0.20821367655249234 0.049146303258145396 0.06200396825396825
7 0.3708565848214286 0.19591517857142857 0.027968749999999966 0.03729166666666668
7 0.05141089593114241 0.5156925348386616 0.026958626760563386 0.0332201542588867
7 0.043658691278103415 0.5751173708920189 0.027901785714285716 0.03437290409121398
7 0.14878515625 0.527703125 0.026171875 0.031770833333333276
7 0.14424360795454544 0.5877414772727272 0.029140624999999986 0.03427083333333331
7 0.24520757713248637 0.5422338173018755 0.02595186781609198 0.03340517241379312
7 0.2385656130268199 0.5971224457215835 0.025592672413793104 0.031130268199233768
7 0.49416750151217287 0.5738302711830233 0.024200674807197942 0.029188089117394966
7 0.4930377035132819 0.6304270208511854 0.023799003856041168 0.031062553556126814
7 0.581506019387117 0.584284448613717 0.015116869918699205 0.029979674796748058
7 0.5789634146341462 0.6400971093044263 0.02400914634146343 0.030826558265582685
7 0.6566815315720105 0.27891979191628724 0.025554906542056076 0.03569574247144338
7 0.6399581768521679 0.11254552179355866 0.044554455445544504 0.05837458745874589
7 0.7401190621594198 0.08711025091760935 0.041650616332819725 0.051200564971751406
7 0.8000380715954606 0.14464888369678092 0.04088785046728969 0.05922248182762201
7 0.8844554073239271 0.11609512518783054 0.041886818687430424 0.049012791991101215
7 0.9558215647370061 0.17257365909326697 0.046466503267973816 0.05605482933914307
7 0.8850959329044116 0.6294615502450981 0.0191004136029413 0.033318014705882366
7 0.8867288873269897 0.683931660899654 0.0193876378676471 0.030254289215686233
12 0.3503048908103713 0.8335600642620231 0.026101463834672777 0.0754640260237275
4 0.6401727773509246 0.6174551435024943 0.08485298843187658 0.24730806079215462
4 0.7415299540851099 0.6253468448138749 0.08516979768786123 0.2417594954482693
4 0.846485868492165 0.6417375699621012 0.08851931330472099 0.24022412970910825
1 0.8930854166666664 0.6498097222222222 0.03117187500000007 0.11604166666666664
1 0.49581389925373126 0.5925575248756219 0.026015625000000053 0.11958333333333329
1 0.5824890988372091 0.5964534883720932 0.025 0.1092708333333333
1 0.14720819733442128 0.546074083788282 0.034520348837209315 0.1258536360280547
1 0.04763038818766374 0.5350480273080894 0.034555288461538464 0.12725624156545212
1 0.24297026142958966 0.5562714958874971 0.03194552277432714 0.1258410973084887
1 0.2984443815166649 0.12550195254061283 0.05870630296610173 0.235625
1 0.10685032894736841 0.10764939692982459 0.06515625 0.2178125
3 0.5843411399010254 0.21942917717434482 0.0537546641791045 0.29570454465262336
2 0.6532197315558803 0.0599395848551254 0.05410684121621623 0.13795045045045043
2 0.66870238288061 0.16088899664880152 0.06497739916550768 0.0817107093184979
3 0.7551053599465022 0.23297829724822802 0.045979131534569985 0.2877318718381113
2 0.8159438076571586 0.10844971204401974 0.05686560934891487 0.11999165275459098
2 0.8407742220611057 0.1940271984127232 0.07205939440993792 0.07019927536231882
3 0.9146205357142853 0.28872547229525763 0.06865893404907979 0.2847009202453987
2 0.7996053685897435 0.0203258547008547 0.04929687500000002 0.04739583333333333
2 0.9545855525965381 0.04700399467376832 0.06241677762982682 0.10236351531291611
2 0.9704715519337863 0.14930129402891504 0.06192032040472171 0.10451798763350198
2 0.9785819474248925 0.2451274439675727 0.038806554005722485 0.052306866952789716
10 0.4898882968653493 0.84251004805857 0.08998208263069145 0.11674893173553814
11 0.16397603037126054 0.726149691719749 0.33217678837555886 0.40423031544957777
