7 0.1339453125 0.53453125 0.010078125000000004 0.016145833333333273
7 0.17828125 0.2589157196969697 0.029843749999999992 0.021458333333333357
7 0.14473828125 0.16302083333333336 0.01585937500000001 0.043125000000000004
7 0.14636718749999997 0.0852157738095238 0.017343750000000012 0.038125000000000006
7 0.34845128676470594 0.09429534313725492 0.011249999999999982 0.03333333333333333
7 0.368359375 0.09707175925925927 0.011874999999999991 0.036145833333333335
7 0.34591015625 0.16564062500000004 0.009296874999999982 0.03739583333333331
7 0.367905505952381 0.16767857142857145 0.010781249999999964 0.04645833333333333
7 0.35585937500000003 0.23901041666666664 0.02359374999999999 0.008645833333333316
7 0.4692059115312791 0.10357499481273989 0.01214548319327724 0.0342845471521942
7 0.4887804731267506 0.10473199696545282 0.009628851540616257 0.03574346405228758
7 0.46883024042950516 0.17894102085278557 0.011270133053221266 0.03443043884220357
7 0.4887580032012805 0.18252092503668133 0.009081757703081195 0.030199579831932777
7 0.5890110872675249 0.18548030800302953 0.012853183118741018 0.03800071530758225
7 0.6081551451052525 0.1954961169016963 0.005700107296137347 0.011176680972818313
7 0.5880698930803403 0.11300604874130964 0.01307671673819737 0.037106580829756805
7 0.6081551451052524 0.12177260031337282 0.005253040057224556 0.012368860276585592
7 0.7851207846952011 0.2883070327136475 0.024015077821011754 0.013240380458279273
7 0.7986878758401132 0.19780735369256772 0.01631404020752276 0.03999135322092521
7 0.7964494163424126 0.12576519081869275 0.019049935149156916 0.04053177691309987
7 0.8876714563632779 0.29315857302337794 0.023548315602836923 0.013051615445232478
7 0.9084768659236746 0.20268701452212085 0.01865395981087481 0.03989361702127659
7 0.9073335303388493 0.13028813880862736 0.02105496453900706 0.04026300236406617
7 0.9892357021332285 0.2958273349910571 0.02236086572438172 0.016686297605025522
12 0.18634442016745004 0.5097276284436608 0.021482079905992955 0.06928123775949864
12 0.6401217270782489 0.5177826237608847 0.020105023501762707 0.06585389737563657
12 0.7518039772727272 0.5202935606060605 0.021328125000000052 0.0632291666666666
1 0.14353999754741661 0.11522600101736792 0.022200989208633094 0.16730365707434053
1 0.3584882478632478 0.12425213675213675 0.031597222222222186 0.16342592592592592
1 0.4788899739583333 0.12389322916666665 0.030729166666666696 0.15625
1 0.5984767025089606 0.1316345579450418 0.031597222222222235 0.15671296296296297
1 0.8055751568100359 0.14279793906810032 0.033333333333333395 0.15486111111111114
1 0.9167147435897437 0.158792735042735 0.03489583333333339 0.15254629629629632
10 0.4638627850702733 0.45919517369398044 0.15457189737470167 0.16432975338106595
10 0.8892145946982609 0.4668377177093985 0.1616572195704057 0.17129077167859982
