7 0.8594173288784539 0.3414404109726486 0.027259797724399525 0.06637168141592925
7 0.8830061699554772 0.3384428992836072 0.024395543615676373 0.0641329540665824
7 0.7694709160116527 0.35042667509481673 0.02686472819216181 0.06255267593763172
7 0.7433437595361613 0.3577513550430853 0.02755609987357772 0.06373788453434474
7 0.6586156249999999 0.36357500000000004 0.025390625 0.06500000000000003
7 0.634253771551724 0.36763649425287354 0.02734375 0.06322916666666666
7 0.035995535714285716 0.5355029761904763 0.0234375 0.029166666666666726
7 0.09789062500000001 0.5219764254385965 0.023515625000000005 0.027604166666666666
7 0.03433605283329548 0.6021462639109697 0.022895877100840335 0.035561099439775985
7 0.08708259456264775 0.5759767707319335 0.021886081560283675 0.03644602048857368
7 0.08535491071428572 0.6387410714285713 0.021796875000000004 0.03260416666666674
7 0.1306579097985348 0.6647553863960115 0.02078125000000002 0.034827152014651946
7 0.13314453124999998 0.605546875 0.020234375000000006 0.03197916666666659
12 0.39751506663271374 0.35565078304048886 0.09207589285714293 0.08272058823529414
7 0.166266571969697 0.5634895833333331 0.024609375 0.04937500000000009
7 0.20049479166666662 0.5915126811594205 0.024296875000000016 0.046875
7 0.20849459134615383 0.6312459935897435 0.016328125000000006 0.027395833333333286
7 0.19608695652173913 0.6831884057971013 0.010312499999999992 0.019895833333333238
7 0.19515950520833333 0.704084201388889 0.013281250000000022 0.024791666666666736
7 0.19093749999999995 0.7334106182795701 0.016328125000000006 0.02645833333333331
7 0.2224715909090909 0.7544460227272727 0.013203124999999982 0.02822916666666669
4 0.3568854324734446 0.933777503793627 0.017664074355083458 0.09610520991401117
4 0.19519331617086197 0.887913415087328 0.027517712550607264 0.12419871794871801
1 0.04868963924716896 0.5666573299503971 0.04734375 0.14979166666666674
1 0.09790434160305347 0.6042628816793888 0.044296875 0.13843749999999996
1 0.1420879499337811 0.6388362520890484 0.037916972140762464 0.1286045943304007
2 0.2596605355971129 0.6991948272090988 0.045060285433070876 0.023170931758530244
2 0.23353507344033914 0.6725879517464163 0.04721333661417324 0.03629429133858272
3 0.264158874671916 0.7398586895388076 0.028143454724409444 0.06028543307086617
3 0.23071289062499992 0.7309929154363517 0.03214197834645667 0.08284120734908136
7 0.254840816172017 0.7685998384817283 0.015840305118110232 0.021530511811023702
7 0.259891219652231 0.7265351596675416 0.014609990157480324 0.021735564304461854
7 0.2302108570563295 0.7081251261861498 0.014302411417322868 0.02009514435695543
