9 0.15547916666666667 0.34417361111111117 0.008359374999999992 0.015104166666666667
9 0.18083333333333335 0.34231770833333336 0.010624999999999996 0.015312499999999988
9 0.7066264204545454 0.2807102272727274 0.009140625000000036 0.017395833333333322
9 0.81236328125 0.26916666666666667 0.009999999999999964 0.016979166666666677
9 0.8528515624999999 0.26579861111111114 0.008046875000000142 0.018229166666666668
9 0.8855273437500001 0.2595225694444444 0.008984375 0.01885416666666663
6 0.15476318359375002 0.37686197916666664 0.020625000000000004 0.021875
6 0.19260298295454545 0.3734375 0.016171875000000013 0.020937499999999963
6 0.6709703947368421 0.32124451754385963 0.010312499999999947 0.024062499999999966
6 0.7161754261363638 0.3146354166666666 0.011015624999999928 0.022187500000000013
6 0.796636284722222 0.3073611111111111 0.011171874999999965 0.021666666666666678
6 0.8434635416666667 0.3027546296296297 0.013828125000000035 0.02333333333333337
6 0.8913352272727272 0.2966193181818182 0.012734374999999964 0.023958333333333335
6 0.9792992692126357 0.284565063649222 0.011271216407355133 0.018417020273455917
7 0.9721504934210529 0.38504934210526315 0.01453124999999993 0.0171875
7 0.9539375000000001 0.396734375 0.016171875000000037 0.021458333333333357
7 0.8842782738095238 0.40410714285714283 0.017734375000000035 0.02364583333333332
7 0.8173288690476189 0.410639880952381 0.017499999999999894 0.024479166666666666
7 0.7000625000000001 0.42042708333333334 0.013437500000000036 0.021562499999999988
7 0.9177604166666665 0.5546527777777778 0.01515625000000007 0.019791666666666666
7 0.91640625 0.587542892156863 0.01867187500000007 0.025833333333333406
7 0.8671240234375001 0.5912239583333334 0.015859374999999964 0.022708333333333285
7 0.8654867788461539 0.5589903846153845 0.014375000000000072 0.01864583333333331
7 0.8142857142857143 0.562641369047619 0.01328125 0.018125000000000096
7 0.8141130514705885 0.5933088235294118 0.018593749999999964 0.022395833333333334
7 0.7256752232142857 0.568095238095238 0.012968750000000018 0.01593749999999995
7 0.72578125 0.5995163690476191 0.016093750000000018 0.02052083333333338
7 0.3276370917685256 0.5974065762668704 0.013048188025210062 0.015756302521008438
7 0.3277576054460246 0.6266496983408749 0.012227547268907601 0.019585959383753484
7 0.056155133928571445 0.617611607142857 0.0109375 0.018541666666666737
7 0.05463020833333334 0.6465069444444445 0.014999999999999996 0.016979166666666736
8 0.23415917987598917 0.5296835291610373 0.018992170912951155 0.13446567586694969
8 0.2648852671356593 0.5310001214733128 0.01807988322717624 0.1349079971691437
8 0.29774570325349126 0.5275834055999125 0.018577494692144335 0.13490799716914376
8 0.3681770833333332 0.5224636994949494 0.016874999999999973 0.1358333333333333
8 0.40156982421875 0.5228824869791666 0.018046875000000018 0.13614583333333333
8 0.4353365384615385 0.5140785256410256 0.020546874999999964 0.13385416666666666
8 0.5111132812500001 0.5054361979166666 0.019296875000000036 0.13791666666666663
8 0.5449410455782824 0.5023939317168127 0.019487693934782425 0.13645548193770474
8 0.5790053013392856 0.5068675595238096 0.020703125 0.14156250000000004
4 0.15698295454545452 0.6897102272727273 0.026718749999999993 0.08656250000000003
4 0.18772235576923077 0.6786586538461539 0.032343750000000004 0.08864583333333335
4 0.69017490472561 0.6524995426829265 0.028794778963414647 0.10291920731707324
4 0.6532350852272728 0.682717803030303 0.014609375000000036 0.03239583333333324
4 0.650328125 0.62390625 0.014999999999999947 0.04708333333333326
3 0.15957859848484846 0.5586758207070707 0.019296875000000012 0.10260416666666661
2 0.7092721361324907 0.41782391500213784 0.032126168224299076 0.08055880062305291
2 0.7171381578947369 0.4930646929824562 0.015781249999999948 0.025937499999999978
3 0.6886164314516128 0.5041431451612902 0.020937499999999963 0.11614583333333334
10 0.3384790990259741 0.7325270562770562 0.057578125000000036 0.059687500000000074
10 0.353921875 0.7672708333333333 0.03265625000000001 0.006041666666666738
10 0.4914792952064547 0.7232599573605746 0.043172065337762966 0.05767811000369131
11 0.036013798823706825 0.76130207862062 0.0663879882370683 0.13003694767003465
11 0.9107222773539178 0.7002037958332764 0.1601092058898949 0.2513449595609475
1 0.9173703457446806 0.566378546099291 0.01953125 0.07322916666666673
1 0.8665061773255814 0.5722747093023258 0.0171875 0.06822916666666666
1 0.8142732558139534 0.573234011627907 0.019921875 0.06739583333333338
1 0.7251367187499997 0.5783664772727272 0.016953125000000034 0.06802083333333328
12 0.31250937875150064 0.27899701547285566 0.06871498599439776 0.09468370681605975
12 0.438734375 0.25096874999999996 0.046171875000000015 0.09885416666666665
12 0.5730244252873563 0.24517081736909324 0.03987068965517242 0.10459770114942529
1 0.05358506944444443 0.6272106481481484 0.015781250000000004 0.058437500000000024
