12 0.16076171874999995 0.6789337384259259 0.026171875 0.09156250000000009
12 0.7050202922077922 0.6740043290043294 0.03890624999999996 0.06499999999999997
9 0.6782151442307692 0.6925200320512819 0.014609374999999947 0.03260416666666674
10 0.3500401654391372 0.5757143714890117 0.22764701156812342 0.26014888603256214
10 0.7980464217872011 0.5751163779375296 0.18517030848329047 0.20793166238217656
7 0.9717832880434782 0.19725317028985503 0.021875 0.02677083333333335
7 0.20860529803984576 0.0593259626713796 0.0354474614395887 0.06480291345329905
7 0.2173402465367038 0.16451028872703036 0.03112949871465296 0.05998286203941732
7 0.367079966188672 0.09709266541972403 0.03161943671766343 0.05737134909596662
7 0.3771564794449655 0.19429035805543876 0.029228963838664822 0.05824061196105704
7 0.5109418972795499 0.1273484730039608 0.03258384146341466 0.051956300813008144
7 0.519180559159315 0.21855269417055873 0.03534679878048781 0.053607723577235776
7 0.7174930555555552 0.17380092592592594 0.032421875 0.04479166666666667
7 0.7294353693181818 0.2573934659090909 0.03328125000000002 0.04843750000000003
7 0.8216631944444446 0.19756944444444444 0.032187500000000036 0.04572916666666664
7 0.829724069148936 0.2780252659574467 0.03093749999999993 0.042708333333333334
7 0.9102525481984827 0.2226052201854193 0.02814870417193429 0.03898019384745049
7 0.9215715147684174 0.2967371247238504 0.029926517067003645 0.0443794774546987
1 0.22333840113973782 0.0947898800631958 0.06051542933810376 0.1982707215265355
1 0.3856040413365893 0.11255509559830842 0.05799463190184051 0.21232745398773006
1 0.5243669010425124 0.14184903416943626 0.0583596870838881 0.19904016866400356
1 0.7357109374999998 0.20068541666666664 0.059687499999999984 0.18114583333333334
1 0.8350828656682621 0.22112561277152434 0.060929548346055996 0.17228583545377438
1 0.9303468276515154 0.24553503787878786 0.05882812499999997 0.16270833333333332
