7 0.20937305715839988 0.6074577593855438 0.035645071982281284 0.049141749723145146
7 0.21862791317142466 0.6943868950976412 0.022895244215938294 0.0441838046272494
7 0.23041665995619415 0.7688255599218363 0.021611077111383103 0.0391421868625051
6 0.08358715559802518 0.46841322928279455 0.02652691511387163 0.058337646652864034
6 0.1862849480684803 0.482652822009908 0.024134156050955414 0.0526362349610757
6 0.36881874002735354 0.5060227661271938 0.02473349883177569 0.041374610591900306
6 0.47011090018172375 0.5092781888196608 0.022816880841121455 0.04380841121495328
6 0.5712046370967742 0.5159106182795697 0.027187500000000052 0.04218750000000006
9 0.37884415064102583 0.480494123931624 0.02523437500000001 0.08500000000000002
9 0.45870011113622666 0.4808906720916213 0.046108583860759465 0.07763053797468356
9 0.5391551150229686 0.48660365974016645 0.05423259274640087 0.07814461055740125
7 0.738189338235294 0.6477766106442576 0.03479516806722689 0.045737044817927126
9 0.7444415211108317 0.5089977590684426 0.018695809248554962 0.06093448940269746
6 0.7367748761354254 0.5369615331681806 0.025650289017341076 0.035284200385356415
9 0.8407464011817956 0.49357503562149013 0.02877286585365848 0.07101117886178858
6 0.8383669969512197 0.5423272357723578 0.0315358231707318 0.040777439024390225
9 0.9014787229159016 0.5256294757620271 0.01988271208226209 0.07819194515852619
6 0.9391200709903869 0.531916397883464 0.0373027012711864 0.08638947740112997
7 0.9328228935698446 0.9290311653116531 0.02489837398373975 0.034044715447154414
7 0.9869771177550485 0.9338119590873326 0.02566056910569099 0.03116531165311649
