7 0.09728768975925375 0.4729883222116784 0.05038639807733288 0.04659172527012837
7 0.30553820443723506 0.47046421781521985 0.04765743550834598 0.05801087506322708
7 0.4681531703590527 0.5426330885889709 0.044424019607843146 0.05412581699346403
7 0.6858473557692308 0.8987970496383959 0.0520833333333333 0.08012820512820511
7 0.6969258922383922 0.9837180930930931 0.035895270270270264 0.02685377685377688
7 0.8161661278132348 0.6842126441607882 0.056461517467248964 0.08597161572052402
7 0.8401660981156593 0.7970137535196017 0.06770833333333322 0.09722222222222227
7 0.9743520585317459 0.42712880291005295 0.061904761904761865 0.09151785714285712
9 0.5535216552315608 0.5869068038879359 0.023732311320754727 0.045204402515723295
14 0.23040067769758843 0.613961743824444 0.024671052631578937 0.04099923722349352
14 0.3908207380174292 0.6831427015250545 0.03404139433551197 0.04811183732752357
14 0.3085762881067157 0.41979039863798623 0.11655852280852277 0.2674996424996425
14 0.1306328605030722 0.3413958493343573 0.11479334677419355 0.2913306451612903
14 0.47348096885813157 0.497954512687428 0.1287821691176471 0.25779411764705884
14 0.21301248721445618 0.6671567791794522 0.02106951073985681 0.03430787589498804
14 0.3651071854756222 0.7329135413115127 0.030205847255369945 0.03356205250596662
1 0.6680636641987949 0.9140888565090114 0.09440963060686017 0.18277264731750217
1 0.7989949452003023 0.7156714537666921 0.14090401785714288 0.25876322751322756
1 0.9456565271242747 0.4446423608086027 0.121875 0.2398735425240055
6 0.4920201790119729 0.8182230637407126 0.08113872403560825 0.0698089762611275
6 0.41190290724060885 0.9877106316622444 0.03780471041055718 0.026787023460410588
