7 0.0587890625 0.25093315972222224 0.04036458333333333 0.0482638888888889
7 0.17864583333333334 0.36097608024691363 0.03671875 0.048263888888888926
7 0.2854329427083333 0.45559895833333336 0.03229166666666665 0.0430555555555556
7 0.03552389705882352 0.6089665032679739 0.030989583333333338 0.04236111111111107
7 0.3378216911764706 0.425 0.0359375 0.03576388888888893
7 0.9727443609022556 0.6230093462823725 0.03289473684210531 0.07355628654970765
7 0.9799205043859647 0.7387914230019492 0.034950657894736815 0.07355628654970753
7 0.9435392680921051 0.7461280153508771 0.00753837719298236 0.037006578947368376
7 0.6595511642156864 0.8395322712418299 0.038679534313725485 0.0699550653594771
7 0.6639126438618927 0.7308206344131855 0.03427542892156863 0.05872140522875817
7 0.5238453364463601 0.7828713681353767 0.036031788793103384 0.05949173850574721
7 0.5169233417145596 0.8822737068965515 0.03653690732758621 0.05904274425287355
7 0.3954597059729065 0.9168462643678161 0.031990840517241326 0.051634339080459786
7 0.4036637931034483 0.8291487068965518 0.034348060344827624 0.051634339080459786
7 0.28877715233666057 0.8463777979431338 0.023572198275862054 0.03502155172413796
7 0.21560908111285268 0.7998322394200628 0.023572198275862054 0.032103089080459786
7 0.22532215227228022 0.8921998983539905 0.030931843891402754 0.04713423831070891
7 0.2083775216817496 0.9770240227501257 0.03287613122171944 0.04548453996983402
7 0.13072952923773057 0.9861570367792089 0.02280118778280542 0.019325037707390653
7 0.1429397009639976 0.9209210440028855 0.02828054298642533 0.04548453996983402
7 0.06901159502262445 0.9476338612368025 0.02704326923076924 0.042420814479638004
7 0.012449421965317916 0.8868593448940267 0.021405346820809246 0.029503853564547218
6 0.11490106535495351 0.5603361264913321 0.024401510282776352 0.032133676092545
6 0.0752814635713838 0.5944305546847244 0.04107085475578407 0.03708761782347902
1 0.9565145502645505 0.6620645943562611 0.0700231481481481 0.25810185185185186
1 0.645210788439955 0.7658179012345675 0.0625 0.2287808641975309
1 0.5061416921508664 0.8161527353041114 0.06259556574923542 0.21470438328236494
1 0.38431848439312444 0.8649304457098664 0.06570145259938842 0.20259938837920485
1 0.2050397280471822 0.9117370667686034 0.06235665137614681 0.16851427115188583
1 0.12650313585238168 0.9235052868916185 0.0575783639143731 0.13665902140672775
1 0.05440456438284856 0.9394786176719373 0.05670871559633027 0.10701134046890932
