7 0.9576468749999998 0.28890000000000005 0.018281250000000072 0.018229166666666668
7 0.9878841145833333 0.0629861111111111 0.02140625000000007 0.011145833333333336
7 0.7081735378715244 0.00483381271971876 0.021078020134228215 0.008109619686800894
7 0.6091873506664991 0.007001645288397051 0.023736167002012108 0.01624329309188464
7 0.4471223958333333 0.012031249999999999 0.011093750000000036 0.02614583333333333
7 0.43265624999999996 0.011410984848484849 0.005859375 0.020833333333333332
7 0.47855468749999996 0.07820963541666666 0.021953125000000018 0.01947916666666667
7 0.3065871710526315 0.08162280701754386 0.020859375000000034 0.02979166666666666
7 0.25961874999999995 0.019725 0.020078124999999992 0.03125000000000001
7 0.22777343749999995 0.3051111111111112 0.01640625 0.0160416666666667
1 0.25601953125000004 0.02695572916666667 0.02320312499999999 0.042083333333333334
12 0.2717059659090909 0.292090909090909 0.02359374999999999 0.053958333333333344
12 0.5049516369047619 0.2823164682539682 0.014531250000000018 0.06270833333333335
10 0.7091183035714284 0.22312059082892427 0.12234375000000001 0.13385416666666664
10 0.41265905256102065 0.2189609143860947 0.022442157451923128 0.14034955929487178
10 0.30808416193181815 0.23704308712121208 0.02710937499999999 0.13708333333333333
