10 0.891742405098832 0.5133434619480217 0.07321147798742125 0.07888255590496147
10 0.04310926258992806 0.6449090727418064 0.017048860911270985 0.0699440447641886
4 0.21231860158311341 0.5438516930518911 0.03298153034300792 0.11653474054529464
4 0.26170601815924255 0.5296536586734957 0.03298153034300792 0.11641430826737018
10 0.7034224759615384 0.5405849358974357 0.05343750000000007 0.07229166666666659
4 0.173070580474934 0.539632805628848 0.01999505277044855 0.11351143359718563
10 0.2892255337011273 0.6073099064523867 0.07214709762532982 0.0777814423922603
7 0.4844750946349275 0.2151579675329402 0.01901798063623792 0.03745965882895345
7 0.5609439834024895 0.2010791263254956 0.019558264177040117 0.03976486860304288
7 0.8161739280774549 0.17178423236514523 0.018585753803596106 0.037027431996311665
7 0.40830577887275243 0.2247219340710004 0.01847769709543563 0.037027431996311665
12 0.3451980953166227 0.5921902484608619 0.009688324538258585 0.029683377308707175
12 0.44023399999999996 0.5786460000000001 0.0210939999999999 0.046875
7 0.2695007721066319 0.24579856595867647 0.012597529258777662 0.020318595578673607
7 0.5848605348086677 0.1993718303365606 0.017505186721991705 0.03688335638543106
7 0.3647853523964159 0.22864799446749648 0.01761324343015209 0.03601890272014752
7 0.9330548077290259 0.2336838571301282 0.01643826135105204 0.02930047988187523
7 0.156361855711104 0.24438401474175414 0.018356765033407572 0.02459168522642911
7 0.9180063166637528 0.2522658390161451 0.012285437430786316 0.028839055001845713
7 0.9016969401511868 0.2658860561413646 0.013929263565891503 0.026647286821705408
6 0.20458825784915194 0.15988699927823893 0.012821127300613511 0.030834611451942735
6 0.2577320469982471 0.15348835086181714 0.013180598159509182 0.026041666666666668
6 0.3089994385407537 0.14500940330119777 0.011742714723926361 0.02508307770961145
6 0.39938134143463894 0.1330472313984584 0.01126342024539877 0.023485429447852754
6 0.4491069146216768 0.12666155419222902 0.012222009202453954 0.028278374233128838
6 0.5005332151073619 0.1230854848329925 0.011143596625766871 0.021728016359918206
9 0.20858895705521469 0.1144874744376278 0.01042465490797544 0.019331543967280155
9 0.24348159509202452 0.10911937627811859 0.012581480061349692 0.019331543967280155
9 0.29776169478527603 0.1063035212167689 0.011143596625766871 0.018372955010224942
9 0.4153985333588957 0.09126565695296525 0.01186253834355826 0.015976482617586923
9 0.4586848159509202 0.08473926380368098 0.009226418711656414 0.016455777096114513
9 0.49386802626533743 0.08136023773006135 0.010185007668711688 0.02108895705521472
6 0.5943988909863143 0.10759546562844109 0.01246165644171784 0.020609662576687112
6 0.6957420215903728 0.09518296759477742 0.012940950920245341 0.024124488752556225
7 0.6508978783231083 0.09091683708248124 0.013300421779141125 0.018852249488752547
10 0.09661645683453238 0.6372152278177459 0.02810251798561151 0.06969424460431656
11 0.5108966973886327 0.5363543266769073 0.16777073732718897 0.3072196620583717
2 0.2860184403153153 0.32724130380380384 0.026276276276276312 0.03566066066066066
2 0.2813555743243243 0.23597257972257973 0.04246433933933935 0.10166416416416417
3 0.25849388790964867 0.3539136963050007 0.02932620120120122 0.1351351351351351
2 0.19733728293510905 0.24855018061539802 0.03964902402402402 0.09540790790790789
2 0.20434496996996993 0.3363590863590863 0.025103228228228237 0.0312812812812813
3 0.17780648295354173 0.3725508596832127 0.021818693693693693 0.1154279279279279
1 0.9401931626266642 0.3605888635008939 0.01684196801112652 0.07041029207232269
1 0.8872179135995115 0.36525648201544597 0.018363178025034798 0.07692976356050067
1 0.8345382282491116 0.37524146190696944 0.018906467315716213 0.06997566063977748
1 0.739952520262817 0.38786608955605645 0.014777468706536822 0.06055864626796475
1 0.685681008720821 0.3951426217594507 0.016298678720445103 0.06693324061196103
1 0.631864342081393 0.40892203845921266 0.01477746870653691 0.07721951784886413
7 0.6841823133982381 0.38419004017926134 0.012930285118219764 0.014342837273991608
7 0.6296722878998608 0.3910354852418483 0.011409075104311573 0.016371117292535924
7 0.6323576892509437 0.4255145208291939 0.012386995827538261 0.01926866017617061
7 0.6870352786990479 0.4166778110623729 0.014016863699582771 0.01753013444598981
7 0.7407403748893665 0.41063450920891814 0.011843706536856758 0.015501854427445495
7 0.7379951176402411 0.3759078967702055 0.013364916550764949 0.015646731571627253
7 0.8322195902874363 0.3642815059496213 0.012169680111265535 0.018834028743625393
7 0.8363395340751042 0.39670705395670613 0.01575538942976351 0.023759851645804395
7 0.8892057612068044 0.39263934952391133 0.01412552155771909 0.020427677329624493
7 0.8852265154149281 0.3575567918405192 0.013690890125173816 0.018544274455261935
7 0.9381700567918404 0.3513029284500077 0.01423417941585523 0.017819888734353265
7 0.9403522687760779 0.38660465924895693 0.01499478442280946 0.020282800185442738
7 0.6732117280054379 0.3378791189227683 0.013837638376383765 0.026522140221402188
1 0.5349374063144089 0.41371947411154836 0.017522133220910608 0.07008853288364249
1 0.47974033682435424 0.42059591432206156 0.01897133220910625 0.06534569983136596
1 0.42475744985355446 0.4284451643442502 0.018049114671163567 0.06517003934794831
7 0.42717335933108497 0.4534382611954283 0.015414207419898851 0.016336424957841444
7 0.42407634523992027 0.4174331851397619 0.013569772344013487 0.01528246205733558
7 0.47918423271500854 0.4107644744238337 0.013438026981450246 0.014404159640247372
7 0.48266710102713484 0.44172223925596615 0.01501897133220913 0.018795671725688596
7 0.5335687183811131 0.402540636125164 0.015545952782462092 0.017390387858347425
7 0.5368144450406255 0.43667599264142265 0.014491989881956168 0.020025295109612172
7 0.32716951438848924 0.4326663669064749 0.01573741007194247 0.020608513189448452
7 0.32776318008093525 0.46530744154676257 0.01405125899280577 0.01667416067146282
1 0.32723040317745794 0.4474024946709299 0.016439973021582732 0.07175509592326137
