7 0.17492138364779874 0.3411919906613303 0.02452294168096054 0.060927672955974836
7 0.1415302364446645 0.32905731616736816 0.014758448873483543 0.046035528596187154
7 0.16053863823771938 0.4413186672949308 0.03325995405819295 0.06667942827973453
7 0.13065621686888915 0.4277471826284996 0.015553215926493103 0.0468989280245023
7 0.36182328345070414 0.36653951486697967 0.018155809859154947 0.051936619718309866
7 0.3281360035211267 0.3599471830985915 0.017825704225352144 0.056924882629108
7 0.35613706945228685 0.4561805947675513 0.01746894409937889 0.060817805383022734
7 0.32273065476190477 0.45376570767195773 0.017981150793650834 0.06324404761904757
7 0.5124145693208939 0.38249439502422794 0.02200178997613369 0.05991447891805889
7 0.5455165359699966 0.38111575178997614 0.010068615751789967 0.04077167859984089
7 0.5157235552335493 0.48363095238095244 0.027781921241050077 0.06240055688146384
7 0.5436713495335213 0.4726938236783106 0.01454355608591884 0.04897573587907716
7 0.8221298576902025 0.42417841178617033 0.03352490421455947 0.05926724137931032
7 0.8354158675000564 0.5136712046464289 0.03500813665422431 0.06130028514660531
7 0.9921223279457768 0.5312717240180743 0.013115875912408726 0.05865484880083418
7 0.9834524183417086 0.4386341429369068 0.02885521356783922 0.05666352596314906
7 0.15619501337274774 0.5805121527777779 0.04381334459459461 0.025865709459459416
7 0.3162705115830115 0.5942326254826255 0.017287795608108114 0.02428209459459462
7 0.34356901544401547 0.5958665138352639 0.020718961148648685 0.023930180180180234
7 0.49653629464970106 0.614460370994941 0.0414997892074199 0.025997751545812284
7 0.8154819786825621 0.6942374722166095 0.040443776520509275 0.029025223950966485
7 0.9634533898305087 0.7066197241608507 0.04594809322033892 0.031956214689265634
1 0.15551173941798943 0.3586018407496224 0.06388639088729017 0.22332134292565944
1 0.3466271918209188 0.37040193837347607 0.05460937499999998 0.22005296610169492
1 0.5289124999999999 0.3956611111111111 0.04937500000000004 0.2176041666666667
1 0.9973481293793794 0.3810195612278946 0.0054124436936936245 0.03847597597597593
1 0.9834270833333333 0.4381527777777778 0.02898437499999993 0.062083333333333296
1 0.9920697975517889 0.5312107658505963 0.013241525423728895 0.05924356559949781
1 0.844607558139535 0.43876332364341086 0.06476562500000008 0.21166666666666673
10 0.2171130601816175 0.8905318856573844 0.06474315767973857 0.19918898236150362
10 0.3160874299463937 0.8679879464062578 0.050156250000000034 0.15413925438596496
10 0.41069095005724776 0.9085547434570301 0.05265624999999998 0.19478795471417978
10 0.9297384982638887 0.9224276620370369 0.090234375 0.16187499999999996
10 0.9882944283758721 0.9141647531572903 0.01929265929965567 0.15520833333333334
