7 0.9896315290558965 0.027137298341286073 0.01778342280163585 0.048165899795501024
7 0.7255508762974305 0.1261272758209971 0.031943912710566645 0.04019908116385909
7 0.8620670787225102 0.2191162394359621 0.025520030816641004 0.04285439137134051
7 0.2726694042152361 0.5969622041681384 0.0322462248322148 0.04695656226696497
7 0.30380810511775147 0.5336912729817295 0.03219047757378575 0.042492312815015275
7 0.3436547074518773 0.475148497554158 0.03989779874213837 0.051886792452830184
7 0.4040118405852907 0.6490261198819149 0.03569322776280326 0.02891958670260557
7 0.4407471713226142 0.5934669745871035 0.03839382946785967 0.0444137037909113
7 0.4790774273104878 0.5382863880235376 0.03784559968847354 0.049811786085150564
7 0.6049632352941177 0.5973713235294119 0.037734374999999966 0.050208333333333265
7 0.1362637867647059 0.9101715686274511 0.030937499999999996 0.028854166666666594
7 0.24897879464285716 0.9519270833333334 0.030781249999999982 0.025833333333333285
7 0.353802095176636 0.9838184140206 0.028311221281759023 0.027560455192034185
7 0.7787828947368419 0.9578089244851257 0.037900457665903886 0.059353546910755145
7 0.8954163262527235 0.8456662468228032 0.04123263888888875 0.06433823529411763
7 0.9064593090855496 0.9442313256037382 0.047849387527839585 0.07041109873793623
14 0.32382461011935104 0.48039419196127636 0.15138241183743686 0.29853466261325706
14 0.4741674245125823 0.5164245819182456 0.13718750000000002 0.21539189594106875
14 0.39546175613102375 0.6462763676899332 0.04576830732292918 0.03338835534213681
14 0.52459375 0.7028125000000001 0.05281250000000002 0.03958333333333333
14 0.6018507296346953 0.5784610019533631 0.143539444867936 0.2031396043308888
14 0.5487782048722044 0.023254459531416402 0.05491214057507996 0.047590521831735885
14 0.7076728129226905 0.12250025586174867 0.06639522008762411 0.05288236432349276
14 0.7548284313725491 0.05192810457516339 0.0672794117647059 0.06470588235294118
14 0.8506196120689653 0.2204708511757193 0.07748672385620914 0.06740196078431374
14 0.8951399135866221 0.1486363478216285 0.08210937500000011 0.07072916666666668
14 0.955771815223614 0.06111767107833233 0.09480450596080008 0.11654290429042904
1 0.7595050747654932 0.9452948334431284 0.06793500492598951 0.10999375567665753
1 0.8881414898360355 0.8980119221684739 0.09557374648013521 0.22283758678788862
6 0.42441553696713896 0.9369963382076246 0.040307283763277725 0.03730399595346488
6 0.44341348084043347 0.8763717268144711 0.034868208279430754 0.03530616645105648
6 0.6372123579545457 0.6436505681818182 0.04242187500000005 0.05822916666666676
