11 0.6402007668779549 0.45738612478746804 0.17495126856435653 0.20874999999999996
12 0.7464768145161292 0.4230275537634408 0.00859375 0.027395833333333345
10 0.7980358270202016 0.43041456228956226 0.06023437499999993 0.06666666666666667
4 0.8386034707483059 0.37383132772541966 0.02546874999999993 0.08666666666666671
4 0.8768867722602739 0.37275684931506853 0.02734375 0.08770833333333332
4 0.917578125 0.3721797839506173 0.026093749999999895 0.0829166666666667
9 0.606205357142857 0.00818452380952381 0.00703125 0.016666666666666666
9 0.6348681640625001 0.008444010416666668 0.006562499999999982 0.015312500000000001
9 0.677471217105263 0.007538377192982456 0.007109375000000018 0.016875000000000005
9 0.7739182692307692 0.00625801282051282 0.007656249999999964 0.016979166666666667
9 0.8032465277777778 0.007754629629629626 0.007890625000000017 0.015625000000000003
9 0.8490624999999999 0.006996527777777776 0.007265624999999965 0.017083333333333332
6 0.8533309659090909 0.041208964646464646 0.011875000000000035 0.0190625
6 0.8090827546296296 0.04049382716049383 0.01085937500000007 0.0175
6 0.7634939236111112 0.041892361111111116 0.011406250000000017 0.020624999999999998
6 0.6855972782258065 0.04189180107526881 0.010468749999999982 0.02083333333333333
6 0.6412284482758622 0.04309985632183908 0.009843749999999929 0.02125
6 0.5979241071428574 0.04236235119047619 0.010234375000000018 0.022083333333333337
6 0.5173114224137931 0.04289870689655173 0.010234375000000018 0.0203125
7 0.47286907327586214 0.03940373563218391 0.011484375000000036 0.017187499999999998
6 0.43104736328124993 0.042815755208333334 0.009531249999999946 0.01802083333333333
6 0.3578885135135135 0.04568130630630631 0.011015624999999973 0.02208333333333333
6 0.31787109375 0.042745535714285715 0.009453125000000017 0.016875000000000005
7 0.06112239583333333 0.029243055555555557 0.031875 0.04208333333333334
7 0.0891694972826087 0.05680480072463767 0.03203125 0.0359375
7 0.11401599702380952 0.07683531746031744 0.030546875000000008 0.03729166666666666
7 0.18125578703703704 0.13882330246913582 0.01265624999999999 0.013645833333333341
7 0.15570991847826088 0.2059873188405797 0.03773437499999999 0.044166666666666674
7 0.36036873927498925 0.19337417774917778 0.031725363756613764 0.04602072310405644
7 0.2435431729699667 0.09539599040085692 0.02424568965517242 0.03348628105302187
7 0.2986031249999999 0.09494791666666665 0.02414062499999998 0.03302083333333334
7 0.35476562499999986 0.09360498366013072 0.025390625 0.03291666666666668
7 0.4847410714285714 0.1566577380952381 0.013046875000000036 0.01895833333333335
7 0.5523647836538463 0.15883012820512823 0.008437499999999964 0.013749999999999988
7 0.7399340820312499 0.1385807291666667 0.012656250000000036 0.015625
7 0.8191937499999999 0.1564916666666667 0.011562499999999965 0.0171875
7 0.8808593749999998 0.15517094017094013 0.015312499999999929 0.018124999999999978
7 0.9331458333333332 0.1258020833333333 0.010390624999999964 0.015312500000000003
7 0.9215059267241378 0.13855244252873566 0.0109375 0.012916666666666672
7 0.5163346354166667 0.28949652777777773 0.0032031250000000176 0.014270833333333321
7 0.5094856770833333 0.28828125 0.003125 0.012083333333333357
7 0.5367252604166666 0.313359375 0.004453125000000035 0.016250000000000025
7 0.5269891826923077 0.3130929487179487 0.0033593749999999644 0.014270833333333321
7 0.5370625 0.35178472222222223 0.004609374999999982 0.017812500000000023
7 0.5262144886363637 0.3537215909090909 0.004453125000000035 0.014791666666666713
7 0.5938802083333333 0.20674479166666665 0.0048437500000000355 0.0171875
7 0.5838448660714286 0.20713541666666663 0.004453125000000035 0.016458333333333314
7 0.5929492187500001 0.24630208333333334 0.005078125 0.01843749999999999
7 0.5822109375000001 0.24678125 0.004296875 0.01729166666666666
7 0.5966093750000001 0.2911180555555556 0.004374999999999929 0.013854166666666678
7 0.5882763671875 0.3097981770833333 0.006718750000000018 0.01083333333333331
7 0.6355729166666666 0.2909930555555556 0.003515625 0.013645833333333298
7 0.6433072916666667 0.2910677083333333 0.0028906249999999466 0.011250000000000012
7 0.6432271634615385 0.32082532051282053 0.004062499999999946 0.012187499999999988
7 0.6547343750000001 0.24758333333333335 0.004140625000000053 0.017604166666666674
7 0.6440052083333334 0.24729166666666666 0.004765625000000018 0.018020833333333344
7 0.6551846590909093 0.20713068181818184 0.0037499999999999643 0.01875
7 0.6447840073529412 0.20928308823529412 0.00546875 0.01854166666666668
7 0.6819921874999999 0.2915190972222222 0.004375000000000018 0.013437499999999976
7 0.68884375 0.2912708333333333 0.0032812500000000354 0.011354166666666702
7 0.6808268229166665 0.319453125 0.003984375000000017 0.01083333333333331
7 0.7157198660714286 0.24500744047619044 0.005546875000000018 0.01895833333333335
7 0.7061764705882354 0.24777573529411764 0.0048437500000000355 0.018437500000000016
7 0.707171875 0.20838194444444444 0.005937500000000017 0.01895833333333335
7 0.7170572916666665 0.2072309027777778 0.004218750000000071 0.017916666666666685
1 0.5129387019230769 0.2977263621794872 0.011953124999999964 0.053854166666666654
1 0.5312051504629631 0.33077739197530864 0.017109374999999982 0.07781249999999999
1 0.5878894042968749 0.22461425781249997 0.018125000000000037 0.0834375
1 0.5927001953125 0.29626953125 0.013750000000000017 0.06010416666666665
1 0.6496385063559322 0.22726341807909606 0.016562499999999945 0.08572916666666665
1 0.6396788194444445 0.30029706790123456 0.011796875000000017 0.061666666666666654
1 0.6847620738636363 0.2978503787878788 0.011953125000000054 0.062187499999999986
1 0.7117051091269839 0.2235515873015873 0.01687500000000002 0.08406249999999998
3 0.8078556034482759 0.2577622126436781 0.01687500000000002 0.09583333333333334
3 0.8727992334905663 0.25708726415094335 0.018281250000000072 0.09229166666666669
3 0.9350563214419804 0.24479348519777033 0.013583461934156382 0.09688988566303382
2 0.8377907986111109 0.2226736111111111 0.026250000000000107 0.023125000000000017
2 0.8380797697368421 0.19001096491228073 0.01867187500000007 0.0234375
2 0.9005208333333334 0.22339583333333332 0.025 0.025625000000000023
2 0.9012993421052633 0.19289473684210529 0.013046875000000036 0.021875
2 0.899579678362573 0.16260634712430092 0.016712097611630304 0.014494634821737613
