7 0.08740025760241267 0.07551101616821647 0.017521676300578028 0.02480732177263968
7 0.23020805964266944 0.06536280434401821 0.013638005780346818 0.02769749518304431
7 0.42566014188124013 0.057929365913469956 0.016166907514450914 0.022037572254335256
7 0.4969209800315292 0.05432759677701874 0.0165281791907514 0.020472061657032754
7 0.6251655828516378 0.04467224630700064 0.015986271676300578 0.029022157996146433
7 0.6977575231481483 0.03996913580246914 0.015625 0.029791666666666664
7 0.7707609953703703 0.03636574074074073 0.01687500000000002 0.0275
7 0.7767003676470587 0.14659926470588233 0.009687499999999983 0.02677083333333335
7 0.7879861111111112 0.1485648148148148 0.0028906250000000355 0.016562499999999977
7 0.7011545138888888 0.15010416666666668 0.007890625000000017 0.025312500000000012
7 0.7129079861111112 0.15189814814814812 0.004375000000000018 0.016979166666666677
7 0.6260444078947367 0.15581688596491225 0.007500000000000018 0.0234375
7 0.6375852272727273 0.15584280303030304 0.004453125000000035 0.019999999999999987
7 0.5043706597222222 0.15983217592592597 0.007109375000000018 0.021041666666666656
7 0.49284179687500007 0.16334635416666674 0.005234375000000036 0.021458333333333326
9 0.05017243247147192 0.3123695973165133 0.012718023255813948 0.048660262891809934
9 0.27525765187900236 0.3067861054937647 0.007978387259858444 0.04181412200876308
1 0.07093011670209287 0.15162585840418571 0.02009330035971223 0.10641486810551558
1 0.21844303403431092 0.1453080324202177 0.019250224820143914 0.10828836930455633
5 0.4971527039731852 0.13074199731124195 0.021779451438848872 0.1030425659472422
7 0.6984412470023981 0.10419789168665065 0.005761016187050405 0.02248201438848921
7 0.7103965265287769 0.104947292166267 0.005058453237410099 0.02304406474820144
7 0.7747600747526978 0.10037282673860912 0.010116906474820109 0.025479616306954434
7 0.7867065722422062 0.10079436450839327 0.005198965827338142 0.020046462829736204
4 0.20616368575956528 0.32672324520581253 0.03219096671949284 0.10829371368198627
4 0.2183245389713298 0.29285525620707875 0.00829536450079238 0.015187533016376105
11 0.4350135598220768 0.3789311506495602 0.0857843137254902 0.18110021786492378
10 0.8220406228698021 0.19026570665757778 0.166015625 0.19618055555555552
