7 0.2155913249597649 0.68640957012572 0.06100867678958786 0.07208062183658702
7 0.06845421721665873 0.5420852015958795 0.0894151557666019 0.11457958606134735
7 0.051352635681109635 0.7150564144981019 0.09382754342431762 0.11786600496277917
7 0.236686056998557 0.23405261892103993 0.056684680451127845 0.06683375104427733
7 0.28749922538266104 0.31035043688417924 0.05336145194274029 0.08392978868438992
7 0.28848049092438155 0.42404717686359716 0.052742177097203725 0.08530292942743009
7 0.4145933493589745 0.350448717948718 0.05015624999999999 0.06437500000000002
7 0.4860628009163389 0.4267834955477326 0.05579085990888384 0.07545558086560362
7 0.49493154856110505 0.5347182528963932 0.0511646006180996 0.07704823728479043
7 0.6487633813215209 0.5230333412434741 0.05121816168327795 0.07475083056478411
7 0.6685641849332326 0.6300757957503991 0.05180776014109343 0.07403733098177542
3 0.32309026738831603 0.27602711955744325 0.10893324842135481 0.43898923992673994
3 0.5126417750076822 0.37955075652951 0.11770869634805559 0.4229599834983499
3 0.6811789634983115 0.5003704513351706 0.14902708570615042 0.4017385057471265
4 0.32166100341651804 0.9103950753766941 0.17926615918803424 0.20989583333333334
4 0.47706915617834067 0.9361382765269959 0.15670922256097555 0.15968749999999995
4 0.5753741968944408 0.9422081804852646 0.09569310897435894 0.11380876068376071
7 0.5700795691711389 0.44056847545219646 0.039411896243291535 0.0534809183064997
