7 0.8606821106821106 0.4565335424710425 0.04029420045045047 0.05372560060060062
7 0.883778911122661 0.3036570224070224 0.035895270270270174 0.0619369369369369
7 0.874984917953668 0.19911652724152715 0.042933558558558536 0.0609984984984985
7 0.9938597972972973 0.42987800300300294 0.01473817567567579 0.027083333333333334
7 0.7351492117117117 0.36185180716430715 0.03343186936936941 0.05677552552552552
7 0.7323087596525094 0.2639358108108108 0.04047015765765769 0.052552552552552534
7 0.5331503378378378 0.4394707207207207 0.03395974099099099 0.04645270270270269
7 0.5372244239431738 0.3585376241626241 0.03343186936936941 0.04551426426426423
7 0.5406854464758875 0.3071315801095213 0.02885698198198199 0.05325638138138136
7 0.5569749436936937 0.5514107857857857 0.031144425675675613 0.041056681681681674
7 0.4735732975622682 0.5774156509450628 0.030440596846846902 0.039179804804804874
7 0.4415394747425997 0.4807150900900901 0.03448761261261257 0.04574887387387386
7 0.4441277214714714 0.3997122122122122 0.0318482545045045 0.04363738738738743
7 0.36562650820463316 0.43734582797082794 0.030088682432432456 0.0434027777777778
7 0.3621063972626472 0.5071718352968353 0.028681024774774765 0.03917980480480481
7 0.24851022897897895 0.49121387012012 0.023226351351351315 0.03659909909909912
7 0.2427916197447447 0.5567677052052051 0.02604166666666665 0.037302927927927956
7 0.24720814564564558 0.4392673923923924 0.023050394144144136 0.03190690690690688
7 0.26169235641891886 0.3894519519519519 0.021466779279279268 0.05020645645645647
7 0.28875834539897033 0.6387079043329044 0.024985923423423408 0.0333145645645646
7 0.23405607756193691 0.6543115381006004 0.02516188063063063 0.03190690690690694
7 0.18589878941441443 0.5799940565565564 0.022698479729729736 0.03214151651651645
7 0.19280510979729729 0.5178420608108107 0.023930180180180182 0.03636448948948949
7 0.14239736895986896 0.5423107766857765 0.022698479729729715 0.03261073573573577
7 0.13688297672672672 0.6027120870870869 0.02533783783783783 0.03354917417417423
7 0.06847104015072766 0.5776133705821205 0.02045502533783784 0.030088682432432397
7 0.06148604659346847 0.6325661599099099 0.022170608108108104 0.03079251126126129
7 0.07931271114864866 0.529906126829955 0.021642736486486493 0.02639358108108111
7 0.11512000281531531 0.47631615990990994 0.0146484375 0.023930180180180234
7 0.02522472249034749 0.6479247104247103 0.023622255067567568 0.029384853603603624
7 0.03026463963963964 0.5977383633633634 0.01953125 0.028505067567567603
10 0.9110196722919941 0.7173246582286761 0.20018136160714298 0.2539062499999999
10 0.4860115470467032 0.7872453067765567 0.19042968749999994 0.21856398809523808
10 0.21981899434156388 0.8242648319615916 0.13246527777777778 0.16851851851851857
10 0.04349199459876542 0.842663323045267 0.08333333333333334 0.13912037037037037
1 0.022387770265856692 0.62482989309121 0.03772290809327846 0.09945130315500693
1 0.057566314160844734 0.605164901479142 0.04275977366255144 0.10345221764974859
1 0.13183215169678536 0.5754048130255858 0.04050925925925926 0.10859625057155924
1 0.18102846000058367 0.5490130266857349 0.04297410836762687 0.12931527206218565
1 0.2361945648367043 0.5276981243129127 0.04404578189300414 0.11974165523548237
1 0.3501480610534108 0.46219181164311457 0.05101165980795615 0.1578932327389118
1 0.4294228291141871 0.4296458238073465 0.050582990397805186 0.16818129858253314
1 0.5222328816115063 0.38338896621644847 0.051469143081761 0.1795073375262054
1 0.7202312691131502 0.2999606153275878 0.05327790519877675 0.20960754332313963
1 0.8630213816614025 0.23098189368493174 0.060684250764526125 0.2245795107033639
1 0.7860135085258728 0.07789239930119828 0.03879433638443928 0.06006864988558353
1 0.469857709360774 0.2666949212822457 0.029519157814870932 0.05469145169448663
7 0.25677424231644846 0.15154165085688992 0.03071049136786188 0.04329902611775121
7 0.15232999162769212 0.09447114921954693 0.029465471447543145 0.04468238158477202
7 0.04255171343611063 0.0420299478414843 0.03226676626826029 0.04039397963700752
7 0.11511123480350578 0.17883122467250964 0.020177321882951647 0.020541772688719255
7 0.06437119861577181 0.3026382480425056 0.024538590604026845 0.05313199105145413
6 0.3211491655076495 0.03978326379230412 0.03607440890125173 0.03317686601761706
