6 0.6961328891067926 0.07445808819159686 0.06012658227848107 0.08386075949367089
7 0.2973033805762082 0.4817030669144982 0.024976765799256517 0.05518122676579929
7 0.30302135886882636 0.5788681625066384 0.027736988847583667 0.05479166666666669
7 0.32597609356242496 0.5799819927971188 0.007467830882352944 0.032278536414565906
7 0.44302359796208635 0.5069940473746539 0.029719533029612766 0.052416735018655555
7 0.45119999999999993 0.5994333333333334 0.031015625000000036 0.05395833333333329
7 0.5722495816854274 0.527114390021296 0.030979046242774633 0.04865125240847779
7 0.5829812499999999 0.6147916666666667 0.03328125000000002 0.050937499999999976
7 0.7756182898773007 0.5610221753578732 0.03331096625766872 0.046970858895705445
7 0.788691115249781 0.6399787969252118 0.03391008435582812 0.046114519427402814
7 0.8760237068965517 0.5769216954022988 0.032187500000000036 0.044375000000000026
7 0.8906243965550535 0.6503929633491679 0.03266749217935363 0.045837678136948175
7 0.9691280003780001 0.5916001228501226 0.029966865904365925 0.044070512820512775
7 0.9821726733576643 0.6640085712806633 0.03162872590020651 0.04366134751773044
7 0.7373114224137932 0.5240750718390805 0.028671874999999947 0.0457291666666667
7 0.785765625 0.4970833333333333 0.003828124999999982 0.008958333333333356
7 0.7842522321428571 0.46793650793650793 0.012656249999999947 0.031666666666666704
7 0.7997254464285714 0.4788422619047619 0.016953124999999947 0.04406250000000001
7 0.8550898806443273 0.4246515378588577 0.033396946564885434 0.059902459711620004
1 0.015652203026650595 0.4262435270746842 0.028725349872773538 0.22768235793044955
1 0.31306612318840576 0.5101389078485351 0.04860571946169769 0.20800983436853007
1 0.4570440226170388 0.5318515691714458 0.05168726916253252 0.19824321477891946
1 0.5895559817365639 0.555342465051449 0.05572615606936413 0.18798169556840072
1 0.7939699635922334 0.5887247168284788 0.06234374999999996 0.1733333333333333
1 0.8930873325892856 0.60171875 0.06179687499999993 0.1670833333333333
1 0.9801643826790374 0.602915185208561 0.045400795779685234 0.15095970433953265
10 0.3582599431818182 0.9341017316017315 0.069296875 0.13229166666666667
10 0.4302992957746478 0.933394953051643 0.07203125000000003 0.13072916666666667
10 0.4997888513513513 0.9371762387387383 0.07164062500000004 0.12947916666666662
10 0.8722978610436888 0.9369796723300973 0.1844531250000001 0.11947916666666672
