8 0.172656 0.360417 0.01718799999999998 0.07083300000000008
7 0.027262731481481485 0.04283564814814815 0.017265625 0.02010416666666667
10 0.046003615372323434 0.19015243821242134 0.09272693452380952 0.18563988095238093
9 0.28762979170587866 0.2638150396302571 0.013263457556935832 0.04367236024844719
8 0.2762232730263158 0.36171600877192994 0.007968749999999991 0.06125000000000001
8 0.2898600260416667 0.3588042534722222 0.009296875000000027 0.06145833333333333
1 0.41417158321911945 0.09540877876763182 0.022445712694877516 0.10811061618411281
1 0.48773368118609933 0.08965811753194523 0.022524658573596312 0.10827642893272635
10 0.4382073271215078 0.1519206888003075 0.13939606741573035 0.1947565543071161
11 0.7779789575084843 0.307820453902715 0.11589499080882364 0.18324908088235295
7 0.7653668637717795 0.052633459721344526 0.019698756432247055 0.025550314465408806
7 0.7668089748763999 0.10070880839471293 0.019966766723842254 0.025550314465408817
5 0.769664808461978 0.07382790165809032 0.027203044596912564 0.11256432246998284
10 0.9077696810047152 0.13444534181918902 0.17639988687782804 0.2064709805202499
