7 0.19907101640711902 0.30612717834631054 0.08159022177419357 0.10836693548387097
7 0.17716459940392706 0.45041491351098656 0.09419102822580643 0.12180779569892473
7 0.7228693886408728 0.4577442956349207 0.05964006696428568 0.10602678571428571
7 0.7575638101708073 0.5942271609730848 0.07707868303571423 0.11253720238095243
7 0.9721147809709819 0.5255173456101189 0.04881417410714288 0.10044642857142859
7 0.8443429129464285 0.801571800595238 0.050920758928571355 0.0548735119047618
7 0.9354476686507935 0.9826760912698411 0.07010323660714288 0.041927083333333455
7 0.6921677362351188 0.9484669518849206 0.07114955357142864 0.0664992559523809
7 0.13991582961309518 0.756254650297619 0.07847377232142858 0.06138392857142847
7 0.32244001116071425 0.6775815795068026 0.039760044642857116 0.068359375
1 0.20006545046542548 0.30365454027355615 0.10951450892857142 0.4162016369047618
1 0.7611553250031354 0.47178392112441997 0.1203264508928572 0.34086681547619047
7 0.606958521021021 0.7479667167167166 0.03082770270270272 0.051238738738738715
6 0.6891462165133946 0.05385345861655336 0.07914959016393448 0.11441256830601092
6 0.8397630078403419 0.08738343430743643 0.06839139344262293 0.15744535519125682
