2 0.167969 0.313542 0.10312499999999998 0.31666700000000003
2 0.29375 0.38020800000000005 0.09375 0.30416700000000013
2 0.433594 0.42916699999999997 0.10156200000000001 0.26874999999999993
3 0.08828100000000001 0.432812 0.09375000000000001 0.22187500000000013
3 0.371094 0.529167 0.07968699999999992 0.210417
3 0.24531199999999997 0.47031300000000004 0.07031199999999997 0.188542
7 0.6951130022321428 0.5514025297619046 0.027578124999999964 0.06072916666666662
7 0.615577500101198 0.5120248745142487 0.028436690414507738 0.0620682210708118
7 0.5291408902090404 0.473477234828182 0.030055861398963747 0.06409218480138167
7 0.8687818287037039 0.7841300154320987 0.019140625 0.03979166666666659
7 0.6664527529761906 0.8837251984126983 0.014140625000000018 0.033645833333333285
7 0.6283735795454546 0.902556818181818 0.015468750000000054 0.03322916666666664
7 0.5935392992424242 0.9234280303030302 0.012343749999999964 0.02958333333333331
7 0.6041589095744684 0.7783931737588652 0.017812499999999964 0.03937499999999995
7 0.41715530097613873 0.8819708062183658 0.025250813449023822 0.042932031814895195
7 0.4187567787418655 0.7992627872614667 0.026437093275488 0.048355025307303026
7 0.0061657475490196085 0.8655662785947713 0.010483685661764705 0.03140318627450978
7 0.004715265012254901 0.9235536662581699 0.007180606617647059 0.03044577205882355
7 0.015390433517156863 0.9259472017973854 0.002585018382352941 0.01091452205882355
7 0.35218842729970323 0.3996593032201341 0.03257140207715135 0.05764713155291788
7 0.23377685546875 0.3543912760416667 0.032343749999999984 0.03687499999999998
1 0.4097825078356977 0.8504882418710367 0.03554416859122402 0.16695535026943797
1 0.4003279766487043 0.7720147977076384 0.011006062355658219 0.016599307159353434
4 0.3088154140195972 0.8576785201536197 0.07937001992031871 0.21206839309428946
4 0.22643612297796753 0.819148106369702 0.09368774900398405 0.22119853917662682
4 0.13080209283348532 0.8011228179650874 0.09680029880478087 0.23157370517928275
2 0.456765573953074 0.49662471537471536 0.06496881496881493 0.0857588357588357
