7 0.04111123251748251 0.013476107226107224 0.012019230769230772 0.021176739926739924
7 0.041657561188811185 0.05034028471528472 0.010946085164835162 0.02031822344322344
7 0.10122689810189811 0.049950049950049945 0.009872939560439564 0.02174908424908425
7 0.10141225961538458 0.012362637362637362 0.007082760989010983 0.01974587912087912
7 0.14159389717425433 0.20641189167974883 0.010087568681318682 0.019745879120879106
7 0.20831544757326004 0.04950778388278388 0.006224244505494525 0.01974587912087912
7 0.1986750228937729 0.04941239316239316 0.0021462912087912176 0.01373626373626374
7 0.20895337301587297 0.011478683353683353 0.005794986263736268 0.018887362637362636
7 0.19702953296703296 0.01062925170068027 0.004292582417582414 0.0140224358974359
7 0.27012267246642246 0.01240079365079365 0.005794986263736268 0.017456501831501832
7 0.27031562187812186 0.049637862137862136 0.006438873626373587 0.021749084249084245
7 0.2590880102040817 0.012755102040816325 0.006009615384615419 0.01774267399267399
7 0.25869963369963367 0.05084325396825396 0.0038633241758241786 0.0154532967032967
7 0.7801053113553114 0.01895095645095645 0.006438873626373631 0.017456501831501832
7 0.7791305374313188 0.05823603479853479 0.006868131868131844 0.02089056776556776
7 0.8871848018053374 0.024733451072736782 0.007297390109890145 0.01459478021978022
7 0.9457274496336996 0.06295787545787546 0.006868131868131755 0.01974587912087912
7 0.9457036019536019 0.025978072853072853 0.00858516483516496 0.017456501831501832
1 0.0381377832838836 0.032937998442859245 0.01605308219178082 0.0670662100456621
1 0.09618359330033383 0.03484613023291509 0.016511741682974555 0.07032778864970646
1 0.20353138217284256 0.03500936388696 0.017123287671232855 0.06788160469667319
1 0.26414348052521935 0.033805999200387175 0.01666462818003911 0.06686236138290932
1 0.7840805842885097 0.03967477401919672 0.016817514677103684 0.07420091324200913
1 0.9501425372572634 0.042855261177178985 0.01635885518590996 0.07766634050880626
12 0.6285863095238095 0.19550099206349206 0.012734374999999964 0.03843749999999998
12 0.17811328125000003 0.18812500000000004 0.013515624999999986 0.04447916666666665
12 0.106171875 0.1906617647058824 0.019843750000000004 0.043229166666666666
10 0.021834463443396228 0.19441168763102723 0.008967177672955972 0.08221960167714884
10 0.06113447625587134 0.1919134623039567 0.05220617138364779 0.08860718029350106
10 0.2366450471698113 0.1990369496855346 0.0201454402515723 0.0827109538784067
10 0.2726874038204202 0.1919096246487354 0.028129913522012596 0.08385744234800836
10 0.3042391411163522 0.20043075209643607 0.003930817610062887 0.08647798742138363
10 0.6843804984651094 0.19660717405410802 0.02125098270440251 0.08516771488469602
10 0.7418540824348605 0.19454427473295396 0.02690153301886795 0.08467636268343816
4 0.4390898001650344 0.08817897248233057 0.03834355828220861 0.13228527607361965
4 0.506889720400536 0.09041587335166773 0.029556492842535764 0.13122017723244717
4 0.5628464899667688 0.09227084398432178 0.027160020449897716 0.12461656441717793
11 0.8301423341303048 0.13318763697947797 0.19612970711297067 0.3364714086471408
