7 0.640941722972973 0.08307526276276275 0.03642314189189193 0.0563063063063063
7 0.048166618828932264 0.4656853951396861 0.023141504018369684 0.06147148871029469
7 0.009964285714285714 0.45567857142857154 0.015982142857142858 0.057142857142857176
7 0.03857758620689655 0.566175766283525 0.02230603448275862 0.05847701149425285
7 0.005280172413793104 0.555962643678161 0.01206896551724138 0.05905172413793102
7 0.20846261820330972 0.48657899921197795 0.018930998817966893 0.05947104018912525
7 0.24270925679669034 0.48394610257420534 0.011266252955082745 0.04937450748620963
7 0.20872870276653166 0.5756403227620335 0.0202429149797571 0.06747638326585689
7 0.24170730585204264 0.5853767942583733 0.018186993927125483 0.060307017543859705
7 0.39729420731707327 0.5050283705962061 0.023818597560975575 0.06084857723577232
7 0.4055050252188102 0.6062856957424713 0.032924107142857165 0.06152647975077876
7 0.43560606060606066 0.6003045157456922 0.007102272727272751 0.03305109922756984
7 0.46050627240143366 0.4317801672640383 0.007459677419354804 0.030510752688172004
7 0.6846122112211221 0.8102585258525852 0.04378094059405946 0.03238448844884492
7 0.9536790471549244 0.8198254122961723 0.04312720458553798 0.034354791299235764
7 0.696419265986749 0.542243604059654 0.03624469589816126 0.05333569071192829
7 0.7141504242705807 0.6269845447665854 0.03456352833638023 0.05560633759902499
7 0.8408003257887519 0.5584501457475994 0.039448302469135756 0.0528549382716049
7 0.8677539567763726 0.6440989688128773 0.04385689134808857 0.06518276324614346
1 0.030088988059834655 0.4672712335692618 0.056406250000000005 0.22744617880013482
1 0.2285419407894736 0.4921820175438595 0.05101562499999999 0.22604166666666667
1 0.41585045566577417 0.5181285246267444 0.05606820913461532 0.21791666666666665
1 0.7126218321960451 0.5397680084430732 0.061878939075630336 0.1984375
1 0.8611423611111109 0.569931712962963 0.07429687499999993 0.19718749999999996
6 0.7488357166313402 0.13911693584500104 0.035763463892288884 0.07649938800489596
