10 0.04107836219543308 0.9681374693705612 0.07597230195177955 0.0654049464217375
4 0.41214525463330326 0.810098096684353 0.0733860518292683 0.21927683967500233
4 0.49758765501625496 0.8255915920082171 0.07694268996839089 0.22704655590169598
4 0.5889478679906542 0.8208761682242989 0.07789062499999995 0.2389583333333333
6 0.1059733072916667 0.4591493055555556 0.02734375 0.034166666666666616
6 0.1522592213114754 0.45240949453551943 0.023203125000000012 0.027083333333333334
7 0.960988998158576 0.23355283641571709 0.043758840169731174 0.058639792550683634
7 0.9048796981776766 0.7824696279422932 0.011300541002277953 0.03084662110858017
7 0.8888275911161733 0.7835041761579348 0.00391514806378126 0.02515186028853454
7 0.9035939279612757 0.8434949221716024 0.010944618451024901 0.032270311313591434
7 0.8870289110803775 0.8472482102180281 0.006851509111617382 0.015660592255125276
7 0.7214670138888887 0.782800925925926 0.013124999999999965 0.029166666666666667
7 0.7197991071428572 0.8385639880952381 0.011328125 0.02833333333333338
1 0.7138930828651685 0.8011423220973782 0.02578125 0.11947916666666672
1 0.8951968965703191 0.8045392040552202 0.027535860655737744 0.12903432377049182
7 0.26656409438775513 0.470201955782313 0.021953124999999973 0.027708333333333356
7 0.22656096813725482 0.4760191993464053 0.02109375 0.028854166666666715
14 0.22356284694001066 0.4601404476570922 0.03849034620505991 0.059642698624056814
14 0.26543467263693554 0.45637246063228754 0.02262485224586288 0.06070232466509064
7 0.031972656250000016 0.5162855113636363 0.018984375000000005 0.02624999999999999
7 0.08541883680555554 0.5517534722222222 0.017734375000000004 0.022187499999999954
7 0.1344574652777778 0.5827430555555557 0.01749999999999998 0.021770833333333427
7 0.23971494932432433 0.6528124999999999 0.015156249999999982 0.021249999999999977
7 0.31255657327586206 0.7015625 0.012187500000000018 0.019062500000000072
7 0.06238782051282051 0.662550747863248 0.014687499999999997 0.020624999999999952
7 0.10172821969696973 0.6853219696969698 0.013750000000000007 0.01885416666666669
7 0.1350101902173913 0.7094021739130435 0.010390624999999987 0.013229166666666714
7 0.04541330645161289 0.7757627688172042 0.015859375000000002 0.021979166666666692
7 0.03813657407407407 0.8169290123456789 0.01515625 0.02354166666666669
7 0.08789899553571429 0.8189583333333331 0.014921875000000006 0.022812499999999975
7 0.09577223557692309 0.7756049679487179 0.013203125000000005 0.02156249999999993
7 0.19180495689655175 0.777169540229885 0.013671875 0.0234375
7 0.1844019396551724 0.8229489942528736 0.015859374999999988 0.02322916666666662
7 0.3107432208994709 0.779072971781305 0.014157572751322744 0.02576609347442679
7 0.302682705026455 0.8262274817334342 0.01467427248677251 0.024250440917107596
1 0.03656823394495412 0.7900496941896027 0.034453124999999994 0.09177083333333336
1 0.08542274305555557 0.7954791666666666 0.032265624999999985 0.09708333333333338
1 0.1830225453013064 0.7922741958140186 0.03091419089759797 0.08744205646860514
1 0.30555886188623005 0.7699869126806694 0.020435279870828847 0.04597237172587008
1 0.29990756774465294 0.8292723592455655 0.021276237890204542 0.033414065303193394
3 0.3061597243742037 0.46942608086859733 0.08609002169197395 0.2650488069414317
3 0.4449437887298974 0.4824446036416319 0.07533028455284549 0.2816734417344173
3 0.5935184125288291 0.4596007344849937 0.07155893874643873 0.30433879392212726
2 0.656299908738307 0.3767951301746647 0.060799537987679654 0.09860540725530456
2 0.500675631369904 0.40220167615907276 0.06084195143884887 0.08974070743405273
2 0.36155984522995804 0.42273907170523717 0.06073167903525043 0.08387445887445892
2 0.38974929460420527 0.34475414218717787 0.05319457328385897 0.09179808286951144
2 0.5323661987903685 0.31342957130358695 0.05068897637795269 0.10285433070866142
2 0.6823966361814955 0.2849621423504402 0.04875285280692685 0.10851793248945146
