12 0.8792682926829268 0.9797967479674796 0.033203125 0.044375000000000026
12 0.5517391304347826 0.9859329710144931 0.020937500000000053 0.030624999999999975
12 0.384109375 0.9847708333333335 0.009843750000000017 0.023020833333333237
10 0.7794001807851243 0.9202307162534443 0.06898437499999996 0.1710416666666667
10 0.7068601190476189 0.9126545965608467 0.06999999999999992 0.16416666666666668
10 0.63835118006993 0.9242314976689975 0.07320312500000004 0.16187499999999996
10 0.25385074019137355 0.9372467786284894 0.18038415605095542 0.13742701698513796
6 0.3845186941964288 0.056901971726190465 0.04812499999999997 0.0834375
6 0.05149226641414142 0.20215698653198633 0.046484375 0.06104166666666666
6 0.10232722355769233 0.1593930288461539 0.027265624999999995 0.02958333333333334
7 0.060884659977017155 0.2877686462009904 0.027830788804071242 0.03525233248515688
7 0.25018310546875006 0.43294921875 0.024296874999999975 0.030520833333333344
7 0.07276654411764708 0.5433241421568626 0.0203125 0.027395833333333286
7 0.010277777777777778 0.5053819444444444 0.01578125 0.029062500000000036
7 0.009230468750000002 0.55453125 0.013515625 0.028333333333333263
7 0.03459024234693877 0.76343962585034 0.027890625000000002 0.035104166666666714
7 0.2458816964285714 0.7347767857142858 0.030156249999999975 0.03770833333333338
7 0.33682444852941185 0.7201184640522876 0.032109374999999975 0.03895833333333331
7 0.6404317434210526 0.6826123903508772 0.035859374999999985 0.0453125
7 0.7718680555555555 0.6686944444444446 0.0375 0.049374999999999974
7 0.9207679655870444 0.6565831646423753 0.039932312753036395 0.039326079622132325
7 0.010660915943480195 0.6761271973742767 0.015971816588785045 0.03930588006230522
7 0.01515985034643893 0.6148325880867976 0.024550963785046724 0.03760221962616832
7 0.15383897569444444 0.5843287037037038 0.02734375 0.043437500000000046
7 0.14618706597222225 0.6547193287037038 0.024296874999999996 0.04010416666666667
7 0.23727964743589736 0.6401842948717948 0.024296874999999975 0.04343749999999993
7 0.2435736607142857 0.565827380952381 0.029062500000000036 0.042812500000000024
7 0.34439670138888895 0.5440190972222222 0.030859375 0.0402083333333333
7 0.3364751838235295 0.6201256127450981 0.028125 0.04593750000000003
7 0.5465980113636363 0.49922664141414147 0.029531249999999964 0.04864583333333332
7 0.543497242647059 0.584782475490196 0.02624999999999993 0.049687499999999926
7 0.6802864583333333 0.47298926767676774 0.030078125 0.051770833333333384
7 0.6826541385135135 0.5603941441441441 0.025390625 0.05291666666666662
7 0.8335441057446165 0.4381870200271044 0.02985125545851517 0.05549490538573506
7 0.8351912186135371 0.5295953875545851 0.02533092248908293 0.05231077147016012
1 0.010777658045977006 0.5994035514294135 0.02760775862068966 0.06760416666666676
1 0.01013041280038068 0.6756396720596399 0.016310894004282657 0.03892309064953601
1 0.14011572752709095 0.6012904883556984 0.05620128062360803 0.15567000742390497
1 0.23110221354166657 0.5803680555555554 0.056640625 0.16531250000000006
1 0.33091190732758624 0.5636799568965516 0.05601562499999999 0.16968749999999996
1 0.5337523627459404 0.5212987226852251 0.04671697218710493 0.1904235145385588
1 0.6695118494728705 0.48891758653037615 0.04320632956152757 0.20140853371051387
1 0.8208761485390565 0.46486115808182277 0.045695754716981264 0.21455391643030375
