7 0.5748741175249168 0.15999186738648952 0.04334509966777409 0.057793466223698756
7 0.7479317844028677 0.09281925744594043 0.046459717607973426 0.06229235880398671
7 0.5092400332225913 0.01900715563506261 0.04905523255813948 0.03979789590254706
6 0.4141144102990034 0.15699621054817273 0.032443936877076404 0.06679125138427464
6 0.24005732380161365 0.21457492880873275 0.03400124584717608 0.060215946843853806
6 0.15737981239007232 0.25788222265650446 0.04334509966777407 0.06679125138427461
9 0.14004657095396295 0.19231529821230817 0.019466362126245862 0.022494462901439624
9 0.0788517441860465 0.22058416389811739 0.01245847176079734 0.02837763012181617
9 0.09637147009966777 0.2152547065337763 0.013756229235880402 0.018341638981173868
7 0.06259516888150608 0.19560089055001847 0.041787790697674417 0.08063399778516057
6 0.07376824276222116 0.30409547539946213 0.032184385382059796 0.04637320044296788
7 0.0685908084163898 0.765734588409007 0.03633720930232558 0.049487818383167216
7 0.07078677136816673 0.6917493036679083 0.028810215946843853 0.05986987818383168
7 0.05341894206810631 0.8513289036544851 0.03711586378737542 0.05191029900332218
7 0.2773607206746741 0.8146456256921373 0.03607765780730898 0.05433277962347726
7 0.28400495372567636 0.7201688815060908 0.03815406976744189 0.053294573643410816
7 0.4241287721483943 0.7899593946105573 0.03400124584717608 0.05986987818383168
7 0.42813019102990024 0.6940159784844171 0.03763496677740861 0.05848560354374304
7 0.5806965563506259 0.7607653973933044 0.031924833887043126 0.06436877076411954
7 0.582779623477298 0.6625484496124031 0.03763496677740861 0.060908084163898125
7 0.5228565039611552 0.9152451230939601 0.03815406976744189 0.053294573643410816
7 0.6734363020700229 0.900364170713008 0.04152823920265778 0.044988925802879366
7 0.9347098214285714 0.8227349806201549 0.04178779069767451 0.022840531561461812
7 0.8964110017889088 0.7024661385126499 0.05191029900332218 0.05848560354374304
7 0.8885246294403271 0.5913514779793848 0.05087209302325579 0.057447397563676596
7 0.7788196541830262 0.4557724252491695 0.02751245847176076 0.04429678848283499
7 0.8068302417866372 0.5224867724867724 0.020504568106312338 0.04983388704318935
7 0.05839901449409157 0.9672921282619398 0.032773264401772514 0.04569793205317581
14 0.5527307804918855 0.12946038518022787 0.08543165467625898 0.09867106314948042
6 0.5177204390333887 0.11029637828198978 0.021919964028777005 0.02223221422861711
6 0.5272407074340528 0.1621702637889688 0.02304406474820144 0.028727018385291785
6 0.6377665724563206 0.1048625385405961 0.02660371702637887 0.05145883293365309
6 0.6266861510791367 0.06519784172661872 0.018172961630695462 0.017486011191047156
14 0.6190984712230215 0.08443245403677059 0.04927308153477217 0.03297362110311751
14 0.6786356628982528 0.06059438163754711 0.027915167865707424 0.03796962430055954
14 0.6760841326938449 0.04263256061817213 0.00824340527577938 0.006994404476418866
14 0.7275525733259547 0.03387674475803972 0.05077188249400484 0.02972621902478018
14 0.7430383817945643 0.08486960431654675 0.10529076738609114 0.09442446043165467
9 0.4310551367237414 0.07304710793082886 0.018448121645796078 0.024970184853905786
1 0.5684051238738739 0.6916791791791792 0.04912725225225225 0.2280405405405406
1 0.412489102005231 0.7228851835706673 0.05391328828828823 0.21415165165165165
7 0.3944994101244102 0.6042024167024168 0.025760135135135087 0.04410660660660651
1 0.26703052484302475 0.7438034625534623 0.05982545045045047 0.20457957957957962
1 0.050083133764210294 0.7924427020216596 0.0712768336314848 0.18485390578413843
1 0.8890881420502984 0.6233460322534813 0.06031709558823532 0.23973651960784317
