9 0.08636077483733734 0.19598374416082745 0.028505067567567578 0.09466497747747749
9 0.3161847793037771 0.21453274874936895 0.02163481644981413 0.10327331164807928
9 0.4493767673395649 0.18964535386065512 0.025181520501138886 0.10179384965831435
9 0.5814875422297296 0.2055067567567567 0.025 0.10083333333333334
7 0.23969618055555553 0.3435069444444444 0.026250000000000016 0.021041666666666656
7 0.23837053571428574 0.3207291666666667 0.022890624999999963 0.007604166666666678
7 0.8928862847222222 0.45424189814814814 0.017265625000000107 0.024270833333333346
7 0.9211902573529412 0.44430759803921566 0.01726562499999993 0.024479166666666666
7 0.950452302631579 0.4344627192982456 0.018359375 0.024791666666666677
1 0.8888532931503381 0.45532951609163114 0.03862180454911428 0.05187500000000001
1 0.9166748430141288 0.4435570381998954 0.037946428571428645 0.056433150183150184
1 0.9472983870967742 0.4346639784946236 0.040156250000000074 0.05604166666666668
8 0.5700227171160435 0.4306398654352253 0.01971454640250263 0.05463590545707332
8 0.5465104540559944 0.4309244635877802 0.019825690954773822 0.05234505862646568
8 0.5230961450084841 0.441110188065611 0.018967848557692336 0.05896935096153844
8 0.44950056344006317 0.36537917374080364 0.022779376687067376 0.07063411461813256
8 0.40948223098705505 0.44786806903991366 0.022187500000000027 0.05601908036677455
8 0.29153087686567164 0.45223414179104465 0.021250000000000036 0.05694807213930352
8 0.3169241898148148 0.4526311728395062 0.022031249999999992 0.05239583333333334
8 0.07047728340563669 0.4236605772135474 0.015316917592743918 0.11720324671787334
8 0.04121300372355235 0.41814927268930957 0.015311804008908686 0.11333054936896811
8 0.010230468749999999 0.42021354166666663 0.01109375 0.12062500000000001
