12 0.1358193825524911 0.4672758842185555 0.037721681922196805 0.0986842105263158
9 0.5368694295005619 0.5374110058348055 0.011906315240083476 0.06089074460681972
12 0.6602590870084892 0.533028517576389 0.04186986652977405 0.06587953456536617
10 0.3306218154193131 0.40163310278076 0.22888947898032205 0.24168186231927472
10 0.7556480676534247 0.46573214381154726 0.18424215587044523 0.1908316464237517
7 0.3933745870656247 0.040208161277343675 0.03363529159519722 0.05681818181818181
7 0.5234252547021944 0.08206233421750664 0.03281739811912221 0.05322622779519332
1 0.5324469292680498 0.0738812592260868 0.051307797805642694 0.12131008359456635
7 0.7162006683894842 0.06743050238216777 0.030747511485451805 0.04386804492087801
7 0.7185250765696785 0.1518759571209801 0.03122607197549776 0.04530372639101581
1 0.7299609609932125 0.09996742274536755 0.05351216814159292 0.17901917404129794
7 0.8121079228624536 0.10458910668018476 0.03049488847583639 0.042402416356877325
7 0.8115175973816067 0.18396267711868972 0.03034967472118959 0.0478237298636927
1 0.8239191677105222 0.1383802899897635 0.04850139405204459 0.1698032837670384
7 0.8943188890227256 0.13543423271500846 0.027930016863406414 0.041807195053400796
7 0.8957304464787604 0.2135194999866163 0.030828414839797702 0.043915120854412584
1 0.9069840974155848 0.17400600677150735 0.05098545531197303 0.16231028667790895
