14 0.4902603002359662 0.4911348629740024 0.039275956284152966 0.06325535063752277
14 0.46190854519774005 0.5812735404896421 0.004237288135593253 0.03425141242937855
14 0.5153436175847457 0.5781912076271187 0.009533898305084776 0.05331920903954798
14 0.5175936605154312 0.755249761374483 0.010787861915367448 0.05799925760950266
14 0.5247029434738603 0.8952322159390953 0.02395594965675052 0.0833595537757437
7 0.6937052772808587 0.5631335718545022 0.024457737030411496 0.07696034585569465
7 0.6981899147307463 0.7434535186259146 0.02205487191140305 0.07546999276934206
7 0.6995152640264026 0.8992417098852741 0.02110590523338054 0.06777463460631784
7 0.936460498960499 0.5545738045738046 0.03946855509355505 0.08056133056133058
7 0.939974602637605 0.7379062016826305 0.03862685873605951 0.07899628252788098
7 0.9385946283437638 0.8788585120725235 0.03836155571555153 0.08165087474769853
14 0.4850760478724336 0.9817087262578396 0.03558488612836434 0.05025315405046484
14 0.6887819538105058 0.5326890962202865 0.047520960365853605 0.20982596544715443
14 0.6881311287715517 0.7439153196839079 0.03191002155172411 0.09281609195402302
14 0.710984504037421 0.9507994471432525 0.044926844783715045 0.1340869116933528
14 0.7774127417998319 0.8925173465096721 0.025438262195121908 0.08320630081300824
14 0.9150843969778398 0.527063836639685 0.058103436836518085 0.21323757077140837
14 0.915132576092336 0.7417315646210405 0.05718750000000004 0.09239111990950236
14 0.9363066601075438 0.9352476361180385 0.05343750000000007 0.16791666666666671
6 0.19434055071337517 0.555695685272566 0.108515625 0.05135416666666668
6 0.15358897379912664 0.13953329694323147 0.01876364628820961 0.033660844250363905
6 0.20569714074003756 0.13354694279194704 0.08556916393740903 0.05239583333333334
9 0.22757015306122447 0.2004145408163265 0.039453125 0.061770833333333344
7 0.177581445809954 0.3486737818790893 0.10558107028753994 0.14007059737166122
7 0.21810850260150033 0.41681866170142184 0.08555591259640102 0.09181101660311815
1 0.23035928574699155 0.37118113704605443 0.19760613207547167 0.17397657592536486
