7 0.04058636675824175 0.11355311355311355 0.04228193681318681 0.05580357142857144
7 0.553286833737129 0.4636867807389462 0.024606299212598427 0.041010498687664015
7 0.6693105622539371 0.4555839211504813 0.02399114173228343 0.038344816272965924
6 0.3480906046982393 0.4315448168722342 0.04538841093117409 0.025725371120107945
6 0.38725317011687427 0.4753981743182339 0.055509868421052655 0.023827597840755683
6 0.32433849045691143 0.437753036437247 0.012335526315789469 0.005693319838056669
9 0.3966646634615385 0.569571314102564 0.02253605769230771 0.07495325854700852
9 0.6176131810897435 0.557682614764268 0.02466446314102564 0.07929353632478625
9 0.7396544117647059 0.550328431372549 0.023625000000000007 0.08350000000000003
9 0.9531010134013777 0.5461554020413246 0.021617111650485476 0.09742448759439058
12 0.47142036753445626 0.4804715416028586 0.06149502297090352 0.11581163859111789
12 0.58116186510975 0.471415316062617 0.043668644716692205 0.1220329249617152
12 0.6784927710335525 0.5085567357949755 0.01647856600910469 0.028294132524026298
12 0.6904185060008279 0.4612058559801351 0.04291540212443099 0.10811836115326248
4 0.0512319482548392 0.30368052380226584 0.09452160493827161 0.27049039780521256
8 0.47572761677769365 0.759350027258101 0.01165844768439106 0.09362492853058886
8 0.4981768918974108 0.7590179081924365 0.01219446826758146 0.10005717552887354
8 0.5217726831298557 0.7595306561732754 0.01192645797598626 0.11024156660949108
8 0.5701947465420971 0.7380243117647775 0.03149120926243567 0.11935391652372793
8 0.5758494251179244 0.7653313053887937 0.010988421955403106 0.0902301315037164
8 0.6012533639912461 0.762486199010272 0.009916380789022305 0.09451829616923947
8 0.6259529254812275 0.7567816530080679 0.011524442538593504 0.09666237850200118
8 0.6813484601192168 0.7547574273819662 0.010954797047970467 0.09974630996309959
8 0.7083189191266914 0.7553877101271015 0.013261070110701123 0.1033979089790898
8 0.7345222308249871 0.7544464395536814 0.011243081180811831 0.10474323493234934
8 0.9453454776007625 0.787519290123457 0.019658905228758173 0.050040849673202575
