7 0.35443359375 0.14486328124999998 0.01687500000000002 0.03562500000000002
7 0.43501644736842093 0.30024122807017545 0.013124999999999965 0.019062500000000013
7 0.43745793269230776 0.34763621794871796 0.00625 0.018229166666666668
7 0.44510937500000003 0.34811458333333334 0.0034374999999999822 0.014791666666666654
7 0.3912073863636364 0.34554924242424245 0.004296875 0.014479166666666703
7 0.3824107142857143 0.3462723214285714 0.006796874999999991 0.01843749999999999
7 0.38196986607142863 0.3806026785714286 0.006953124999999982 0.019062500000000013
7 0.39096590909090906 0.3807102272727273 0.004140625000000009 0.016666666666666666
7 0.4363645833333333 0.3829791666666667 0.007109375000000018 0.017395833333333322
7 0.44453125 0.38388888888888884 0.0025781250000000535 0.013437499999999976
7 0.4895312499999999 0.34992187499999994 0.007421875 0.02010416666666668
7 0.4905524553571429 0.3828943452380952 0.006406249999999947 0.02020833333333337
7 0.49817471590909096 0.3495549242424243 0.003828124999999982 0.014791666666666654
7 0.5820368303571428 0.3535267857142857 0.006093749999999965 0.016875000000000046
7 0.58984375 0.3538162878787879 0.003671874999999947 0.0140625
7 0.5806370192307693 0.38633814102564096 0.008203125 0.017604166666666643
7 0.6324573863636364 0.35578598484848484 0.006093749999999965 0.017812499999999964
7 0.6324427083333333 0.3881875 0.007734374999999983 0.021041666666666656
7 0.6821235795454544 0.358125 0.005312499999999965 0.018125000000000037
7 0.6830598958333333 0.38857638888888885 0.00546875 0.016666666666666666
7 0.7698549107142856 0.39210565476190484 0.006953124999999982 0.017916666666666654
7 0.768640625 0.3605555555555556 0.0078125 0.016979166666666677
7 0.8173939732142858 0.3628645833333333 0.007500000000000106 0.018020833333333344
7 0.817157451923077 0.3941907051282051 0.008124999999999893 0.016874999999999987
7 0.8641770833333332 0.39601388888888883 0.007890624999999929 0.017395833333333322
7 0.86443359375 0.363359375 0.0078125 0.017083333333333308
7 0.574937118902439 0.16062245934959343 0.015937499999999983 0.03458333333333332
7 0.7243336397058825 0.17429840686274514 0.016484375000000016 0.034375
7 0.7905810546875 0.17712239583333336 0.019843749999999893 0.035312500000000004
7 0.8567590725806454 0.18388440860215058 0.016093750000000108 0.03312500000000001
7 0.9568342391304349 0.21288496376811597 0.021875 0.034895833333333334
7 0.9884055397727272 0.19440814393939393 0.02062500000000007 0.0390625
7 0.9888651315789472 0.3042434210526316 0.015000000000000036 0.02333333333333337
6 0.37674395351025797 0.05829353315766359 0.013748706004140798 0.030948067632850244
6 0.4780428928817904 0.06747777613460842 0.012373835403726741 0.028575741890959277
6 0.5620056091907463 0.07179801662315838 0.01690282091097304 0.022860593512767435
6 0.6105773378191857 0.07188865884518057 0.015527950310559025 0.01800810904071774
6 0.6572609342650102 0.08022235162180816 0.01682194616977224 0.02469375431331953
6 0.7427536231884059 0.08998428451405767 0.013829580745341552 0.025340752242926163
6 0.7885206392339545 0.09372843340234648 0.014719202898550776 0.02566425120772946
6 0.8322704081632655 0.09623323967268066 0.015527950310558935 0.022968426501035196
6 0.9082196675606999 0.10357358523119392 0.017388069358178094 0.021566597653554176
6 0.9505593451148574 0.10686249137336093 0.01827769151138714 0.02027260179434093
9 0.992796756383713 0.0732904876926616 0.008168348861283547 0.017361111111111115
9 0.9515587258454106 0.06971402691511389 0.008572722567287805 0.015312284334023459
9 0.9264942956349204 0.06642512077294686 0.006955227743271131 0.016821946169772263
9 0.8297694530710835 0.05697176213480561 0.008168348861283726 0.017900276052449964
9 0.7873102139406487 0.052018633540372665 0.007844849896480354 0.016498447204968944
9 0.7589170178941144 0.0489792837424825 0.008815346790890289 0.017684610075914427
13 0.34834903333990924 0.29974271716972456 0.03102189781021898 0.048661800486618036
1 0.3858186227066151 0.3631981849295854 0.016838758205689253 0.07442104303428157
1 0.4401775335065645 0.36384539113785547 0.015129239606126887 0.07487691466083153
1 0.4937324774343546 0.3659367022246535 0.017180661925601727 0.07020423048869441
1 0.5849260348285924 0.370003140448983 0.01572757111597376 0.06997629467541942
1 0.6356990846987245 0.3707626176371172 0.014274480306345705 0.07020423048869441
1 0.6861753541013661 0.3704264987087745 0.013847100656455159 0.07043216630196938
1 0.7725703078376764 0.375199616515262 0.015642095185995596 0.0690645514223195
1 0.8206351027034658 0.37857932754523416 0.014359956236323867 0.06712709700948215
1 0.8677089031728663 0.3798043804198071 0.016069474835886232 0.06712709700948215
10 0.6167846151713429 0.5093942922627629 0.06090059055118111 0.07398293963254599
12 0.5711904974946314 0.5076726914817465 0.014763779527559074 0.0342847769028871
12 0.36323930744452393 0.5040712240515389 0.01919291338582676 0.038057742782152224
10 0.42990736184018646 0.5040266234081847 0.07418799212598426 0.07742782152230969
