7 0.07731322685765803 0.3929039721034402 0.009569715376517938 0.01427062819305307
7 0.08990495761623425 0.39261949226037607 0.007429121147559977 0.010577053837204024
7 0.10139141423044658 0.3912390654809174 0.007806873070317261 0.01091283332409941
7 0.1405656877015726 0.45749955089493627 0.0040293538427443815 0.01024127435030864
7 0.1357598437953827 0.4569679000406852 0.003525684612401328 0.00688347948135498
7 0.15407241756193873 0.4597492734571353 0.004155271150330151 0.007051369224802705
7 0.16104823640218993 0.4603256949096389 0.0031479326896440437 0.00772292819859341
7 0.17336294908407754 0.4619989960193342 0.003399767304815583 0.007219258968250365
7 0.1797847317709514 0.4624690873009877 0.0031479326896440684 0.007051369224802705
7 0.20394406585307295 0.46432706712847543 0.003273849997229813 0.006547699994459659
7 0.21071002251401458 0.46569257037518325 0.003273849997229838 0.006379810251011999
7 0.21382332794407258 0.41084718843441137 0.008562376915831843 0.011920171784785502
7 0.24478324594672188 0.4678415590913136 0.0021405942289579607 0.006379810251011934
7 0.24998782799360003 0.4684403658429436 0.0031479326896440684 0.007219258968250365
7 0.2596414882418418 0.4702311897730521 0.0033997673048155584 0.007555038455145751
7 0.26484607028872004 0.47076284062730317 0.003022015382058274 0.007051369224802639
7 0.27380718534524007 0.47059495088385556 0.004029353842744431 0.006547699994459659
7 0.294960082276306 0.4731226601174168 0.0040293538427443815 0.006594515403690228
7 0.27900757014853206 0.47150155549847306 0.0020146769213721665 0.0048688025599827964
7 0.3010179155145233 0.474187791393636 0.0023924288441294996 0.006211920507564274
12 0.2966821628899869 0.4244252714357427 0.013473151911676586 0.018467871779245162
12 0.28714182821857226 0.42467710605091424 0.008562376915831843 0.015613746140634547
12 0.2766942893263136 0.4254805783945567 0.007051369224802656 0.009233935889622548
6 0.41759575651478165 0.3450374070340526 0.006044030764116597 0.005540361533773568
6 0.445957131032908 0.3415716830443112 0.004029353842744431 0.0067155897379073196
6 0.4722948345362634 0.34008865697718993 0.005666278841359362 0.006547699994459659
6 0.4881394290741385 0.3389414103969641 0.006547699994459626 0.007722928198593476
9 0.47226545383116003 0.3267805966465702 0.0036516019199871468 0.008058707685488796
9 0.48335457138587956 0.3255941757928733 0.004658940380673205 0.0060440307641166134
9 0.49684870951548693 0.32450289246046343 0.004281188457915921 0.007219258968250365
9 0.5318747072422598 0.32041757536990306 0.004281188457915921 0.006211920507564274
9 0.541843160759466 0.31921436554186133 0.004029353842744431 0.0055403615337735026
9 0.5583425252967872 0.3168079458857779 0.004658940380673107 0.00688347948135498
6 0.5635555018308376 0.32933252074697494 0.005162609611016185 0.005372471790325842
6 0.5470603345371027 0.3312800417709682 0.00453302307308751 0.005036692303430523
6 0.5305945479484713 0.3330093061284793 0.004281188457915921 0.005876141020668888
12 0.5443562603566985 0.35326100643185604 0.019013513445450107 0.024176123056466322
12 0.5065653284175217 0.3595478777177452 0.01762842306200676 0.02350456408267562
12 0.5809299916558796 0.3539535516235777 0.016495167293734812 0.02535135126060014
9 0.6635482346033713 0.30248934919459697 0.004155271150330127 0.009066046146174888
9 0.6774508544748493 0.2993474125672188 0.00503669230343049 0.01024127435030864
9 0.6977287875506396 0.29780842325228174 0.0049107749958446955 0.0067155897379073525
6 0.7015692654320055 0.3122749228126905 0.004533023073087411 0.010409164093756364
6 0.682723641730003 0.31361804076027194 0.006799534609631117 0.009066046146174888
6 0.6629756106569693 0.3165001480227905 0.005162609611016284 0.0104091640937563
6 0.7372300962511898 0.3070073821120194 0.0035256846124013526 0.007890817942041136
6 0.7586517782042177 0.3047618567934066 0.004155271150330127 0.009401825633070274
6 0.7797699095050298 0.30188974296799803 0.004533023073087411 0.009066046146174888
6 0.8205821073184819 0.2962694339373446 0.0037775192275728425 0.006379810251011934
6 0.8683677255472786 0.2900015501819645 0.003777519227572941 0.008898156402727194
9 0.7774134570344963 0.2868276345558345 0.0044071057655017155 0.009401825633070241
9 0.7622876404607566 0.28939994526794366 0.005792196148945058 0.0067155897379073196
9 0.7445310515678144 0.2917923741120731 0.004784857688258901 0.010744943580651718
7 0.7109381007304882 0.3571318723567859 0.006055363321799308 0.008765859284890452
7 0.7112692670651148 0.3688476460102757 0.006747404844290618 0.010034602076124555
7 0.7381199538638984 0.3671664744329104 0.0070934256055363715 0.010034602076124555
7 0.7648885044213763 0.36412918108419845 0.007006920415224835 0.00980392156862745
11 0.39666759651090794 0.49962311632351464 0.06973831808982293 0.03937000085070855
11 0.39846897449217544 0.5499617389399296 0.06662235068580959 0.049261960863449424
11 0.42949068172160504 0.5026912725874664 0.030959752321981417 0.0382443999271535
11 0.740160034602076 0.48205776118496924 0.06692769987251865 0.0898439871304559
10 0.8427264094492284 0.47328528934793734 0.03574030231287567 0.02822800947004187
10 0.6717707602876993 0.4809420348166626 0.019734295907145386 0.024651903625107167
4 0.627234477922496 0.46123328492363663 0.009004969977046924 0.0353812295552056
4 0.641933015796378 0.46057760389457497 0.01053773082420379 0.036019879908187634
4 0.6578691668185742 0.461735081629551 0.009675552847678022 0.03589214983759125
4 0.4716716296247006 0.46493767190133967 0.009773422943838154 0.029112323662496636
8 0.4850927574083931 0.4395152197379706 0.005198629225445812 0.04242081447963805
8 0.49346131269249766 0.4394673593419268 0.005094656640936933 0.04242081447963798
8 0.5018063503682014 0.44192507319669944 0.004470821133883364 0.04158903380356669
8 0.5205144840741726 0.44126889066335423 0.005094656640936933 0.0429753349303522
8 0.5292467997474145 0.43733742951241134 0.0038536896035567692 0.04948948754041307
8 0.5380291555281516 0.4344618108374766 0.005172057099510372 0.04502732063103157
8 0.5592703256048989 0.43858657869050666 0.005577708636726827 0.0450273206310315
8 0.5684614718930812 0.4348922521908564 0.004462166909381502 0.042593411407732575
8 0.5774027078592282 0.4366162712240266 0.004462166909381502 0.03988906782628921
7 0.39484182898008024 0.4280106765080963 0.007160643256752982 0.007545624077008511
7 0.3909975205035285 0.4096855894639329 0.004388781350913061 0.010163493654746116
7 0.36080402474348733 0.41268232905525537 0.00669866627244628 0.011395432279563859
7 0.4227666877636156 0.40958109466986353 0.005543723811679744 0.010163493654746116
7 0.457819191447882 0.430755039783918 0.0031183446440698377 0.007545624077008511
1 0.8699959452635455 0.41726590412034903 0.007969102979289553 0.03772812038504242
1 0.844921935400943 0.4194207515169829 0.008084597225366289 0.034494281494895945
1 0.8210699831823267 0.4198515274413474 0.008084597225366192 0.03079846562044278
1 0.20720352312047818 0.46379364580056615 0.011332179930795867 0.02491349480968861
1 0.1762316691382435 0.4605756027901357 0.010726643598615922 0.025144175317185647
1 0.15727430009436927 0.45854566425500676 0.011418685121107256 0.02514417531718571
1 0.13867605865875762 0.45576426649091023 0.010813148788927335 0.02491349480968861
1 0.2988012852199703 0.4731586752347998 0.011591695501730084 0.025374855824682813
1 0.2757167572911518 0.47074751469215137 0.00925605536332179 0.023875432525951545
1 0.26185601691657057 0.46884531590413947 0.008996539792387574 0.023875432525951545
1 0.247259151338554 0.468421052631579 0.009083044982698962 0.02364475201845444
