8 0.27137343625232896 0.4777304586993168 0.007179930795847761 0.02237600922722034
8 0.2785590706870984 0.4790849673202614 0.005449826989619387 0.025028835063437126
8 0.2852854671280277 0.47801614763552475 0.007439446366782026 0.023183391003460233
8 0.3032006920415225 0.48026033942988955 0.008737024221453307 0.023760092272202958
8 0.3105103806228373 0.476632064590542 0.006574394463667791 0.019492502883506384
8 0.317824188498929 0.47889822595704945 0.007958477508650558 0.021107266435986174
8 0.33664281220509595 0.4768218517353465 0.007352941176470588 0.022606689734717442
8 0.3446093607721727 0.4736902810659867 0.007179930795847712 0.0196078431372549
8 0.35204584775086506 0.4741983852364475 0.00787197231833912 0.018685121107266424
8 0.41399942329873124 0.4539888504421377 0.004844290657439466 0.040253748558246864
8 0.4229100346020761 0.4530795847750864 0.005536332179930777 0.03944636678200691
8 0.43207099833397417 0.4521722414455978 0.00588235294117648 0.039792387543252594
8 0.4513542536690131 0.45190709143698043 0.004844290657439368 0.04267589388696655
8 0.4598257964443385 0.45164061567832003 0.005449826989619436 0.03806228373702422
8 0.4697204801038063 0.44995314302191464 0.00596885813148787 0.039792387543252594
8 0.4896193771626299 0.44763051000451337 0.004930795847750904 0.040253748558246864
8 0.4991903114186851 0.44695732410611294 0.005795847750865091 0.04290657439446372
8 0.5083820546474169 0.4480571133118561 0.005795847750865091 0.04232987312572086
13 0.9056444636678203 0.4009563629373317 0.013062283737024142 0.01534025374855826
9 0.3958621683967705 0.3392925797770089 0.0029411764705882647 0.007612456747404871
9 0.4064338235294117 0.33820645905420993 0.0045847750865052 0.007497116493656286
9 0.4205305651672434 0.3362937331795464 0.003114186851211092 0.007266435986159183
9 0.45557093425605544 0.3325951557093425 0.0029411764705882157 0.007266435986159183
9 0.46612456747404846 0.3325259515570934 0.003114186851211092 0.007151095732410598
9 0.48230968858131484 0.3295847750865052 0.003027681660899654 0.006343713956170703
9 0.5852768166089966 0.31656286043829296 0.002681660899653999 0.007727797001153455
9 0.5974567474048442 0.3154555940023068 0.0034602076124567475 0.00680507497116491
9 0.6167675893886966 0.3120530565167243 0.002854671280276777 0.007843137254901975
9 0.6599048442906573 0.3064398308342945 0.0038927335640138406 0.00772779700115339
9 0.6769550173010381 0.3042675893886967 0.0034602076124567475 0.008189158016147662
9 0.6911245674740485 0.30260668973471744 0.0035467128027680873 0.00853517877739335
10 0.5979628027681658 0.48997693194925035 0.017474048442906613 0.025720876585928504
10 0.7570668086239021 0.4823839943217106 0.03036332179930798 0.029411764705882353
4 0.3982308293336311 0.48054842430330763 0.009948096885813149 0.0320645905420992
4 0.5538927064633903 0.47258518990671594 0.010908000971286344 0.034020316072765476
4 0.567693959579545 0.4719358172736428 0.012425635889030477 0.03326149861389348
4 0.5841129890870376 0.472411498536066 0.010294117647058804 0.03425605536332178
11 0.28535178777393316 0.5553056516724336 0.0045847750865052 0.0122260668973472
11 0.29759948096885813 0.5592704728950404 0.013754325259515551 0.01983852364475207
11 0.3122693194925029 0.5584006151480201 0.005190311418685121 0.018108419838523696
11 0.31829584775086506 0.5580738177623992 0.005103806228373683 0.018800461361015007
11 0.33080666089965394 0.5640426758938869 0.010207612456747416 0.023298731257208754
11 0.33963667820069204 0.5576009227220299 0.005363321799307949 0.01983852364475207
11 0.34604959630911186 0.5573817762399077 0.00588235294117648 0.019377162629757798
11 0.3530060553633218 0.5526528258362169 0.0040657439446366685 0.009342560553633179
11 0.35292881858625813 0.5273191629593014 0.006141868512110746 0.02202998846597465
11 0.34467993079584774 0.5279411764705882 0.006487889273356401 0.02145328719723186
11 0.33820285467128025 0.5222895040369089 0.0045847750865052 0.035409457900807434
11 0.3297495468775745 0.5235852510939016 0.008444554292305156 0.025539627615752146
11 0.3157696902290328 0.5048539023452518 0.005664030318009547 0.010984786071291256
11 0.3173230076344263 0.5239742956005932 0.006075959795682974 0.028560443785357277
11 0.3092378138752055 0.518782517141594 0.008739699639710323 0.042568877156684344
11 0.29815821463165654 0.5180524418565299 0.01970891449363249 0.04209324724431919
11 0.2836986360780563 0.5173510500964293 0.005538442062621296 0.04055663394004185
11 0.6591829618304232 0.48375971978506443 0.05169319259256665 0.08536811500904415
12 0.1907295271049596 0.4429834678969627 0.00856401384083043 0.010611303344867345
12 0.20143351458230355 0.4426099851705388 0.00752595155709344 0.011303344867358721
12 0.2128820645905421 0.44293540945790083 0.010380622837370242 0.013379469434832782
12 0.2930173010380623 0.38638523644752015 0.026903114186851183 0.017185697808535152
12 0.32818915801614756 0.38272971933871586 0.02690311418685123 0.017185697808535152
12 0.36159760579423583 0.37901738700595333 0.02498764211566981 0.01847091777887628
12 0.43585452083646764 0.36777995085502224 0.017906574394463706 0.024452133794694336
12 0.4721964454230889 0.3639771416588026 0.02231833910034598 0.02629757785467123
12 0.5086806077929893 0.36172208013640245 0.0210207612456747 0.026182237600922708
1 0.6542459630911187 0.4321751249519415 0.007785467128027681 0.02422145328719723
1 0.6752083988675684 0.4323948830869246 0.006747404844290618 0.02145328719723186
1 0.6954537741347635 0.43252595155709334 0.007908123741155734 0.02367057446332351
1 0.7341171762822775 0.42640662570295323 0.007632810909831101 0.030531243639324208
1 0.7569178118425158 0.42505250848737375 0.007216576006478008 0.02824149225045956
1 0.7791605777896349 0.4274325312606597 0.006935015257033605 0.027983394896802127
1 0.19068428588473924 0.49300799427275965 0.014186851211072644 0.024336793540945752
1 0.17553692876745017 0.4910511872091636 0.01314878892733563 0.024913494809688543
1 0.16029091375112137 0.4909778290401126 0.014792387543252591 0.02514417531718571
1 0.11388408304498271 0.48723760092272195 0.009948096885813136 0.030219146482122247
1 0.08114186851211073 0.4848375624759708 0.01513840830449827 0.03148788927335641
1 0.06040695050398674 0.48056767464018857 0.0171280276816609 0.03137254901960783
1 0.03743252595155709 0.48097808535178777 0.016003460207612456 0.03367935409457899
