11 0.10953504892412748 0.22044501478035705 0.16814088315497608 0.3227235576739461
9 0.36745369832462144 0.1281201891430438 0.009384429546996776 0.024864727859564013
12 0.42335619850300177 0.02852916909376922 0.049809664518674975 0.05021070851640991
9 0.4004624839381879 0.09277241423965778 0.01058756154020144 0.041066905368054116
9 0.42063722504646317 0.080761349054971 0.013234451925251849 0.04620026853906088
9 0.45086421604299254 0.04013817189961539 0.008181297553792013 0.04315233415627562
8 0.435553633217993 0.19047999290213824 0.010121107266435976 0.05190311418685121
8 0.4418760343011885 0.19137455493706432 0.0035467128027681857 0.04682814302191464
8 0.47301038062283735 0.16391131616045113 0.005363321799307998 0.03517877739331028
8 0.609534794309881 0.12745952411465677 0.008477508650518991 0.04359861591695501
8 0.6192968363816116 0.12261904761904761 0.008996539792387622 0.04567474048442906
