11 0.7118606760472841 0.28529940524314 0.08274206403671615 0.107439446366782
7 0.8220069204152248 0.1651038062283737 0.018108419838523696 0.015311418685121097
7 0.8197336688686169 0.059182657020027264 0.022837370242214612 0.027335640138408307
7 0.8471622320327725 0.026792745495764225 0.023183391003460233 0.025692041522491348
7 0.22649365628604384 0.07813148788927335 0.023875432525951545 0.02197231833910034
7 0.18071510957324108 0.051959342560553644 0.023875432525951545 0.02326989619377162
7 0.17834349426044926 0.0142156862745098 0.024913494809688574 0.021453287197231833
7 0.14357698961937715 0.012943339100346021 0.03137254901960785 0.023442906574394465
7 0.07522190461862496 0.07970513013389498 0.02825836216839677 0.024740484429065738
1 0.1885376726207176 0.037654306555690624 0.042560553633218 0.07612456747404844
1 0.24561120424097665 0.10309948705660761 0.054824480308513154 0.09420851300316005
