6 0.30716657366071437 0.20690290178571427 0.06335937500000002 0.039375000000000014
7 0.03942676380368099 0.6434304703476482 0.039541794478527605 0.06118992842535782
7 0.12433259551916728 0.24238120927477363 0.047571163366336634 0.07399958745874588
5 0.14535966498043495 0.25237529499684136 0.09226190476190477 0.20563031976075452
1 0.35416079332953815 0.6688072721127923 0.06879806263466826 0.17205649255764424
14 0.6403262722288605 0.8085052482369203 0.04142651296829971 0.08585494716618633
14 0.7330412118667787 0.7990425879279786 0.041522355163728 0.09734466834592782
14 0.825042724609375 0.7703043619791666 0.031494140625 0.09700520833333333
14 0.5471924440217861 0.5127644016022594 0.05489079925650557 0.11423482032218094
14 0.6536458333333333 0.4594065656565655 0.032196969696969724 0.06786616161616159
14 0.6739513734224201 0.5569897190164451 0.0476753897550112 0.07586302895322945
14 0.7768672251203853 0.4324003477795611 0.029845505617977518 0.07326779026217227
14 0.7926857145607146 0.5345008470008469 0.03524558212058215 0.08316008316008314
