9 0.12196084932552566 0.6019367382369614 0.017302730751391465 0.04577825448361161
7 0.14810008055983068 0.5530508242639111 0.014691648230088505 0.015802781289506962
7 0.3216062864357374 0.1891692651843818 0.020759896963123636 0.04335570318148951
7 0.34548208542149744 0.1304128643378961 0.02891557077006507 0.03911898951554591
7 0.45711269546912603 0.12047343110645037 0.02725290697674415 0.03528902057245081
7 0.3735064338235293 0.37271178002450983 0.02944048713235292 0.03841624540441183
7 0.48559614497772513 0.36809277692700354 0.029910030627871398 0.03619113705972432
7 0.6039135604254943 0.3597694871115819 0.030952065677966156 0.03586246468926557
7 0.7963481702302629 0.08102876883715697 0.032024924089068874 0.03848262483130904
7 0.9351878209814063 0.06936048945369121 0.037560096153846145 0.043490637651821845
7 0.8138521634615384 0.22349443319838055 0.02945502277327927 0.04770791160593794
7 0.8064600035957808 0.1391422952624476 0.02016384109311742 0.048235070850202434
7 0.833495246529786 0.13495276653171387 0.005337487348178183 0.027148701079622122
7 0.8393034117746289 0.21083441108112158 0.004942117914979782 0.021086369770580315
7 0.9641387758875738 0.12364925581334994 0.0260943825910932 0.05166160593792172
5 0.8230841760610076 0.14808857511401186 0.0506072874493928 0.18002488191632926
1 0.5643668758903132 0.17097726733143404 0.04048143696581197 0.1819577991452991
1 0.42839136488112795 0.18276688423060553 0.0448634481837607 0.17778445512820515
1 0.2976768037192843 0.1898871527777778 0.04861945779914528 0.16943776709401712
12 0.29414761084202684 0.5506687003229012 0.04546618852459017 0.06787909836065571
4 0.35706989137164913 0.5159707552285676 0.07348879419191923 0.18216014309764308
4 0.4372440482123873 0.5148074771841221 0.06732362689393939 0.18807870370370372
4 0.515415941165689 0.519390816769849 0.06609059343434343 0.18742108585858586
