1 0.35996813230008984 0.34313541978636314 0.0873378537735849 0.22553066037735847
1 0.5120700503355704 0.506291946308725 0.07235738255033564 0.2251118568232662
1 0.8125672231575007 0.8164528515608765 0.0755529835390945 0.19204389574759956
7 0.20237500000000003 0.6652083333333334 0.10078125 0.14583333333333334
7 0.35727982954545456 0.8002367424242425 0.08671875 0.12604166666666666
7 0.49296875 0.484375 0.05 0.07083333333333333
7 0.48496061110589694 0.9069994266463489 0.06641351112310367 0.11369825708060996
7 0.3441666666666667 0.3243055555555555 0.04921875 0.08125
6 0.4515214877366609 0.13738734700707592 0.08165474397590362 0.07969377510040156
7 0.7961748231132074 0.7978331367924529 0.046801297169811386 0.05847091194968558
7 0.8092325078616351 0.8972062886611277 0.03943101415094334 0.05060927672955972
6 0.356756110982391 0.02919530686849963 0.06941829819277108 0.06557479919678715
