6 0.30670572916666666 0.20792824074074076 0.04965277777777781 0.040740740740740744
7 0.12528935185185183 0.23695987654320988 0.04409722222222223 0.06898148148148146
7 0.04212962962962963 0.6470164609053498 0.03715277777777778 0.0625
7 0.34402777777777777 0.6481481481481483 0.03229166666666665 0.04629629629629631
7 0.33501984126984136 0.742857142857143 0.029861111111111116 0.0393518518518519
14 0.7302359271523178 0.8015084621044886 0.04397764900662251 0.13245033112582785
14 0.8271937086092714 0.7904249448123619 0.03466473509933774 0.12693156732891828
14 0.6430614087898855 0.8150837848685532 0.05794701986754962 0.13383002207505518
14 0.5520488410596026 0.5411345001576789 0.05898178807947021 0.18694812362030902
14 0.654232201986755 0.46064431567328923 0.03000827814569531 0.07381346578366449
14 0.6753802773178808 0.5664493653421634 0.04242549668874176 0.0848509933774834
14 0.7918933301797539 0.5406417533900977 0.03207781456953631 0.0862306843267108
14 0.7776929842715232 0.4294288079470199 0.02483443708609272 0.07726269315673288
1 0.14393660639192601 0.2606532099803757 0.09870426829268295 0.22510162601626016
