12 0.3447768048560431 0.14420617511388636 0.10990334648355166 0.1454233998173103
12 0.4635545684070123 0.2271744547373358 0.11760432545731708 0.09813262195121952
12 0.5697551649491641 0.2951798273820461 0.07597413410301956 0.07863380698638245
12 0.5115570014154085 0.32278888673031375 0.018386434280639352 0.031337884843102404
12 0.6744472600367143 0.4105121412333048 0.11895599017653757 0.07634447119376382
12 0.7331206209252498 0.4443970694262204 0.08947151262916186 0.0668980817068503
12 0.7805085780867755 0.4751635741500999 0.07144149335334471 0.06398745711835334
7 0.3829658846612102 0.2971237610512501 0.025086890994094502 0.05305733267716536
7 0.5085955925707546 0.38116032822327045 0.023584905660377353 0.04545007861635223
7 0.6026383488239757 0.4387250252908446 0.02311741274658574 0.03892419069296915
7 0.6914472656249998 0.5194583333333334 0.01816406249999991 0.01653645833333332
7 0.7416049299568965 0.5433257004310346 0.019726562500000044 0.029947916666666668
7 0.7863779726948085 0.5715244904375475 0.018519095244874717 0.02832550303720575
7 0.8234207145316049 0.5924490550504167 0.017511188035495784 0.025260735414116702
7 0.5518530273437501 0.6458528645833334 0.007275390625000044 0.00989583333333329
7 0.530419921875 0.6504831414473685 0.007031250000000044 0.009374999999999986
7 0.49435813210227264 0.6156013257575758 0.010058593750000011 0.0126953125
7 0.4687078302556818 0.607327178030303 0.010156249999999978 0.01451822916666671
7 0.31092578125 0.5603255208333332 0.013427734375 0.015950520833333332
7 0.16599702380952377 0.521781994047619 0.013085937500000006 0.014127604166666696
7 0.14612771739130437 0.5139322916666667 0.013525390624999994 0.015039062499999941
7 0.12458602241847826 0.5260275135869565 0.012499999999999997 0.014388020833333274
7 0.1037491508152174 0.5369480298913044 0.012841796875000006 0.015234374999999986
7 0.13293805803571432 0.6713402157738096 0.010058593750000011 0.013736979166666755
7 0.13088030133928572 0.6965494791666668 0.011328125000000022 0.013802083333333362
7 0.04020418911171686 0.5056727836188993 0.021447867990654203 0.021498572170301156
7 0.013233790887850467 0.4706322951613548 0.02243659949376947 0.020890122014537882
9 0.14404064360119045 0.43685825892857144 0.008837890625000011 0.014388020833333274
9 0.26337890625000004 0.48335248161764705 0.008740234375000044 0.011458333333333348
9 0.28623046874999997 0.49151909722222215 0.007617187500000011 0.010937500000000044
9 0.30484444754464285 0.49758649553571427 0.005712890625000022 0.012630208333333318
9 0.4639140881591994 0.4801780264299435 0.01737442484662577 0.07362495739604635
7 0.01004527805236041 0.6517125219666107 0.014146466121495326 0.015921112409138072
7 0.007231196081955426 0.6786949461818037 0.014602803738317757 0.01977463006230525
2 0.041434458736052164 0.5443303816988841 0.022445743458274398 0.01740408415841584
2 0.04178989327504178 0.479210867515323 0.009876127121640738 0.009761020744931681
2 0.03988004304057638 0.5066004298532532 0.02223855198019802 0.02375795615275818
6 0.16206851881377551 0.4727505846088434 0.018945312500000006 0.02044270833333332
6 0.2475111607142857 0.5020331101190476 0.014453125000000011 0.01282552083333329
6 0.27249247233072926 0.5122911241319444 0.019140624999999967 0.01451822916666671
6 0.3454944957386364 0.5333718039772727 0.009765625 0.010872395833333362
6 0.2982005049542683 0.5205633892276423 0.015966796875000022 0.014062500000000014
6 0.38598458426339294 0.5490071614583333 0.014404296875 0.011523437499999956
12 0.24298636955341174 0.7956833924312123 0.012166476328903664 0.026243540051679542
10 0.1365735751915709 0.7852470466155811 0.03852370689655173 0.0563038793103449
10 0.12920370869252876 0.827002514367816 0.03663793103448275 0.006196120689655101
8 0.37280911844976344 0.5355187926007737 0.041259765625 0.13229095747095135
8 0.4081432691736617 0.5370258552423187 0.03852658155487804 0.11488503556910572
8 0.4408676430051789 0.5459247203108605 0.03646829363699583 0.1203385778859527
8 0.5163475509602427 0.5942829667244255 0.03231079430592998 0.11037876235399817
8 0.5417433017224801 0.6010536154951731 0.03153251352505693 0.10655431378132119
8 0.5622271050347222 0.610023148148148 0.028710937499999978 0.10755208333333337
8 0.6186226777750795 0.6244595733250912 0.02923133389261745 0.09708822706935123
8 0.6344820795787051 0.6302049275609308 0.02444159472397811 0.09607188568469671
8 0.651050375754854 0.6360072921444224 0.02435620927132698 0.09541925849131123
8 0.6941692328782453 0.6718153088999163 0.01704168247344462 0.08186696424246313
8 0.7595343456950446 0.6248647279427537 0.019072462248322153 0.11666317114093967
8 0.7704967069234713 0.6256978914212032 0.016975146812080566 0.11299286912751676
8 0.7815230879474275 0.6320019749720358 0.017302852348993314 0.1101964485458613
8 0.8031465141838087 0.6385589965083578 0.018176893248175174 0.1050899374348279
8 0.813884152879355 0.6479616175287235 0.01766773657455678 0.10196710983663541
8 0.8224758241234755 0.64935530995935 0.016894531249999956 0.09778645833333328
8 0.8407302658279222 0.6573373241341992 0.016210937500000022 0.09524739583333337
8 0.8499755859375002 0.6620389921171169 0.016064453124999933 0.09238281249999998
8 0.8578819182981925 0.663647558985944 0.016210937500000022 0.09238281249999998
10 0.2856854281361754 0.796395633352155 0.028205065993788858 0.050614108868184925
7 0.9282894736842107 0.5369620339912281 0.009423828125000089 0.009700520833333318
7 0.9297363281250001 0.5479920504385966 0.009521484375 0.009635416666666638
7 0.9797037760416666 0.5260633680555555 0.009716796875000044 0.009830729166666682
7 0.9820776367187498 0.5370800781249999 0.010986328125 0.00957031250000003
4 0.31928294573643407 0.7447332296341629 0.02647596006731945 0.07801343839249286
4 0.34087151130915955 0.7443934979770161 0.022232634638922888 0.07570251937984507
4 0.3717880014612943 0.750380285223024 0.020618975673194595 0.07522439820481441
10 0.45537800422172897 0.799140375944789 0.039684057527539784 0.03976374439004493
10 0.45575108055385555 0.8281775933292531 0.031077876376989 0.0048608986128111376
11 0.5049036884399858 0.8011715572036092 0.08854082604698821 0.16763291988978754
1 0.13429508437916315 0.682263202812765 0.015777332869080785 0.05975438138347259
1 0.011041516100538025 0.6613643340627425 0.019514781829679594 0.05719944491287232
