5 0.4105812721406881 0.6021081098178135 0.11307565789473686 0.23094846491228083
5 0.5319242211687308 0.4839376128740969 0.11358963815789469 0.21587171052631576
7 0.8449888107416881 0.5881020886615517 0.06950827205882355 0.1194852941176471
7 0.749644049489395 0.2681221087544732 0.05869092039800998 0.06737147595356549
7 0.4418648785425101 0.6909651934322986 0.04009046052631575 0.06350511695906438
7 0.5508815285982813 0.7748582766439909 0.039540816326530594 0.057823129251700675
7 0.6952252263097071 0.34409909476117106 0.052966101694915224 0.07238700564971753
7 0.6963735925404644 0.6982465399953085 0.0637755102040816 0.12032312925170068
7 0.5576685855263157 0.4735471491228068 0.04557291666666678 0.06624634502923979
5 0.6667659964068547 0.3481550580431176 0.1286536069651741 0.2306177446102819
