6 0.5069689576411959 0.15377945428817522 0.06696428571428567 0.11627906976744186
7 0.3823582848837209 0.3309454595791805 0.046459717607973385 0.0737126245847176
7 0.38053709856035434 0.4267488002953118 0.05865863787375418 0.09759136212624586
7 0.5421544071843853 0.48572899363233657 0.0532080564784053 0.07405869324473974
7 0.5570840254706535 0.5738395164267257 0.044642857142857116 0.07198228128460685
7 0.264577459273183 0.6749947786131997 0.07367050438596494 0.0890899122807017
7 0.4348800185560055 0.8005440283400809 0.07298519736842102 0.0831505847953217
7 0.5798268457602339 0.9003792032163743 0.06647478070175436 0.07766812865497078
7 0.878771113146113 0.7948378781712114 0.048983134920634795 0.06310626102292775
7 0.8960311555177627 0.8771691546989167 0.05642361111111125 0.07853835978835981
10 0.4003810294231965 0.9502712673611108 0.15819340796019898 0.12572035655058056
1 0.3937862769485903 0.3505389718076286 0.08045708955223882 0.22958126036484242
1 0.5594483975471477 0.498536869913996 0.0730721393034826 0.21714344941956884
1 0.8947829450309429 0.8154729401771629 0.083955223880597 0.20522388059701496
