14 0.5496692921131965 0.5241342780987116 0.07083462391366799 0.16188366372189897
14 0.655830304538707 0.46240714391307564 0.032506367494518074 0.06901840490797545
14 0.674166824878985 0.5511003354227054 0.04882103818940493 0.07798011409450088
14 0.7915154404527559 0.45531906167979 0.004152312992126017 0.018864829396325493
14 0.8041988321456847 0.5315551596727369 0.014845605700712649 0.07447545526524149
14 0.7783852620249406 0.5320139301266825 0.0181858669833729 0.07991884402216941
6 0.3116552227508651 0.20218085191592972 0.06216809640522873 0.043913398692810454
7 0.6395402923315073 0.8180271096292766 0.029415485829959565 0.03542510121457489
7 0.34064217543077835 0.6464306050703109 0.03255208333333335 0.0522535403050109
7 0.123618842780027 0.23641334907782277 0.05233373397435896 0.07645566239316239
1 0.14424972312373255 0.25862756889817173 0.11197140320323669 0.2119973711962198
