6 0.35959728548133146 0.08098813364541159 0.11618589743589744 0.07085020242914979
6 0.48691576937042613 0.15885868239711115 0.11108647910731234 0.0749183607266436
7 0.3359357912292214 0.3181453514599738 0.061925853018372716 0.0582861712598425
7 0.5420634920634918 0.42585346638655464 0.06521358543417363 0.05219275210084038
7 0.9644110295348057 0.650551424447791 0.05992720883534138 0.044239457831325345
7 0.17147302127477415 0.5738530563760114 0.07529910962715634 0.05569177796327205
7 0.3895916005291005 0.6607394748263891 0.07109788359788359 0.0553385416666667
7 0.563646423021423 0.7317682317682318 0.06353021978021971 0.04922161172161168
1 0.3586350876611656 0.3279754450928156 0.10244631740475961 0.1764391111835319
1 0.5667623368858615 0.4354993687881403 0.10060220525869377 0.16348839058524173
10 0.4282020766885419 0.8348062817622651 0.47094532550232 0.27455065128352346
