7 0.37188023258188363 0.29772008324484744 0.013233008147512881 0.03305460263007435
7 0.46554266237745084 0.3291576045482295 0.013882506127450955 0.0290871556956116
7 0.5449920853758169 0.35527301198257083 0.014520782271241872 0.02872242647058824
7 0.5843653208921651 0.3404540565014766 0.015464943244739793 0.01953845976375042
7 0.5343494210990749 0.4354467147435897 0.013906744462025333 0.02406381856540089
7 0.592638309286577 0.4477809768230964 0.013192692158385033 0.022442740683229784
7 0.677492989415004 0.40763424964641454 0.013651774228130353 0.022445861921097803
7 0.7264658268666108 0.4228056837248321 0.01284605704697983 0.021497483221476488
7 0.7693211490749815 0.43365022359715755 0.012239934299191346 0.019829570979335093
7 0.23058048218287003 0.38347092498170854 0.008547378018108648 0.01205147551978536
7 0.10912374130301021 0.341692106840843 0.01492946267985612 0.016978604616306885
6 0.018603515625000004 0.2540715144230769 0.011376953125 0.017838541666666652
6 0.057675010279605275 0.26516413103070174 0.014941406250000004 0.015755208333333326
8 0.3647936957625556 0.457391630893033 0.022070024002954214 0.085010462826194
8 0.38713283164828427 0.45732272943899793 0.021481981464460786 0.08505029616013071
8 0.4088801635111878 0.45954173838209994 0.02070312499999999 0.08601190476190479
8 0.4634738352577871 0.4777568922305764 0.018478814223057638 0.07383367272347534
8 0.4829165380941109 0.47783417944642625 0.01740930747298919 0.07409213685474188
8 0.49905990780646176 0.4826751774269376 0.017846462351632064 0.0737010076656776
8 0.5446752710600037 0.4892287370584771 0.017949279595015577 0.07281120197300102
8 0.5590692785461235 0.48802703768510686 0.017511188035495673 0.0706025601795186
8 0.5732547789729292 0.486610331596514 0.014774063838739249 0.0711828399122807
8 0.6591463694852944 0.5052136948529412 0.012451171875 0.07122395833333332
8 0.6816245674922006 0.46841260829946557 0.012714873844375973 0.08483565446867658
8 0.6937025166191836 0.4697639680278571 0.011685363247863179 0.08244672958214627
8 0.705657558016625 0.4720046777428717 0.01205766824249166 0.08038531536690934
8 0.7301031815378288 0.47829547012061396 0.011035156249999956 0.07786458333333335
8 0.7421977198401164 0.4799494307170542 0.011181640625000044 0.07506510416666672
8 0.7521402994791665 0.47785807291666665 0.010986328125 0.07447916666666665
8 0.7749354375892018 0.4861355707274731 0.010302734374999956 0.07259114583333333
8 0.7846767849392363 0.4873336226851852 0.010400390624999978 0.07089843749999998
8 0.7942856628574313 0.4888652733113376 0.010552432672764178 0.07070894732384818
12 0.30885641163793115 0.5798536278735633 0.011181640624999989 0.018294270833333348
13 0.6284038997183251 0.5191139796906957 0.010428253615128003 0.01948055710048206
11 0.5821299664851086 0.5971320544796557 0.03765267385563387 0.1283744131455399
11 0.5341967550816868 0.606938046162614 0.014989789133738607 0.08528843718338397
12 0.3435701933210111 0.18835411032044938 0.07379820134575571 0.07798250640836042
12 0.4326739644854024 0.22365790035360109 0.07647061577453973 0.058177411254083676
12 0.5150025347675616 0.2595032885221094 0.062459775457665845 0.051124152340106886
12 0.6279424696215902 0.3048563033669569 0.07603909551319532 0.05645912222393753
12 0.6812351660912375 0.32266715662735973 0.06259765625000002 0.051440760501354967
9 0.5739796058049483 0.3785788127277823 0.01786394817073178 0.05160696138211381
10 0.14687189980158732 0.6057045770587438 0.032373225732600736 0.0033386752136752573
10 0.17830652135019082 0.6061893686386768 0.005528884382951654 0.0018222540288379552
10 0.1636792608325659 0.5792088297531355 0.05222199498745739 0.045270353733576574
4 0.13805033979284184 0.5236030690480824 0.02875726499326145 0.07607184973045822
7 0.05226767082651392 0.32979149618112386 0.01590310454173486 0.01715510774686302
4 0.10465914092258924 0.5214989934175353 0.027044888200431036 0.07843368354885054
4 0.06721760602035254 0.5202410927008879 0.028840003654970768 0.07969866796621188
3 0.0462204527435519 0.4030941707705771 0.019150063894052043 0.09317882589838915
3 0.10831798957313912 0.40961293447252434 0.023232079507512507 0.0916240609348915
3 0.16048211335958776 0.4253531324791613 0.01971742309358751 0.07977234979780475
2 0.07547529248768471 0.39023501642036135 0.02013739224137931 0.02442528735632184
2 0.07226229707023854 0.35813454499558245 0.01659804968525179 0.02131107613908867
2 0.06785895296920356 0.31714554343367424 0.02546790692446043 0.04800846822541963
2 0.13418956848677455 0.4005840092307254 0.01978705219568566 0.023272984078068843
2 0.13361157387847597 0.3727911193475701 0.020359430212014126 0.016563604240282654
2 0.12972358499495204 0.33782440344733305 0.017426291961130755 0.03945358510011776
2 0.1228294776943463 0.3122239399293286 0.00879941475265017 0.006096326560659578
2 0.18781620623117473 0.4110759444026104 0.02017836972891565 0.02164909638554217
2 0.18328195594879518 0.3824902474481258 0.015825018825301185 0.013805220883534123
2 0.18429859575018823 0.3569380059299698 0.015060240963855415 0.027767319277108477
2 0.17667594204944778 0.329821891733601 0.012942394578313227 0.016393699799196804
