7 0.045968117678381264 0.6369808306709266 0.05341453674121406 0.07321618743343983
7 0.12716192553452937 0.23877181125583685 0.06165135782747603 0.07787539936102238
7 0.3438683712121211 0.6483020059081379 0.03899549742710118 0.05413807890222984
6 0.3084994872104247 0.2056537564350064 0.06202491554054053 0.04346143018018018
5 0.1375859990291775 0.2670137491294336 0.12801131160506163 0.2196258602508602
1 0.3582427536231886 0.6830141476880605 0.07767210144927535 0.22342995169082122
14 0.553111578050948 0.5425398647314376 0.07516291469194317 0.18759873617693532
14 0.5786248518957346 0.6549911137440759 0.04554206161137442 0.02172195892575033
14 0.5914296998420222 0.6880265929436545 0.04998518957345972 0.041469194312796276
14 0.6643114683771858 0.5108405512883368 0.06331457345971563 0.17575039494470773
14 0.7858058159901092 0.49280084483824454 0.04850414691943135 0.18266192733017383
14 0.6868335308056872 0.6285791864139021 0.03591528436018958 0.013329383886255878
14 0.8026325533175356 0.6056230252764613 0.032953199052132745 0.013823064770932092
14 0.6911708700067705 0.6648470999774317 0.03887736966824642 0.030608214849920993
14 0.8056872037914692 0.6396458662453922 0.03332345971563973 0.026658767772511874
14 0.6425292325428195 0.8178112648221342 0.04981884057971016 0.12047101449275352
14 0.7306842816234083 0.8027059257252921 0.049621096142069734 0.12460663740899491
14 0.8275956894270214 0.786715407348595 0.040085971615720514 0.1412390829694323
14 0.6763229927007299 0.9265510948905109 0.03507071167883211 0.025091240875912392
14 0.7581546532846715 0.910824716139497 0.039917883211678884 0.024330900243309018
14 0.8440493841240875 0.8953961374695864 0.021669708029197033 0.012925790754257942
