7 0.07099937692226109 0.4685822164333439 0.06333518930957684 0.047849387527839585
7 0.0561284778171662 0.5369601998066387 0.0646417445482866 0.04979556074766354
7 0.2519011920988295 0.6352986872850004 0.04820590207914153 0.0412632042253521
7 0.24270808286361717 0.7008843879195825 0.052969896687792686 0.04298161926202519
7 0.32869444444444446 0.7078359375 0.04604166666666672 0.036171875000000055
7 0.32559777055994954 0.7697111181133598 0.045531238076058855 0.039399930973629524
7 0.39795418701668694 0.7687299679487178 0.04502442002442001 0.03562843406593412
7 0.3931052474657125 0.8271187388193203 0.044536374478234934 0.03773479427549198
7 0.49686745169082136 0.8598501391045549 0.03601621808143551 0.03170289855072461
7 0.49824179292929305 0.9171638257575759 0.03572916666666662 0.03312499999999989
7 0.5449541260679783 0.9038128665518524 0.03310344649248022 0.03023373983739841
7 0.5467866732617299 0.9564957691492371 0.042264344262295 0.03578060963114762
7 0.5902038451903808 0.9866363586548095 0.022649465597862437 0.025128381763527052
7 0.6434121888191896 0.9900049192212098 0.0253604963112006 0.01723308601609652
7 0.7786383928571429 0.9081082589285716 0.029375000000000047 0.020390625000000107
7 0.45341983872467007 0.9533276108477411 0.02731978527607364 0.028038726993865025
7 0.23530700119296152 0.8930872306516552 0.04338465553235909 0.03539274530271399
7 0.153740234375 0.8397705078125002 0.04385416666666666 0.038359375000000105
7 0.5312083333333334 0.5429505208333334 0.039895833333333346 0.029921874999999966
7 0.6730208333333333 0.7483218749999997 0.034062499999999926 0.020156249999999966
7 0.795439814814815 0.7329079861111112 0.03291666666666657 0.025156250000000036
7 0.9247864583333332 0.7152929687500001 0.033645833333333285 0.024375000000000036
1 0.08811653857805293 0.5021337875297058 0.11614583333333334 0.15359927743266316
1 0.27182105864042716 0.6520511166244127 0.09112207841852336 0.1425018631884111
1 0.3418256291044021 0.735045960305851 0.0813295205594877 0.13459835648784013
1 0.41940350966775586 0.7916801023794934 0.07750000000000004 0.12944010416666663
1 0.5046821500456246 0.8835374550859525 0.05583215630885127 0.10570312499999997
1 0.5560040358861685 0.9300761024795984 0.056840473948524796 0.11828654661016938
1 0.6056302914119958 0.9517738556108382 0.048661191239316184 0.09274213741987189
6 0.029260558522112793 0.04749349163708076 0.06253190403266973 0.0320304837655075
6 0.20694011768778126 0.30180101246105917 0.09232217030114226 0.03638531931464173
9 0.19431344537224468 0.23048941464237518 0.03303348515519566 0.047107477226720665
9 0.22294849537037034 0.2686566840277778 0.045208333333333336 0.046406250000000024
6 0.4882893518518519 0.6632152777777777 0.05812500000000001 0.02531249999999998
6 0.5745910493827162 0.7231799768518516 0.03291666666666669 0.020624999999999984
6 0.5892815170940169 0.7831891025641026 0.05593750000000005 0.02140625000000007
6 0.6863486842105264 0.8953207236842108 0.034062500000000044 0.012109375
6 0.6831723484848484 0.8748153409090909 0.03249999999999993 0.013437500000000036
14 0.5378315854968029 0.5284581285433816 0.10177083333333327 0.12094954496788005
14 0.6705157129614342 0.4798373934141035 0.04784731001545157 0.054387767509727694
14 0.7134652666360597 0.5516002495335224 0.06898427960927951 0.05872424450549456
14 0.8506307870370371 0.4629600694444445 0.01552083333333331 0.03914062500000002
14 0.8734531730429962 0.5296976599122939 0.03199978577549274 0.0560330976863753
14 0.6839594907407407 0.7449739583333336 0.07572916666666671 0.09132812500000007
14 0.8049020337301588 0.7310435267857143 0.0671875 0.09328124999999998
14 0.9347093249714121 0.7188151147754073 0.05853201829616926 0.09773437500000001
10 0.16853100978336835 0.9743655169025155 0.1472739779874214 0.0734375
