6 0.3120897354857532 0.20358236895847517 0.06489017067003795 0.03792667509481668
7 0.1301497029393371 0.23981568341324433 0.0670731707317073 0.0746951219512195
7 0.053257119147449336 0.6390927090612626 0.06633254716981132 0.07370283018867915
7 0.34519270354626225 0.6486202065461598 0.04241344975490193 0.05093443627450978
7 0.33850975285947715 0.7421130344498912 0.03963694852941173 0.0513174019607843
7 0.6401499351130886 0.8189037201829193 0.03223778735632186 0.04070881226053646
14 0.8104447723440135 0.6331857785272625 0.040050590219224344 0.05269814502529518
14 0.7922189721563982 0.5319720082938388 0.037581457345971625 0.08441943127962084
14 0.777904458374419 0.4353092571723717 0.03377456331877733 0.0898380640465793
14 0.6541209949409781 0.45703344575604277 0.03399030354131529 0.08624929735806634
14 0.682085396039604 0.6313531353135314 0.03852103960396036 0.014232673267326726
14 0.6986343165566555 0.6731068940227358 0.04300742574257423 0.052805280528052854
14 0.6748752814659521 0.5543018997334159 0.050117924528301924 0.08582285115303984
14 0.6288524797570849 0.3545040485829959 0.030680668016194356 0.07274797570850199
14 0.5414261999726666 0.523308221491201 0.0829376283367556 0.18713456014741042
14 0.8394017415134372 0.8956749469589816 0.01955887553041009 0.01635431400282883
14 0.8293188600866932 0.7901873767258382 0.04136851520572442 0.1390131186642815
14 0.7351955699824534 0.8042881821766155 0.05227695167286246 0.12653278518541278
14 0.6418255857212072 0.8181003483757843 0.04675000000000003 0.11866666666666663
5 0.14326996967558941 0.26039599300242866 0.10235323886639676 0.2117615836897433
