6 0.25673988056364927 0.06831587628520715 0.08219098513011151 0.10397304832713754
6 0.34386397908110883 0.17258553864142928 0.08501251283367557 0.09149940109514033
6 0.5426666923908013 0.4192015657423127 0.07205370234604107 0.07239736070381232
7 0.2025355722083896 0.39421402181964244 0.04980231143552312 0.07780819140308193
7 0.19240360610743543 0.49564999815417177 0.05828901209222579 0.07703811908736782
7 0.346074420583267 0.5456521491620295 0.04382110741255962 0.07244572237678858
7 0.6372865373493759 0.8368519011354955 0.044289172535211294 0.06214266442423171
7 0.07250449640287768 0.7109216472975465 0.05423785971223022 0.06707134292565951
7 0.22046478469222466 0.8231247750179986 0.05332073434125271 0.07469402447804173
7 0.34685957065169737 0.922570649119936 0.04643734983560952 0.06117223065250374
1 0.2208796960201783 0.4197610248714444 0.09773234558582464 0.23107951197532148
1 0.36436236989745974 0.5630855609671735 0.09544909381663111 0.2327647476901208
1 0.6540971964923536 0.8351875737357077 0.06390367944661968 0.162696205974362
