6 0.35330379710477955 0.032695695465686264 0.068359375 0.06184895833333333
6 0.45171053534446165 0.13408043682577703 0.08452868852459021 0.08519277474195505
7 0.22447307317323487 0.6480590619868638 0.05775188577586206 0.07565553160919537
7 0.3675358329613649 0.7849516027707516 0.049867021276595744 0.06376159301691213
7 0.4941985801360801 0.8954671454671455 0.044828482328482265 0.058255370755370704
7 0.34347220230840925 0.3220810332879298 0.04547817047817047 0.07406444906444906
7 0.34638222138222136 0.4208272958272958 0.04580301455301457 0.07839570339570337
7 0.49125158183352086 0.47804180727409074 0.046444389763779535 0.06746227034120734
7 0.49278116142529366 0.5630820623565934 0.03987970711297066 0.061889818688981774
7 0.7953785017600467 0.7971545907890878 0.04106776180698146 0.05903490759753597
7 0.8118681197239332 0.8899797513118867 0.03834060574948665 0.0571098562628336
1 0.35739517056992 0.3551565813817066 0.07320926966292132 0.22565543071161048
1 0.5051156827687702 0.4980082145684878 0.06643408551068877 0.19868368962787014
1 0.813131367330586 0.8266162367724866 0.07361778846153841 0.1936431623931623
