7 0.3392972139370932 0.6618217492166786 0.03575786334056401 0.05061460592913948
7 0.5536684782608695 0.7697452550814375 0.03933066361556063 0.05530129672006095
7 0.6780727583586627 0.6701969351570416 0.0448803191489362 0.06279550827423168
7 0.8273861921529179 0.564742622401073 0.07344850352112679 0.061619718309859135
7 0.5017419763513515 0.5084283502252253 0.041807432432432456 0.04814189189189187
7 0.5519232663514578 0.4758914499605989 0.048204787234042534 0.06821315996847907
7 0.6871779160382101 0.3403092006033182 0.06043002136752138 0.07434116809116809
7 0.7394956931089743 0.258747329059829 0.053084935897435945 0.08814102564102567
5 0.5258864172440794 0.48923331507996226 0.12682273105250658 0.20957571077849052
5 0.6636244965561102 0.34088422016514835 0.1234883598338123 0.21571765498652287
