7 0.017374373992021044 0.4679140458515942 0.03916615988500663 0.04672901232861566
7 0.010905744696632547 0.5457537132843793 0.022112817089452605 0.04881508678237649
7 0.18681818181818186 0.6309659090909091 0.053958333333333344 0.03953124999999993
7 0.17924107142857143 0.6976199776785714 0.05145833333333334 0.041953124999999945
7 0.2672018678160919 0.7035048491379309 0.04677083333333334 0.03734375000000005
7 0.26512711289492413 0.7692940697944101 0.04603049661767817 0.03665280032467537
7 0.3353784722222222 0.7651250000000002 0.04197916666666668 0.032187500000000036
7 0.33570319194515846 0.8258522118680375 0.04659383033419022 0.03755623393316192
7 0.23275639881837462 0.8251613334919409 0.029596393663633275 0.02132836198179966
7 0.17552734375000004 0.8042871093749999 0.030208333333333334 0.025078125000000017
7 0.09335795798065298 0.8355218409915356 0.05000503829101168 0.03863739419588867
7 0.17328737745098038 0.8858432904411764 0.04697916666666666 0.03671875
7 0.4377561936936936 0.8548543074324323 0.03812500000000003 0.030859375
7 0.4399719682496361 0.9104366385780571 0.03877820232896649 0.03334811681222707
7 0.4878313761854134 0.8997218158708844 0.0288454409378323 0.03314115746180964
7 0.488165752412076 0.9433903769841269 0.022637527233115465 0.026935253267973813
7 0.5326123407109322 0.932595573440644 0.021273474178403796 0.024915115694165026
7 0.5272982623726347 0.9821233624454149 0.029908114992722012 0.028401337336244482
7 0.5875545634920637 0.9880171130952382 0.029999999999999954 0.024609375
7 0.39679036458333333 0.9442968749999998 0.025937499999999978 0.02570312500000007
7 0.3845902609834744 0.9918410860036275 0.040432285368802924 0.01722434250302296
7 0.7218080357142858 0.9022265624999999 0.024479166666666666 0.018437500000000107
7 0.6166051136363637 0.7401278409090908 0.03291666666666669 0.025624999999999964
7 0.6484375 0.7754622395833334 0.02791666666666662 0.018125000000000037
7 0.7388750000000002 0.7262617187500001 0.033854166666666664 0.02531249999999998
7 0.8649635416666667 0.7098359375 0.03197916666666671 0.023984375000000037
7 0.4726988636363636 0.5381711647727273 0.04208333333333331 0.030781249999999982
7 0.5109185606060607 0.5755539772727273 0.03218749999999997 0.02726562500000007
9 0.1332492922859165 0.22035005781771316 0.03505396319886766 0.051336916135881115
9 0.16793449990253476 0.2643814360217476 0.044286849703649565 0.04542127652691512
14 0.48031516075740244 0.5286816815788219 0.10218750000000003 0.1216105276639344
14 0.6121133814102566 0.47759314903846156 0.05354166666666664 0.05499999999999998
14 0.6528901247050893 0.5479651162790697 0.07056791371755983 0.058297522750252816
14 0.8170325561650993 0.5332064312304076 0.04661637931034489 0.057968749999999944
14 0.7866180889423077 0.45490317841880346 0.019030448717948664 0.05563201121794874
14 0.6298239504485561 0.7356965543523971 0.07298850574712645 0.0918615301724138
14 0.7459823321296472 0.7227998768292861 0.06603521878335113 0.09346651547491999
14 0.8751469536885658 0.7171063122439921 0.05751840400471148 0.09004554991166076
1 0.03623662217412217 0.5008567821067819 0.07936507936507936 0.15671502976190474
1 0.20731741724688818 0.6501627067526854 0.09190065463552725 0.14209942277070065
1 0.27922002598366746 0.7335320774560753 0.07563103192279137 0.13606625835189315
9 0.5239583333333333 0.7050325520833334 0.021458333333333357 0.029140624999999965
1 0.3544727138643066 0.7866641316371685 0.07468749999999999 0.12914062499999995
1 0.44815181518151803 0.8719153332743987 0.05909226190476193 0.10589285714285719
1 0.5023783529064987 0.9097290293543383 0.05103264054772539 0.09710866049420908
1 0.5422998903508773 0.9449660773026313 0.047083333333333324 0.09875000000000007
1 0.5988609206151291 0.9856272946106955 0.04857647547797181 0.0390625
6 0.14559217872701816 0.2989940314234937 0.09770857252200535 0.035878300803673914
6 0.4329018745179231 0.6590554020521251 0.06006297446514838 0.026365165631469976
6 0.5216666666666667 0.7172019675925925 0.03541666666666661 0.017734374999999948
6 0.5350765306122451 0.7750542091836734 0.05614583333333331 0.0203125
6 0.6312977430555554 0.8666113281250001 0.03447916666666669 0.012890625
6 0.6348713235294117 0.8868749999999999 0.03427083333333331 0.01328125
10 0.10198073277283219 0.9700263507665682 0.15072916666666666 0.07817831973293768
