10 0.7090552419756772 0.8337486709197232 0.11478892543859653 0.18074972587719293
11 0.0724101028525969 0.9091531474180142 0.09774357116625151 0.12661271105664484
13 0.5846945018825175 0.4452251764522072 0.08519136649547698 0.09327589050131928
13 0.4825945702171259 0.43896376511452145 0.06915983606557369 0.09498804644808745
13 0.3806509622713416 0.43805929595754284 0.057164634146341486 0.11464684959349596
5 0.20667971580916145 0.746113708342417 0.026685915860753195 0.07478710820120564
1 0.6259826800034594 0.6207642782680977 0.03389597668195721 0.09516755861365962
9 0.9515576089672768 0.8538893711419754 0.0338673190235691 0.08132540684624005
1 0.5986732861470616 0.6826645190326556 0.029176836368808745 0.08241675758504119
12 0.92119467609945 0.8786991053084566 0.04321569683908044 0.04819204980842917
9 0.9865777002821272 0.8309838856713858 0.022484188988095233 0.09192088293650791
12 0.8844221046995452 0.8943909844510137 0.029375754422183098 0.043402777777777825
7 0.6853340975283375 0.5720147197732997 0.021769718198992427 0.03312604953820323
12 0.7202421754740415 0.9414230134574119 0.023860595088161185 0.034765952980688596
7 0.4754703305278962 0.5872751863705811 0.013490052552552534 0.017204704704704737
7 0.5196300462062258 0.2373642185473411 0.024509058852140164 0.01418612191958494
7 0.6569488293851891 0.6210868814304525 0.018574708143507923 0.03310517336345634
7 0.4212708232003891 0.23242440823605712 0.023939080739299623 0.013679474708171177
7 0.8633906463456282 0.4881211577868853 0.01814378415300555 0.018321664389799652
7 0.4211014109032893 0.584707972311577 0.012585769689737514 0.01709178599840892
7 0.635787888700739 0.6589892658302546 0.02094137257543105 0.028342762212643757
7 0.6899633627453778 0.7307946423476377 0.016807307121661674 0.024438210929772424
7 0.5294021509684312 0.5896890221486994 0.013570099255583057 0.016801075268817245
7 0.5065639804209642 0.6667047703286161 0.009276055408971029 0.014772977132805712
7 0.6159373480058365 0.24316532911802857 0.02412907344357984 0.013679474708171213
7 0.7980929760986184 0.48232963452870853 0.017826140873015817 0.01929012345679008
7 0.4227128825014854 0.4548781318082788 0.01824889520202022 0.018632505611672217
7 0.6318430244926464 0.6083064738402586 0.01925717780649916 0.02769571639586414
7 0.18629146810850442 0.6723587652267088 0.013817929802052792 0.020142198191593314
7 0.6076051441018767 0.7085008936550491 0.023563170241286957 0.026006758266309198
7 0.4628366084425037 0.6649248696021349 0.009381823144104795 0.01506777656477428
7 0.4207670832996932 0.663625178292696 0.010667601021314366 0.015148571640023775
7 0.6045831390604965 0.6649746716789059 0.018719629691689055 0.024435880250223512
7 0.5613563704664689 0.4641196443506692 0.01692945939781021 0.01805809002433086
7 0.5813154935295937 0.7521417646250085 0.016363312667560304 0.024435880250223363
7 0.1978660725195503 0.6917927595850982 0.012386019978005869 0.01670561461388065
7 0.6240263224704579 0.6310969042343672 0.011756254615952755 0.020964118660758313
7 0.6257572783794821 0.7971703157812865 0.01406319879248663 0.022361359570661914
7 0.20977102103912637 0.7105538486520556 0.01152687408357772 0.015082783479960948
7 0.5643634520981222 0.7796697294099687 0.013037232367758222 0.026566435768261936
7 0.20052187834403426 0.7606632891920814 0.015032478932584276 0.020482209737827734
7 0.20322709300195405 0.7256935963198177 0.014154669943820225 0.016970973782771608
13 0.43289515729340566 0.9155776119922091 0.008803735392320544 0.018150911240957246
13 0.41194339275777087 0.9156609395288443 0.00855918718697829 0.017824846967167574
7 0.6110247443704043 0.37878364779071355 0.013643152573529438 0.019148284313725467
13 0.45342257846176365 0.9163296258847321 0.009084302325581384 0.01824829151366784
6 0.5777581630608974 0.5579911191239317 0.016406249999999956 0.01347656250000003
