12 0.2052597904378403 0.6094112346239161 0.08266515899122809 0.09051763523391809
9 0.03986140410469107 0.6237162908403254 0.03083881578947368 0.08395010964912279
9 0.07996041717430148 0.6117211189625298 0.031052974232456135 0.09137426900584796
9 0.11889362892909355 0.6039268092105262 0.028697231359649106 0.09537189327485374
12 0.14957777473196884 0.63390899122807 0.052254660087719285 0.05910773026315789
12 0.36970161797827245 0.5668961700671258 0.06426836993243246 0.09871199324324327
12 0.512586386609824 0.5329157282282281 0.0678315033783784 0.1101492117117117
7 0.4247338948630357 0.5795933102921049 0.03236413827944573 0.05728565242494225
7 0.1898193359375 0.5390880310457516 0.0091552734375 0.011728324142156854
7 0.18907434800091913 0.5494759752859476 0.009514303768382332 0.01029220281862749
7 0.2038394703584559 0.5341818969174207 0.00816794002757354 0.010531556372548989
7 0.20230760761335784 0.5448006025326798 0.00816794002757354 0.009334788602941124
7 0.22820117426853548 0.5531360900479984 0.00807818244485295 0.010411879595588239
7 0.22726619944852944 0.5631227544284759 0.005924000459558848 0.010292202818627416
7 0.24195882529694565 0.5481472561981523 0.008437212775735281 0.010531556372548989
7 0.2409922051753394 0.5591391078667043 0.008257697610294129 0.009095435049019551
7 0.26100124169259054 0.4849256972921381 0.01391242532169118 0.02608953737745101
7 0.17163644429125813 0.4455389107321168 0.01597684972426472 0.03147499234068629
7 0.2198163200827206 0.46492538215944273 0.013104607077205871 0.03147499234068629
7 0.30400032855517023 0.38602409856203485 0.01630073975720786 0.035367665655032875
7 0.3506984784658995 0.41134120949952235 0.016597116843702575 0.032601479514415756
7 0.39149931240515934 0.43491502727798265 0.015041137139605476 0.03102080171977743
7 0.4809497579443893 0.29863223063555117 0.010686910377358472 0.027638561320754707
7 0.49078919352725364 0.30873979079315167 0.016491008254717 0.03390330188679247
6 0.4573707792608033 0.2761586370360409 0.02731643356643354 0.023522484459984467
6 0.49956192534317545 0.2525702178479956 0.028340799825174845 0.026709401709401687
6 0.5437405382208371 0.23105479966893006 0.023332787004661903 0.02746819153069154
7 0.5319528512887888 0.33281165279863195 0.021261495870870895 0.03597347347347346
7 0.5683472100572795 0.3667875050976903 0.0202350788288288 0.03186780530530534
6 0.6358354941181752 0.1789974831377714 0.02373589409722221 0.0476978443287037
9 0.6524997287326388 0.1698811848958334 0.01593695746527779 0.0476978443287037
6 0.6963207103587963 0.16036422164351852 0.02102322048611116 0.029839409722222227
9 0.6918306703920717 0.13804494598765432 0.01356336805555558 0.0244140625
9 0.7440105762357027 0.12203042024101311 0.01118977864583326 0.052897135416666685
6 0.760743882921007 0.1274391456886574 0.02034505208333326 0.03526475694444444
7 0.7736036512586805 0.16893174913194445 0.02966986762152779 0.05425347222222223
6 0.88623046875 0.05309606481481482 0.02458360460069442 0.05967881944444445
9 0.9029405381944444 0.04326714409722224 0.02288818359375 0.05583586516203704
6 0.9735464352613302 0.02345034950657895 0.01848008897569442 0.03707320601851852
9 0.9887695312500001 0.01701072410300926 0.01661512586805558 0.03481264467592593
10 0.7359309516217203 0.7449824237730803 0.10587731186224492 0.11061065051020409
10 0.5403096484988226 0.7548301772632131 0.028400031887755084 0.09167729591836737
7 0.965641590525884 0.47671060426540285 0.05762181575829384 0.060784458925750386
12 0.818168073657188 0.4671661071616641 0.062250074052132676 0.1363793443917852
7 0.9849945518890831 0.7653280602499352 0.013980702457265015 0.019753828347578366
7 0.982984812737417 0.7295469046771129 0.013459034455128194 0.01752804487179486
1 0.9839322461392777 0.7426465678418804 0.014711037660256387 0.08833578169515659
1 0.9225979515943459 0.6574229593560523 0.01679770966880345 0.0747028579059829
7 0.9226220285790598 0.640246616809117 0.014293703258547064 0.019197382478632452
7 0.9250377527120317 0.6735884252410695 0.013146033653846145 0.017667156339031376
7 0.633962793287888 0.6087824669798475 0.014839920343137303 0.02180776824618739
7 0.7008970173355801 0.5995341116047114 0.010212418300653558 0.022658803104575204
7 0.6543527241625816 0.5121501182938453 0.01420164419934633 0.009680521514161248
7 0.658483386252228 0.5190345551099228 0.017393024918300748 0.010318797657952036
7 0.664862118169027 0.5277007118433793 0.012845307393790861 0.007127416938997803
7 0.7280889619469583 0.5101217503561253 0.021063112745097978 0.021595009531590364
2 0.6530009904121445 0.5341237904210222 0.033947884762633995 0.08095648289943846
3 0.6278213817048843 0.5789401270452165 0.021609997128637093 0.08235228432873913
3 0.6924210436545332 0.5751903402769597 0.024152349732006195 0.09880280117406841
2 0.7188841082303501 0.5190990152783218 0.03364878445635522 0.09042799259826444
7 0.6725647947390538 0.4561569926262703 0.016905343804920814 0.02471441124780312
7 0.6466240371677284 0.4327238828170767 0.015961390597539538 0.029863246924428804
7 0.6962041067113356 0.47588399787639135 0.016304646309314608 0.024256736965436437
7 0.5795961850649352 0.5855147456709956 0.009194906655844215 0.01986945346320342
7 0.1608221302231719 0.5294644270338714 0.008903133903133909 0.010479730531813836
7 0.16338641826923075 0.519728872593456 0.00876402243589744 0.007604760208926864
7 0.1488569983578664 0.5255219050068586 0.008138020833333343 0.006677350427350366
7 0.14679470058075827 0.53441631967273 0.009111801103988598 0.010201507597340953
