8 0.31179287462349403 0.5272323669678715 0.029296875 0.033658854166666696
8 0.34803193415112016 0.530638612033961 0.009084302325581384 0.029055347914359524
8 0.3581421979902063 0.5308211091788945 0.010003547203765228 0.03143456995201185
8 0.36753959396258506 0.5287408992182143 0.008922082641196039 0.030857788851974915
8 0.39455114293981486 0.5302613811728395 0.008593750000000011 0.030078124999999956
8 0.40452293113425924 0.529053337191358 0.009765625 0.030013020833333348
8 0.41465348868534474 0.5280060165229885 0.010351562500000022 0.029752604166666623
8 0.4997545744243421 0.5054053591008772 0.005957031250000022 0.04772135416666671
8 0.5115206473214284 0.5071763392857143 0.005810546875000044 0.047526041666666664
8 0.5233700706845237 0.5040690104166667 0.00634765625 0.04550781249999999
8 0.5489300896139707 0.5048885569852941 0.006054687499999933 0.04661458333333335
8 0.561184512867647 0.5064491421568628 0.006054687500000044 0.043880208333333316
8 0.5733200485641892 0.5051185951576578 0.006201171874999911 0.04674479166666671
8 0.6004736889367815 0.5060699746852763 0.0061175466954023205 0.04721922892720302
8 0.6128515624999998 0.506532738095238 0.006054687500000044 0.04798177083333336
8 0.6252006301127139 0.5069477781160235 0.005753632563694211 0.04941558297947631
10 0.8016761280665886 0.5389084711927523 0.027437299211448662 0.03445349007009346
10 0.8791137695312501 0.524169921875 0.00244140625 0.0057942708333333925
10 0.8920298381024095 0.5395883262617776 0.03556471604567313 0.03638634314903847
4 0.4302891322544643 0.5243094308035715 0.01220703125 0.03932291666666665
11 0.7263215508006549 0.5654370258994009 0.06625976562500002 0.10227864583333328
11 0.3338370332484284 0.5755360755834958 0.02007954761001518 0.04455535533636823
11 0.3172445675254814 0.5765401931260511 0.008681784399773462 0.04637658078520198
11 0.32982421875 0.6228776041666667 0.011865234374999978 0.009049479166666726
11 0.3183349609375 0.6215494791666666 0.006738281249999978 0.008463541666666666
11 0.3088309151785714 0.6218005952380953 0.005810546874999989 0.009505208333333348
11 0.30679117838541664 0.5791015625 0.009619140624999967 0.04694010416666661
11 0.2749256781861657 0.5660795270945893 0.02978515625 0.09416516104568166
9 0.7704127261513157 0.5331551535087719 0.005078124999999933 0.015625
9 0.6372043414891664 0.4514494583180315 0.0032008153920308757 0.013472713153384719
9 0.6439915046593829 0.4496099607701371 0.004644320372750643 0.017154696872322184
9 0.5443285870295699 0.4449146814361637 0.009885115406006673 0.025780960326288477
9 0.38149414062500003 0.45457899305555566 0.006787109374999989 0.010221354166666622
9 0.36812569754464286 0.3412248883928571 0.004638671875 0.009635416666666638
9 0.49731702302631575 0.44286595394736844 0.007763671874999933 0.025911458333333377
9 0.3808180588942308 0.34170172275641025 0.004931640625000011 0.009309895833333304
9 0.39954752604166666 0.34033854166666666 0.004492187500000022 0.010286458333333304
9 0.4569963727678572 0.3394856770833334 0.004589843750000044 0.009440104166666666
9 0.4439208984375 0.3389741443452381 0.004052734375000033 0.011067708333333334
9 0.47694986979166665 0.3387369791666666 0.0048828125 0.010611979166666638
9 0.6029750279017857 0.33332868303571433 0.003808593750000089 0.011002604166666652
9 0.6176068474264705 0.33323376225490203 0.004443359374999956 0.010742187499999964
9 0.6397719439338236 0.3323376225490196 0.004833984375000044 0.011132812500000014
9 0.6904747596153846 0.33014322916666666 0.005224609375000022 0.011263020833333304
9 0.7105817522321428 0.32952008928571425 0.004345703125000044 0.011197916666666696
9 0.7259540041597144 0.3288943250988753 0.004616674777530583 0.011514530033370404
13 0.9537944086223125 0.46588513603032483 0.011643656392189117 0.01984400014745528
13 0.9744245256696425 0.46400514632936507 0.015722656250000022 0.020898437500000016
6 0.22090992647058827 0.36160768995098036 0.008935546875000006 0.008203125000000014
6 0.2585346422697368 0.3600808662280702 0.008642578125000022 0.008854166666666682
6 0.29134765625000003 0.3591015625 0.006445312500000022 0.0069010416666666075
6 0.3304607112233232 0.35832598926575204 0.005954649390243871 0.00809832317073167
6 0.3666348544034092 0.3583481297348485 0.008203125000000033 0.009244791666666696
6 0.38545227050781256 0.35762939453125003 0.007275390625000044 0.008854166666666682
6 0.4061197916666667 0.3572012442129629 0.006738281250000033 0.008398437500000059
6 0.44150390625 0.3567317708333333 0.007861328125000011 0.008463541666666666
6 0.46088867187499993 0.3557441907051282 0.005810546875000044 0.008333333333333304
6 0.4816764322916667 0.35492621527777773 0.005761718749999978 0.00859375000000003
6 0.5992848115808823 0.35234374999999996 0.005712890625000022 0.010546874999999956
6 0.6212304687500001 0.3508170572916667 0.006054687500000044 0.009440104166666666
6 0.6435198102678571 0.34922340029761906 0.006005859374999978 0.008528645833333274
6 0.6820345052083333 0.3470529513888889 0.006445312500000022 0.00794270833333329
6 0.7045572916666667 0.34692563657407405 0.008691406249999978 0.009244791666666622
6 0.7274825246710527 0.34601151315789475 0.007568359375 0.009440104166666666
6 0.769560546875 0.3437369791666667 0.007031249999999933 0.005924479166666681
6 0.8165234375000001 0.3423741319444445 0.007666015625000022 0.006445312499999985
12 0.7611586626838235 0.527569699754902 0.006054687500000044 0.017708333333333288
12 0.6206268310546873 0.4021525065104166 0.008105468750000067 0.031705729166666696
12 0.6076025390624998 0.40483723958333334 0.004296874999999978 0.02923177083333332
12 0.5699869791666667 0.40362413194444446 0.008251953125000044 0.028971354166666668
12 0.5572858537946429 0.40519903273809516 0.004101562500000044 0.020638020833333288
12 0.5225930606617647 0.40541130514705875 0.011132812499999978 0.028841145833333304
12 0.4212327223557693 0.4114883814102564 0.020166015625000033 0.024739583333333332
12 0.37534993489583335 0.40924207899305554 0.02094726562499999 0.024804687500000016
12 0.14568749999999997 0.4631119791666665 0.012402343749999989 0.014908854166666652
12 0.33207484654017866 0.4099237351190476 0.024511718750000022 0.024283854166666636
12 0.1611979166666667 0.46570529513888886 0.012353515625000006 0.015104166666666622
12 0.17613953363112037 0.4650599221561633 0.011376953124999978 0.020347117321248682
7 0.23240464154411763 0.35930989583333334 0.005566406249999989 0.0054036458333333775
7 0.3060167100694444 0.3576605902777778 0.005859375 0.005664062499999956
7 0.7963091681985295 0.34221813725490186 0.006640624999999956 0.006380208333333304
7 0.8651399739583334 0.5286762152777779 0.006201171875000022 0.0063151041666666225
7 0.7976665296052632 0.45015419407894736 0.006298828125000044 0.011458333333333348
7 0.9131022135416668 0.42139485677083327 0.006884765625000067 0.012825520833333362
7 0.9196308593749997 0.4185911458333332 0.006884765624999956 0.010026041666666652
7 0.92694921875 0.41546875 0.007031249999999933 0.010807291666666682
7 0.9477595402644231 0.4041841947115384 0.008398437500000022 0.013867187500000044
7 0.9565008755387931 0.39984509698275866 0.008007812499999933 0.014322916666666666
7 0.9662695312499999 0.39482421875 0.008691406249999978 0.01666666666666668
7 0.8647376751077587 0.3956088362068966 0.008203125000000089 0.016210937499999984
7 0.8576904296874999 0.4017187499999999 0.007861328124999956 0.014322916666666666
7 0.8509782462284483 0.40562589798850573 0.007617187500000067 0.013541666666666638
7 0.7627379240564829 0.3980724895978232 0.007982517250530785 0.016103259907997176
7 0.754552504595588 0.4221239276960785 0.00830078125 0.009440104166666666
7 0.7248766447368421 0.42302631578947375 0.007421875000000022 0.008854166666666682
7 0.6948459201388889 0.42333984374999994 0.007666015625000022 0.00963541666666671
7 0.6703685087316176 0.40014552696078426 0.007958984374999978 0.015755208333333364
7 0.5879730224609375 0.40032958984374994 0.006884765624999956 0.008333333333333304
7 0.4755350315824467 0.4070021609042552 0.014208984375000011 0.013932291666666726
7 0.4860202365451388 0.4049587673611111 0.010839843750000022 0.010221354166666696
7 0.497021484375 0.40432942708333336 0.011230468749999944 0.01054687500000003
7 0.39949544270833326 0.4062239583333334 0.008105468750000011 0.015755208333333288
7 0.2525162760416666 0.42976345486111117 0.006640624999999983 0.012434895833333348
7 0.22821044921874994 0.4321223958333334 0.0069335937499999944 0.008072916666666652
7 0.23461026278409092 0.4077256944444445 0.007958984375000006 0.01386718749999997
7 0.24533600983796292 0.4129219714506174 0.00830078125 0.013020833333333334
7 0.25592610677083333 0.41669487847222225 0.007128906250000011 0.013085937500000014
7 0.15786743164062497 0.41035427517361117 0.007128906250000011 0.013606770833333318
7 0.17019042968749995 0.4145856584821428 0.0071777343749999944 0.013085937500000014
7 0.046700402462121204 0.4492897727272727 0.011914062500000003 0.017578125
7 0.06544799804687501 0.44904988606770835 0.010644531250000006 0.01764322916666668
7 0.08381273674242425 0.44897214330808083 0.01123046875 0.017968750000000016
7 0.26873046875 0.5005924479166667 0.005126953125 0.009830729166666682
7 0.26873668323863636 0.5175011837121212 0.005078125000000044 0.009765625
7 0.18367187499999998 0.5267274305555555 0.008154296874999994 0.012239583333333304
7 0.1593475341796875 0.5257975260416666 0.0077148437500000056 0.010937500000000044
7 0.14506261488970584 0.5250191482843137 0.008398437499999994 0.011263020833333304
7 0.1296234130859375 0.52325439453125 0.008593749999999983 0.012304687500000059
7 0.08440583881578947 0.520740816885965 0.009472656249999989 0.013606770833333318
7 0.04834472656250001 0.5190071614583333 0.011083984374999994 0.014322916666666666
7 0.02567545572916667 0.5170066550925926 0.01103515625 0.015234374999999986
1 0.027072638315997134 0.5219962413318985 0.024771341463414635 0.03707761686991873
1 0.04993450919369574 0.5230892269110706 0.02453674623115578 0.034760390494137296
1 0.08614137430526549 0.5247594656974226 0.020101686507936492 0.03405602402998231
1 0.13128146701388888 0.5263440393518518 0.019726562500000003 0.031445312500000044
1 0.18417777267156862 0.5310917075163399 0.019873046874999994 0.03333333333333336
1 0.26617997332317067 0.505883193597561 0.010107421875000022 0.037565104166666696
1 0.8006376378676471 0.47776309742647055 0.007226562499999978 0.033138020833333316
1 0.8252796519886364 0.47732796717171705 0.007763671875000044 0.0341796875
1 0.8693215762867649 0.47649548100490197 0.0078125 0.031445312500000044
1 0.8948563058035713 0.4755301339285713 0.007763671875000044 0.031315104166666684
1 0.9209425019054878 0.47698805894308943 0.007666015625000022 0.03333333333333329
