6 0.35392018483889526 0.03295214806290756 0.06754351265822786 0.06210443037974684
6 0.4589449612061366 0.13057055633926995 0.08289062500000002 0.0876285046728972
6 0.8084618395969498 0.6012774033224401 0.039493336397058876 0.038105085784313646
7 0.3421641476242807 0.3210391654463202 0.04682399831705046 0.07579602956708621
7 0.34072226009527173 0.4132061921033288 0.056590226228349215 0.09959349593495931
7 0.49424656407876233 0.4799219265645573 0.04741379310344831 0.06968390804597704
7 0.4899515916092122 0.5674997555131779 0.05786315461346634 0.10130922693266833
7 0.7926128066588785 0.7996725186050536 0.04356503115264791 0.06473909657320871
7 0.805928888155966 0.8908067038014267 0.044112796833772984 0.06568821459982412
7 0.20628237898141552 0.6728465407598266 0.05518406337371853 0.06681034482758612
7 0.363125257307534 0.796409702209414 0.05583573487031699 0.06394092219020173
7 0.4942029243589399 0.8985715349612479 0.050031754010982435 0.05740784621465333
1 0.3594040659048631 0.3459368633182744 0.08564268867924527 0.23349056603773588
1 0.5083871293858505 0.5072648525378864 0.08317093541202665 0.22379515045966805
1 0.8129940978990688 0.8158304067782624 0.08027882205513795 0.20154553049289892
