12 0.44538372890472633 0.09990961353116139 0.16155232174295775 0.21823182397959184
12 0.5720621767216794 0.18863828055816798 0.13210804544168997 0.17602237654320987
9 0.1058230860963403 0.04340637544312376 0.06077169514388489 0.12271432853717025
9 0.6219876782576371 0.2580890035031991 0.049897354014598494 0.10882375304136253
9 0.4757239300271739 0.19333106884057974 0.030110677083333315 0.12348090277777778
9 0.747071673373049 0.3309915429905239 0.030987079326923128 0.10349893162393164
7 0.08936210406674659 0.32739433453237404 0.05550247302158273 0.06182553956834528
8 0.5994114759778257 0.5196503503233754 0.03221122382198949 0.09578152268760909
7 0.3113278291840212 0.39417479174555087 0.04250505845323743 0.05339478417266186
8 0.3445576766913083 0.6205897177419355 0.028548702116935498 0.08374285954301075
7 0.3573321612937209 0.40771724434611606 0.032624101216814194 0.0377373709439528
7 0.4951042276541764 0.4504097005377743 0.029483649248633892 0.03468664617486339
7 0.7533078471188824 0.5308982135967814 0.0274658203125 0.0313895089285714
7 0.9865953661294063 0.5610402896954236 0.021379290352504632 0.02403660327767465
7 0.9099159652950956 0.71431663895816 0.022039627493765646 0.02597672485453047
7 0.8193383728179552 0.7324024359997195 0.01911724594763098 0.02370376142975905
7 0.7765202101139599 0.7399311665549413 0.017871732026143783 0.022977941176470857
7 0.7628278427386401 0.6514228361392611 0.011087940503432536 0.01802655415713191
1 0.7724652588349397 0.7400138093289689 0.018584700059101622 0.03909328211189914
1 0.8141300177640768 0.7290638264291854 0.02493351063829785 0.041248029944838414
1 0.9030195793673014 0.7117402882205512 0.02728990444862145 0.04617663951545525
