7 0.6633726545253862 0.5898825538079471 0.06725993377483448 0.04475372516556293
7 0.4768671817512878 0.43653421633554085 0.06381070640176596 0.04889279801324502
7 0.6599904954623497 0.3229626563649742 0.07381346578366449 0.055360099337748325
7 0.2107970671712394 0.5994449207663197 0.04552980132450332 0.03492342715231782
5 0.24584385521885516 0.5083353061868686 0.06502525252525251 0.09374999999999992
5 0.4329330539436923 0.4167522969052223 0.15909090909090906 0.0989583333333333
5 0.6179356060606059 0.3016382575757575 0.16950757575757572 0.10321969696969698
7 0.8654850599180072 0.49134859862819313 0.07415838852097127 0.05587748344370862
11 0.31980255027525 0.8883657735085947 0.3674095607235142 0.1689680232558139
7 0.49672458389563656 0.6697294618758434 0.05187246963562752 0.04143471659919031
