6 0.21299256930895777 0.28055055007587254 0.09325998988366212 0.03129742033383916
14 0.5357789855072462 0.5158140637817883 0.09355345911949685 0.11984080188679247
14 0.6697115384615384 0.47300101214574886 0.04533569500674765 0.05187246963562746
14 0.7048587681811365 0.5406720928924875 0.06979588394062072 0.05677505060728745
14 0.8516922094508301 0.4587972940613027 0.013245330459770107 0.03923087284482758
14 0.8204262900540991 0.44963327091136074 0.01521535580524341 0.03291783707865168
14 0.8337533602150538 0.5063827931141438 0.011373035566583903 0.02171215880893307
14 0.8696656586021505 0.5213341346153845 0.029466501240694852 0.057188275434243166
14 0.6737857571067585 0.7266798771762504 0.06897502535496956 0.0894679243519441
14 0.7898715486585239 0.7201127137878236 0.06573023475904509 0.08902401037624089
14 0.9189334790362452 0.7142145473274181 0.0597085270068155 0.09543841575091569
