7 0.8403862847222222 0.4274163007216776 0.01902860753676472 0.03526475694444442
7 0.7912958094542963 0.4534013360246057 0.017712162990196068 0.0331903594771242
7 0.7467401273410006 0.4769395739064856 0.01759248621323528 0.030318116830065318
7 0.6748673241618076 0.35630453818432134 0.022620376275510168 0.0422512755102041
7 0.653291430645299 0.5289113573719316 0.012490915697674465 0.02637635148918808
7 0.6299722385243677 0.5724427592606963 0.015266841193931402 0.015374202946350021
7 0.5922278250742086 0.5622900004122692 0.012625742084432678 0.025165594766930477
7 0.4482728963402116 0.258226868893511 0.025514529424040033 0.053148476627712826
7 0.6925156537224263 0.6758925494025735 0.011488970588235281 0.019866344975490263
7 0.6492037733061974 0.6690558710463352 0.01373291015625 0.02130246629901955
7 0.6017482981962315 0.6626742493872548 0.01570757697610292 0.021063112745097978
7 0.570229923023897 0.6259361383442265 0.009604061351102922 0.016036688112745095
7 0.45462178867281317 0.6358764527695351 0.01514106546735905 0.023279086300692347
7 0.39336177802460703 0.6268868193210299 0.01600681390977443 0.0241815476190476
7 0.41459684221440085 0.5346691363283117 0.0387752757352941 0.07994408700980389
7 0.45256414333311445 0.5217594036312442 0.021131499474789928 0.03246090102707747
7 0.10682349111519608 0.10509748604302832 0.03675672743055555 0.06655092592592593
7 0.09255433693910256 0.18161465752611586 0.030924479166666657 0.060221354166666664
7 0.07956979355374394 0.2468179159118357 0.029296875 0.053891782407407406
7 0.23205352247807015 0.5020673428362573 0.0204307154605263 0.02535635964912286
7 0.1474669843266254 0.48559041215170273 0.0228721217105263 0.026555646929824556
7 0.18195704409950658 0.5939577336896928 0.011950041118421045 0.03118146929824565
7 0.11060748183936404 0.6240719800804094 0.012849506578947373 0.024328399122807005
7 0.16188322368421051 0.6310032894736842 0.012464021381578955 0.023985745614035103
7 0.15942566376879697 0.6738770755012532 0.007452713815789491 0.01627604166666659
7 0.1563686108299595 0.7056949013157895 0.00732421875 0.01696134868421062
7 0.16453793174342105 0.7071511787280701 0.003597861842105282 0.012506853070175517
7 0.1024663834365413 0.7008037083854107 0.006274810745937956 0.01682899433776471
7 0.11085498984490397 0.7017472080479834 0.003966834379615952 0.015194177744953278
7 0.09175478837214356 0.5780462572769137 0.011900503138847857 0.02769571639586414
7 0.10647945131708518 0.5803999594821926 0.006779680576070896 0.023560592072870534
7 0.055857960874408245 0.6164560223862123 0.012849506578947366 0.024312082289055976
7 0.04305975343187514 0.693346766537556 0.0072813870614035076 0.012400793650793643
7 0.0538073087993421 0.6961781080304928 0.0025699013157894704 0.011911288638262333
7 0.2444119346211767 0.6453551522390126 0.010862527262813532 0.017110255361686644
7 0.24621284731688478 0.6833215951775111 0.007135189476553977 0.015264335696110484
6 0.025883877683709606 0.03285469234174414 0.021009711155378488 0.033200531208499334
6 0.170141914978973 0.09968805334218679 0.01886983316733068 0.03190363545816732
6 0.2435396394461317 0.13330431951992752 0.018131031709558848 0.027884689031862753
6 0.3098717347823362 0.16632352070799913 0.01911836511948528 0.025371476715686254
6 0.42051748067391015 0.21073798171612398 0.0253116383272059 0.026927274816176478
6 0.47490224116990537 0.22946825214460778 0.02629897173713236 0.0290814568014706
6 0.5244473656582783 0.25777965078811693 0.02701703239889708 0.023217294730392135
6 0.5996456494437754 0.29632382654031436 0.022259880514705954 0.02010569852941176
6 0.6408137021180256 0.3089104006722175 0.022618910845588203 0.025371476715686292
6 0.6792501241219141 0.332227007013743 0.02243939568014708 0.01472024356617648
9 0.9660428736753233 0.6801857701564383 0.032258291967508956 0.09612853489771352
9 0.9123503907531999 0.6673301722094592 0.03190574232851984 0.09894893200962691
9 0.8531231197352589 0.6620803875852387 0.03172946750902528 0.11751654632972319
12 0.7507871929796288 0.5997003663830153 0.07985249323104693 0.11117065282791816
12 0.8215762548597613 0.6286713374371317 0.05605539259927794 0.05922833935018046
12 0.8658804686015579 0.6152733410127303 0.021858077617328497 0.08014628459687123
12 0.5101160849294354 0.5315965221774195 0.07796748991935482 0.13283350134408609
12 0.3065090902659875 0.47409613162610814 0.06635112147177424 0.1645980342741936
11 0.08009736761083742 0.858940259532932 0.08587015086206896 0.14188218390804597
3 0.10370262265942415 0.5499525260554672 0.03137903528528528 0.1307948573573574
2 0.14820535996522838 0.5288285818713451 0.01920866178678679 0.036168981481481476
2 0.14959182439651186 0.47234734734734746 0.023460960960960953 0.04946352602602603
2 0.233394666988417 0.5469569271652606 0.021848019894894904 0.034213901401401424
2 0.23413764105902776 0.48999805469532043 0.020821602852852866 0.04672641391391393
3 0.1924555603991088 0.5649739961735928 0.02917957019519518 0.10792042042042042
10 0.18125191712990787 0.7618417767038369 0.1193576388888889 0.13299056267806275
10 0.4483046530362558 0.7739414125922864 0.09515224358974356 0.11184561965811968
10 0.6456805565779685 0.7882582376354746 0.08367206145584727 0.09882159904534597
