7 0.08437458380250144 0.7435860181855605 0.013011847250977693 0.012748255501878643
7 0.12808347047477478 0.762723923955808 0.015384172992868659 0.015527950310559025
7 0.10895516003830587 0.832535294363561 0.013473396440012523 0.01410064953312297
7 0.22095251553705267 0.701377216576312 0.013851005796113182 0.014206159790885239
7 0.2610653044361684 0.7284084719746484 0.013905301704014925 0.016291238717709378
7 0.21733043421476253 0.8110394304424156 0.0115038361307018 0.015148615894884549
7 0.24866645064058981 0.8285034581161638 0.010710639539123462 0.014280852718831321
7 0.019589399202216532 0.5488966175356612 0.026942086748328792 0.0298470082477435
7 0.3459454005629825 0.7858756501123341 0.01245574546903942 0.0168030448680375
7 0.37587822408601174 0.8058177311573719 0.011732919756937238 0.014873732122640393
7 0.40248700054734543 0.8230196293076618 0.011186371100164209 0.015553731070972378
7 0.3947965739463715 0.8691171688810015 0.015111898335582512 0.02269295032452928
7 0.34663801432094116 0.8753963022255704 0.014356691185959449 0.021454381210478657
7 0.34222716864523595 0.9150586160390082 0.01379440665154953 0.022360796170320007
7 0.4138978209889183 0.6347243323606331 0.01701917915686034 0.02260376052646582
6 0.25475342319949995 0.6570015627410052 0.02642730352903793 0.028801432675553216
6 0.27794475630322196 0.6406974987513508 0.01366296094349528 0.020320893412496443
7 0.375640801395835 0.6006353909038472 0.018309896665601323 0.019530556443308124
6 0.41413897012357315 0.5994988918048287 0.014418725301896342 0.023548285022554842
7 0.9163467759806558 0.45198284630800795 0.026363145990196863 0.03408969851922879
6 0.970253665770085 0.440636335501164 0.018080357142857165 0.04598814531999386
7 0.9252332315466401 0.514583585653372 0.024925906034928585 0.02940888660247573
7 0.9324534258900787 0.5672334363334816 0.02350101626016266 0.028794037940379456
7 0.5484483925615862 0.5457762032078615 0.019441781186747633 0.022948403820887083
7 0.651195332487996 0.5694608761378946 0.019890381895332362 0.025397947958061145
7 0.6774275505307371 0.6108615222803389 0.018968133535659987 0.02423705951778788
7 0.6226328623436945 0.5218070892795494 0.021385268478291714 0.02449101286310583
7 0.7752802451417711 0.9277441253751327 0.019528808898887598 0.026689372161813205
7 0.8524073209530727 0.9208148279888086 0.020749040356883533 0.02802561353759622
7 0.7336749354914378 0.8744424151707754 0.020296809199870435 0.027939747327502394
7 0.7301611918547402 0.8277797471345859 0.020062822482177327 0.02642220384155878
7 0.8077362234201856 0.8175554682040532 0.02161949685534584 0.027765298991714007
7 0.8142226077008685 0.8685704337878252 0.021941584441584443 0.029612946279613007
7 0.9698253375722637 0.10019035888713904 0.04874326555439697 0.061751611569594154
7 0.09766019981785291 0.9066486355938075 0.014533150488910098 0.021420180017842794
7 0.09032798121081947 0.9387581174343184 0.013014694326575505 0.019382890670019352
7 0.14824766979939394 0.9341332617194686 0.012839075339075334 0.0198000198000198
7 0.15768933179647465 0.8981533535104963 0.013870326370326359 0.018012518012518006
7 0.19322854619207197 0.8957952157040299 0.013395292650611783 0.020241775560924408
7 0.18534214012937414 0.9308100054615093 0.012339905956927232 0.020079408377280623
7 0.23085004078639157 0.889902624049253 0.013681215060281538 0.019644821625019612
7 0.22331894637929114 0.9253637486396108 0.015522671772671772 0.02098595848595837
7 0.35989233938245885 0.5371056561065048 0.03009971790435008 0.05321279529026014
7 0.4238447637062768 0.3610509031998627 0.0343935725291657 0.04635234508115864
7 0.44717799875392084 0.3541988641005885 0.024974730458221055 0.041662623695480926
7 0.48925641676368414 0.4896489483456538 0.0243579095323281 0.05460194413682785
7 0.5512975460905057 0.30213104346083214 0.038337288730370386 0.05110630110630113
7 0.6491471009700178 0.4346948398701045 0.015427177815570731 0.06052768329554042
7 0.706595044728834 0.22515166600206324 0.02844561312823131 0.05135931158232489
1 0.09282270677997448 0.914725332228973 0.02370739962651727 0.06621861707646029
1 0.1482154393275639 0.9134067804497947 0.03793208954809862 0.07436518366538081
1 0.18684601377446247 0.8985901780011202 0.02574937246926472 0.06993321461798345
1 0.22285386387853023 0.8986394703236261 0.03059304529892763 0.07792679361306823
1 0.3397447207327102 0.8910863600148585 0.027164521694815497 0.09317061910391153
1 0.7279799357166804 0.8396672595726344 0.02448244922969197 0.10583226346093996
1 0.8068771102114795 0.8293978195115106 0.02853219164938766 0.11288709074209834
2 0.672871982995338 0.1805099510853803 0.08816074375357562 0.24162194236321446
2 0.5118017879809444 0.3151402283682226 0.06905834405834409 0.1140890890890891
2 0.5304855878296302 0.23646274514996274 0.07250954029108979 0.16309143465692988
2 0.3715173647264322 0.3760703498205647 0.07248677988140195 0.10298253999804383
2 0.4058413589168362 0.30831471874005667 0.061859640559793955 0.15357783214926074
3 0.6077223478460699 0.30863293917528367 0.09549194986669367 0.32358161733161733
3 0.45579930376727074 0.3783035100211692 0.09148496591324376 0.28629085412101407
3 0.3216154210906612 0.41990919334810917 0.09497611930294389 0.2615105124961504
4 0.43707616397088117 0.748547658762664 0.08820197089162192 0.24132338120433353
4 0.5312873324222916 0.7338889685021404 0.09296675897497646 0.2529825593724298
4 0.6352498991831893 0.716369886410176 0.10381204088180562 0.2751717049268289
