7 0.2534257240734974 0.6127861258175022 0.04554655870445341 0.03321103238866394
7 0.4909922439370485 0.8482563975425697 0.02795649509803925 0.03231272977941178
14 0.543934649967887 0.5244761560693643 0.09513487475915224 0.11605852601156066
14 0.6771167844144722 0.47381783879254974 0.048771676300578076 0.0519328034682081
14 0.7247367877786953 0.5427784372419489 0.044556840077071294 0.059158236994219585
14 0.8829580122029544 0.5253492292870906 0.028901734104046166 0.05960982658959537
14 0.8605147261216625 0.4479768786127168 0.02107418111753366 0.047868497109826616
14 0.8886279704560052 0.6044526734104045 0.0355250481695568 0.019418352601156118
14 0.6713956616300366 0.7312682434752746 0.06009615384615377 0.06567651098901095
14 0.795829718527087 0.7275927197802197 0.06639194139194136 0.0922905219780219
14 0.9238157675657678 0.7204709353146852 0.056662087912087954 0.10388049450549453
