6 0.15207158571489604 0.2862530837498397 0.10161356209150328 0.03242442810457517
7 0.1594556846158702 0.6199498137743829 0.060543052837573365 0.03898605675146767
14 0.8404968060684698 0.7115270049406128 0.048506795422031485 0.07359844420600856
14 0.7167620944950852 0.7295529641911713 0.05854622871046224 0.09150329436082938
14 0.5945347869338368 0.7314172985565504 0.05047505938242279 0.06049584323040378
14 0.4470427187980813 0.501784663770477 0.05249343832021 0.04798228346456694
14 0.5962783840388006 0.48087177579365087 0.0426793981481481 0.05063657407407405
14 0.6283139080291258 0.5474591335581293 0.0699280408542247 0.05940981894150417
14 0.798259493670886 0.5398916747809153 0.031909282700422044 0.06388449367088604
14 0.7661995177817963 0.4595035601265822 0.03375527426160332 0.0537974683544304
