7 0.29375 0.28802099999999997 0.071875 0.08020799999999999
6 0.439453 0.11718800000000001 0.05546899999999999 0.08645800000000001
7 0.8482574189095928 0.8723832528180354 0.030797101449275388 0.05253623188405795
7 0.46726190476190466 0.8747196342305037 0.0364583333333333 0.050422705314009636
7 0.44697851966873703 0.8457556935817805 0.014266304347826076 0.024456521739130346
7 0.3295214371980676 0.7521638486312399 0.057065217391304345 0.07306763285024154
7 0.16785850495804727 0.6198989321128909 0.06227355072463767 0.08212560386473437
10 0.3095608874820832 0.9250749024526197 0.25370879120879125 0.16791437728937736
6 0.713784768179695 0.45082658569500667 0.06294281376518214 0.06368083670715248
7 0.27679748196448384 0.3880526267110617 0.0390625 0.08598663522012574
7 0.2850825471698114 0.29650648584905653 0.03390330188679247 0.07321147798742136
7 0.44203272405660365 0.45887382075471694 0.04016804245283012 0.06977201257861634
7 0.43883532186459495 0.5548522475027747 0.03869398584905657 0.0707547169811321
6 0.435302532104391 0.12226853769676886 0.0746783088235294 0.11488970588235295
1 0.2982085346215781 0.32118335122562197 0.08796296296296298 0.22145061728395063
1 0.45783947543160675 0.4855522355024347 0.07501245019920315 0.2166334661354582
