13 0.13745418595679013 0.6526170267489712 0.04918981481481481 0.10455246913580242
7 0.4984375 0.5607638888888888 0.05381944444444446 0.06481481481481488
7 0.6898561507936508 0.7931272045855379 0.05700231481481488 0.07638888888888892
7 0.8314043209876543 0.6652949245541838 0.04166666666666661 0.07330246913580254
7 0.6402698863636364 0.4103009259259259 0.0520833333333333 0.07175925925925929
1 0.48702711313146674 0.5817451562183 0.0686743951612903 0.21379368279569888
1 0.6282143723864994 0.4343077956989247 0.0834803427419355 0.2205141129032258
7 0.6472351730510753 0.5196782594086021 0.047883064516129094 0.07854502688172046
7 0.5000823898883374 0.6555650330851944 0.0491431451612903 0.07182459677419348
6 0.503875299428782 0.1948974264480069 0.05985696517412933 0.06529850746268655
6 0.5933157488419969 0.08452707725739116 0.08123445273631838 0.07255389718076284
7 0.5614497779081462 0.47622290200022355 0.046775477707006366 0.06369426751592352
7 0.9442616616710376 0.0690411514924441 0.06344546178343932 0.08326698513800425
