6 0.35558477338431327 0.03064881359779266 0.07553652108433732 0.0649472891566265
6 0.4532125350140056 0.1339650443510738 0.08731617647058823 0.09242238562091502
7 0.3437590781446693 0.3178460185274846 0.048893374164810675 0.07679101707498148
7 0.4934180918091811 0.48050742574257416 0.04842202970297027 0.06889438943894391
7 0.7950314562706271 0.7949498074807483 0.04656559405940586 0.06415016501650163
7 0.8091046769150599 0.8958659023797115 0.04130569306930694 0.06023102310231027
7 0.20375051062091504 0.6678921568627452 0.057253370098039214 0.06740196078431365
7 0.36215697925669826 0.7966364160184386 0.0544241573033708 0.06764981273408247
7 0.49697162518853694 0.8951381033182504 0.04790016968325785 0.059860482654600373
1 0.3628203765212746 0.3401182973612309 0.08097422836947721 0.23408457249070633
1 0.5130980898062928 0.49714299200112505 0.07670078045712678 0.2126457762014784
1 0.8165838820932517 0.8175391756624835 0.08879899049881228 0.21254763752588357
