7 0.936612054786751 0.5628875529340592 0.018116918103448287 0.02038433908045974
7 0.8980529976489029 0.5700871865203764 0.016635237068965525 0.01867816091954026
7 0.5391282036976132 0.4475559692726932 0.01591204073482433 0.03744009584664535
7 0.5392523278543804 0.5166295330979205 0.01560003993610215 0.03868809904153355
11 0.5527586039339772 0.7500530447292905 0.04372239485616014 0.30375837111736503
11 0.3838498289940975 0.7659541681255835 0.19838990283613445 0.3914456407563025
11 0.22962017211070646 0.6135095343941627 0.1691244392281569 0.30233937722485393
9 0.3546548584387026 0.6367669487966526 0.012321115654205628 0.03833235981308417
9 0.31636205730447614 0.6376237395474669 0.010952102803738317 0.03650700934579435
12 0.3481756280086315 0.585199030782567 0.029899898156089177 0.04344000142938816
12 0.36989227204506475 0.592698668719788 0.009129100557461411 0.020770797598627766
4 0.14932441690254195 0.6174694325735989 0.0461976536195286 0.1448951318742986
4 0.12416451218534551 0.6217046039094651 0.043895991161616146 0.1405110129068463
4 0.09181885109001407 0.6323314678074701 0.04323837331649831 0.13503086419753077
4 0.10976737864758697 0.5687663673774784 0.004110111531986524 0.024551066217732915
6 0.44202302631578944 0.52907407269588 0.023326796558704455 0.013178981106612678
6 0.41021904396880204 0.515577245574343 0.0246117472165992 0.013837930161943346
6 0.3802285810406698 0.49727889982824186 0.014430984311740891 0.014101509784075613
7 0.18030509215747698 0.49567005621693133 0.017744556704260644 0.026678023182957384
7 0.13764170380588567 0.5112116649149755 0.016581982299498726 0.024638418964076925
7 0.06436061891165602 0.46666369247564665 0.019723150927947596 0.02601323689956329
7 0.07095201181667476 0.4190442375599763 0.01812397652838428 0.027434725254730747
7 0.10646947780203785 0.44701501229544355 0.021215713700873357 0.028003320596797627
7 0.1125356793577147 0.3983152520014555 0.01950992767467248 0.027576874090247488
7 0.11212085447893308 0.3668093072603171 0.019403316048034927 0.02231736717612809
7 0.1571168345335069 0.3440603218424589 0.014605792849344962 0.02459174854439594
7 0.1591527772549315 0.375856226158209 0.01929670442139736 0.03098844614264921
7 0.15363767123890687 0.4269784183218293 0.020256209061135372 0.02999340429403204
7 0.19925120731744297 0.31773028743126314 0.021535548580786018 0.027434725254730712
7 0.25348936177721726 0.3245552015886162 0.021322325327510938 0.031983487991266345
7 0.25013061898552486 0.38261728226589026 0.01993637418122271 0.03297852983988355
7 0.3187116502748753 0.35234127254886677 0.02068265556768556 0.036247953056768534
7 0.3207820832108666 0.2921814641417535 0.023667781113537123 0.03468431586608445
7 0.39679141648471616 0.3195562681950509 0.021002490447598277 0.03909092976710334
7 0.3963211069089208 0.25452256673684753 0.026759518286026185 0.03724299490538574
7 0.43006874061561556 0.18862856997622623 0.026980105105105123 0.03519144144144145
7 0.4593674485031907 0.29697666416416413 0.0193552927927928 0.028153153153153143
7 0.5634924824377949 0.243749608983984 0.030645880255255165 0.04496684184184182
7 0.5629222972972973 0.16719844844844844 0.032112190315315314 0.04477133383383384
7 0.5887291287681912 0.09715996044121043 0.030059356231231238 0.04047015765765766
7 0.7004908430871095 0.03336517039036023 0.033438715953307496 0.04382498378728924
7 0.6818154182879378 0.10532182230869001 0.037618555447470836 0.050158073929961106
7 0.6902529942850195 0.18182301799610892 0.02412907344357973 0.05142469195849547
7 0.8445281256755295 0.1107305627612048 0.01994923394941628 0.05294463359273671
7 0.8174947620472914 0.11594426568891551 0.009879620622568086 0.03951848249027238
7 0.8347646117055774 0.026275287325263005 0.028118920233462963 0.05547786964980545
1 0.055324184389873174 0.44085762357446057 0.05067875364431487 0.11141733479105927
1 0.0982555809313521 0.41935300906076733 0.048828125 0.11559311224489795
1 0.14355184037900873 0.39554845618371576 0.048258700801749266 0.12375485908649175
5 0.23856167136749057 0.342980502059979 0.059931896865889206 0.13609238338192417
5 0.3058525419096209 0.31851767492711375 0.06292137390670555 0.13419430272108843
5 0.3828346884524799 0.2845870470428866 0.06587535068578554 0.14449553200332502
