6 0.3614612208362207 0.09357945686070687 0.11007882882882883 0.08847128378378377
6 0.4790872896509084 0.17056136261091892 0.11659021406727828 0.0750191131498471
7 0.34964767156862747 0.3236341641435987 0.07097630718954247 0.05706188725490198
7 0.5477146807998963 0.4314022698262945 0.06823237508555777 0.05406185831622175
7 0.19766761954261952 0.560120517151767 0.0884009009009009 0.06714527027027026
7 0.5629844961240311 0.7280625745378655 0.05702146690518782 0.05101185152057246
7 0.9490433673469388 0.6508025085034013 0.06930272108843537 0.04448341836734695
1 0.3731937358582095 0.33927395746004774 0.10698198198198199 0.18088400900900906
1 0.5704270320371314 0.45243581783834275 0.11003035320088302 0.17280629139072845
10 0.42810555549840124 0.8478792521319234 0.4873745814362458 0.2713541666666667
