7 0.44466369657992366 0.27587116380047 0.04304746536523929 0.04861279533626824
7 0.6196973837446879 0.35534871485779657 0.03955413329519453 0.04528985507246378
7 0.7698686432716114 0.4205101331294885 0.03747393117831077 0.046131140130686976
7 0.24851104359567894 0.6335599922839505 0.0473813657407407 0.05087770061728395
7 0.3417330473856209 0.6617913007216775 0.03590303308823528 0.04659415849673206
7 0.5025584371287496 0.7052500216562717 0.030251104469854517 0.044260005197505205
7 0.6437983157071 0.7371938403174835 0.030499466802670683 0.04076254945598423
7 0.8122726091476091 0.7732990545490547 0.0360373895530145 0.03762777200277201
7 0.9342598406383354 0.798641980796586 0.034693667763157965 0.04471628289473687
7 0.9854968426809864 0.8062040075576768 0.027618772374701672 0.03589275059665864
9 0.3076772436850474 0.3965948860479678 0.050397152152956315 0.12771755431124063
9 0.6771738948985045 0.5232377359330487 0.042236328125 0.10878906250000002
9 0.8222178019955438 0.5724551934389192 0.042724609375 0.10373146900269543
12 0.40263996829699344 0.31878853852187733 0.08053268095190724 0.18651709029712163
12 0.5633228092753623 0.39238852945709435 0.09808191700646796 0.17050480994563177
12 0.6998585722586846 0.4520134514998178 0.11287715517241381 0.15858477011494254
12 0.9408967895208117 0.5701602207366753 0.12151582362288138 0.12466928404264095
8 0.2753832824248121 0.8123599262579527 0.036868199645749 0.18279246794871792
8 0.32080619700773405 0.8096541480779669 0.029869581016177982 0.16470235085945406
8 0.3635736271666511 0.8169046975723576 0.026096501722817744 0.16191296579887693
8 0.45243724872380875 0.8311576916232927 0.020857683316929165 0.1519951607611548
8 0.4901090067053373 0.8517323760630293 0.0202346196503132 0.1652069197981906
8 0.5268593924386158 0.8488240559895833 0.020068359374999956 0.15944010416666674
8 0.6104778491573504 0.7991540381216354 0.031457598969631295 0.22030911062906725
8 0.6339957401670256 0.8594008171695403 0.025146484375 0.14388020833333334
8 0.6661082690845984 0.868742115632663 0.024273912887485594 0.14089707711442787
