10 0.32785326086956523 0.8654259352881699 0.473731884057971 0.22486413043478254
10 0.32035326086956517 0.9775611413043477 0.35778985507246375 0.046773097826087094
7 0.11446256038647339 0.5859941123188406 0.07880434782608692 0.048913043478260844
7 0.3109148550724637 0.6730978260869566 0.08876811594202898 0.051630434782608606
7 0.48496788537549396 0.7482089920948616 0.07518115942028984 0.03804347826086953
7 0.2730525362318839 0.3460427989130434 0.08333333333333327 0.05163043478260869
1 0.3031914893617021 0.3564383865248226 0.11469414893617019 0.16663896276595747
1 0.5047207446808512 0.4618849734042554 0.0969636524822695 0.1641456117021277
6 0.4334609623379799 0.18737389948642702 0.10416666666666667 0.07106050531914895
6 0.3147498925424458 0.11274228320438429 0.09530141843971629 0.07064494680851063
6 0.18727836879432624 0.025522218528368796 0.08311170212765957 0.05360704787234042
6 0.7117132092198583 0.36382147606382975 0.08255762411347511 0.04571143617021276
7 0.853834219858156 0.9023693228314238 0.0554078014184397 0.03823138297872344
7 0.9632433169667212 0.945075951309329 0.05042109929078009 0.03656914893617014
