6 0.5034722222222223 0.16189297850482054 0.06563203828828827 0.1203547297297297
7 0.3791095887375646 0.3348979473575744 0.04784842319180758 0.08271357742181541
7 0.37785378514117723 0.4264025846756905 0.05328596802841919 0.09103019538188277
7 0.2717404396995854 0.6846081713957648 0.07573161511605035 0.09298780487804888
7 0.5833913208502024 0.9269568151147098 0.030522520242914998 0.03900978407557349
7 0.8785046945743339 0.7909259877780254 0.049473947895791424 0.07995156980627922
7 0.9664220267457996 0.8790738528338728 0.04086297595190373 0.054692718770875004
7 0.5391989867225716 0.4872248427672957 0.051591981132075485 0.07547169811320753
7 0.546552664151833 0.5820771444850484 0.05996367735470942 0.09560788243152972
1 0.39554020761189695 0.34745090186305927 0.0771869639794168 0.2329902801600915
1 0.5557810359565929 0.49984823929677163 0.07570528134355899 0.23636797326993964
10 0.39936540745927374 0.9530419075129763 0.15585950788998515 0.12407064240790658
