6 0.6229197990705303 0.38927806633861844 0.06197033898305086 0.05949858757062145
6 0.4218524639423077 0.13822115384615383 0.07718599759615388 0.08964342948717947
6 0.33044537927350415 0.03733751780626781 0.06779597355769233 0.0806290064102564
7 0.7365819683136412 0.8025980128893662 0.04177295918367348 0.055059523809523725
7 0.44241446578631455 0.8896183473389355 0.04767219387755102 0.06016156462585028
7 0.3206927001569859 0.7820022239665098 0.04878826530612246 0.06398809523809526
7 0.16605642844707522 0.6622308785979575 0.0537517409470752 0.07108867223769728
7 0.30162863756613756 0.46086860670194 0.045386904761904746 0.058531746031746046
7 0.296875 0.3429834054834055 0.04501488095238093 0.07291666666666667
7 0.4416852678571429 0.4967757936507935 0.04799107142857144 0.0634920634920635
1 0.3175977316602316 0.36082957957957945 0.07738095238095237 0.22619047619047616
1 0.46562118437118444 0.49933862433862436 0.07105654761904763 0.21279761904761899
