6 0.5095502901353967 0.20910148694390718 0.08034131205673756 0.08518949468085106
7 0.33701795212765956 0.3383338874113475 0.05429964539007089 0.05402260638297873
7 0.33034131205673756 0.40769060283687947 0.06150265957446811 0.055269281914893664
7 0.561327201536643 0.5178205341312057 0.06981382978723402 0.05236037234042552
7 0.5533392434988179 0.4490109707446808 0.0631648936170213 0.05402260638297873
1 0.35541858347709404 0.3623894838987924 0.09751773049645393 0.18159906914893614
1 0.5773004015435962 0.4749467107321652 0.09363918439716308 0.18076795212765956
7 0.1915263002364066 0.5944910793439717 0.08532801418439716 0.06108710106382977
7 0.6072695035460992 0.7603797281323876 0.06427304964539005 0.05817819148936172
10 0.4292554909560724 0.8646669665928389 0.43816137566137564 0.22073412698412706
10 0.44350198412698416 0.9761078042328044 0.3249007936507936 0.0390625
