6 0.018229 0.04257799999999999 0.034375 0.04765599999999999
9 0.16597640562248994 0.22555064006024095 0.026041666666666668 0.044945406626506014
9 0.20613704819277107 0.27213018741633194 0.029806726907630518 0.04353350903614457
6 0.1826767296458561 0.2993008967688937 0.09506777108433732 0.03341490963855422
1 0.05560373523949683 0.4794918795332702 0.11416942604856511 0.14900662251655633
7 0.03836920529801325 0.465925082781457 0.06070640176600441 0.04682326158940402
7 0.031356612482440295 0.537044701986755 0.05415286975717439 0.05147971854304636
7 0.2195880345024937 0.631438557763061 0.04587472406181015 0.03802773178807941
7 0.21196828833418238 0.7001699407794192 0.048979028697571744 0.04320157284768218
7 0.2939491553891928 0.7050595666570687 0.03725165562913902 0.03673427152317883
7 0.2894083304287209 0.7700309341233881 0.03518211920529802 0.03130173841059607
7 0.3649972406181015 0.7666390728476821 0.04035596026490064 0.03233650662251657
7 0.36174555990367246 0.828484817128236 0.046219646799116984 0.04371895695364234
7 0.20074503311258277 0.8894867549668873 0.03759657836644594 0.03362996688741724
7 0.11747082939135917 0.836018803216651 0.04725441501103753 0.03776903973509924
1 0.23794407340891235 0.649378437535077 0.09140452538631347 0.14228062913907288
1 0.31152475252028977 0.7351141124849874 0.08313771517996874 0.1347931338028169
1 0.3794481633390085 0.7850448040808957 0.07775821596244127 0.12213908450704229
7 0.4661404192654192 0.8588796127858631 0.0337837837837838 0.03082770270270263
7 0.46383060692271205 0.9155849928876245 0.02843468468468468 0.02470439189189193
10 0.12944816099182727 0.9726134921742137 0.1493133060515873 0.07551463293650791
7 0.5019744640280356 0.5410711869975263 0.040777674706246124 0.02985853432282006
14 0.5068375166077959 0.5246360801762014 0.07717074004347933 0.09076394138262786
14 0.5493493639667706 0.5803093360591899 0.05289460020768436 0.04173968068535831
14 0.6381718883205457 0.47576060315430535 0.05225898692810465 0.053750000000000055
14 0.670167856806184 0.5440690398755659 0.06905165912518854 0.058151866515837106
14 0.7087641930251418 0.6007261253041363 0.02022506082725061 0.008211678832116842
14 0.8536195286195285 0.5873106060606061 0.04004629629629631 0.016493055555555535
14 0.8395023148148149 0.5303038194444445 0.030787037037037022 0.056944444444444464
14 0.8160326086956522 0.45427989130434787 0.0199074074074075 0.056770833333333305
14 0.908548940149626 0.7297381546134662 0.04727763923524518 0.10929706982543638
14 0.878058476995916 0.69286701723951 0.014287198669991596 0.04909600997506232
14 0.7735257444623735 0.7294608148745784 0.06390274314214466 0.08864557356608485
14 0.6547709010302526 0.7449947574246203 0.07091645885286783 0.08923004987531176
7 0.649578929659977 0.7437507421921388 0.04052369077306738 0.01811876558603496
7 0.7692862750531081 0.7319266936824607 0.038705320033250244 0.015586034912718195
7 0.8986148411023723 0.71554886821408 0.02727556109725692 0.01811876558603496
7 0.8788445552784706 0.7129831670822943 0.006753948462177917 0.007403366583541082
6 0.44569960585585583 0.6656002129847238 0.03366137877007442 0.013311545240893086
6 0.4715449144796971 0.6570242117117118 0.013954171562867223 0.00899676850763802
6 0.5392420977011494 0.723778735632184 0.02155172413793108 0.014367816091954033
6 0.563283699059561 0.7817874325148033 0.05687260536398462 0.017959770114942496
6 0.6531235522790904 0.8718946386488609 0.033725602755453464 0.01408223306544194
6 0.6556227941489136 0.8927816845260874 0.0357587064676616 0.012736796785304172
7 0.6129018573930812 0.98840201247993 0.027843258891645916 0.018488290942928032
7 0.5648962438573445 0.9806164246095463 0.020419768403639318 0.02462003722084365
1 0.5730203348398911 0.949287846729883 0.04626757650951194 0.09486856389578176
7 0.5147734583218454 0.9505316032533777 0.028691066997518593 0.0288849255583127
7 0.508243930326473 0.8974511020289008 0.025847808105872616 0.029854218362282837
1 0.5234851269797507 0.9142333827313663 0.054021918941273776 0.09692928039702231
1 0.47549896340218917 0.873622345396539 0.05660669975186104 0.10545905707196042
7 0.4195584197681513 0.9915926250762659 0.024888143176733792 0.013795092281879206
