7 0.6953963606546516 0.027358244434137296 0.03596431470315398 0.054958062770562775
10 0.3892098534156878 0.692064983639971 0.1428674768518518 0.16291312826566137
10 0.03132700628499138 0.6768361105343299 0.0556640625 0.17708333333333326
8 0.3232609021123694 0.8199835765098721 0.010083206300812997 0.04848407859078593
8 0.32518159876201036 0.7823278516876077 0.005478277439024404 0.014185298102981006
9 0.28788741798222633 0.7436357755797194 0.024577185412026692 0.08003897550111357
9 0.12204968776399662 0.7585252908762766 0.012288592706013346 0.045964411655530814
9 0.07159645856533037 0.7379245545657015 0.018813509187082404 0.039584493318485535
9 0.12400448417117403 0.729972442067027 0.006198670657015598 0.01812476800296962
12 0.10892556339116596 0.7322728677785965 0.03214445438282647 0.057883310971973856
7 0.0360710408712764 0.27897270436620153 0.029979032628676468 0.03350949754901963
7 0.015584750810274767 0.33679564547858615 0.02288818359375 0.03793753829656862
7 0.041045695106304986 0.49313065127077227 0.029218119959677418 0.031817036290322585
7 0.14833660122194398 0.5148252971773944 0.026003625834724542 0.01923779215358934
7 0.1475766903171953 0.49424822621035064 0.022009338480801333 0.008803735392320563
7 0.11256437265917603 0.41704705056179764 0.0117406952247191 0.030284410112359533
7 0.12963044241573032 0.4214458489388264 0.013825491573033713 0.03408824906367047
7 0.13773763543338682 0.3603196896736222 0.015910287921348326 0.03642907303370787
7 0.12195372849367977 0.3545159614934456 0.010314255617977525 0.031454822097378266
1 0.1279714369519046 0.3743177354526355 0.03994030898876405 0.13810861423220974
7 0.31474528220221604 0.39914037095025895 0.012290832379862726 0.03262657322654464
7 0.32924067237557203 0.4000945276744851 0.008827052345537767 0.03039187643020595
7 0.32709576250408634 0.46186926214994023 0.007933173627002299 0.024581664759725452
7 0.31067251461988304 0.4581873331426391 0.00916225686498856 0.03426535087719292
1 0.32063266119467543 0.4147760768404308 0.02938626287185353 0.13288996948893975
1 0.41942699535472966 0.4360593503659911 0.026789484797297314 0.1296804617117117
7 0.41196780942874694 0.4181543048730549 0.014252533783783827 0.03220016891891886
7 0.4275892103040541 0.4204145551801801 0.005938555743243257 0.02146677927927924
7 0.4096943623310811 0.4746934434434434 0.01121727195945943 0.033255912162162136
7 0.4257044686732186 0.4794354013104012 0.005674619932432401 0.01794763513513516
7 0.5034289106267507 0.4388908341114224 0.01663507199754899 0.03239251429738562
7 0.517111385569853 0.44037862540849665 0.00239353553921573 0.015318627450980374
7 0.5028818167892156 0.49231036815767987 0.013164445465686292 0.03239251429738562
7 0.5179952840511205 0.4960773371848739 0.0029919194240196623 0.012446384803921573
1 0.5101746203852634 0.4519327533530773 0.02644856770833337 0.12446384803921573
13 0.7467529679588819 0.2572810527366858 0.06268324513729984 0.10458381006864988
13 0.6713968396594037 0.32528764758067197 0.024916869279176246 0.07002049961861179
13 0.6980278597618056 0.3254327998231746 0.02000053632723109 0.02502860411899314
13 0.7011780204161898 0.3723191087433257 0.03251483838672764 0.03188167429443167
13 0.6450858611140003 0.42730111469384924 0.02893932351258577 0.02458166475972538
13 0.6183202881214893 0.3806216845225712 0.025922482837528626 0.06957356025934398
13 0.6432202278794814 0.38015227279147945 0.02368778604118993 0.0297959572845156
