6 0.7315768547024846 0.46992777808049985 0.08050042229729729 0.06791948198198199
6 0.4599273786786888 0.14136677842974968 0.07223690257352935 0.11201746323529412
7 0.31576304465575344 0.30638139945434123 0.04824510261194028 0.07540422885572144
7 0.3048347717465365 0.40514516617457796 0.051917726550079514 0.0791600423953365
7 0.46523277534208746 0.4702765086078858 0.04795611682460947 0.0707898658718331
7 0.4657836997273347 0.5600928766189504 0.05416027607361969 0.08414280845262442
7 0.48299617957465635 0.8791541437479836 0.0501629946043165 0.07508983173358494
7 0.1926527210979428 0.6354469476744186 0.07267441860465115 0.09149522957662495
1 0.3329768363939899 0.33231144421493447 0.08842863105175289 0.228158041179744
1 0.4846156315311208 0.49482667882711906 0.07923286502100835 0.2171415441176471
10 0.2963727154251977 0.9231811827450483 0.15953996435749276 0.1543859649122807
10 0.43693643720167064 0.9810439662887828 0.0438730608591885 0.03386286793953867
