6 0.3694828975022045 0.0828445355610232 0.11007085020242915 0.08764875193498453
6 0.4892550770308123 0.15941767331932774 0.10974702380952385 0.07796999007936507
6 0.7864001352109802 0.33285339813255765 0.07999850119904081 0.05198965827338129
7 0.3473728200957803 0.31873157529140683 0.06601834282099936 0.056629506641366234
7 0.3527008591663764 0.38697408713572506 0.06906347962382445 0.06612460815047023
7 0.5503635780484067 0.4274749755859375 0.06912530637254903 0.05126953125
7 0.1968159949164851 0.5683541742314211 0.07999727668845316 0.0534875408496732
7 0.39694041867954916 0.6543251811594204 0.07976046698872784 0.051517210144927536
7 0.5668962248931193 0.7281310498507707 0.05836425479282627 0.04507769016697587
7 0.9634482795423497 0.6482333824282787 0.06318306010928959 0.0408768784153005
1 0.38230475270916464 0.33660362819370176 0.10708450046685343 0.17660189075630245
1 0.5790228983451036 0.43195608440620015 0.10095877910947486 0.16962664519882834
10 0.41332304464704095 0.8389870863789595 0.48617471193132267 0.27663620283018864
