7 0.3422558060109289 0.6485181390406802 0.04482581967213113 0.08082877959927141
7 0.5019707207207207 0.5073406740073406 0.039179804804804874 0.04191691691691689
7 0.5530642249392248 0.4741795366795367 0.04832957957957964 0.06287537537537537
7 0.5543950534759358 0.7673703951277481 0.04250919117647056 0.05412581699346409
7 0.68140537464986 0.6771198062558358 0.04059436274509807 0.05770016339869279
7 0.8329209087481149 0.5633719834087482 0.04710477941176468 0.05974264705882361
7 0.6917368098555211 0.34308350533195736 0.05361519607843137 0.07199754901960785
7 0.6155142345399698 0.39914844142785316 0.0436580882352942 0.05106209150326795
7 0.7426831026528257 0.26558294886582073 0.04710477941176468 0.06484885620915032
5 0.5282065470643056 0.48644765455110284 0.11064189189189184 0.19594594594594597
5 0.3840246496496496 0.5644394394394393 0.06249999999999996 0.16554054054054046
5 0.6697315212940214 0.34202668577668577 0.12246621621621623 0.21114864864864863
