7 0.697544642857143 0.029794325137462392 0.03778594771241828 0.04833877995642701
7 0.6320177643707056 0.02594128819619016 0.038636982570806125 0.045842411038489475
7 0.6355414851125635 0.10436335027838296 0.03455201525054461 0.05015432098765433
7 0.8743378822669866 0.018417527745885953 0.046283008036739307 0.032529659395331034
7 0.8783878134587167 0.11426098217064604 0.045627626050420034 0.0681314192343604
11 0.46447760093204205 0.4523082240142798 0.17794428115757827 0.3916275996450206
11 0.7150644279065183 0.5411486656521289 0.14553106398809518 0.45377305197171813
11 0.8798898381294963 0.3971510291766587 0.04383992805755401 0.1406374900079936
11 0.9294408731050993 0.45493245047672637 0.09698705084822912 0.13946134032351065
11 0.877979720113852 0.5310325743200506 0.019123576850094894 0.12235135989879821
11 0.9630084859913793 0.5779678520114943 0.06701239224137936 0.048940373563218384
11 0.931371228448276 0.6431393678160919 0.11213631465517242 0.2316810344827586
11 0.9598094019396554 0.7697445222701149 0.10237068965517242 0.13963721264367818
