7 0.04796886351711333 0.3454677872067054 0.020295125575153374 0.033151201431492826
7 0.4396972656250001 0.43799804687500005 0.006054687499999989 0.007486979166666667
7 0.07267169486033737 0.3401999993552049 0.02019770630222842 0.034274895543175456
7 0.09830419362716654 0.33440943609434653 0.02026571204735375 0.03409354688950791
7 0.06033469707520893 0.4600380106778086 0.01985767757660168 0.026386229108635122
7 0.18531159087494534 0.4876161232972756 0.015376164362980782 0.023553310296474377
7 0.22526667668269235 0.4958284818209135 0.014847975510817318 0.022379557291666668
7 0.26113656850961536 0.5028944749098557 0.01408503605769229 0.020892803485576945
7 0.31662605069426875 0.5144332906334345 0.01338078425480771 0.019014798677884654
7 0.1535043686721184 0.42449539200415365 0.012549284462616828 0.012270411474558651
7 0.17980969707294914 0.43117989302094145 0.010723933995327117 0.010749286085150578
1 0.06672699837900818 0.463602341587688 0.028119315228690225 0.04926801801801798
1 0.19170434740237732 0.4909412051056072 0.02527692957380459 0.054005327442827454
1 0.26649540809697053 0.5032424466018216 0.021825461278586256 0.04101156444906443
1 0.23074861566448107 0.4950436290580522 0.022942112785862778 0.04155297124047127
1 0.3214102611181415 0.5151779863057037 0.020505782224532254 0.03938734407484401
12 0.27186393447304297 0.4302863869428369 0.018948227611940316 0.019572894456289996
12 0.2670763093017057 0.406075093283582 0.016970115938166275 0.015269633972992155
12 0.2934595596634176 0.41067383109960387 0.019052338752665265 0.022488006396588434
12 0.2914070828891258 0.43317946477927816 0.019781116737739912 0.009994669509594933
12 0.31437778639271174 0.4110623324126123 0.02196745069296374 0.03331556503198296
7 0.3507668717035125 0.3945264280103242 0.011139892057569323 0.017907116204690803
7 0.39016806777126267 0.3933010419134486 0.010723447494669525 0.01735185678749107
7 0.4242471145018952 0.3909103416449499 0.010723447494669469 0.01776830135039087
7 0.45259852639995507 0.43841384010399137 0.009265891524520231 0.014436744847192632
7 0.4470937259387586 0.3822575490602542 0.010307002931769726 0.018740005330490472
7 0.4586318844235455 0.3854888503909026 0.009578224946695135 0.017907116204690876
7 0.442543594328092 0.488556531888654 0.005109920058139539 0.009084302325581328
7 0.4183983617974807 0.49033941224563965 0.00638740007267441 0.008516533430232546
1 0.41599609719102376 0.49452384032916386 0.008800417877906974 0.033498364825581405
1 0.4404325263444768 0.4917667201631137 0.00794876453488369 0.030470264050387625
1 0.4645699746082671 0.4947782802455569 0.006671284520348819 0.03908142562984499
7 0.4668028107657241 0.48683602008456667 0.004967977834302362 0.009652071220930258
7 0.4664458045663759 0.5061028847706719 0.005180891170058155 0.008327277131782976
6 0.4395817203350566 0.3380691978800885 0.012783328862660925 0.013132600143061538
7 0.45265557939914164 0.3314351603481164 0.006601227199570847 0.007963385193133036
6 0.45375578393240346 0.341168186695279 0.007963385193132999 0.008661927753934226
6 0.4627594985821581 0.332027258328224 0.00859207349785407 0.008801636266094426
8 0.4859598198059029 0.44976112696277987 0.020907070096685076 0.08524689226519337
8 0.5096266941470995 0.4542993928406998 0.020367532803867383 0.08704534990791897
8 0.5329741056175488 0.4504284494038966 0.02077218577348061 0.08938334484346222
7 0.5230514310926947 0.2847158277061591 0.013623316643646355 0.032012546040515656
12 0.5565420199085541 0.17948917353305394 0.05678630006906071 0.06060802255985268
12 0.6660523649204156 0.15276184858151362 0.050581621201657434 0.06780185313075505
12 0.7987532245287616 0.11499549750839565 0.04060018128453036 0.05916925644567219
7 0.7641196909530387 0.2363173342541436 0.005395372928176823 0.027696247697974224
7 0.78765700535221 0.2317612415592388 0.009441902624309328 0.036148998618784546
7 0.8481166551565378 0.32751112645794955 0.011734936118784511 0.015466735727440136
8 0.7408954326923078 0.43271233974358975 0.025691105769230727 0.11678685897435903
8 0.7749649439102564 0.42555588942307687 0.026742788461538436 0.11498397435897438
8 0.8094223484848484 0.43169070512820523 0.027043269230769273 0.11758814102564104
8 0.6766075721153846 0.4194774138621795 0.020282451923076872 0.12940705128205132
8 0.6585745526175213 0.43427261396011385 0.022686298076923017 0.10957532051282048
8 0.6305873180873182 0.44116532397782393 0.022686298076923128 0.1055689102564102
8 0.6028008449883451 0.4418645590520591 0.021935096153846145 0.10496794871794875
7 0.5563852163461539 0.414483173076923 0.008413461538461564 0.015424679487179441
7 0.555528846153846 0.4432491987179487 0.008112980769230727 0.015224358974358957
7 0.5630164513221153 0.3723582732371795 0.012920673076923128 0.02203525641025646
7 0.6052584134615384 0.3689369658119657 0.012770432692307598 0.018429487179487152
7 0.5979353695771054 0.4396845379146919 0.006865249802527673 0.015324677461822015
7 0.5976672421134479 0.40907375181016326 0.004705395932069534 0.0165588796735124
1 0.5948016207758089 0.42319720619548035 0.011416370458135816 0.06417851500789884
1 0.5532110185280582 0.4265845546569134 0.01380763724328593 0.06181296076882566
1 0.568754076115199 0.4853824987528063 0.008562277843601862 0.0405229726171669
7 0.5714124827211691 0.4810817370984728 0.004859671208530814 0.010902119536598217
7 0.5712127819466386 0.5012689427183897 0.005631047590837213 0.010387868615060544
7 0.6439313855777491 0.26371662013172964 0.011410008591065335 0.03669100801832762
11 0.5388703225974568 0.5958856663887152 0.11121961805555558 0.11574074074074077
11 0.5492642394497864 0.701469573539886 0.07783286591880345 0.030326299857549827
12 0.6268306317134441 0.5687478343728343 0.007816560550935492 0.022333030145530158
10 0.6588151607682856 0.5818646443646444 0.01329830431392931 0.04642563236313239
10 0.6794063068477131 0.5921975160256411 0.007918074324324342 0.0438539501039501
12 0.6887371145183644 0.5732031610937861 0.005278716216216228 0.02219767844767843
4 0.7029097908004159 0.5465068433818434 0.020404268451143404 0.03519144144144145
4 0.7335216075450449 0.5482420521483021 0.019693672037422005 0.03370257276507275
4 0.7676084824522323 0.5457960536085535 0.022840599012473928 0.03600355162855166
4 0.70158706633316 0.49721446205821196 0.010557432432432456 0.015430093555093505
4 0.7287876819126817 0.5024255024255023 0.016546745062370083 0.02003205128205125
10 0.7758158253335503 0.5771453655494089 0.010566450740318811 0.039744684889901315
10 0.7994987014963477 0.5747484404864768 0.02747277192482911 0.04804954441913437
7 0.8210587239852972 0.5764192681369503 0.007563354214123019 0.014681805239179946
10 0.9451513440124129 0.5798525541560181 0.05863296937750995 0.05490712851405625
7 0.9398596992135206 0.4604790690539937 0.00470632530120485 0.012811663319946431
7 0.9464463335265598 0.460120678752108 0.004281724283305199 0.011308143620011313
7 0.9407324665743195 0.4864854352364893 0.003622997470488998 0.012076658234963475
7 0.9476608610876898 0.4850562333122541 0.0033759749156829777 0.013394111860595878
7 0.9868551064502531 0.4591600354834176 0.004281724283305199 0.011198355817875205
7 0.9938449298529135 0.4583152793392043 0.0037053383220910785 0.010759204609331071
7 0.9874623702308178 0.4847131464305791 0.00436406513490728 0.010978780213603137
7 0.9947872751545813 0.4838104467241271 0.0037053383220910785 0.010649416807195037
1 0.9435571710781187 0.4727077019051092 0.012021764333895457 0.055881991287239995
1 0.9905035903748091 0.46946309791482643 0.012433468591905528 0.0575288083192805
