4 0.3144944981514789 0.6195282489286348 0.08114602068345322 0.23805174610311752
4 0.41995068853834894 0.6524663538798868 0.14162495076155457 0.2390035233381166
11 0.5112740905812436 0.8416866615127551 0.06155583530805686 0.22462480252764605
11 0.6808755102373295 0.8544930498585889 0.14512867276357178 0.20919669745368497
11 0.8147575397193133 0.8112177546932684 0.166015625 0.2841090086646279
7 0.30540183738425924 0.3037730739553656 0.019823384081196604 0.047576121794871806
7 0.31269069863633675 0.23076660310818298 0.023109892494658113 0.048967236467236476
7 0.3000089868651609 0.14722381669028065 0.0371903335492228 0.07382710436871705
7 0.3985354144688055 0.21758076013036412 0.034432094778195366 0.07057294710161865
7 0.42574592534807876 0.30027603754428617 0.025449810606060608 0.04478377525252523
7 0.4214939926609848 0.3673329979482323 0.020566998106060608 0.04458648989898991
7 0.4860738783360566 0.2745318776382081 0.031325396369485226 0.06450578278186274
7 0.5164159714366515 0.35701741227936085 0.026079963235294157 0.03967524509803925
7 0.5172297028245425 0.4207009228511854 0.02272285746003544 0.04024200710479575
7 0.6067462531887753 0.3616496598639456 0.02548828124999991 0.050130208333333336
7 0.6469764973039434 0.43226410943134214 0.02662820069049543 0.03525792401343408
7 0.649106010366495 0.4894677611749349 0.021646725440806036 0.03476595298068844
7 0.7059946005389061 0.46779089522698736 0.025710022985941605 0.03175459354120269
7 0.7086345274038134 0.5231320541280479 0.02044473830734972 0.032189587973273946
7 0.7562935448203633 0.5006079415103811 0.024453065223194792 0.031156196397941722
7 0.7611878163075307 0.5523346306572733 0.02032992565055758 0.03122095724907063
7 0.829254776851173 0.5097212585241818 0.021049074413489688 0.03598866691104593
7 0.8336319727842535 0.5456923446674792 0.021246726923390247 0.027015365347018577
7 0.8401688685249091 0.59301517962357 0.021544294719790025 0.02747078252032516
7 0.8620736090044129 0.5314691140583998 0.01920512523191098 0.03297483766233763
7 0.8771166388233752 0.6129304845824598 0.023267164570230703 0.02606896401118101
7 0.9030866212984798 0.5871305741177498 0.020396848794549283 0.024840583508036307
7 0.9112114562113744 0.6314914940114261 0.01967669414677664 0.025523017120894515
1 0.3294711065944161 0.25186217340597783 0.060770648337887034 0.18873265277679915
1 0.4407517305558293 0.3201648845923789 0.05222655082393446 0.1731317782694571
1 0.5276035327936459 0.3818454080435903 0.050131545174537884 0.15801463039014374
5 0.6594581834076507 0.44661958912422334 0.06112818377030249 0.11995991961275483
5 0.7183024492984939 0.48721849752784374 0.05043532033699061 0.11000359195402298
5 0.770552840029177 0.514135343946028 0.058115267769248025 0.10575744720965312
