10 0.15867966820001708 0.9726196185622822 0.14895833333333333 0.07749674877600973
6 0.028007275941792465 0.04008155434756522 0.054569563443492446 0.03184287025703795
6 0.20047803695376765 0.29820050285048977 0.09448938761308281 0.03449569415448854
9 0.18534288194444445 0.22382486979166666 0.03114583333333331 0.03960937499999999
9 0.21715416666666668 0.258134375 0.04395833333333335 0.04476562500000001
7 0.7736263020833333 0.90441162109375 0.0265625 0.01875
6 0.6857500000000001 0.91333125 0.033958333333333354 0.008828124999999964
6 0.6803172348484848 0.8891654829545456 0.0321875000000001 0.011796874999999929
6 0.6744687500000002 0.8704661458333334 0.03249999999999993 0.012656249999999859
6 0.5942857142857143 0.7741406250000001 0.03145833333333338 0.016171875000000037
6 0.561032196969697 0.7201242897727271 0.01864583333333331 0.012421874999999982
9 0.569001225490196 0.7055284926470587 0.02072916666666676 0.027734375
6 0.4779119318181817 0.65888671875 0.05791666666666663 0.023984374999999947
7 0.5239781746031748 0.5381659226190477 0.0426041666666667 0.030312500000000055
7 0.5599208333333334 0.57349375 0.027708333333333356 0.02375000000000007
7 0.6652280405405406 0.7436739864864865 0.02958333333333331 0.023046875
7 0.7892187500000001 0.7280422794117649 0.030104166666666644 0.025234375000000052
7 0.9178523284313725 0.7098276654411765 0.033541666666666595 0.021171875000000017
14 0.5281259426191474 0.5255056426632325 0.08135528330781015 0.11186351454823891
14 0.6613912403386089 0.4713867546926756 0.047022604588394044 0.054086538461538415
14 0.7047509650889558 0.5392631231117825 0.048621601208459236 0.05747262084592144
14 0.8673048048048049 0.5277500511875513 0.026651651651651658 0.05391328828828827
14 0.8298105798105798 0.4432280838530839 0.04147897897897899 0.055602477477477485
14 0.6743440160655901 0.7371922871060359 0.0689315608074839 0.09058807237813885
14 0.7957581543435294 0.7261741297561548 0.06253190403266977 0.09188361408882084
14 0.9208446960182756 0.7060011796261078 0.05805061179087865 0.10436943826473861
7 0.06582342400526811 0.4645680181977053 0.06295430944963656 0.04794587227414322
7 0.05842022902965271 0.5361561364226376 0.06035825545171339 0.05378699376947038
7 0.24929488606843314 0.6307319500111337 0.046551436205744805 0.03921906312625243
7 0.24248496993987975 0.6966293698508127 0.05062207748830998 0.040628131262525
7 0.1528846153846154 0.7484014423076923 0.03333333333333333 0.02572115384615383
7 0.14884958791208788 0.8348586309523809 0.050534188034188035 0.03693910256410256
7 0.32419715447154474 0.7026467225609758 0.038749999999999986 0.03523437500000002
7 0.32497767857142856 0.7659226190476188 0.0441666666666667 0.035781250000000056
7 0.2335750000000001 0.8894953125000002 0.042708333333333334 0.03460937499999996
7 0.2903849637681159 0.8235427989130436 0.03135416666666669 0.020546874999999964
7 0.3924083333333332 0.7641562499999999 0.041875000000000044 0.03312500000000007
7 0.3913440040650407 0.8259794207317072 0.03885416666666662 0.03679687499999993
7 0.49301378076590396 0.8556171119367777 0.03472222222222226 0.02927614118895967
7 0.49466600720581616 0.9113045261532522 0.036049186128803964 0.031017781316348268
7 0.4476413690476191 0.9457924107142857 0.02364583333333332 0.02117187499999993
7 0.4342559523809523 0.9931640625000002 0.03364583333333335 0.014218750000000035
7 0.5406909722222222 0.8930755208333334 0.022916666666666606 0.022421875000000036
7 0.5444284625893232 0.9472871758748423 0.02241290983606555 0.024734246926229452
7 0.5823666666666668 0.9331499999999998 0.019062500000000072 0.018828124999999928
7 0.5845986519607843 0.9830445772058823 0.02822916666666669 0.02117187499999993
1 0.08400868901260337 0.4863285780561357 0.11373521224773833 0.15152009394572027
1 0.26567218980965873 0.652524686455908 0.08765318627450978 0.14304687500000002
1 0.34277076241561516 0.7294243254220676 0.07505458515283844 0.13526883187772923
1 0.4109720733196342 0.7875646330295721 0.07065427797135117 0.13048054587688734
1 0.5060522667096036 0.8732596585623303 0.056839263990267654 0.10956945711678827
1 0.5543859011627906 0.9078833575581395 0.046770833333333366 0.10218749999999996
1 0.5952854938271603 0.9488040123456795 0.04604166666666672 0.096875
1 0.6552834302325579 0.9780032703488374 0.04458333333333329 0.03640624999999993
