6 0.4464034346846848 0.13332814197175905 0.08621903153153151 0.08563250750750749
6 0.34702988083942626 0.02855179438522074 0.07758867276887868 0.06006864988558352
7 0.32895890043718545 0.3322455250350573 0.04645740534521159 0.07493504083147731
7 0.32459077380952384 0.4265523697742008 0.0489656690140845 0.09573063380281693
7 0.4760056196391601 0.4896695997239476 0.049010093167701815 0.0666407867494824
7 0.19048247466216217 0.6630595439189189 0.05616554054054053 0.07376126126126129
7 0.34386730480480476 0.7906656656656655 0.05806587837837838 0.07742117117117112
7 0.47351531166443844 0.8926320883467022 0.04480698529411766 0.06395526960784312
7 0.771119002977867 0.804951280329712 0.04675201575734604 0.05798396313214589
7 0.7834505427170869 0.9008514239028944 0.04183590102707742 0.05758636788048553
1 0.3480566897894909 0.35114157382628525 0.07999048782325464 0.2300881814282899
1 0.4943810942293558 0.5054400356690139 0.08167476615593347 0.21820584190087372
1 0.7919967061784121 0.8321289525738172 0.08251368586479221 0.20175997890682826
