6 0.47143640299795864 0.1007645491320044 0.08829038742690062 0.09926994301994303
6 0.6924844577436435 0.3456490714647012 0.05358497723823978 0.058010875063227135
7 0.8189422009037992 0.756588605494281 0.0387752757352942 0.052849264705882366
7 0.5329726148409895 0.4455094228504121 0.05465989399293285 0.07177561837455831
7 0.38666764276874116 0.2874436439179632 0.055306311881188064 0.0794141914191419
7 0.5336787377781198 0.8481696050504269 0.0643272673031026 0.06985879077167863
7 0.3976662404092072 0.7381393861892582 0.05919117647058827 0.07303921568627451
7 0.2636739417989418 0.6073633156966489 0.06770833333333334 0.08703703703703702
1 0.5498582151915558 0.45705609848605616 0.0797974006116208 0.22553516819571867
1 0.40552947779510273 0.3004356519981518 0.08844782282282279 0.23711211211211214
