7 0.2612395277713358 0.649930426716141 0.03739564007421148 0.051986703772418014
7 0.2547489712668285 0.7386660958089529 0.0376855287569573 0.056238404452690224
7 0.47843503489077677 0.5439042273462783 0.026452518203883457 0.03084546925566348
7 0.6691369047619048 0.805907738095238 0.024921875000000072 0.021458333333333357
7 0.5784885817307692 0.8213301282051284 0.023671875000000054 0.024479166666666666
7 0.12703861531986532 0.5106358726150393 0.07161458333333334 0.07407407407407411
7 0.131446009991642 0.41977718258491 0.05220502336448598 0.06506360332294907
7 0.0305031125045438 0.2420862110747607 0.05357426844783715 0.07116730279898216
7 0.01943612062404871 0.3490693176052765 0.03674372146118721 0.07531075596144086
7 0.4415668115837884 0.9626119814122834 0.027823189134808857 0.04170858484238759
9 0.23800310955750228 0.09080071690625936 0.019268025606469008 0.07580862533692723
9 0.2590067866769349 0.15657088307020925 0.0390625 0.0633142407906559
6 0.2398573995291397 0.2047816591631903 0.07675036656891492 0.045210166177908115
6 0.44513174019607843 0.7033558006535947 0.044140625 0.033437499999999905
6 0.5065892857142857 0.78625 0.02257812500000007 0.02177083333333331
6 0.5193013392857143 0.8663065476190475 0.04445312499999998 0.025833333333333406
6 0.5816041666666668 0.9876493055555554 0.026796875000000053 0.01895833333333326
1 0.0534646507806971 0.26970499320355745 0.09605023209549071 0.22673519009725907
1 0.14089235247650622 0.4611626617181004 0.09475779680990555 0.2623930406791451
1 0.27826176418983445 0.6702165767875251 0.07156791907514451 0.1713042604501608
1 0.3883982232543911 0.8674198912669363 0.05594741107746883 0.17879905105396218
14 0.583352720714439 0.457830423550025 0.034531250000000034 0.08376977848101266
14 0.6322907466558052 0.6277324143943291 0.016016375300120077 0.009313350340136022
14 0.6111654210663777 0.5568235725141438 0.05106961901784359 0.08021544653697005
14 0.7066184046271639 0.5380543996893031 0.00332639813581892 0.0220428317798491
14 0.7039843749999999 0.5019010416666667 0.003828124999999982 0.008645833333333346
14 0.69796875 0.45499999999999996 0.005312500000000053 0.009375
14 0.7060594466475607 0.42525371012174534 0.037890625 0.09000000000000004
14 0.7351652074534999 0.5423162645640519 0.03277463440111417 0.08123694289693593
14 0.48366968985015724 0.5212247563996576 0.07209080137880672 0.16398307116823324
14 0.7687931520345912 0.7886010696149629 0.043432501738525794 0.16961561983787257
14 0.6737588760076539 0.7933170050837203 0.04582554061702977 0.12177279874213838
14 0.7021935096153847 0.9261298076923077 0.01749999999999998 0.04208333333333331
14 0.5820213721264367 0.8055998563218388 0.04656249999999993 0.09270833333333334
