7 0.44723878347752294 0.16598086037751472 0.06022768725680938 0.10614259079118028
7 0.4646899606299212 0.3624302821522309 0.0039216289370078705 0.0125082020997375
7 0.4977241971822952 0.35139910087031323 0.019247839664613242 0.07758246527777775
7 0.8056701660156249 0.5086832682291668 0.007666015625000022 0.0087890625
7 0.8047715928819446 0.4979094328703703 0.008056640625 0.008138020833333334
7 0.8503607855902778 0.4968460648148148 0.007763671875000044 0.007877604166666682
7 0.8509342447916667 0.5075217013888889 0.0078125 0.007617187499999956
7 0.8957519531249999 0.4962814031862744 0.009033203125 0.007617187500000029
7 0.8973230698529411 0.5071537990196079 0.008593749999999956 0.008723958333333318
7 0.8966110050499628 0.37972202753406226 0.01231364287663761 0.013687051478615523
7 0.8978888989491571 0.39381750790839387 0.011833890556768645 0.013381152759047573
7 0.9119774856021772 0.377941049106201 0.012900006823144183 0.01471275287999115
7 0.9104097741403921 0.3632640866230954 0.012313642876637498 0.014528447159431431
7 0.9532938948124514 0.2024245007311188 0.042661253002245436 0.05474064625850339
3 0.9121648702844745 0.15462390632577835 0.1367665458670384 0.21155941232017875
6 0.8899945949344497 0.43981296242211837 0.018604580412772576 0.02301199052440291
6 0.9474326685855263 0.44461006030701755 0.021240234375 0.026302083333333393
9 0.6216394040770291 0.35831282010853555 0.08660263902559051 0.23952694389763776
8 0.2843580981270916 0.4404121552054004 0.05350059345327335 0.3622485632183909
8 0.334112371452399 0.4975781280216726 0.043921259012992375 0.26819951771030986
8 0.36616290983606553 0.6451075819672131 0.012647284836065587 0.017503415300546443
8 0.3745301179921531 0.5114566951962344 0.037632310565079874 0.20113323401220953
