7 0.12722898842716368 0.23984750973951563 0.06009615384615384 0.07612179487179487
6 0.3145722073876279 0.20135180240320427 0.06218360591900311 0.052570093457943924
7 0.3442611665729284 0.6500652262217224 0.04121555118110236 0.05474901574803148
7 0.050544129392971246 0.6315312167199149 0.06564496805111822 0.07521299254526094
14 0.5656646864362399 0.5746350484420003 0.09522699004975124 0.26430348258706465
14 0.6285743464052287 0.36151960784313725 0.031658496732026184 0.06399782135076257
14 0.6530096071275224 0.4538339058251037 0.032789689781021904 0.08097627737226278
14 0.6728760010010009 0.5561811811811811 0.049971846846846815 0.08414664664664659
14 0.6939057475884245 0.6290527867095392 0.043207395498392295 0.0182542872454448
14 0.6899492564308682 0.6639201500535906 0.038434485530546694 0.02780010718113613
14 0.7742293684933487 0.42913021737034895 0.037797317813765205 0.09362348178137653
14 0.7906795609817812 0.5341704622132253 0.040960273279352144 0.08434547908232114
14 0.8106766986706055 0.6221086184966355 0.044774741506646974 0.05708394879369768
1 0.35880104727760975 0.6747745614933114 0.07000389812889814 0.21742896742896736
5 0.1384934041184041 0.2537269412269412 0.11402027027027026 0.21002252252252251
14 0.6449786809970732 0.8041405960910957 0.044703678474114474 0.08600136239782011
14 0.6563457935967303 0.8701606494096276 0.0304410762942779 0.02157129881925523
14 0.6712647593097184 0.9234029669996973 0.031505449591280675 0.021287465940054536
14 0.7285595796750427 0.7850186698960542 0.0464066757493188 0.10899182561307903
14 0.7334951180744778 0.8564657129881924 0.04747104904632149 0.02781562216167129
14 0.75391689373297 0.9106494096276113 0.042362057220708495 0.020719800181653033
14 0.822572804022007 0.7687701574653764 0.035794322709163315 0.10707171314741035
14 0.8287163844621512 0.8408726206285967 0.04077440239043817 0.023655378486055884
14 0.8414467131474102 0.8939243027888445 0.024589143426294945 0.01784528552456829
