6 0.657355501171139 0.3797503267308248 0.058960725469728546 0.06273921363952677
6 0.4480544788487177 0.13196563245599466 0.08857724819477113 0.09776242068869875
6 0.355089145768025 0.035331765935214206 0.06788793103448273 0.0793103448275862
7 0.3437450446665421 0.32946460724860616 0.04935875669479448 0.07571098074724827
7 0.33783556796464403 0.4323563664596274 0.060096153846153834 0.08155906593406594
7 0.48416241496598633 0.4894350832438239 0.04973370927318301 0.07597117794486212
7 0.7729153608893582 0.7982903938774164 0.03817336874051591 0.056746332827516476
7 0.7831799982962772 0.8852170116705 0.04374440966010731 0.05963029218843173
7 0.20640734160443266 0.6576895794855324 0.05809970489038787 0.07465570545250143
7 0.3543230060034305 0.7826525871926814 0.05239601200686108 0.06843196112064026
7 0.489283334061708 0.8893453369460711 0.043531760772659744 0.06345963348192167
1 0.3639295682999179 0.34428916443245294 0.08917379996723458 0.2341639362166885
1 0.508154446339703 0.505868444922541 0.08418120155038764 0.22321924529699302
1 0.7902938737667344 0.8178270574035509 0.07537266605111163 0.1892896228878206
