11 0.7971363336267607 0.8244327073552427 0.16917913732394363 0.2520264818075117
13 0.6642018538037436 0.7888752470966144 0.018568441901408383 0.03782460387323949
13 0.6292638644366196 0.7944515284106602 0.017364931778169 0.03323980340375584
13 0.5955082709800471 0.7954323161189358 0.013238611355633756 0.03232284330985916
7 0.6108635029173083 0.6845848512222089 0.011442012942779356 0.023593608083560518
7 0.6588667799925483 0.5394525428464977 0.01953125 0.036074112021857875
7 0.6258843188914911 0.5100283795212074 0.019050973360655754 0.03735484972677602
7 0.5863522843703427 0.4686141641828116 0.021452356557376984 0.03564719945355188
7 0.6017072168410633 0.5881837410444947 0.016515395220588203 0.01866957720588232
7 0.6382704448967088 0.6151158380018674 0.015318627450980338 0.01819087009803925
7 0.6465080287629759 0.6802052545895809 0.011129940257352922 0.014361213235294231
7 0.5214556525735294 0.7523871527777777 0.023815678615196068 0.03430734272875805
7 0.5220256686297206 0.6920036291908738 0.022499234068627527 0.030318116830065318
7 0.5372082384244459 0.5552586183930094 0.01962699142156854 0.035105187908496704
7 0.5394131529564952 0.5000654233047386 0.01663507199754899 0.024892769607843146
7 0.43958320845321824 0.34936599753125885 0.039373659620098034 0.03398820465686273
7 0.47840791590073534 0.44979319852941174 0.013762829350490224 0.027286305147058876
7 0.4719011415707587 0.5057228394075021 0.020225375306372584 0.03861570669934644
7 0.3847734354843911 0.4494639824131406 0.020943435968137247 0.04420062295751633
7 0.4001393037683824 0.3888896867340686 0.008138020833333315 0.0314351000816994
7 0.31168435673548267 0.7243329523315736 0.011010263480392135 0.022977941176470562
7 0.31000559403448885 0.7584088322829131 0.011967677696078427 0.018510008169934533
7 0.21426930147058823 0.7320069955065359 0.013403799019607865 0.01962699142156869
7 0.21829044117647056 0.693661105540701 0.01220703125 0.018350439133986967
7 0.08588350736177884 0.7448793068910257 0.014789287860576927 0.021597055288461526
7 0.11290199736244658 0.7043039696848291 0.015024038461538464 0.022536057692307637
7 0.11934133676382212 0.65868410289797 0.01373291015625 0.020345052083333332
7 0.04978668995392629 0.6392910949185364 0.015610914963942304 0.024883563701923055
7 0.04304964866863906 0.6853874853611933 0.017019418569711543 0.02378806089743583
7 0.016874956661427513 0.7302910618528108 0.014554537259615384 0.02504006410256417
7 0.004661476219093406 0.6755004435668499 0.009976900540865384 0.01674554286858972
7 0.06208086347246504 0.5785179582787005 0.019132173978365377 0.02206655649038458
7 0.12601881760817304 0.5465432191506409 0.019836425781250014 0.031143579727564097
7 0.06384377951150412 0.36004035027472514 0.021597055288461536 0.019562550080128194
7 0.10529321713128102 0.3112237644747725 0.024766188401442304 0.0555576422275641
7 0.055448091947115384 0.28774163661858965 0.026644193209134616 0.029578575721153817
7 0.012262924250228938 0.2583225422580891 0.026644193209134612 0.03396058693910253
7 0.3736069623161764 0.2650158008805374 0.035783356311274495 0.06781684027777779
7 0.2211279524511946 0.5009151005244755 0.020032051282051266 0.03338675213675213
4 0.39816055865648253 0.6808141361470165 0.08533924549549549 0.19120683183183176
4 0.44915276604729726 0.6980662302927928 0.07170256193693691 0.17126501501501493
4 0.49604141401016405 0.7232292388542388 0.07126266891891891 0.16305367867867862
1 0.31494921080354554 0.7392756920226679 0.024194115990990972 0.07800769519519528
1 0.12026797305117617 0.6819400780989321 0.02837309966216217 0.0912044857357357
1 0.0518798828125 0.6560637786223723 0.03695101351351351 0.10117539414414416
10 0.02330565822879331 0.8727808579749105 0.050140709005376344 0.09870631720430101
12 0.0770778496490442 0.8899319556451615 0.023889028897849454 0.05005320340501784
12 0.17390863015232977 0.9023110812425328 0.022838961693548404 0.04270273297491034
9 0.14743599840389782 0.9145647821460572 0.006300403225806439 0.027651769713261665
6 0.20725701444892475 0.40410086245519716 0.022838961693548376 0.019601254480286674
6 0.12803911555602715 0.35053822392001505 0.024414062499999986 0.025901657706093168
10 0.3792012286243947 0.892985223088176 0.046552237817796605 0.07117319915254239
10 0.5097839503253632 0.9133696844733659 0.04220736228813565 0.05682821327683607
8 0.3423631244424621 0.9469287791778176 0.007241459216101698 0.07310425494350288
3 0.42043389214409715 0.3744981553819444 0.10503133138020837 0.22481282552083334
2 0.4549532158430232 0.38834551302756243 0.07532400678294571 0.06586119186046517
2 0.44968752329308287 0.328529523206122 0.026117369186046513 0.02245841408268734
3 0.4995318415621896 0.4406265516385301 0.09174547697368418 0.1995956688596491
2 0.5278332550125314 0.4551499190685046 0.05833675986842102 0.054653234649122785
2 0.51953125 0.39889437134502925 0.021587171052631637 0.017475328947368435
3 0.563217397704984 0.49122850702835846 0.08652280130293155 0.18025583604777418
2 0.5866691266286644 0.5000827056188926 0.04994146986970682 0.05004750271444077
14 0.07051374796828057 0.2789766290695958 0.14382447714007782 0.13172827496757455
14 0.03998554788829443 0.29811966331603984 0.07333718385214008 0.0628242542153048
14 0.05743779438869547 0.3857985186702165 0.03742856274319067 0.03926515888456553
14 0.02369209022373541 0.35538768644617386 0.02488904426070039 0.021279182879377394
7 0.019512250729571988 0.3949821660181582 0.01956924854085603 0.016212710765239963
14 0.01544056092861419 0.40320349134490674 0.025649015077821014 0.03293206874189362
14 0.0968271909267775 0.3415723381676689 0.02545902237354085 0.020265888456549936
6 0.07754625299311584 0.31320540880973763 0.014439445525291833 0.02507903696498052
10 0.19372922746433205 0.8984543882403805 0.02431906614785992 0.0924631160830091
