7 0.10756988876883514 0.12638077207415035 0.04864224240078363 0.09228301683097402
7 0.06570121187135018 0.1858926579648835 0.04082029374519878 0.05564487008674218
7 0.03660973837209303 0.2698643410852713 0.04489741726296959 0.05893149970184856
7 0.07592636664040615 0.46766834989204004 0.05026424632352941 0.05265778186274509
7 0.34202280039039906 0.48327323717948706 0.04082189397773284 0.0324202935222672
7 0.6205770284557951 0.5464739000871814 0.03347815688775524 0.030633986549165087
7 0.3656858665107463 0.21770663528239553 0.022776558472938135 0.06801616941300488
7 0.3635531121184269 0.2671619109291444 0.0233187806372549 0.055657679738562095
7 0.39212967546259625 0.27230875902992774 0.013148332313341449 0.04852929926560586
7 0.38711740371896614 0.34467846967846966 0.01220703125 0.03858024691358023
7 0.3590901692708333 0.35788776592813054 0.03591063161375663 0.05812872023809527
7 0.5106688200225264 0.25914628461033534 0.035183172775689275 0.0713861476608187
7 0.5290790804856115 0.31365220323741 0.033898662320143935 0.055385379196642694
7 0.5269830037951831 0.399395411352345 0.03457891973800553 0.055088141025641045
7 0.6352065907906482 0.2920745276935887 0.034863281250000044 0.06946614583333333
7 0.6761882601207801 0.3576521684266661 0.03955996386840299 0.05363705421512177
7 0.6823895586401831 0.4377074366944483 0.04076237788632331 0.054349837181764414
7 0.7474355807687094 0.6997511001333153 0.029762913503253774 0.051488216287056986
7 0.7553278656312877 0.7828186567320591 0.026968451332997967 0.03628542085848426
7 0.8333849676724137 0.36109689295977015 0.03559570312499993 0.0634765625
7 0.9001673556353087 0.42243887816576 0.03988976787320131 0.04928385416666662
7 0.918977918031598 0.49578078217672855 0.041627150782057365 0.050429894179894186
7 0.9381099076704544 0.3917660984848485 0.03476562499999991 0.061067708333333304
1 0.04685676404486449 0.15857236399823654 0.08758569364693757 0.22382577813273252
1 0.7411706872888512 0.7198356559684683 0.045458984374999956 0.130859375
9 0.03193104243541237 0.8851237520681651 0.025145164695945948 0.08088419889088734
5 0.38334225054739546 0.29283939549736543 0.06845703125000002 0.22846835408475316
5 0.5482654616224061 0.344200977528556 0.06832802854938269 0.21692949459876543
5 0.6975162996247682 0.375067901543966 0.0751953125 0.2066400564046579
11 0.5944417417029988 0.7604548888730097 0.44189453125 0.3405382980310263
