7 0.01345683497086214 0.9432458790891651 0.016169662309368192 0.03489242919389982
7 0.001728664556100218 0.9331597222222223 0.003829656862745098 0.01588598402323897
7 0.09343335440486661 0.9516545734388742 0.010564396437994727 0.027484608619173272
7 0.10626236807387864 0.9502459872471415 0.00837421668865436 0.030061290677220704
7 0.2520342608233233 0.9655162975475475 0.011327245213963971 0.0297660942192192
7 0.26606529292076164 0.9670581447925196 0.007478181306306286 0.026393581081080992
7 0.3336526126346443 0.9781438608456111 0.010481887298747772 0.03086333482409061
7 0.3486210203767889 0.9765188254695886 0.005240943649373886 0.02480713327370306
7 0.41201294971113445 0.9862278244631186 0.011249617034313708 0.02888199550653588
7 0.42638841018178103 0.9835924025281407 0.003530464920343146 0.02202052696078442
7 0.22942357655152223 0.7271845725995316 0.015208760245901648 0.0332991803278689
7 0.23974424653215637 0.6786103667507356 0.017289959016393436 0.023053278688524692
7 0.24939716424058178 0.6132276673671345 0.02780200028473806 0.04939111091720353
7 0.36373435522536995 0.6181980343003636 0.041070385514018704 0.03407320872274141
7 0.5151492387820512 0.6507467503561254 0.03586154513888895 0.032841435185185196
7 0.5453925061029234 0.6730826333292902 0.02452067412663761 0.046624818049490514
7 0.39497866108417284 0.351303747562808 0.03751010030982249 0.05923722141472868
7 0.5326840381180151 0.39412539977881406 0.035486576339858855 0.06133497807017537
7 0.6526174801355512 0.4339694921160311 0.035023912091121434 0.06129290249653866
7 0.15511978026027629 0.27843703998403607 0.028698979591836732 0.048628826530612256
7 0.12044609212577961 0.27951817502598747 0.004568119802494802 0.02125021656271653
6 0.17766824244408816 0.5994338360833072 0.012031390512589918 0.031029863609112713
6 0.28879744177322547 0.6295847060934235 0.02128906250000001 0.043719554627696576
6 0.34630497768039753 0.6480003119119692 0.020509170723226722 0.04536465577190548
6 0.4039499573024372 0.6556888732459379 0.019329302067946807 0.03990875800098478
6 0.6023994680880165 0.6936323520293532 0.020994726015406195 0.03282563025210076
2 0.14472653490461182 0.2420072919895544 0.08514940586379517 0.1881791880230773
