14 0.5565157933330641 0.510182738371115 0.10086113432362734 0.12058781782637204
14 0.6252144082332761 0.6050868353344769 0.014472555746140614 0.009246355060034262
14 0.6879258385744236 0.4634995507637016 0.04688903863432164 0.05285545822102424
14 0.7312384972952518 0.5337275495691323 0.07100340136054419 0.05610410646559512
14 0.8983830439186772 0.520506687622343 0.027668893856848818 0.062124020044711604
14 0.8565400843881855 0.49538502109704635 0.01142756680731362 0.010878164556962045
14 0.8737524342745859 0.4489208049334632 0.01604254571026722 0.038403217299578074
14 0.9128167641325537 0.5909082602339182 0.040509259259259287 0.03125
14 0.6952220484801722 0.7274946652680314 0.07041079721993183 0.08531005227520119
14 0.8140027065268947 0.7162108444967915 0.06493966090806905 0.09075598802395213
14 0.9475254945728291 0.7089857427345938 0.058210784313725485 0.09593290441176468
6 0.6019687116739395 0.7702167739796356 0.05376344086021507 0.018510150166852046
6 0.22765678883263635 0.28055052071868813 0.09052388289676427 0.03382607858243451
7 0.505502544529262 0.8435114503816793 0.03856552162849874 0.032502385496183096
7 0.2680929132891181 0.6092195560058953 0.0481991525423729 0.0390625
1 0.28830211048899934 0.6288907666414861 0.09312140804597696 0.14044540229885055
