10 0.3268858131487889 0.8439224697231836 0.4810049019607843 0.2726102941176469
1 0.2812389653954802 0.3573639433262712 0.09700520833333333 0.2041015625
1 0.479055886776238 0.45213301643570736 0.09053738317757011 0.16464661214953263
7 0.06984011627906977 0.5887718023255815 0.10598352713178295 0.08948037790697683
7 0.28018392597868524 0.677366749762583 0.10906339031339028 0.08079594017094012
7 0.4572833775419982 0.7485770335985853 0.08057336182336178 0.07578792735042743
7 0.2655307924203273 0.3263787952196383 0.08418120155038758 0.05496002906976742
7 0.46402616279069775 0.43477470930232565 0.06964631782945739 0.05178052325581391
6 0.43678774928774927 0.16394230769230766 0.10972222222222221 0.06354166666666665
7 0.8754208754208755 0.6682581018518519 0.06288580246913564 0.04253472222222223
6 0.30872854561878954 0.0821307588075881 0.11157407407407405 0.0642361111111111
7 0.8941276803118907 0.7383650097465886 0.05092592592592583 0.04803240740740744
7 0.8516452172325667 0.8956457934008762 0.05271084337349403 0.03953313253012034
