6 0.7299647177419354 0.47744455645161293 0.0513482862903226 0.053343413978494604
7 0.4633421538978495 0.4833809363799284 0.0570186491935484 0.0726646505376344
7 0.30388944892473113 0.323980734767025 0.047883064516129045 0.07896505376344086
7 0.2990268300248139 0.4283304900744417 0.0532384072580645 0.07896505376344086
1 0.3117167066259809 0.35449133609415856 0.0797001008064516 0.2234543010752688
10 0.28745112414467244 0.9399056085043991 0.1575100806451613 0.13608870967741934
7 0.4832122892228739 0.9003085288367548 0.048198084677419394 0.07140456989247307
7 0.17072123865927422 0.6683940272177419 0.0696194556451613 0.07014448924731186
1 0.474940146169355 0.5084005376344085 0.0699344758064516 0.21589381720430112
7 0.4673586609543011 0.5707815300179212 0.0434727822580645 0.06384408602150533
6 0.4515039217351909 0.15309397062710015 0.0456326452599388 0.06976299694189603
