7 0.06985914304993252 0.2596716149347728 0.05535172064777327 0.07211538461538461
1 0.0827517418322192 0.2951601387188903 0.10153087044534412 0.2142375168690958
1 0.3065711652200629 0.7039871213866913 0.06458709386281587 0.18539410348977134
7 0.29535495439863196 0.6674741908923935 0.03722924187725631 0.05227135980746098
7 0.4644734549256507 0.9776854863692692 0.02570283457249074 0.038723667905824044
14 0.512801413525499 0.564278455284553 0.07012195121951219 0.16361788617886178
14 0.615821900406504 0.5179115853658537 0.03925304878048781 0.09552845528455288
14 0.6512957317073171 0.6778455284552847 0.029344512195121998 0.02134146341463416
14 0.7311737804878049 0.44827235772357726 0.03467987804878057 0.07876016260162604
14 0.7456173780487806 0.5523373983739838 0.03544207317073171 0.08231707317073168
14 0.7594639227642277 0.653709349593496 0.02362804878048781 0.025914634146341462
14 0.597751524390244 0.8213922764227644 0.04192073170731705 0.08384146341463415
14 0.6897389481707318 0.8106262703252033 0.03772865853658543 0.09146341463414628
14 0.785299161585366 0.8024961890243905 0.03429878048780495 0.09298780487804877
14 0.7220709930313589 0.9409843205574914 0.01791158536585371 0.041666666666666664
14 0.8031842818428183 0.923385275519422 0.0213414634146341 0.05030487804878057
