6 0.500027293157805 0.1659579321461031 0.06578316717791406 0.11742714723926378
7 0.3807515068685169 0.33239884122979163 0.04700203252032522 0.0813008130081301
7 0.3764908301367991 0.42857044581823006 0.052463503649635035 0.08269609546981815
7 0.5390368124055807 0.4847596196569804 0.05235062316715542 0.07377199413489735
7 0.5421578430164444 0.5771918709728117 0.05335075918306113 0.08252164502164495
7 0.2708071653384153 0.6741055959805958 0.07406444906444905 0.08900727650727648
7 0.5814384315718157 0.9273515130984643 0.031122967479674735 0.03827913279132791
7 0.9687051649928267 0.8767535469472343 0.04560467479674788 0.0536924119241192
1 0.3957312275179857 0.3518772482014389 0.0788275629496403 0.2310026978417266
1 0.5549714040093014 0.4935376106433562 0.07310754885529987 0.22343382279664853
