7 0.3409660059676044 0.6631500426257458 0.03985507246376807 0.04619565217391302
7 0.5598459928229664 0.771867523923445 0.05180921052631575 0.057017543859649085
7 0.6817996077149393 0.6734567396752753 0.04701802059496565 0.06698131197559114
7 0.8275989057239057 0.5611847643097642 0.07002314814814818 0.06327160493827162
7 0.691722972972973 0.3443130630630631 0.06123310810810807 0.07179054054054053
7 0.6130138146685253 0.3989263863073111 0.04341891263940516 0.06737918215613382
7 0.5496681186963721 0.4757827788649706 0.05412181996086103 0.07155088062622307
7 0.4997700216450217 0.499512987012987 0.04136904761904754 0.05337301587301588
5 0.5272364715503488 0.47163097737858845 0.11760136973875177 0.2203705173560716
5 0.6677843455259918 0.3447259745646496 0.12274062040942049 0.22726330379566886
