6 0.30658002926399763 0.032619861535539786 0.08003897550111358 0.0579992576095026
6 0.4019681793003894 0.13964830636497913 0.08677991137370755 0.07985598227474151
6 0.606836979119588 0.40211365211365213 0.05205273207990606 0.058142381511946735
6 0.8414381085731021 0.7208922078239011 0.04942940552016974 0.039477176220806834
7 0.12252762709908245 0.6660198703522034 0.052409436493738824 0.07118366129994035
7 0.2786662201617043 0.7981343044147844 0.04186986652977413 0.056254277891854915
7 0.4040062716262976 0.901451164616173 0.04212622549019605 0.04561546840958606
7 0.7004263299684812 0.8189581736093366 0.03969141323792487 0.05758050089445443
7 0.4041520523439262 0.507950426339118 0.040211397058823505 0.06740196078431376
7 0.4083689927583937 0.601389346061005 0.040338010204081655 0.07036564625850339
7 0.26520087249087587 0.35252718217761553 0.04362454379562042 0.0741332116788321
7 0.2550739159714981 0.4496102349090486 0.04219890510948905 0.07755474452554748
1 0.2780865521426181 0.37270882156009394 0.08485991379310347 0.22000718390804602
1 0.42416672273892797 0.5358381016111623 0.06508067492209282 0.21008240049751242
1 0.7141103007998244 0.8446260596109083 0.07658995966580244 0.19950022407887585
