6 0.02121677370718379 0.22629663412412815 0.035727896341463415 0.02572408536585365
9 0.045346760285784694 0.21344992095754292 0.015799669715447155 0.047319613821138175
6 0.06857222204203424 0.21984734475004322 0.029773246951219516 0.024665481029810293
9 0.08036508238966315 0.2024908455929797 0.012385670731707307 0.035992547425474274
6 0.3849996399769584 0.1889574134715065 0.016782970661846475 0.030053647571375592
9 0.40136454476781824 0.17659828118860646 0.012655120272525078 0.04938936781609197
6 0.44463107638888877 0.18171440972222228 0.015771484375000033 0.028124999999999994
9 0.4588091681985292 0.17343558517156862 0.011328124999999967 0.05117187500000001
9 0.4970734393431917 0.1625446462008014 0.010614809782608703 0.05266262217728346
6 0.5079492187499999 0.17758556547619045 0.014843750000000044 0.029492187500000006
6 0.6211904672475961 0.165000250400641 0.015576171874999933 0.03567708333333334
9 0.6346567514780406 0.1489328195382882 0.012890624999999933 0.05423177083333334
6 0.6873970388252043 0.15738704122858257 0.015287310163551449 0.029129551207165094
9 0.6971633538518429 0.14492644818988037 0.013176748685747697 0.05225065712616824
9 0.7392794858327943 0.13933918920132152 0.012172837885153998 0.05215627917833798
6 0.7570516187244128 0.15258073047595103 0.016549588585434205 0.02844887955182072
6 0.8915741882656941 0.1319576318954305 0.026124601910827994 0.041052945859872625
6 0.9648084852430561 0.12135326244212961 0.027734374999999978 0.053385416666666664
7 0.8911772668535238 0.191490426616191 0.02523592202970293 0.03210086633663367
7 0.8751095904061715 0.26251368936416924 0.013387392900856776 0.023507624439004487
7 0.8559877391516583 0.3197112815954615 0.01147490820073449 0.020479523663810673
7 0.5350444732843761 0.22503925374039843 0.02257790738161558 0.029831853528319408
7 0.5414015837596422 0.28543231845046774 0.01727345926183843 0.027474321030640663
7 0.5509537753441719 0.34053789684665386 0.01434921222144847 0.025660834493964724
7 0.22572311804589704 0.2515814245769587 0.020916637691237805 0.02644007881316642
7 0.0654627646169355 0.3690734206989246 0.018115234374999997 0.02057291666666668
7 0.01698787913602941 0.3245902267156863 0.021533203125 0.024023437499999984
11 0.09157007923787443 0.8114820570566642 0.06450452302631579 0.13415315083313883
11 0.6684755390943746 0.8748744045217959 0.049545550918563386 0.09531453581252929
11 0.7233940185816133 0.8682487379208023 0.015486216421143895 0.06747364240323517
10 0.1755063764258164 0.7419278526587889 0.11280234490398819 0.11328317331363857
10 0.42709180332878965 0.7509876130464636 0.10189534766881031 0.11869473472668816
10 0.7127803622373505 0.7598885060681075 0.10642538265306123 0.12529230442176878
10 0.9832476853294285 0.7706681027519297 0.03108723958333337 0.13137850626361658
12 0.8293029785156248 0.7604003906250001 0.014941406250000067 0.02597656250000006
12 0.8061300223214286 0.7604650297619048 0.014697265624999956 0.025846354166666547
7 0.819919162326389 0.7090350115740741 0.006494140624999978 0.015039062499999941
7 0.8271443684895834 0.7110568576388889 0.002539062500000022 0.010677083333333393
7 0.8209622896634615 0.679675814636752 0.012451171875 0.014583333333333393
7 0.8137847222222223 0.6410648148148148 0.011279296874999956 0.013216145833333304
7 0.7316607306985294 0.7076554840686273 0.005517578124999978 0.015169270833333304
7 0.7389470880681817 0.7096176609848485 0.0026367187500000444 0.011848958333333215
7 0.729913330078125 0.6786336263020832 0.006005859374999978 0.014908854166666726
7 0.7373180042613637 0.6812559185606061 0.0033691406250000444 0.008854166666666607
7 0.7293820403343023 0.6408278827519379 0.011328125000000022 0.012760416666666682
7 0.6829301883012818 0.6417601495726495 0.010888671874999978 0.013216145833333378
5 0.7340293884277342 0.6887563069661459 0.014599609374999933 0.06347656250000007
7 0.6819091796875001 0.6773835358796294 0.005517578125000089 0.01542968750000003
7 0.6890869140625001 0.6776832217261903 0.003271484374999911 0.012890625000000119
5 0.687179904513889 0.6946180555555556 0.015283203124999978 0.06966145833333326
7 0.682631138392857 0.7068917410714285 0.004199218749999956 0.015690104166666757
7 0.6897716703869048 0.7081783234126983 0.004345703125000044 0.015755208333333364
4 0.5381731685729848 0.8043115249572051 0.013027672006302504 0.08192730217086834
4 0.5152269767992425 0.8084556502525254 0.0205078125 0.08092447916666663
4 0.4866668216765872 0.8052228009259261 0.019921874999999978 0.0795572916666667
7 0.4800830078124999 0.6398860677083332 0.009179687499999978 0.013802083333333362
7 0.5200052897135417 0.6388264973958334 0.010498046875 0.01289062499999997
1 0.5130943885216346 0.6928761017628204 0.012890625000000044 0.06386718749999994
1 0.4710277416087965 0.6816008391203701 0.011865234374999978 0.06386718750000002
12 0.40749383223684216 0.7368044133771928 0.015869140625 0.03684895833333327
12 0.3746663411458334 0.7391861979166667 0.012060546874999967 0.025390625
7 0.3648692255434784 0.7399569746376811 0.007568359375 0.008398437500000059
12 0.3395846896701389 0.737738715277778 0.017724609375000033 0.03209635416666664
7 0.32864379882812506 0.7379204644097223 0.006787109374999989 0.00898437499999997
8 0.3354736328124999 0.8318793402777778 0.005810546875000044 0.03658854166666655
8 0.34365478515625 0.8287923177083333 0.004296875000000033 0.03066406249999994
8 0.3512625558035714 0.8352492559523811 0.004150390625 0.025195312499999883
8 0.3654134114583333 0.8300967261904759 0.009765625 0.03476562499999991
8 0.3702985491071429 0.829113963293651 0.004345703124999989 0.03593750000000003
8 0.37804249730603456 0.8349609375 0.004785156250000033 0.03359374999999994
8 0.38577473958333336 0.8392578125 0.003466796875000011 0.026171874999999883
8 0.40415900735294114 0.8315295649509805 0.003076171874999978 0.02773437499999994
8 0.4129732572115384 0.8339768629807692 0.004101562499999989 0.03326822916666675
8 0.4206644694010417 0.8326361762152779 0.004052734374999978 0.03541666666666673
7 0.2217385684742647 0.6400620404411764 0.009423828125000006 0.01184895833333329
7 0.18451063368055556 0.6403193721064814 0.010351562500000022 0.011197916666666696
7 0.12319025938281622 0.6409179704823231 0.010614809782608703 0.012573201044826435
7 0.10748155381944445 0.6732855902777778 0.008740234375000003 0.013020833333333334
7 0.10252216045673078 0.6999098557692309 0.009765625 0.014127604166666549
1 0.10172954358552633 0.6830138089364035 0.01987304687500001 0.05579427083333329
7 0.9895928548027842 0.47307579161317936 0.021113574953007586 0.023985745614035103
7 0.9446988492398647 0.500121410472973 0.022802734375000022 0.025846354166666623
2 0.9449338819159835 0.48412845799180326 0.022656250000000044 0.04804687499999997
2 0.9567190459280304 0.5434343434343434 0.04653320312500009 0.03736979166666665
12 0.8918491278197269 0.46534710813429386 0.07273619656735753 0.15770050734024185
7 0.7975499770220587 0.504635799632353 0.020800781250000067 0.025455729166666607
2 0.7972137451171873 0.490695529513889 0.021142578124999978 0.04707031249999997
2 0.8054193099937342 0.5408581675543024 0.03842308407738093 0.02635168650793651
7 0.7522958688688178 0.5286995860603011 0.043993657178217904 0.051199316360207435
7 0.7177154541015625 0.5075439453125 0.020263671875 0.025781250000000016
2 0.717888671875 0.49411197916666666 0.020312500000000067 0.047330729166666696
2 0.7176953125 0.54490234375 0.028564453125 0.021809895833333332
12 0.6261668075720955 0.4775552405907342 0.06207617934087861 0.14821756425948593
12 0.3005673016726595 0.5010387237275801 0.06855501356427379 0.10890546744574296
12 0.10110771303580064 0.5076897213491295 0.08112835469052225 0.11056374919406838
7 0.029813430888084632 0.531485863647612 0.01739977728285078 0.02189471974758724
2 0.02415528109017982 0.5200694079263933 0.022837207683741645 0.039076999814402415
2 0.01316990955015776 0.5715554965896438 0.019955369571269487 0.025954667780252388
7 0.007658780644078342 0.48731743880737155 0.012723587138084632 0.014064819970304399
7 0.040400107878619154 0.5097909746755241 0.012669212834075724 0.014934808834446903
7 0.1841458023485058 0.542958061435467 0.038816602967625874 0.041217026378896904
7 0.1600212545955883 0.43637025122549017 0.013232421874999983 0.01171875
7 0.15473632812500002 0.4448317307692308 0.0077148437500000056 0.005859375
7 0.17780317826704548 0.43785807291666673 0.009570312499999983 0.017578125
7 0.1876220703125 0.4408993675595237 0.003955078125000011 0.010221354166666696
7 0.2081256734913793 0.4673199533045977 0.013525390625000022 0.016210937499999984
7 0.23428806211890243 0.48952934451219504 0.012646484375000017 0.015820312500000044
7 0.35941314697265625 0.43003743489583335 0.012597656250000033 0.01835937500000003
7 0.3921691894531249 0.43012858072916665 0.014257812500000022 0.018815104166666652
7 0.409124755859375 0.4598828124999999 0.013281249999999967 0.017968750000000016
7 0.4241120990953947 0.4881459018640349 0.011914062499999989 0.016276041666666668
7 0.3753604297578893 0.519452618437062 0.018161364240170064 0.024630269217144878
7 0.44169398716517855 0.5165899367559524 0.017529296875000044 0.024088541666666668
7 0.5126988002232142 0.5162132626488097 0.017724609374999978 0.023502604166666607
2 0.3717742677706784 0.5076698317567679 0.02130274110218139 0.04432465078453881
2 0.36311518828134964 0.5567282444614534 0.025058750717566025 0.031468259663222385
2 0.4403437379820899 0.5035218199465261 0.017533272442588732 0.04335747216423106
2 0.4354968904101576 0.5515903770126941 0.025229563543841316 0.03452287752261659
2 0.5117979307432433 0.5008533924549549 0.017626953124999956 0.043880208333333316
2 0.5067819710831862 0.5525548696844994 0.02718701774691351 0.031828703703703644
3 0.4061012501823753 0.5734656921748856 0.018875838926174504 0.09839904921700222
3 0.4773881776853441 0.5653888871643791 0.017963317793931677 0.09852046460176989
