12 0.7685020687477844 0.3596230158730158 0.10758284684065933 0.24110004578754582
12 0.9555711661574275 0.3983000547128863 0.09899762033045978 0.2409752155172414
12 0.13995410950203252 0.3257634301603434 0.07883955792682928 0.2127794715447154
12 0.35439464581238467 0.352737582746774 0.04194210737179482 0.21673566595441596
8 0.09106867196167591 0.9076336198083355 0.06928516819571866 0.20103051732925584
8 0.25833638614801707 0.8838585763477135 0.041121490691088 0.17936570366132734
8 0.14811212672878601 0.8876476723702466 0.0482843819599109 0.17066281551596138
8 0.04269081639671241 0.8827067356740833 0.0636533774373259 0.19404305942432684
8 0.3556159397384313 0.9077360046529405 0.0337286646586345 0.18959954400937087
9 0.8244432981154013 0.43974534032734863 0.06170320273631835 0.15806384742951907
8 0.30720441471637716 0.8997780507162721 0.036734471749226005 0.17737358101135184
9 0.42817156416431695 0.4319983715799917 0.048828125 0.12594556051587302
9 0.19097601255689636 0.4150140807487384 0.061460276741293535 0.12373030679933665
7 0.43640544598703557 0.7054865705470906 0.049585150193798444 0.051730054909560653
7 0.6782253404547727 0.7201368933588762 0.04977166364734298 0.056612318840579746
7 0.08367398332083957 0.24286359424454437 0.05500179597701149 0.05949173850574715
7 0.9498402632158024 0.7399169104449278 0.046042135885885904 0.04418480980980973
7 0.12258260758196719 0.7174763775045535 0.04370517418032788 0.05144296448087434
7 0.7529007761101977 0.7303695232547516 0.04119873046875 0.04611545138888884
7 0.32159551751363763 0.7283049663843429 0.04144712936046513 0.05021600452196381
7 0.3102058690619076 0.251353879290415 0.047889122596153855 0.041673820970695975
12 0.3189662283182504 0.4051744228674376 0.032134748931623935 0.06454772079772082
