6 0.5069009839757791 0.1551038743661694 0.06147540983606552 0.10985883424408015
6 0.799403486711376 0.46435150687199866 0.044825819672131215 0.054075591985428
6 0.8928852201257861 0.6093668107966457 0.03095518867924536 0.0454009433962265
10 0.39121602304714975 0.9484224724372506 0.1574045566502463 0.12315270935960593
7 0.572467672413793 0.9079946633825943 0.06234605911330053 0.07286535303776678
7 0.440389352027283 0.7980848174813691 0.06696428571428567 0.08466748768472906
7 0.5894286593947922 0.8750439831104855 0.05387931034482758 0.049261083743842346
7 0.26749634390394084 0.6759929187192117 0.07466133004926108 0.09544334975369455
7 0.38110632183908044 0.42001915708812265 0.05888238916256152 0.0887725779967159
7 0.3837202984642132 0.33269342219646464 0.052339901477832476 0.07594417077175694
7 0.5440126616379309 0.4846251539408867 0.050415640394088614 0.07029967159277503
7 0.550287356321839 0.5791256157635468 0.05541871921182269 0.07235221674876845
1 0.5564963054187188 0.5112889983579638 0.078125 0.21603037766830865
1 0.3960714955022485 0.3573213393303349 0.07658559113300493 0.22577996715927745
7 0.880797655453619 0.7935355079850493 0.041810015290519864 0.06052497451580017
1 0.894818649937039 0.7895698416981474 0.06761276758409789 0.14812691131498462
