14 0.4878240820879734 0.5202563325832323 0.06848878695208972 0.08768157492354742
10 0.2402475439844079 0.8649893084307836 0.1968104719764012 0.1731886061946902
14 0.5809929093961744 0.6672527095700665 0.04523445463812432 0.06474579510703364
1 0.07048774126238916 0.388766627543036 0.10555555555555557 0.11493055555555558
1 0.16017411237999474 0.4771331609566903 0.08814102564102563 0.10388049450549453
10 0.4365160478389124 0.9417759835513662 0.11015855457227139 0.09748340707964616
1 0.2906379570297776 0.5889794572182435 0.06486367634124889 0.08966853562005275
1 0.3431342663709335 0.6568219413335143 0.05247805566732045 0.09375068974940852
1 0.3946314883782248 0.6865173913451841 0.051755804300526856 0.08122154821136932
1 0.46104053559033326 0.7543770436065644 0.04083878545710024 0.07333609598665145
1 0.4861320272416465 0.788130043000544 0.05153669917990775 0.07131944444444453
1 0.5220322676139728 0.8058364786856128 0.034413854351687395 0.06827264653641203
7 0.04465875559625561 0.421340811965812 0.05685286935286936 0.039777930402930387
1 0.5585225423177084 0.851226806640625 0.031901041666666664 0.062744140625
6 0.043870822173052285 0.09274102567835098 0.09514139590854392 0.04174187725631769
7 0.062495533161806734 0.3715862189108061 0.05735420240137222 0.037521440823327666
7 0.14701943679216406 0.5098331802877256 0.04840067340067338 0.04024621212121211
6 0.10978358451282641 0.17302017076385307 0.09100481347773767 0.03751128158844765
7 0.15531217976870149 0.4617506587615283 0.04875140291806958 0.037352693602693596
7 0.2735616050833443 0.626621866431649 0.03566066066066066 0.028153153153153188
7 0.2836927836927837 0.580829408954409 0.038163163163163163 0.027918543543543527
9 0.07905469118340407 0.05706771570014144 0.04228547854785479 0.038675742574257425
7 0.33320522903856237 0.6796863828113828 0.03472222222222226 0.026510885885885925
7 0.33790300717384053 0.6324977321071071 0.03597347347347348 0.025572447447447466
7 0.2651242399305079 0.7637091105472503 0.03417455310199792 0.02563091482649842
7 0.20750400580842218 0.7255755220069101 0.036146161934805486 0.026123817034700368
6 0.26357684277414667 0.3498051130174292 0.06969975490196077 0.02355238970588234
7 0.3811151169195333 0.7192030006008713 0.02957413249211355 0.02612381703470028
7 0.3838560783005228 0.6772397397397397 0.034096596596596564 0.025103228228228237
7 0.4544558359621452 0.781521096214511 0.027602523659305985 0.023659305993690795
9 0.276489067849362 0.3280739379084967 0.02348856209150328 0.03197763480392157
7 0.48284746760895164 0.5200419611307422 0.03496760895170793 0.022912985865724343
7 0.4864834673815908 0.8074313002680965 0.022062109025916026 0.021154490616621936
7 0.45355218191377505 0.7413351899316509 0.026288117770767627 0.02242705047318614
7 0.5131167395701051 0.8341968569211232 0.023737712243074208 0.02262064343163548
7 0.4147917053256634 0.8430802328817963 0.023659305993690854 0.01946963722397488
7 0.4832344069954065 0.7701467292047152 0.02727392218717141 0.024645110410094605
7 0.3123840230098348 0.7203040916682131 0.02267350157728707 0.015526419558359627
7 0.6643036265432098 0.6556323450854701 0.02581908831908836 0.019586894586894575
7 0.512278937961526 0.7991635212360662 0.023737712243074208 0.023039544235924934
7 0.5809648170759282 0.6645659510242844 0.027599715099715046 0.018251424501424474
6 0.454279181634254 0.6045421466617118 0.03917378917378915 0.018474002849002868
7 0.7528687875910098 0.6461004273504274 0.022851377018043687 0.01891915954415957
7 0.5541672659283762 0.8387566518049763 0.021393643031784867 0.01623624694376531
7 0.5740432098765431 0.856388888888889 0.019675925925925833 0.01875
13 0.7852337931296549 0.991474055707554 0.032734204793028354 0.017294730392156944
13 0.8798106872957514 0.9878596686070263 0.027062908496732162 0.02150735294117645
13 0.8319584101446849 0.989560289927937 0.029050925925925952 0.01831597222222232
7 0.5225574712643677 0.9270871143375681 0.0125 0.015301724137931138
6 0.5265632989991965 0.6895477207977205 0.040064102564102616 0.01290954415954415
7 0.6197530864197531 0.9001851851851852 0.016666666666666666 0.01440972222222232
7 0.6500599371693121 0.7785760788690477 0.020874669312169303 0.015966021825396838
6 0.5107780291603821 0.6500989819004525 0.021961063627730284 0.012464387464387449
7 0.8326084394153701 0.8778818953323902 0.015322960867515315 0.011713224893918017
7 0.606388888888889 0.9861197916666666 0.01504629629629631 0.015277777777777678
7 0.7763633506207764 0.8818069306930691 0.015470297029702944 0.011271216407354956
7 0.7962193540782648 0.9172781117397453 0.013407590759075915 0.010497701555869909
7 0.8451342583237914 0.913768353876204 0.013112918434700542 0.010718705799151351
7 0.7245419482424433 0.8856376709099483 0.01679632248939183 0.010829207920792071
7 0.748044913186971 0.920871832913105 0.013407590759075915 0.011381718528995676
7 0.5921907484407485 0.8731538028413028 0.02014033264033266 0.015754937629937692
7 0.5577031358281358 0.8696238305613306 0.01819126819126815 0.015754937629937515
7 0.5961700883575883 0.9030259225571722 0.022089397089397167 0.021114864864864736
14 0.5905778634637826 0.5021252991623453 0.061799184505606536 0.08792048929663601
14 0.701611875637105 0.4864985812161843 0.052242609582059174 0.09652140672782875
14 0.6637865127069491 0.6607053411367712 0.045553007135575876 0.06522362385321098
14 0.7553587609015744 0.6528379488050742 0.03535932721712539 0.061162079510703384
