14 0.4070259723957627 0.5085050136563928 0.07767112453264306 0.09504681174089065
14 0.5453403808666965 0.4875168690958165 0.07085020242914979 0.09631199392712544
14 0.6866034387964215 0.45616260871195086 0.07464574898785431 0.11449898785425097
14 0.5951838731443995 0.5662006578947368 0.02361673414304993 0.016605516194332016
14 0.6086463487779276 0.5912969523166891 0.01918859649122808 0.016763663967611288
14 0.7349964277208859 0.5479820344129553 0.019399460188933897 0.04048582995951415
14 0.469122156722639 0.5915617184708826 0.030647106109324796 0.016077170418006402
14 0.4929190417032057 0.6317882654925462 0.03282422293676313 0.04283058681672029
7 0.41020264251781463 0.5263811052553444 0.03637173396674586 0.022639548693586774
7 0.5416171813143311 0.4991507440268269 0.03835114806017413 0.023196258907363453
7 0.6875989707046715 0.47105325206091936 0.035876880443388735 0.024680819477434657
7 0.6974216651007927 0.775312299114869 0.030179127725856722 0.032334779706275005
7 0.586113610417755 0.7881477840018574 0.029344681797952767 0.030770193591455185
7 0.8208475498195124 0.7721406319537161 0.012655763239875384 0.009596128170894502
7 0.6838716849935316 0.9346795914860933 0.02546895213454074 0.03021911384217333
7 0.7775105109961188 0.9327561549967658 0.02641224665804221 0.011824870633894058
6 0.33974081762094216 0.5803142838609238 0.06317750677506773 0.02362804878048781
6 0.4213295074127211 0.7089684959349591 0.04115853658536584 0.014735772357723586
6 0.4991192411924118 0.7820303426248547 0.044207317073170674 0.01664126016260168
6 0.5992980899697318 0.8950249843440142 0.024516838882510564 0.011750143513203248
7 0.03610080395794683 0.48912337662337657 0.04000463821892394 0.0389900278293136
7 0.015091016643811673 0.5398294446236994 0.027056277056277056 0.043338358070500946
7 0.14135115325591519 0.5982014017728303 0.039424860853432296 0.03609114100185522
7 0.11790352504638217 0.6508058905380335 0.04213048855906001 0.04072935992578852
7 0.07929260719439292 0.7154573477118121 0.04039115646258504 0.032032699443413734
7 0.051324101068999026 0.7676321340224403 0.03169449598021026 0.033337198515769995
7 0.23096880797773653 0.6910402655380335 0.03555967841682127 0.033772031539888656
7 0.21330536346770115 0.745165447377298 0.03961811997526284 0.03797541743970312
7 0.3561806550936986 0.8208350752508361 0.03014346764346764 0.03190819597069598
7 0.34939854384298835 0.8717227988061322 0.03166971916971916 0.032194368131868246
7 0.4120406092821216 0.8782855724165521 0.025148605395518983 0.02904235253772285
7 0.40756339544276776 0.9289846607796071 0.028435070873342502 0.032150205761316816
7 0.38250919938162736 0.971967061859037 0.021862139917695523 0.02282664609053491
7 0.46069101508916316 0.9767929098079563 0.027720621856424307 0.029899691358024682
7 0.4643399010682961 0.9283907750342936 0.029721079103795133 0.03043552812071315
7 0.5384276950377773 0.9956543128225226 0.029006630086876938 0.009206747256515869
1 0.5521686079267097 0.9873630937071332 0.042295381801554593 0.030640217764060295
7 0.27679486913026013 0.9782008614956146 0.037008459076360335 0.031078532235939527
10 0.05547961706049942 0.9676706259426849 0.11685363247863248 0.06973157051282045
1 0.04739930384747253 0.5074543848665087 0.10554089709762532 0.11090039577836412
1 0.14792872707701601 0.6187452004489427 0.10499120492524187 0.11254947229551453
1 0.06568821459982409 0.713795899296394 0.0505716798592788 0.03916556728232186
1 0.036691952506596306 0.7693334589772586 0.06541336851363237 0.06555079155672816
1 0.23805793755496918 0.7127549197449429 0.09344766930518907 0.10780837730870711
1 0.36861359126984133 0.8446475378345788 0.06910403050108933 0.11386846405228761
1 0.42481820055349456 0.9024241382927043 0.06144471677559912 0.10569852941176468
1 0.4753018012760659 0.9506128909897293 0.05480664488017428 0.1016748366013072
1 0.2672920179876335 0.9712847807757168 0.05181984260820682 0.06784886172006743
7 0.2831354225220162 0.910997224564362 0.023011523327712228 0.019761804384485694
