14 0.09764734382124941 0.11474275393296851 0.10723039215686274 0.12235753676470588
1 0.09777420275445574 0.6163563646155545 0.11298723118279573 0.11183215725806459
1 0.18203318858560796 0.7146292939671216 0.09114583333333333 0.1039566532258065
1 0.3232901280950335 0.8331725995598968 0.0710918491484185 0.09950958029197077
1 0.028538493130227004 0.480531754032258 0.05376344086021505 0.08306451612903229
1 0.3739712125726202 0.9032148443318933 0.06006690997566911 0.10749315693430664
1 0.4286012990962808 0.9429021523070904 0.057025547445255495 0.09466240875912409
7 0.06303240740740741 0.6532465277777777 0.0574074074074074 0.03888888888888884
7 0.08698827756405603 0.12239602235610074 0.049735670562047855 0.03769303005008347
7 0.16520061728395066 0.7456404320987654 0.05185185185185184 0.036805555555555536
7 0.09013104169856583 0.6019488784259684 0.05057609860664524 0.0361736334405145
7 0.1843878600823045 0.6949266975308642 0.048148148148148155 0.035069444444444466
7 0.2557199409554482 0.0691928341384863 0.05072463768115941 0.03826992753623189
7 0.3041233299509555 0.8736444063926943 0.04138127853881273 0.031035958904109685
7 0.31405906477253503 0.8235032978183664 0.04566210045662101 0.03281963470319642
7 0.36944550143751065 0.8800260020294267 0.036624809741248106 0.029609018264840258
7 0.36372122336377477 0.930744327910959 0.03900304414003042 0.02925228310502277
7 0.23161499639509736 0.9809090362893533 0.03947869101978689 0.029965753424657394
7 0.6383841509150916 0.47437556255625557 0.038417904290429065 0.026299504950495135
7 0.025833333333333337 0.7201388888888889 0.041666666666666664 0.03263888888888884
7 0.3641710642040457 0.5260141820580475 0.03600483729111694 0.026179089709762505
7 0.4202679930419657 0.9780658838878017 0.036624809741248106 0.029252283105022946
7 0.4975095785440613 0.5041307471264367 0.03771551724137936 0.0234375
7 0.011747685185185184 0.7810655381944445 0.02222222222222222 0.029774305555555537
7 0.4227549467275495 0.9296280441400306 0.035673515981735154 0.0263984018264841
6 0.30790189926073835 0.5806197853526347 0.07255936675461741 0.024530013192612186
6 0.46257871729029115 0.7831235956988263 0.05477729885057473 0.01700565732758621
9 0.3004067722075638 0.5253133245382585 0.01813984168865434 0.03731035620052765
7 0.6563911349067599 0.7873108336975525 0.028545673076923114 0.015587439903846168
7 0.6466784850483728 0.940914103726913 0.02281222515391382 0.01772757255936668
6 0.3866846883670235 0.7103301965665876 0.03771551724137936 0.01565867456896557
7 0.5457621082621082 0.7992579794337605 0.02729366987179489 0.016150841346153834
7 0.7406073150282959 0.9335372563403899 0.02781562216167117 0.01255960490463206
6 0.5622671301344965 0.8959952062886224 0.021469465648854918 0.013120229007633632
14 0.1580972462514417 0.21021437067474044 0.05591299019607843 0.041934742647058806
14 0.21606559290382815 0.2919019170168067 0.09420955882352941 0.09823069852941177
14 0.2574650286944046 0.06481460724533715 0.10033700980392159 0.12465533088235292
14 0.32531194295900173 0.16612007018716574 0.04365808823529408 0.040211397058823525
14 0.36086714778504003 0.2405875544662309 0.0635723039215686 0.08214613970588233
14 0.49744405864197533 0.12374046840958601 0.14246323529411764 0.23954503676470584
14 0.3748103454359408 0.5267297157827879 0.07514510779436154 0.09367226368159205
14 0.5029539800995023 0.49823910339606314 0.07151741293532338 0.09522699004975124
14 0.55101097078709 0.569777315346345 0.02643034825870648 0.017490671641791078
14 0.441239980652294 0.6253886815920399 0.029021558872305123 0.02448694029850751
14 0.6551588124193846 0.4873365377971255 0.09380182421227197 0.16441231343283577
