7 0.509983291562239 0.5241815476190477 0.039029866332497914 0.025258458646616598
7 0.37962740384615384 0.5579777644230769 0.036458333333333336 0.025390625
7 0.789911858974359 0.7545372596153845 0.03260416666666662 0.019140625
7 0.6768509615384616 0.7779146634615384 0.03145833333333338 0.019999999999999928
7 0.5675815217391305 0.7995550271739131 0.033645833333333285 0.022968750000000072
7 0.7040138888888892 0.9811666666666667 0.025833333333333285 0.01281250000000007
7 0.21606413398692811 0.7366191789215687 0.04917279411764707 0.034122242647058876
7 0.20000620848078476 0.7910778310672377 0.05052151238591917 0.03300195567144728
7 0.049240242721688025 0.8733152731870992 0.041316105769230775 0.03727839543269233
7 0.09257518796992481 0.7047827903091058 0.04738408521303258 0.040139411027568885
7 0.12152777777777778 0.650658143939394 0.05625 0.0375
7 0.02169795191130948 0.544611281585199 0.04305845511482255 0.04044885177453024
7 0.28317361111111106 0.9461067708333333 0.03625000000000001 0.029140624999999965
7 0.26791666666666664 0.9907291666666668 0.03895833333333334 0.018125000000000037
7 0.35233963080637254 0.864083158245362 0.03887166478767377 0.03100338218714782
7 0.3499585055743453 0.9175914834648629 0.036405486659150735 0.03355763810597523
7 0.4141343390804597 0.922758620689655 0.035416666666666666 0.02937499999999993
7 0.41588541666666673 0.9730560661764704 0.03666666666666665 0.032109374999999926
7 0.4731361607142857 0.9722879464285716 0.035520833333333356 0.02906249999999986
6 0.05121877762037944 0.31346482147397475 0.1003811612364244 0.033971647869674194
6 0.11113677536231883 0.39169836956521753 0.09416666666666666 0.03343750000000001
6 0.17362710674157306 0.4620215941011237 0.08927083333333333 0.03054687500000002
6 0.4203263888888889 0.7578958333333331 0.03781250000000001 0.018593749999999964
6 0.6112041666666668 0.9338562500000002 0.024583333333333356 0.0125
6 0.6314930555555555 0.9810139973958334 0.046875 0.016796875
9 0.5140064102564105 0.8004987980769233 0.02833333333333338 0.030625000000000034
1 0.030753446705307164 0.5532198864902987 0.07204738330975954 0.11604557107496465
1 0.1310402123924402 0.6713037429466275 0.10640440386680987 0.1197631139147088
1 0.22113482442012872 0.7551975668859364 0.08850762527233114 0.10796770794683716
1 0.3633003550038948 0.8819707824132601 0.06479140328697847 0.10331068268015162
1 0.28921286085478953 0.9502728667312649 0.05344321148825066 0.0616862269513323
1 0.2680208333333333 0.9907291666666668 0.03895833333333334 0.018125000000000037
1 0.42452033599363503 0.9419046298307272 0.06216397849462366 0.10561766862170074
1 0.48910720395594376 0.9640443867513362 0.05192040319777546 0.05976358837330551
14 0.6448383293886029 0.45632083380832944 0.06708829365079368 0.08361235119047619
14 0.6029147735736632 0.39966780407418434 0.03334636774417786 0.02615028675703863
14 0.7057824937178171 0.5580045225891515 0.052910052910052956 0.08538371178296549
14 0.5927382972419737 0.6229483981092437 0.026151085434173757 0.020516018907563004
14 0.5772276578197632 0.5953472925101214 0.02825573549257759 0.018107920040485847
14 0.5081013544554875 0.5081236652428059 0.0886458333333333 0.10976668204182038
14 0.47412273565462626 0.662712536609177 0.03416856492027336 0.03612613895216397
14 0.4461221248911429 0.6240034770247425 0.031120331950207476 0.018045470262793906
14 0.39201350716870503 0.5541798717992763 0.09423955613577029 0.10760035900783294
14 0.7936997773265438 0.7527467308074727 0.07581288940809958 0.10985449231346536
14 0.7238089671654199 0.8329030938279303 0.01116999168744807 0.006526652119700671
14 0.6788439067511832 0.7685373650065508 0.0727666323731139 0.0840727880658437
14 0.5743413461538461 0.7955528846153844 0.07593750000000009 0.08414062499999994
