14 0.6722539983546523 0.3741598047866486 0.2764459255695932 0.1658768610281473
1 0.13869176644646292 0.7312364523121386 0.11620905587668594 0.13502528901734098
1 0.47150381368483407 0.8880991280361374 0.07306477093206952 0.13699644549763032
1 0.631112795600765 0.9390217462180495 0.07482394366197175 0.1104093309859154
1 0.7845500055778668 0.978766106091031 0.06262550200803219 0.042893448795180866
7 0.1064380493576741 0.780682154327248 0.06510416666666666 0.04882812500000009
7 0.4537089088767534 0.9294691615804688 0.062205535924617195 0.04610203180212018
6 0.09380748069985567 0.4983264565295816 0.07687991125541128 0.062479707792207774
7 0.13887293198529407 0.7252352845435048 0.059997957516339864 0.0465303308823529
7 0.46007285259346503 0.8701004449679361 0.05153121319199059 0.043341431095406335
6 0.20514441879384984 0.5510254476041201 0.07188836147186149 0.05973036363636357
7 0.61822609948628 0.9409163168775843 0.05193323727185408 0.041651657060518765
7 0.0268291541005291 0.951440069940476 0.04464285714285714 0.06360187053571416
6 0.8092658538548204 0.8467691232093995 0.05447247706422023 0.05088876146788994
7 0.5543271159245887 0.30719765342960287 0.04813477737665466 0.023409296028880845
6 0.9861923430699514 0.9564483359133126 0.025941552250190725 0.04415760869565215
7 0.927073246994271 0.6957020848462843 0.039941902687000784 0.03114787581699341
7 0.8235643900781516 0.771029774040095 0.04268603465851181 0.03225344036697253
7 0.3443150550314465 0.5181155414701257 0.04454926624737941 0.029481132075471716
7 0.44033085633404107 0.4182424363057325 0.044785031847133776 0.02687101910828025
7 0.6275918911335577 0.988778409090909 0.0544823232323233 0.016737689393939447
9 0.7588644472245389 0.7930002432582708 0.03185524974515796 0.03894304281345571
7 0.4942730171208945 0.5931849449685533 0.0337395178197065 0.028498427672955982
6 0.008981217893217893 0.42461670274170266 0.026042 0.03303571428571424
14 0.34332861627547623 0.50679652808276 0.13222502805836137 0.07339015151515146
14 0.445595356860789 0.5621707039531113 0.05401234567901234 0.037878787878787804
14 0.5368444846292951 0.6100807856766124 0.11997767857142859 0.07021949404761907
14 0.4420013197586727 0.41455404277095437 0.138507326007326 0.07640796703296701
14 0.549495155160172 0.46690969176794894 0.04863112391930837 0.038499639769452455
14 0.6277684384672857 0.5146210241221049 0.0978626320845341 0.05921289625360231
