10 0.2563789669129795 0.8403321632535821 0.1953125 0.17195312499999993
10 0.46559672569789273 0.9383708017094623 0.10821324143692562 0.10577420112781954
10 0.5711460720651897 0.9763088474025976 0.061274509803921615 0.04209887079831933
13 0.807892156862745 0.9871760110294119 0.012083333333333357 0.023203125000000036
13 0.8562668010752692 0.9872227822580643 0.011979166666666667 0.02335937500000007
13 0.9047176535087719 0.9856044407894737 0.01604166666666664 0.024687499999999928
7 0.8771710526315791 0.9089843750000002 0.01260416666666669 0.008046874999999964
7 0.8270791666666668 0.91185 0.009583333333333261 0.007500000000000106
7 0.778472222222222 0.9150878906249998 0.01135416666666676 0.008125000000000071
7 0.7546701388888887 0.8796126302083334 0.0140625 0.00859375
7 0.8079833333333333 0.875675 0.0140625 0.009375
7 0.8634852430555555 0.8721744791666668 0.014270833333333262 0.008281250000000106
7 0.4457781862745099 0.8367991727941178 0.022395833333333334 0.019687500000000035
7 0.29321180555555554 0.7541194661458335 0.0328125 0.027109375000000036
7 0.23758049242424237 0.7164151278409091 0.03364583333333331 0.026953125
7 0.020901678404462373 0.5700519736050083 0.0381635115070527 0.0333205734966592
7 0.33920138888888896 0.7166302083333336 0.020833333333333332 0.013671875
6 0.06704308712121212 0.08299893465909092 0.09677083333333332 0.04265625000000001
6 0.13128415300546445 0.1629424948770492 0.09145833333333334 0.036328125
9 0.29769255050505045 0.3162050189393939 0.029791666666666692 0.02914062500000001
6 0.28474358974358976 0.34054447115384623 0.06822916666666666 0.021562499999999974
6 0.6153333333333334 0.7624140625 0.024374999999999977 0.009375
6 0.6133413461538461 0.7476322115384615 0.023958333333333335 0.010625000000000018
6 0.5524905303030303 0.6836079545454548 0.03999999999999997 0.013593749999999983
7 0.6080794205794208 0.6568379537129537 0.02094780219780219 0.016054258241758303
7 0.6932436436112908 0.6475512079831933 0.025068681318681268 0.01631181318681323
7 0.7841894531250001 0.63849853515625 0.02374999999999995 0.011484374999999946
7 0.5098711622807017 0.5106743421052634 0.029166666666666667 0.020703125
7 0.5321875 0.534158653846154 0.025312500000000012 0.020000000000000018
14 0.6120745022479124 0.6555948366822644 0.043473025048169474 0.060603323699421896
14 0.6960307615754164 0.6452641385828123 0.04285069914298608 0.06300744248985116
14 0.7887485648679677 0.6363629568503635 0.03970531955606589 0.06816877152698045
14 0.5141319953567939 0.5067569779011312 0.07056451612903221 0.0853418255131965
14 0.6075918270534019 0.46598982334869427 0.03092903828197938 0.03479516806722689
14 0.6273152376892788 0.5128267339544512 0.049894957983193204 0.04332983193277311
14 0.7480176257782264 0.5023175900218744 0.022268845700824495 0.0416850706713781
14 0.7316818806438945 0.45066039703572824 0.01343492343934045 0.03657795936395756
7 0.08482243676603432 0.3586922002032521 0.04839939024390245 0.03791920731707319
7 0.06379511203648623 0.40999591017251624 0.04738313008130081 0.043064024390243906
7 0.18169860954528375 0.44920113444193904 0.04086809470124013 0.041572717023675224
7 0.168172951403311 0.5009818355782352 0.04075065764750094 0.037785372040586206
7 0.30916640673736745 0.5712628665003121 0.034229439592430806 0.028145469432314395
7 0.3014150984265614 0.6181870093834478 0.03422943959243086 0.029424808951964997
7 0.364750548245614 0.6266324013157893 0.031562500000000014 0.02578125
7 0.3590378289473684 0.669876644736842 0.029895833333333323 0.026171875
7 0.4141636029411765 0.669719669117647 0.03218749999999997 0.02414062499999998
7 0.4121257716049383 0.7085127314814815 0.02385416666666664 0.019765625000000054
7 0.4818245967741935 0.7340171370967741 0.024791666666666677 0.021484375
7 0.4808607456140351 0.7719181743421053 0.025 0.024453124999999964
7 0.5134765624999998 0.7638940429687501 0.021145833333333346 0.018515625000000036
7 0.5123821271929825 0.7991221217105262 0.02333333333333337 0.017890624999999893
7 0.54185546875 0.7915869140624999 0.020624999999999952 0.0203125
7 0.5437673611111109 0.8218098958333334 0.022604166666666595 0.018906250000000034
7 0.5853926282051282 0.8322626201923077 0.019270833333333334 0.018281250000000072
7 0.5862900641025643 0.8632211538461536 0.021145833333333405 0.01789062500000007
7 0.6073860677083333 0.8801000976562499 0.02166666666666662 0.01945312500000007
7 0.6266235632183909 0.8948114224137932 0.019479166666666714 0.015156249999999894
7 0.6514290364583332 0.89606689453125 0.019895833333333356 0.019296875000000036
7 0.6498392857142858 0.9214553571428568 0.021875 0.016328125000000072
7 0.6801041666666667 0.9406593750000001 0.015416666666666618 0.00929687500000007
5 0.7582675438596491 0.9841550164473685 0.014583333333333334 0.02578125
1 0.09695760544319039 0.3699930392595075 0.10272912243453645 0.1151970541401274
1 0.1888270710689516 0.4659928139727989 0.08474576271186442 0.10474029307448199
1 0.31851161858974353 0.5812973257211539 0.0652083333333333 0.09640624999999999
1 0.3740711010047915 0.6373328481728635 0.05516022198353022 0.09163533834586471
1 0.4239493999680754 0.6820224753493533 0.04923667341430497 0.08310665485829957
1 0.48923958333333367 0.7462803819444446 0.043229166666666666 0.07601562499999996
1 0.5203653606965175 0.7740858208955221 0.0366666666666666 0.07179687499999998
1 0.5515374472573841 0.8025356012658227 0.03625000000000001 0.06937499999999996
1 0.5925455729166665 0.840025634765625 0.03187500000000002 0.05851562499999989
1 0.6282727272727271 0.8750781249999999 0.027083333333333334 0.05250000000000003
1 0.6546533764367817 0.9041379310344826 0.027499999999999976 0.05140625000000014
1 0.6865584935897435 0.9206505408653849 0.029166666666666667 0.0625
1 0.7101238743259335 0.933554704748906 0.01382421420256108 0.018735448195576154
