7 0.5207576857903655 0.36679602396514166 0.04765795206971676 0.025531045751633962
7 0.4222494553376906 0.4730392156862746 0.04561546840958606 0.03012663398692812
6 0.2652146559438073 0.5251580904825739 0.0709668353007308 0.06205206576728495
7 0.5189732142857143 0.5207170758928572 0.02015128968253966 0.02046130952380958
7 0.5797371031746031 0.5474728954081634 0.025731646825396838 0.02139136904761907
14 0.5370974511599512 0.507669413919414 0.03689236111111113 0.026739211309523815
7 0.6225198412698414 0.4141477554563492 0.01736111111111107 0.018368675595238047
14 0.42241679657974296 0.4605510824121315 0.13609871031746035 0.0739397321428572
14 0.5213647959183674 0.5142897002551019 0.02294146825396825 0.028831845238095167
14 0.5992683531746033 0.5536042542016807 0.07409474206349209 0.051153273809523815
14 0.5150734018561888 0.3605073347645069 0.13974271402550092 0.07535006830601096
14 0.6343209244080146 0.4155193391393442 0.047244990892531764 0.0337260928961749
14 0.7222047078604455 0.4685940127154267 0.09335154826958103 0.06318306010928962
14 0.8267171413960824 0.35586766475411385 0.09329405162738501 0.0773358585858586
6 0.15699443433818433 0.46965347258316015 0.07225975975975976 0.063696509009009
6 0.04804364911786787 0.41581987260698217 0.07272897897897897 0.06528012387387387
9 0.2718734359359359 0.4927534956831831 0.023460960960960946 0.02146677927927936
7 0.24723721853082317 0.6782188711240309 0.061470445736434134 0.04655704941860472
7 0.22425839059196617 0.7240188953488371 0.06480135658914729 0.05314316860465116
7 0.2847928779069767 0.7540254814680233 0.031189437984496107 0.02498183139534884
7 0.09356831395348836 0.7627533510981912 0.05178052325581395 0.03497456395348841
7 0.2072597339675828 0.830078125 0.03300629844961242 0.029069767441860607
7 0.1282983005366726 0.9072073457066189 0.06570978682170542 0.04860101744186043
7 0.43904096683893196 0.9252109576873384 0.03916343669250644 0.04178779069767451
7 0.5809916020671834 0.8817223837209301 0.06015826873385019 0.04663275193798437
7 0.44324054498473103 0.9869582452431288 0.06056201550387599 0.03083212209302335
7 0.5682617039063689 0.8265290127678979 0.052083333333333336 0.04390746124031022
7 0.6035879629629629 0.9827862564599483 0.03916343669250644 0.03022650193798455
1 0.5947841669824427 0.84334442497158 0.08595032840722491 0.14162561576354687
1 0.24492389794113922 0.6893443302387269 0.10339696223316913 0.1350831280788177
7 0.01769214924670433 0.6346552789548021 0.033545197740113 0.05131091101694914
7 0.041237893462469734 0.5864734665052461 0.0635593220338983 0.04932468220338988
1 0.04121021083092186 0.5925663368127325 0.09445621468926554 0.12546345338983053
7 0.732837323996687 0.8961521628642422 0.05364806866952788 0.042918454935622206
7 0.7583098623032903 0.954034502414163 0.05633047210300433 0.04694206008583688
7 0.894607843137255 0.9625094673062359 0.05364806866952788 0.04493025751072963
1 0.7573258544756017 0.9020420444163332 0.09055010893246186 0.13888888888888892
9 0.8330084470435349 0.7562134502923976 0.033503898635477584 0.035940545808966815
9 0.8474942396313364 0.7718533986175116 0.008400537634408659 0.006840437788018417
9 0.8771045557441993 0.7812784228716952 0.04176267281105991 0.034382200460829446
6 0.8898344494047621 0.8134045578917052 0.04440284178187402 0.042842741935483895
7 0.918235609184251 0.7284687272617026 0.04200268817204294 0.029521889400921708
