9 0.39473066816816815 0.5386270059121622 0.01689189189189193 0.0323321368243243
6 0.37912745334620335 0.5750595740830116 0.05947353603603602 0.022962415540540525
6 0.4549639917695471 0.7046199845679012 0.0434027777777778 0.015110596707818936
6 0.532301747311828 0.7771572580645162 0.04229166666666669 0.017734375000000035
6 0.022037925215383246 0.08137760624833465 0.05095923261390887 0.02585431654676258
1 0.109640522875817 0.5088987299465241 0.12230392156862745 0.121875
1 0.11155611180642468 0.7432728410513141 0.09362745098039214 0.10900735294117654
1 0.213508518161363 0.6124487704918031 0.103921568627451 0.11231617647058822
1 0.29935719570847213 0.7065448113207546 0.0872549019607843 0.11066176470588233
1 0.4250909483290171 0.8355184054753977 0.0625 0.10539504716981138
1 0.47683874912648494 0.8919385482180292 0.05738993710691821 0.10554245283018862
1 0.597276816911251 0.9857180293501049 0.044811320754716985 0.02918632075471699
1 0.5304602630074328 0.9435061106346485 0.05581761006289311 0.10421580188679247
10 0.06032580670226891 0.9167689613884885 0.15272244355909692 0.17812811254980082
14 0.18516288446442591 0.09220790515949473 0.10657514450867052 0.12147760115606936
14 0.2606714095153402 0.20373638283681633 0.051782273603082865 0.04109465317919077
14 0.3155908798972383 0.28567557803468213 0.08851156069364166 0.10070447976878612
14 0.46740526653821457 0.23034079961464354 0.058405587668593446 0.08354407514450868
14 0.4211825626204239 0.15489523121387283 0.033116570327553004 0.0397398843930636
14 0.3562289258188825 0.04933616329479769 0.09754335260115608 0.11470375722543354
14 0.6310211946050097 0.17810693641618494 0.04094412331406545 0.10115606936416184
14 0.5990085099550417 0.07534019749518304 0.01986994219653179 0.03703034682080926
14 0.4636269719180769 0.5125738055379605 0.06647211413748379 0.09545233463035023
14 0.5077280587980977 0.5864441472114137 0.023913748378728884 0.017023346303501885
14 0.5354486152437627 0.6280577649347677 0.038505188067444844 0.039518482490272344
14 0.5927772373540857 0.485944339737354 0.06809338521400778 0.0972762645914397
14 0.6410776048421963 0.5611117866407264 0.019455252918287987 0.01641536964980537
14 0.6515483138780805 0.5796550745784695 0.01823929961089495 0.009727626459143934
14 0.7254635361396063 0.44257936858860986 0.056744487678339915 0.08420476653696496
14 0.76621271076524 0.4986016536964981 0.011348897535667982 0.01823929961089501
14 0.78604626026805 0.5481416180285343 0.014591439688715842 0.020975194552529164
