6 0.03957948229095574 0.08489727262587385 0.09534673214586054 0.0643956019270513
6 0.10230603015269536 0.16498056292887614 0.0908753709198813 0.06583827893175076
9 0.2526638741916519 0.29190090388007056 0.015432098765432093 0.02328593474426808
9 0.28109384185773073 0.3267884700176366 0.016901822457378066 0.02549052028218699
6 0.256421656015706 0.3463208393210965 0.07062499999999998 0.023749999999999983
7 0.05858156581409857 0.370167751871491 0.04889919941775837 0.037015556768558965
7 0.039966437025260565 0.42050460386857436 0.052177177177177174 0.04011824324324324
1 0.06900600600600601 0.3910686936936937 0.10360360360360361 0.11641328828828827
7 0.15406256588656966 0.4591042061986085 0.04684535104364328 0.035430502846299824
7 0.14412433707974504 0.5071910122609837 0.04546173308032889 0.03483752371916511
1 0.16834718374884583 0.4817287049861497 0.08454524469067407 0.10907202216066478
7 0.2808164604424447 0.5762707395950506 0.0382217847769029 0.02768208661417324
7 0.27401696315738305 0.6213910761154854 0.0374015748031496 0.029650590551181112
1 0.29390495867768585 0.5908887551246176 0.06545275590551179 0.09571850393700787
7 0.3359748182762201 0.6299746884735202 0.02839434060228451 0.02604166666666661
7 0.3352778776260086 0.6751456536065179 0.029692367601246102 0.0237295560747663
1 0.347308178780623 0.6499092594659307 0.0526899611758181 0.09632383527454244
7 0.383733055265902 0.6736794512513035 0.026003649635036475 0.026345802919708027
7 0.38293570334324584 0.714454075425791 0.03193430656934305 0.02463503649635035
1 0.396379396151294 0.6907628981420039 0.0518552311435523 0.09010036496350367
7 0.45425207130796713 0.7364723833784899 0.026320826952526785 0.022372702909647834
7 0.4537005484704805 0.7757056808086312 0.02584226646248086 0.023611703269293204
1 0.46313935146407115 0.7529500787116905 0.04156232609905395 0.08021057626030759
7 0.5155830366622947 0.7911382213790521 0.018795671725688596 0.016204679595278205
7 0.5156593336399408 0.82819326805151 0.02072793704328273 0.019761804384485694
1 0.5247833828880805 0.8083912781796393 0.03688870151770664 0.07311867622259696
7 0.2088615023474179 0.7208113262910799 0.0352112676056338 0.026775234741784004
7 0.2668427230046948 0.7569248826291081 0.03203247261345853 0.024024354460093898
7 0.4182917474160206 0.8366566739341085 0.022811692506459973 0.018774224806201546
6 0.5870043103448276 0.748895474137931 0.024583333333333356 0.010234375000000018
7 0.6520333999112297 0.7730473951398136 0.017199289835774442 0.01279543941411454
7 0.7273958333333334 0.8794055706521737 0.015312500000000047 0.009765625
7 0.7812635869565216 0.8750781249999999 0.013541666666666667 0.01085937500000007
7 0.8358420138888892 0.8709667968750001 0.015833333333333262 0.01015625
7 0.752225 0.9135156249999999 0.012812499999999952 0.010078125000000071
7 0.8007852564102562 0.9097596153846153 0.013541666666666667 0.009609374999999965
7 0.8492708333333334 0.9063932291666668 0.013437499999999976 0.009843750000000106
6 0.5143118686868687 0.6437547348484849 0.021041666666666715 0.011562500000000054
7 0.48139394646747585 0.5156217579624442 0.02771942110177405 0.021008403361344553
14 0.4894629160743763 0.5128353811529245 0.07146941109205258 0.08563367151055612
14 0.5794127595276027 0.4760818128366588 0.034076827757125255 0.037755576208178446
14 0.6045091068326603 0.5213497850123726 0.050964979550102284 0.04303004267680795
14 0.6262500000000001 0.5588975694444446 0.013020833333333334 0.004375000000000018
14 0.6284226190476192 0.5821275111607143 0.044375000000000026 0.030390624999999984
14 0.6903980977566562 0.4547886732523379 0.03786379286115794 0.047890624999999964
14 0.721070516329137 0.5110666392993979 0.03152557319223988 0.04381613756613758
14 0.7285574416297528 0.5553455711863233 0.03330910852713179 0.032703488372092956
7 0.5796878828249419 0.659371698134877 0.018720139654538788 0.017140986769569988
7 0.6649754311459567 0.6494976060680306 0.022395259095920512 0.016279630650496202
7 0.7550486953325984 0.6400151598676956 0.022510106578463744 0.016279630650496202
14 0.5882236139226272 0.6582663841093117 0.04948268106162838 0.06030701754385959
14 0.6683127434032745 0.654752091902122 0.04545183595612781 0.06638948497854073
14 0.7004435530250747 0.7138435990338164 0.018978605935127627 0.026122541407867496
14 0.7541952180960799 0.6407991122510011 0.058990937223695875 0.0685925066312997
10 0.2406813865147197 0.8424192994505496 0.19787215099715103 0.1515758547008547
10 0.4337440308044122 0.93171471448749 0.10752118644067797 0.10487288135593235
10 0.5386609206170759 0.979008572231591 0.045847386172006684 0.042158516020236014
13 0.7901126126126123 0.9864674831081086 0.03218749999999997 0.024609375
13 0.8354377815315316 0.9848564189189191 0.03156249999999995 0.024843749999999963
13 0.8850119535519129 0.982922643442623 0.025729166666666595 0.023984375000000037
