7 0.37510921046581136 0.513842426541592 0.04378477491148202 0.027622344461305025
6 0.22847523206679446 0.5508411267861081 0.07027378507871317 0.0600965734086242
6 0.11988995036296658 0.4987517691234629 0.0771875 0.06171875
6 0.0206466147360548 0.4386555703230578 0.04957737321196359 0.05922870611183351
7 0.009905580846400273 0.6303347875569045 0.01722938796155792 0.04291540212443099
7 0.060317095588235295 0.9473393717706677 0.0633445945945946 0.045660895270270355
7 0.8579775660264105 0.7688043967587035 0.04584646358543421 0.0312664128151261
7 0.9673696537942488 0.6917261951105573 0.04196187584345476 0.030522520242914998
1 0.021678427419354836 0.6028099798387099 0.0428125 0.07687499999999999
7 0.18522077907915113 0.7253003745992278 0.061758435298479804 0.04501529477196877
7 0.1592381452642854 0.7771540137189471 0.06372821653689284 0.050750834260289236
1 0.1881391281044058 0.7271786710588797 0.11110853909465021 0.1377903163580247
7 0.5055996596100177 0.9267871307257506 0.060698621553884634 0.04738408521303263
7 0.5068959391630383 0.8672147842207911 0.05596454326923072 0.04375751201923084
1 0.5221937760114211 0.8791596798780488 0.07513066202090594 0.14000798490127764
7 0.6776599932878974 0.9894928167596035 0.0679600371747212 0.019897188661709996
7 0.6624679146751637 0.9402881040892194 0.0491790582403965 0.042111988847583604
1 0.6831982169588102 0.9341868345284657 0.08031250000000002 0.115234375
7 0.8120138888888889 0.992421875 0.052187500000000026 0.012109375
1 0.8249603512845131 0.9758189604002723 0.05579418152720616 0.04864433299039774
14 0.3747125246779496 0.5017697801253302 0.13357672693555867 0.07280076495132129
14 0.4778079710144928 0.560711716751918 0.05418964460784312 0.03762637867647056
14 0.494599358974359 0.5467367788461539 0.03468750000000001 0.027500000000000035
14 0.577705093730481 0.6101841402428635 0.12074491600353668 0.06921419098143237
14 0.47742171996031 0.4117488927165354 0.13823818897637796 0.07796382874015748
14 0.5831698835194455 0.4587850765306122 0.05025831087151834 0.037693733153638845
14 0.6693014470097804 0.5153514685545937 0.09385416666666657 0.059015376984126976
14 0.621662447030094 0.31959033613445387 0.17156862745098042 0.09574142156862746
14 0.7784821428571429 0.41478316326530623 0.09396258503401356 0.0703125
