6 0.02787081090104755 0.08875425170068027 0.05900647580095433 0.03067484662576688
7 0.19970238095238096 0.11563616071428569 0.05 0.03482142857142858
7 0.4640126206384558 0.5215061247216035 0.036887527839643636 0.02522967706013368
7 0.5996659242761692 0.49433463251670373 0.039671492204899766 0.02662165924276172
7 0.7449252797712337 0.462763187742308 0.039671492204899766 0.02696965478841875
7 0.114207779886148 0.48973404886148 0.0522513440860215 0.0409526209677419
7 0.09172567532126936 0.5408389063729346 0.05863575268817203 0.04372479838709671
1 0.12680756395995552 0.5152313334260289 0.12029569892473117 0.12361391129032251
7 0.21898342670401497 0.5997164490796318 0.04901960784313726 0.03654586834733893
7 0.20166256157635462 0.6510114821790786 0.05106209150326795 0.03851540616246494
1 0.23097288974887129 0.6190702827538856 0.10224210931485758 0.11384959584295613
6 0.38888958218938746 0.5799785822143462 0.05716609261385379 0.020988805970149203
7 0.3043878904754089 0.6901266053257835 0.04646725750861644 0.03611983013293942
7 0.2913095474542104 0.7469659996725773 0.044918430335096994 0.032549528862731145
1 0.31755631508169 0.7136301341993907 0.08678140936485862 0.1195236439499305
6 0.465423794756452 0.7035323447723556 0.044983642311886625 0.02785918756815704
7 0.05102607894166125 0.6348507644762524 0.04540094339622642 0.03478773584905657
7 0.023162890850089476 0.6844236193249021 0.04947229551451186 0.033599934036939325
7 0.14610997473900697 0.7198754275367178 0.04482848232848234 0.031834719334719354
7 0.12154582467082467 0.7744891826923077 0.04721067221067221 0.0342710498960499
6 0.5471740738104279 0.7799375355922549 0.04033788914198937 0.01788510820045559
7 0.42813814603365385 0.8194243602263622 0.03672542735042731 0.03155048076923066
7 0.4254616910866911 0.8719558436355312 0.040397970085470074 0.03017327724358978
1 0.44329816595441623 0.8381623560660019 0.06493723290598291 0.11180388621794882
7 0.48219127276447715 0.877858348680172 0.03568139963167584 0.02891919889502752
7 0.4811588063262808 0.9274460954326622 0.03432630178639299 0.030109749144811813
1 0.49604057774490473 0.8965516518737673 0.05693108974358978 0.10418269230769236
7 0.5315429200921774 0.9748144677223471 0.03721350274040862 0.027092675635276463
7 0.5215519719443484 0.926414999425089 0.023978574987543647 0.026859118086696478
1 0.5418891610774836 0.9423315729238604 0.05636001844863495 0.0954224053167982
7 0.6406781462585035 0.7952477866146461 0.029761904761904746 0.015345982142857118
7 0.7519991582491584 0.7797844516594515 0.02813852813852809 0.014103084415584454
7 0.7370076978159686 0.9379665682062297 0.022936806301468 0.015776047261009653
7 0.8306946682181645 0.9270385785893305 0.024950769781596806 0.01426557465091296
7 0.6017968750000001 0.99236328125 0.029166666666666667 0.01125000000000007
7 0.34248074229691866 0.9796399028361347 0.03178615196078436 0.0294404871323529
10 0.0716631271418118 0.9267296489583524 0.17068218616508196 0.17149315135987386
14 0.20394100997549272 0.1014969711090401 0.10191441441441441 0.12119932432432431
14 0.27454355901317634 0.20486622161480236 0.051448170731707335 0.0434451219512195
14 0.3244289146504552 0.2934290600876533 0.08166491043203372 0.0971638048625251
14 0.368231243768694 0.04762498219626834 0.0960696778711485 0.11964942226890758
14 0.43935576506285207 0.15373275176997545 0.03291612483745124 0.04094197009102731
14 0.47561403837818 0.2385657103381013 0.05607932379713917 0.08330624187256178
14 0.6425998050769276 0.18146050017855547 0.04128165639972619 0.10459445585215603
14 0.47112770044404534 0.5148169716359824 0.0764684054283291 0.09681138676844778
14 0.5199021860206071 0.5883654448621554 0.02553258145363409 0.017857142857142884
14 0.5463441590086329 0.623936142439432 0.04385964912280702 0.05110432330827068
14 0.6102697745168217 0.49161708124552617 0.09924540682414691 0.09805610236220472
14 0.6537771358543417 0.5613866640406163 0.021227240896358524 0.01633075105042021
14 0.6631570512820513 0.5830889423076924 0.015208333333333239 0.009140625000000036
14 0.7475552592233401 0.456324251424415 0.0698746312684366 0.09845132743362832
