6 0.1395704391394047 0.4691188660477453 0.09468390804597701 0.03620689655172411
6 0.0680910060238315 0.39139146179593726 0.09767428439519851 0.03733119806094183
6 0.025454388376355108 0.3033486511042772 0.05588850837138508 0.033265553652968016
7 0.20476336189310487 0.12106711182024832 0.03365973072215421 0.037580324357405125
7 0.039526533592989285 0.18850413826679646 0.04021624472573839 0.03629351265822782
7 0.4657031250000001 0.4913203125000001 0.03989583333333328 0.027031250000000017
7 0.3290364583333334 0.5353984375000002 0.041562499999999974 0.028125
7 0.8218208333333333 0.7759062499999999 0.036458333333333336 0.024453124999999964
7 0.6920291666666665 0.8066781249999998 0.033958333333333354 0.023203125000000036
7 0.5701467803030303 0.8348082386363636 0.034791666666666644 0.023281250000000142
7 0.1145035931885643 0.7104651616934855 0.06298169556840078 0.040733381502890166
7 0.07990933641975309 0.7624813126929013 0.05787037037037037 0.04513888888888893
7 0.28811177248677244 0.8777723811360962 0.04147376543209879 0.03616898148148131
7 0.2803210488198307 0.9341488832011059 0.05620686155095411 0.041679354445797755
7 0.2276883012820513 0.9845252403846155 0.04458333333333334 0.0296875
7 0.37568181818181823 0.955374053030303 0.0453125 0.03640624999999993
6 0.49832754629629644 0.8458311631944444 0.04541666666666669 0.023984375000000037
1 0.03400558570984793 0.5776629083466385 0.05762069851052901 0.08292158053810592
1 0.11509768778931481 0.7317308420363192 0.12325920934411502 0.12191880700188192
1 0.3012487659274391 0.8977919964619199 0.08968749999999996 0.12140729865771807
1 0.3896733318246179 0.9552015291317405 0.06761042065509634 0.0819637666112957
14 0.7044553986800822 0.5601671535215836 0.0497099156118144 0.07654272151898737
14 0.6579991910557326 0.4764555337221094 0.03848522167487687 0.05994073275862064
14 0.598387323246569 0.3972361338603238 0.08062937675070027 0.08273437500000003
14 0.5706995418451368 0.6126507217039252 0.04737404408457036 0.04341156376518222
14 0.5402618027364307 0.5721590268380694 0.033970455570590904 0.024632104194857885
14 0.4724944437286609 0.48310999202795857 0.10046919624643001 0.1151315789473684
14 0.3413519668894578 0.5306480288163431 0.10396711157065279 0.11257012311401304
14 0.8222825724108758 0.7728984439081507 0.1157700421940928 0.1321273713839445
14 0.6910654957418463 0.7921000750368103 0.09270423765836616 0.10976408912188731
14 0.5792137530258508 0.8219134931854821 0.10226684552212066 0.11280240525879943
