6 0.0321969696969697 0.37397017045454545 0.06864583333333332 0.03742187499999998
6 0.10310746214082052 0.45841601548056304 0.08951369545032498 0.04287082172701941
6 0.5763525256593864 0.8717629732814176 0.056521512113617334 0.033677944862155404
7 0.4220515536723164 0.3730634269067796 0.04696327683615819 0.029528601694915224
7 0.2827897293546148 0.44751546958130933 0.04598706530958439 0.02991809796437659
7 0.018621528537065384 0.5972983408047233 0.034657682775712524 0.032673094795539016
7 0.04149886410574143 0.6171423223874433 0.009293680297397773 0.012343169144981393
7 0.9074785626044619 0.7000848185088293 0.042216227018385295 0.029413968824940007
7 0.7662960540658382 0.7537946915195117 0.04021782573940851 0.028851918465227833
7 0.6346827300064709 0.8029290853031859 0.03921862509992013 0.025104916067146286
7 0.10566700960219477 0.8802141788252899 0.04313973063973064 0.042087542087542215
7 0.0795961154757451 0.948752572016461 0.06979517396184062 0.03787878787878789
7 0.23802691952201757 0.9796998786888494 0.041035353535353515 0.03804450757575761
7 0.3956228956228956 0.9733328656939768 0.0420875420875421 0.033933080808080794
7 0.3967960253879793 0.9222160542203642 0.042438271604938294 0.04287668350168357
7 0.2534722222222222 0.8769114758698093 0.050154320987654294 0.04813762626262612
7 0.2733397004230337 0.8187544515669514 0.044191919191919206 0.04261363636363633
1 0.28309945504087186 0.8357118528610356 0.10672116257947323 0.1298535422343324
1 0.4129222366593311 0.9340900012291055 0.08239638447971777 0.12599619708994717
14 0.6368097521457349 0.783590055176038 0.088812620423892 0.07564125722543365
14 0.6821583402146986 0.8340214698596201 0.030105973025048152 0.0252890173410405
14 0.7165597904624278 0.8665157604768787 0.024987957610789972 0.02032153179190761
14 0.7672507225433527 0.9164559248554912 0.020472061657032727 0.027546965317919003
14 0.7602946582496704 0.7375141418846977 0.10326348747591527 0.07518966763005785
14 0.8124849470134875 0.784439351517341 0.024084778420038453 0.020321531791907523
14 0.8471486298437166 0.8175276974951832 0.026794315992292893 0.01851517341040463
14 0.909117334396386 0.6917729718955551 0.07285645472061653 0.07135115606936422
14 0.8657383079348396 0.6614350696269049 0.013547687861271621 0.01354768786127165
14 0.8576188182402055 0.675465137283237 0.034320809248554934 0.013321893063583801
14 0.9544596981374439 0.7313493497109828 0.0177625240847784 0.017837789017341076
14 0.5718315972222222 0.2846014891431926 0.061252934272300524 0.041813380281690106
14 0.7151066118935836 0.46060215459423215 0.046948356807511735 0.04373899647887321
14 0.5657368691314556 0.5148891395246479 0.054284037558685466 0.0726232394366197
14 0.5061619718309859 0.4501357100938967 0.03704518779342726 0.034661091549295794
14 0.4344818913480886 0.3769983180331992 0.096830985915493 0.08527728873239435
14 0.38441788551823763 0.3325602654387866 0.03044307511737087 0.0250330105633803
14 0.28271092472136633 0.4346288193255736 0.10847276902887139 0.09657972440944884
14 0.37367399387576555 0.5152584686679789 0.04859744094488185 0.038908710629921205
14 0.4293013905176747 0.5796386800552855 0.077509842519685 0.06766732283464574
1 0.047792470482816776 0.5928185286211259 0.08946572580645161 0.08096018145161299
9 0.5827553490806779 0.8359676601452595 0.02027715980719324 0.031197858731924377
