6 0.037890832008479064 0.09728156465288819 0.0830518018018018 0.03842905405405406
6 0.10317389758179228 0.17689070649596972 0.0768581081081081 0.03167229729729728
6 0.2563090916898798 0.3527123334261464 0.0591277316548602 0.021389816360601
9 0.2773807039510295 0.3247730592654423 0.02834585420144687 0.0307804674457429
9 0.24814642050476282 0.29207686830992824 0.0239983305509182 0.028954507512520867
14 0.5799253743332692 0.4793459008097166 0.0318404183535763 0.034792510121457544
14 0.6955109869154492 0.4602719041541983 0.03310560053981106 0.04206730769230767
14 0.7183388157894738 0.5158305921052632 0.023405870445344115 0.04064397773279351
14 0.4915566770186335 0.5247312070208519 0.06879744651483784 0.08305835921325055
14 0.6283120132110815 0.5648638531499557 0.013263457556935875 0.0057421066252588025
7 0.48376773907434284 0.5222317972907595 0.029644916142557598 0.018671383647798745
7 0.5050964142208246 0.547366352201258 0.021619496855345883 0.01560043238993707
10 0.43481406872279343 0.9425626524343184 0.1094793564055859 0.08637864298724943
10 0.5389813029036751 0.9807186194149793 0.031496660595021216 0.02646857923497272
10 0.23259286931161915 0.8479496248050934 0.19707207207207203 0.11050112612612617
10 0.20776147240990991 0.9274044552364865 0.054664039039039054 0.03959037162162158
10 0.257634867009867 0.9285848348348349 0.06451764264264265 0.049443975225225326
7 0.728456170266515 0.8830138073133764 0.015334880636604709 0.017199933687002657
7 0.782403549382716 0.8798640046296298 0.01572916666666669 0.018359375
7 0.8372395833333334 0.8754817708333332 0.013437499999999976 0.016093749999999928
7 0.7533116319444446 0.9175911458333333 0.011770833333333286 0.01671875000000007
7 0.8026197916666667 0.9158085937499999 0.01270833333333338 0.01515625000000007
7 0.8512116228070177 0.9118544407894736 0.012812499999999952 0.017343750000000036
13 0.7836074561403508 0.991418585526316 0.01135416666666676 0.015390625000000036
13 0.8310968137254904 0.9914522058823529 0.010208333333333404 0.016093750000000108
13 0.8814508928571427 0.9895870535714286 0.011874999999999976 0.01960937499999993
14 0.6712555542731836 0.6587065937157365 0.04471670802315953 0.06251938585607944
14 0.5859815587638167 0.6641484145894426 0.04794768403639367 0.06116237593052114
14 0.759768375695795 0.6480455913419624 0.03683312655086842 0.07211538461538458
7 0.6672670407549438 0.6544576894879314 0.023909222497932228 0.02045207816377177
7 0.7570392197408325 0.647015870554177 0.02261683209263848 0.017059553349875946
7 0.5811879652605458 0.6643992017108528 0.02209987593052105 0.01715648263027294
6 0.5116573614557486 0.6510558021867245 0.02067824648469809 0.010274503722084383
6 0.5291046319272126 0.6908615074441685 0.04342431761786596 0.013473169975186128
9 0.5178500654811138 0.6392889914185276 0.013053143093465695 0.019191997518610383
6 0.589079912271788 0.7556317320394268 0.025456847203874963 0.010217140026420069
6 0.5906676574196389 0.770150470607662 0.024906428885953364 0.008359478203434634
7 0.654575810949655 0.7801216424482605 0.023255173932188455 0.012900429326287988
7 0.5255567142088267 0.9282915096878362 0.01267043415859348 0.015221340150699625
7 0.6106775505322328 0.9865895227843561 0.015137244348762024 0.011941603875134455
7 0.4184411873156341 0.8448043418141593 0.025073746312684324 0.01922013274336276
7 0.2089786135693215 0.725992118362832 0.03558259587020647 0.02710176991150437
7 0.2665574653959609 0.7635668396868616 0.032632743362831874 0.025442477876106206
7 0.312675702811245 0.7216553714859437 0.01920180722891563 0.017978162650602415
7 0.014041315310846562 0.5774216424851191 0.027901785714285712 0.029761904761904746
7 0.15188905423280424 0.463254898313492 0.04443617724867725 0.03503224206349209
7 0.1390629351155667 0.5120140846908939 0.04112929894179893 0.03441220238095237
7 0.05455450598113642 0.3728527756211179 0.04298941798941799 0.0390625
7 0.036704470298220306 0.4254176812770563 0.04546957671957672 0.03983754960317461
1 0.06569199649556791 0.39219925659657806 0.0994130291005291 0.11455233134920637
1 0.16076516076516076 0.48420568147130655 0.0853587962962963 0.10463169642857144
7 0.279609057770395 0.5825200719822814 0.03300629844961242 0.025436046511627897
7 0.2714342948717949 0.6281270963774597 0.03240067829457368 0.029523982558139483
7 0.33509429039952304 0.6370629052996423 0.030281007751938028 0.024300508720930303
7 0.3314088070628768 0.6807675226098191 0.02967538759689923 0.026117369186046523
7 0.38388160331925614 0.6793089436541454 0.029034229828850875 0.02483190709046452
7 0.3806318146907207 0.7224453084910502 0.02817741505428272 0.02652391975308639
7 0.45517563643104303 0.7432736421774592 0.02721309111880045 0.021626297577854635
7 0.45580887898145694 0.7826796230369977 0.026672433679354058 0.022707612456747395
7 0.4880490026850786 0.7708842779056386 0.020042194092827023 0.01730617088607591
7 0.48948363464492495 0.807711693548387 0.019385856079404462 0.014927109181141419
7 0.5198204727921498 0.800275981266726 0.018185028248587542 0.01522775423728806
7 0.5183174435028249 0.8309388241525422 0.019420903954802247 0.013638771186440657
7 0.5571053044569994 0.8395274246704331 0.01942090395480219 0.017213983050847405
1 0.28753711952487016 0.6069955804565699 0.06472717149220492 0.10074471046770599
1 0.3443966173643235 0.6554473795043113 0.06147921306607274 0.09448079064587969
1 0.39528678448500254 0.697948001330518 0.051967334818114296 0.08943485523385304
1 0.4637444883129737 0.7623132423904972 0.044775426874536055 0.08404092427616927
7 0.5617266765652066 0.8726104305864885 0.022271714922048956 0.016529788418708335
1 0.49787597002943534 0.7836708924270805 0.035684818481848166 0.0827660891089109
1 0.5268917963224894 0.8127431046676096 0.03238448844884492 0.06930693069306929
1 0.5684199669966997 0.8535272277227725 0.03485973597359736 0.07147277227722774
7 0.5793304896142433 0.8568944732937686 0.018545994065281828 0.013214020771513369
7 0.5976803241269117 0.8731953321159553 0.021173343224530208 0.011127596439169274
