6 0.06581228059070869 0.09223556862823168 0.0966001088283697 0.04404189560439561
6 0.1303227443391162 0.1701397826156577 0.09145326263328696 0.03703124999999998
6 0.2811229166666667 0.3468812500000001 0.06802083333333332 0.024609375
9 0.2937690959741194 0.32411554749281085 0.03151771806853579 0.03084842289719627
10 0.03622159090909091 0.6959943181818182 0.05708333333333333 0.024609375
10 0.25019445226877285 0.8597385113773102 0.17635416666666667 0.17282716371220025
10 0.45869151477607356 0.9428875066926535 0.10864583333333334 0.09898437500000004
10 0.5614166666666668 0.9790520833333336 0.0321875000000001 0.030312499999999964
13 0.8045052083333335 0.9910449218750003 0.011666666666666596 0.015312499999999929
13 0.8525462962962963 0.9910763888888887 0.012812499999999952 0.016328125000000072
13 0.9017340686274509 0.9902343749999998 0.016666666666666666 0.01796875
7 0.7492660984848485 0.8820205965909091 0.014999999999999977 0.019843749999999893
7 0.8028918650793652 0.8784598214285714 0.015104166666666667 0.020156250000000143
7 0.8588304924242425 0.8752556818181818 0.01552083333333331 0.018671874999999893
7 0.774156746031746 0.9177046130952379 0.013125000000000024 0.019296875000000036
7 0.8229660087719299 0.918186677631579 0.011874999999999976 0.009687500000000071
7 0.8678125 0.9145703125000001 0.0038541666666665956 0.0028124999999999288
7 0.8689583333333335 0.9183072916666667 0.001666666666666572 0.001953125
7 0.8758617424242422 0.9153267045454545 0.008854166666666666 0.007656250000000142
7 0.6754111842105264 0.7795682565789475 0.01895833333333338 0.012578125000000018
7 0.60289016887438 0.6630987507062589 0.022678762006403376 0.017592716115261454
7 0.6881855312277171 0.654516838115012 0.023357870894677172 0.01689906568516415
7 0.7696458333333334 0.6444374999999999 0.004999999999999952 0.007656249999999964
7 0.7839236111111112 0.6453125 0.019270833333333334 0.016249999999999966
7 0.5062962962962964 0.5166927083333334 0.02958333333333331 0.021250000000000036
7 0.017548557554984294 0.5806287489288774 0.03936375321336761 0.033840777634961405
7 0.23410493827160497 0.7238078703703705 0.03583333333333334 0.02890625
7 0.2924526515151516 0.7616796874999999 0.03583333333333331 0.025703124999999983
7 0.3352986111111111 0.7205677083333334 0.022500000000000023 0.013437499999999946
7 0.4404350490196079 0.8433685661764706 0.025729166666666654 0.019453124999999894
7 0.6472487745098039 0.9273115808823531 0.019166666666666762 0.016328124999999895
7 0.5801041666666666 0.838313419117647 0.021354166666666667 0.019296875000000036
7 0.5378673245614035 0.7997779605263159 0.021562499999999988 0.021406249999999894
7 0.5389309210526316 0.8333141447368423 0.021145833333333287 0.021640624999999858
7 0.512218137254902 0.7715487132352942 0.021249999999999977 0.02109375
7 0.5095000000000001 0.8089218749999999 0.025312500000000012 0.02117187499999993
7 0.4780772569444444 0.7402604166666668 0.027083333333333334 0.022890625000000053
7 0.4772420634920634 0.7795684523809523 0.025208333333333322 0.02421875
7 0.4072576582023378 0.6773588648730351 0.030985489721886358 0.024183796856106367
7 0.40418763191617674 0.7178330647896879 0.027855514096185748 0.026430348258706448
7 0.36046658917501184 0.6319667978063901 0.03054959465903669 0.026153433476394827
7 0.35661063423938955 0.6751629763298218 0.03353004291845494 0.030177038626609497
7 0.3043478260869565 0.5783553535732133 0.03412356321839081 0.030531609195402255
7 0.2969076541274817 0.6247061128526645 0.03615900383141764 0.02855603448275863
7 0.1814204375617944 0.4581870063633855 0.048328964613368296 0.03235583224115333
7 0.1681242866679587 0.5063311583435622 0.046124318969787005 0.03877228826151562
7 0.0844887975453019 0.3673996265848435 0.04702063914780294 0.03911451398135819
7 0.06717788038698327 0.41751731530343006 0.052358179419525065 0.04029930738786276
14 0.6114842201713143 0.6617983364791413 0.0474999999999999 0.06171875
14 0.6941401141100004 0.6531235457151304 0.045896698813056365 0.06496259047884197
14 0.770016339869281 0.6281275531045751 0.004212622549019566 0.011106004901960809
14 0.7695416666666667 0.6444374999999999 0.004999999999999952 0.007656249999999964
14 0.7893566383993005 0.6498521636684342 0.032296252620545 0.05639740566037732
14 0.5061092200725513 0.5023597434250302 0.05416666666666667 0.06437499999999999
14 0.5389955357142856 0.5457812500000001 0.03729166666666668 0.02999999999999998
14 0.6023814655172414 0.4750969827586207 0.03312500000000007 0.037109375
14 0.6293173340000919 0.5243516670402816 0.05064997470915517 0.04323608213201817
14 0.7307638888888889 0.46501953125 0.009895833333333333 0.02742187500000002
14 0.7456250000000001 0.5116362847222222 0.021145833333333287 0.04054687499999998
1 0.7547790404040402 0.9907291666666669 0.017083333333333308 0.018046874999999928
1 0.6442896838754812 0.9005786110638703 0.05270833333333336 0.08349547955974845
1 0.7007409445333722 0.9565721917291183 0.024151629802095443 0.05337547293364366
1 0.5897017549444021 0.8516642347365945 0.036277135854341815 0.06789062500000007
1 0.5202530115677321 0.7864554606785983 0.10086054603854387 0.1336718750000001
1 0.42069282966637905 0.6953599884059535 0.05357752732240435 0.0915279200819672
1 0.37252492061407927 0.6504156334682015 0.05770833333333337 0.09499999999999993
1 0.31894467385638914 0.590275285157044 0.06608883876600699 0.09920197740112986
1 0.19636313933662697 0.47669190067025696 0.08668650793650794 0.10777139321074962
1 0.09982972756410259 0.3853260216346154 0.10552083333333331 0.114453125
