6 0.1118487372665535 0.3149289712436333 0.09576612903225805 0.03559727822580645
6 0.1665153289961572 0.39359776694420123 0.09266359918200409 0.03434943762781186
6 0.22718147536018968 0.4637943209715457 0.08231123869171887 0.03180454070981211
6 0.44327905688254116 0.5526271238611181 0.03724024597116197 0.027433206106870233
6 0.5756366649223794 0.5175096480900053 0.03908294086865519 0.024529042386185206
7 0.08924754434104828 0.5421541323669767 0.05372375328083989 0.040600393700787406
7 0.056295222387742073 0.5905054599382846 0.05310859580052494 0.04736712598425195
1 0.11132394117316476 0.5414660534284896 0.0909552845528455 0.08809730290954487
7 0.198458310527276 0.6495150862068968 0.05268199233716476 0.03786518199233724
7 0.17919120429497187 0.702077346743295 0.045098978288633455 0.041307471264367825
1 0.21236400346746429 0.6676208076574229 0.09887005649717515 0.11937744458930907
7 0.29330406911928647 0.7362249163879598 0.0445652173913043 0.0383152173913043
7 0.27987788513150835 0.7906199677938808 0.04347826086956523 0.0398097826086957
1 0.3052695226509094 0.7604601147028155 0.08477798053527978 0.11747262773722626
7 0.357914243291482 0.9491372495845642 0.03446578040374195 0.028041912850812346
7 0.41972731485504094 0.9902145874967415 0.04215903495814868 0.01567462149187602
7 0.4287677845528456 0.8656249999999996 0.0363541666666667 0.030703124999999963
7 0.4288915598290599 0.9177624198717951 0.03864583333333336 0.034218749999999964
1 0.4441335224394049 0.880665952927408 0.06160830090791182 0.10396400778210121
7 0.48912808541909825 0.9232481736048073 0.03581193533048026 0.02953370185449362
7 0.4900365549215407 0.9726777435296515 0.03328578221588205 0.031539764621968655
1 0.5029330387783116 0.941043976814516 0.05859375 0.10490171370967757
7 0.5467928073000536 0.9744615539452498 0.029891304347826105 0.025
1 0.5630865036231884 0.9661039402173912 0.05307971014492754 0.05682744565217383
6 0.470493114430922 0.7530735077943392 0.05107200647249191 0.029865746359223254
6 0.5617469399464491 0.8264111907114625 0.042460899315738015 0.018442998533724442
9 0.5433741060863302 0.7685647862324433 0.017412023460410472 0.024857954545454496
9 0.5734633045223029 0.801182184750733 0.01802297165200386 0.029783724340175864
7 0.01618357487922705 0.791304347826087 0.031099033816425117 0.03872282608695654
7 0.12409343003412969 0.8760754408418657 0.051016780432309436 0.036396117747440296
10 0.05281766008860248 0.9546828433346753 0.16118564572425828 0.1134612238219896
7 0.20386610381046583 0.918793936343083 0.027200791295746787 0.015880007418397568
7 0.63012852920588 0.7954628315314614 0.030746869409660132 0.024038461538461585
7 0.7413843950117965 0.7727490374893055 0.03223762671437089 0.02389870304114492
7 0.8577306808895956 0.7478063092161931 0.03130590339892668 0.02431797853309483
6 0.6893519936041371 0.9819731340944218 0.043780193236714976 0.01787331780538306
7 0.7695156753509204 0.9827390217925611 0.028000232126276715 0.01697423398328688
14 0.45316396050488866 0.5492736515346621 0.09062802880016539 0.10701560092449922
14 0.5168323823312327 0.6243346533810253 0.03185679611650484 0.01706614077669908
14 0.5385696140863696 0.6619215862824929 0.028148597626752963 0.0345115291262136
14 0.57694600236214 0.5071278682001628 0.08747892074198992 0.11013912310286678
14 0.6429002216050942 0.5919235988386771 0.02324749642346203 0.01631795422031468
14 0.656548921428371 0.6198981738618194 0.021608249880782065 0.021794527896995673
14 0.7230818266110337 0.45516097661682886 0.038827074640704735 0.0676938456189152
14 0.7816217823923858 0.57084862710902 0.046836131840796 0.09007695895522386
14 0.6442007936190208 0.7959034593134082 0.07401315789473688 0.08341278564814499
14 0.7495529969775865 0.7727424477062573 0.074431146572104 0.0850509751773049
14 0.8602391308735674 0.7422379601969965 0.07141799881586727 0.09630328596802844
