6 0.02231730769230768 0.2873810096153847 0.050104166666666665 0.028125
6 0.06653610843516028 0.37711860042843365 0.09266359918200409 0.03510832055214723
6 0.13576936026936023 0.45520454545454553 0.08866666666666666 0.03287500000000003
6 0.5006859945120439 0.8346008231934144 0.04271215830273357 0.023906058751530068
7 0.4689005661286438 0.47282940104794025 0.03952360876897139 0.030828414839797612
7 0.3309176216140793 0.5171432682748155 0.042362164896307536 0.029519157814871022
7 0.3701273954703833 0.5622822299651569 0.033536585365853654 0.01457698170731705
7 0.5754766591404699 0.8169677748509235 0.034537283621837625 0.02434254327563252
7 0.6972869166752639 0.7892132208810484 0.03685004642525532 0.02763753481894158
7 0.8253316533426023 0.7587335489935855 0.03541014946124434 0.028838633993743555
7 0.8556041666666665 0.7869375 0.016250000000000025 0.01640625
7 0.10793211598875661 0.6911117311507937 0.05435681216931216 0.04030257936507935
7 0.07486979166666666 0.74476675682578 0.05014858841010401 0.043299591381872206
7 0.005576388888888889 0.5669322916666666 0.010208333333333335 0.020937499999999963
1 0.03050807217473884 0.5559053215303215 0.054563492063492064 0.07636822089947089
1 0.11096493722968566 0.7038815030392942 0.12192454136379369 0.11721962616822434
7 0.23099248263393288 0.9723298397292117 0.04293088916982721 0.03595132743362832
7 0.2795783993466721 0.9186284124715629 0.053872814948764315 0.04294755877034362
7 0.2888859015462036 0.8602690891197596 0.042117304492512456 0.03678764559068224
7 0.37711133970258065 0.9401333032719895 0.04149287452207163 0.03494851407716375
7 0.37077517514305575 0.9872979504251564 0.04471607216072157 0.022005688806888024
1 0.30707013019463963 0.867859585930723 0.0901788246056031 0.12284791965566715
1 0.38592606597522316 0.951511316983578 0.07866338951310858 0.09788448033707872
14 0.34478854735652764 0.5165118644152757 0.11384053738317755 0.11291009540498438
14 0.400805127106541 0.5912797236503855 0.030928663239074557 0.027313624678663207
14 0.44836642807665655 0.6444130974370814 0.05164319248826293 0.06382042253521121
14 0.47498671529233655 0.46815041548212727 0.10545609395845243 0.11331475128644941
14 0.5373175941327688 0.5520140254045062 0.029321979434447344 0.0220919023136247
14 0.5712763775579964 0.5945846246752654 0.044442102304665575 0.04413469645868471
14 0.6854541285408806 0.5043716641525415 0.08792617854491454 0.1402506706299252
14 0.5873011772465624 0.8120946469259673 0.09123057909604526 0.09400688559322026
14 0.6441517857142857 0.8779073660714285 0.026979166666666762 0.014218750000000035
14 0.6604938271604938 0.9127401620370371 0.03177083333333333 0.026796874999999963
14 0.7063453152762934 0.787031203520258 0.08722478513650138 0.09370457848837202
14 0.7574220217963171 0.8542400648252535 0.02313509958662152 0.012507046223224271
14 0.7631787832095999 0.8716863356212354 0.018297380585516266 0.014926810477657959
14 0.83933424980604 0.7661001353292544 0.1020979397293973 0.1341512915129152
