7 0.17727286109639045 0.10187577283165519 0.04879879879879878 0.04035285285285284
7 0.3452410744077411 0.040626564064064064 0.05223973973973977 0.03519144144144144
7 0.44820254431103485 0.5129850986277873 0.03752144082332756 0.02706903945111492
7 0.5831151635521049 0.4816568114110319 0.036449399656946824 0.03149120926243567
7 0.7259590514307495 0.44809406395491314 0.03930817610062884 0.03551136363636358
7 0.09311796138818661 0.48138179441507695 0.04707969432314411 0.04042712882096069
7 0.06747730406803033 0.5312266576649046 0.05026382823871906 0.04247407205240172
7 0.017841258288856538 0.6777277413876759 0.029112081513828235 0.03889192139737992
7 0.11400336608442502 0.7661822234352258 0.041393740902474524 0.034798034934497846
7 0.13483067899648943 0.7099280760339071 0.03593522561863174 0.03428629912663759
7 0.1790190845867702 0.641555601043183 0.04548762736535661 0.04059770742358078
7 0.19669807707040526 0.589402938979545 0.03889192139737992 0.03650382096069871
7 0.2848602811614188 0.681174227189152 0.04071142649199417 0.0353097707423581
7 0.27408822578036557 0.735269590004852 0.0366175400291121 0.03428629912663759
7 0.3355458285495599 0.971718929391504 0.031094527363184098 0.0322994402985076
7 0.4102110078205695 0.8105857818725101 0.029880478087649407 0.030814243027888467
7 0.40826888524334043 0.8604643924302788 0.0305029880478088 0.03174800796812747
7 0.4655726054116866 0.8677983378984061 0.028012948207171283 0.028479830677290964
7 0.4655682824258521 0.9188765770252324 0.027805444887118173 0.0295692231075698
7 0.5144451954088407 0.9173240075412634 0.025522908366533887 0.028012948207171283
7 0.5152566816069056 0.9644819160856573 0.026352921646746335 0.029413595617529785
7 0.587433598937583 0.9904972023670027 0.019920318725099643 0.02094434760956183
7 0.7269360059760956 0.9275657785524569 0.02137284196547142 0.015874003984063734
7 0.8190475278373684 0.9156882087036469 0.024692895086321442 0.017585906374501904
7 0.7389180352798054 0.7655537180656934 0.028132603406326003 0.02520529197080288
7 0.6285831052311436 0.7798600022810218 0.02980535279805352 0.023608576642335687
6 0.016141141141141138 0.07596072635135134 0.036317567567567564 0.026604729729729736
6 0.37543129804332637 0.571196933962264 0.061419025157232694 0.022847877358490542
9 0.36653385267772065 0.5070754716981132 0.017852463312368925 0.03439465408805029
9 0.3907509877439123 0.5421221123609096 0.018016247379454953 0.031078026729559748
6 0.4560918313866428 0.699481974393531 0.04576594788858941 0.019268025606468963
6 0.5346527132849495 0.7718662934681663 0.04268350359440039 0.01729213961407492
6 0.567040790919706 0.8338954319493096 0.0449249605055293 0.009904472748815252
6 0.6335778985507247 0.8825339673913044 0.02385416666666664 0.013593749999999894
10 0.05382379560011137 0.9079338972431076 0.15168128654970756 0.17955043859649128
1 0.1031547257640154 0.49702839661856063 0.12375356125356124 0.11062143874643882
1 0.205158442186744 0.606118636779014 0.10179249762583095 0.11240206552706553
1 0.2948741224885015 0.7038669278252613 0.08042497625830958 0.11151175213675213
1 0.42510028259937854 0.8273753917550628 0.06255106209150323 0.11125153186274508
1 0.4743846424228606 0.8881375042749655 0.051572712418300706 0.10454963235294112
1 0.5296568627450979 0.936312806372549 0.05463643790849678 0.09880514705882355
14 0.174341592644538 0.08708557347670251 0.10215378421900162 0.12115036231884058
14 0.2519625603864735 0.19327445652173914 0.05485104669887283 0.046044685990338174
14 0.30697732379118237 0.27714535187361267 0.08676611394002694 0.09670608108108106
14 0.45783425470925465 0.2251324477886978 0.058277027027027015 0.08277027027027026
14 0.41244369369369366 0.1449535472972973 0.0332207207207207 0.0394847972972973
14 0.3415603103103103 0.03647006381381381 0.08727477477477473 0.10494087837837837
14 0.6244981394437915 0.16274052585193885 0.04307432432432433 0.10156249999999997
14 0.589573948948949 0.07179054054054053 0.010979729729729708 0.025548986486486493
14 0.4603210547504026 0.5059961881038647 0.06923776455026456 0.0944010416666666
14 0.5049189814814815 0.5790727749433107 0.024388227513227535 0.018446180555555625
14 0.5340298445767195 0.6223803323412698 0.03596230158730152 0.03983754960317461
14 0.5912422839506173 0.47772865155677674 0.07089120370370369 0.09610615079365079
14 0.6395135214579659 0.552610367063492 0.026661706349206327 0.015500992063492092
14 0.6470114087301586 0.5729747953869048 0.01860119047619051 0.009300595238095255
14 0.7167314263668433 0.42821490575396837 0.058077050264550324 0.08277529761904759
14 0.7611762152777779 0.48816499255952384 0.014260912698412771 0.02077132936507935
14 0.7826709242724867 0.5384269593253967 0.015500992063492092 0.022941468253968277
