7 0.028970483324415906 0.9524729133226325 0.045880149812734076 0.042310393258427045
7 0.11768492509363297 0.7870315692032686 0.0650749063670412 0.04547050561797743
7 0.14522211818560132 0.7344725343320848 0.05828651685393259 0.039852528089887596
7 0.32446447939262474 0.9713937093275489 0.035927331887201736 0.03728308026030369
7 0.4557727562569743 0.8777274629363939 0.043529810298103 0.04090447154471537
7 0.4558152664859982 0.9403667005420052 0.04708672086720871 0.04458841463414629
7 0.6174872704128024 0.9528138638843426 0.047735951991271126 0.04130012274959079
7 0.8255957492486046 0.7819328689505 0.03790841153979845 0.024846845672575668
7 0.9356250694418726 0.7116721371430688 0.04054247990815156 0.028971727898966737
7 0.3516227196813977 0.5255572327852003 0.04365257793764984 0.025011241007194228
7 0.45113343577326626 0.4279741048146769 0.04495328118209478 0.027501629726206022
7 0.5674631573367261 0.3201236482188295 0.04837256149279045 0.022861005089058528
6 0.016789193067407844 0.4275750318453973 0.03262328973831977 0.0344216064206269
6 0.10167372003934359 0.5017034865662369 0.07572992700729926 0.06078923357664232
6 0.20892103449760974 0.5542706135061801 0.06967623497997331 0.0597671895861148
6 0.8809387077955225 0.9037956683439072 0.007018887187340421 0.005623085758039714
6 0.893339501446316 0.8897137410668707 0.010368810617662068 0.014596094946401194
6 0.8025282485875704 0.860201271186441 0.05906249999999993 0.04945312500000014
9 0.8072500000000002 0.827103125 0.024374999999999977 0.026484374999999893
1 0.1434627891129459 0.7421022174698313 0.11543843283582089 0.13307486007462685
1 0.47319521111435464 0.8984831131737476 0.06894776766363239 0.1370489271781535
1 0.6306648263260695 0.9428449228915617 0.06582897892004572 0.09906274624656568
14 0.5574989748996867 0.31339238643352957 0.06677796327212022 0.0366496243739566
14 0.7321139882440947 0.4166968660508389 0.15421396212969565 0.10417992212155144
14 0.4278881153881154 0.4091975498225497 0.08521021021021026 0.060106981981982034
14 0.5609139231824416 0.46997418091168086 0.051786562203228866 0.04017539173789171
14 0.6433791396516653 0.5282264552345538 0.09359903381642513 0.05930140398550723
14 0.3369948862076784 0.5064377394293081 0.07847090449082864 0.06226280834914606
14 0.4571413163140825 0.5647343345532446 0.06180450177035913 0.04327105462822463
14 0.5412196969696969 0.6144346590909091 0.09649999999999999 0.055749999999999925
14 0.9148144855381695 0.6948902027027025 0.08305921052631575 0.06866776315789477
14 0.8099097458313103 0.7676639714363768 0.07170627934272306 0.07262323943661979
