14 0.7735433604336044 0.3787565331010454 0.163109756097561 0.11128048780487809
14 0.6002831010452963 0.28127722125435545 0.07012195121951213 0.035060975609756094
14 0.4855818089430895 0.3916095020325204 0.1397357723577236 0.07888719512195123
14 0.6053523035230354 0.44766260162601623 0.04725609756097562 0.03544207317073171
14 0.690454682324601 0.5001129177958448 0.09400406504065041 0.058689024390243906
14 0.5859791141014857 0.5913320016820857 0.0970528455284553 0.05640243902439028
14 0.5073447893569845 0.5422671840354767 0.05691056910569111 0.043064024390243906
14 0.39438711694809253 0.49044324577861165 0.13414634146341467 0.07317073170731705
7 0.39564855875831495 0.504815687361419 0.04776422764227644 0.03315548780487809
7 0.5392999660383766 0.9138595262353542 0.06139624724061813 0.04863410596026476
7 0.530749862030905 0.8551874223923841 0.050358719646799104 0.0421668046357615
7 0.6916932749921162 0.9272631859035003 0.052083333333333336 0.04346026490066226
7 0.7098844243504839 0.9772108220835458 0.05587748344370868 0.03507346854304636
7 0.843061632765689 0.9825416124645221 0.053118101545253774 0.02601924668874176
7 0.40193846578366443 0.9469939983443709 0.03932119205298014 0.0429428807947021
7 0.08702831815673288 0.9369502793874173 0.06415562913907284 0.04656456953642376
7 0.18298151214128036 0.8501267591059604 0.033457505518763794 0.03078435430463582
7 0.18306199411331867 0.7645729856512139 0.06588024282560706 0.04837541390728477
7 0.21129561095961563 0.7102466400467471 0.0613962472406181 0.04734064569536427
7 0.023868653421633544 0.6235513245033113 0.03966611479028697 0.04966887417218544
6 0.03422919706663674 0.43706241581546756 0.06001655629139072 0.05924048013245029
6 0.1459530418127516 0.48817472974289045 0.0645005518763797 0.06027524834437079
6 0.2551173991571342 0.5402117198474813 0.06243101545253863 0.05820571192052979
6 0.8605423850574714 0.8368130387931035 0.05034722222222226 0.048828125
9 0.807085932085932 0.772414241164241 0.03400034650034651 0.03686980249480252
9 0.8584546084546082 0.8025002165627164 0.036165973665973655 0.03638253638253639
7 0.8838826807576807 0.754301476957727 0.03941441441441439 0.02842385654885655
14 0.8891876826659434 0.742741853475549 0.13426888426888428 0.08088617463617469
7 0.9863041406791406 0.6794232393451142 0.02615861053361061 0.0297427234927234
1 0.03489023297491041 0.6040931619623657 0.06384408602150538 0.0834803427419355
1 0.21188022700119474 0.7181899641577061 0.1087869623655914 0.1338835685483871
1 0.5496804625684724 0.8607777312842362 0.07854502688172041 0.1379788306451612
1 0.7088197830707677 0.9316904421417854 0.08736559139784947 0.128843245967742
