7 0.06762418947137049 0.955131573524563 0.05146513353115727 0.045437685459940626
7 0.10083002916197686 0.8878425812826153 0.046770833333333324 0.042109375000000074
7 0.027014712134853947 0.6080977312800122 0.042673319327731093 0.03996520483193278
7 0.014166666666666664 0.6904743303571428 0.028020833333333335 0.022578124999999984
7 0.27608863837312103 0.45534648541114053 0.047701149425287366 0.03071120689655178
7 0.4152327491098742 0.3793887279975929 0.04622229326513215 0.028472666240409207
7 0.5638072986203827 0.2957589285714286 0.050901201602136105 0.024198931909212275
7 0.9005011369406362 0.6981940029141002 0.04128998609179414 0.029554937413073735
7 0.7632985771363339 0.7546222684279191 0.04090563165905626 0.02898473173515983
7 0.6310817307692308 0.8032832532051284 0.03979166666666659 0.027812500000000018
7 0.25209627131989687 0.8814251390635122 0.05448241703813771 0.045621285289747425
7 0.266044010471945 0.8237369985141161 0.05262506191183754 0.0424869985141159
7 0.391831943797145 0.9241656309875204 0.04533793347487614 0.04055533439490446
7 0.38563557934291715 0.9771680111697174 0.052616609783845254 0.0362547994880547
6 0.03278375393367224 0.37803323007443723 0.06825299564270153 0.03612642973856208
6 0.10581049978290359 0.4602036287766137 0.09445016003657981 0.04543895747599454
1 0.04486916127573733 0.5943907162979969 0.08034223706176961 0.07864670283806338
1 0.277391638009753 0.8392920892347149 0.10594315245478034 0.12875484496124034
1 0.4048699334543255 0.9407686781609197 0.08778735632183908 0.12144396551724128
6 0.5721762434967026 0.8760733547072274 0.0594772094641615 0.03262004175365352
9 0.5810539098582577 0.8498027485799226 0.02200345950345953 0.024801587301587345
9 0.5491325803825805 0.8146069425366301 0.016661579161579117 0.019364316239316358
9 0.5436461686461687 0.7924454018204018 0.01246438746438751 0.013927045177045284
14 0.2700523412864611 0.4336775501419331 0.07546912152175311 0.0709782268170426
14 0.3639937106918239 0.519680889079474 0.055746140651801036 0.043015651801029176
14 0.43170878459687095 0.5976258764926409 0.09739771359807463 0.08489395306859207
14 0.39630126742054855 0.3552786855482934 0.07422104644326867 0.06999559082892418
14 0.503280651340996 0.45026939655172404 0.03999042145593871 0.03771551724137927
14 0.5592007237122181 0.5223432843763305 0.0694444444444444 0.07219827586206895
14 0.5603591745340111 0.2921035312273057 0.06036673928830793 0.04187091503267974
14 0.7019978146961683 0.44972947552708054 0.053887605850654316 0.07614030023094687
14 0.6390719322042183 0.7990728563311094 0.09116779089376052 0.09288048060708265
14 0.7168481651636321 0.8665667006976348 0.036689637570188914 0.021535222052067482
14 0.7582283400621838 0.911141105735765 0.04562276671771315 0.04450612557427256
14 0.7510528396589659 0.733246957508251 0.09220297029702978 0.0722462871287128
14 0.8612211221122111 0.8393873762376236 0.017739273927392673 0.013149752475247568
14 0.8435289957567186 0.8179367043847241 0.026196369636963722 0.01655321782178234
14 0.8944570108669635 0.6824599669682608 0.11321748288572936 0.10712875197472353
