7 0.016055090710040663 0.7915685114951518 0.03821942446043165 0.03864096223021587
7 0.1442929739086983 0.8772938082235784 0.03423144876325089 0.02723792697290932
7 0.3539062499999999 0.9881293402777779 0.03687499999999998 0.02062500000000007
7 0.36475609756097566 0.9418044969512194 0.03260416666666662 0.027812499999999928
7 0.07186986573739786 0.5937308691489029 0.05927620632279535 0.041207362728785404
7 0.09485563466573796 0.5438277531633325 0.05009012756516917 0.03990744592346092
7 0.20822469058545398 0.6483228819009873 0.050551470588235295 0.03561580882352944
7 0.18752431528166827 0.7009366246498601 0.04595588235294115 0.03982843137254903
7 0.29740617569564937 0.7341310005783692 0.040485829959514184 0.03300016869095819
7 0.288360613246284 0.7889056340847498 0.04234417344173439 0.035092733739837366
7 0.4452490521128615 0.5507519555778823 0.032675194660734166 0.02346357063403781
7 0.577207468648656 0.5147070336966052 0.038167042465238527 0.02501409244644872
7 0.4333505223034427 0.8583233064341027 0.033846439169139465 0.030948627596439238
7 0.4351984951562248 0.9136917893028951 0.03824969400244793 0.032416615667074565
7 0.4940891472868217 0.9161755087209299 0.030416666666666654 0.02890625
7 0.4981103241274549 0.9674944579421292 0.031339221984296964 0.03128345824411127
7 0.5486479516651932 0.9674099248452697 0.0309460654288241 0.02756133952254629
7 0.7691338537226484 0.9724206428495312 0.027573529411764615 0.019052542892156944
7 0.8659511784511785 0.9618041710969342 0.026129349046015805 0.01262626262626263
7 0.8597586774861354 0.7438963404959428 0.031619747042023624 0.019889840881272925
7 0.7429846938775511 0.7671922935841003 0.03495842781557066 0.022144274376417174
7 0.6337691326530611 0.7888593262825963 0.03176965230536659 0.023207199546485313
6 0.012744354566902592 0.14675364823873416 0.02612066059993259 0.01801061678463094
6 0.1134270911989261 0.31367590611628493 0.1005170316301703 0.03489963503649638
6 0.16922517720469038 0.3912619766334877 0.09340360253365004 0.03386653800475061
6 0.23197219370050298 0.46102462493939134 0.08537798408488063 0.032534814323607456
6 0.6924696180555556 0.9749934895833332 0.04125000000000002 0.015390625000000036
6 0.5606550925925926 0.8205677083333333 0.04093750000000007 0.01734374999999986
6 0.478357142857143 0.7531875 0.0390625 0.019296874999999946
9 0.5750833333333333 0.7977161458333333 0.018020833333333285 0.030625000000000034
10 0.06196645422820725 0.9578552294664533 0.1728762306610408 0.1165051424050633
1 0.10672747154431135 0.5559972849048164 0.1190934771443246 0.11508089368258867
1 0.2175233459955682 0.6635876661918332 0.09734093067426398 0.11852297008547001
1 0.3073735393750237 0.7538424666006928 0.07995771958537917 0.11341550736497537
1 0.44617046953495565 0.8788322493053805 0.05865459501557631 0.11216778621495323
1 0.5077791262135921 0.9378041565533982 0.054374999999999986 0.11351562499999997
1 0.5640128968253968 0.9606808035714287 0.05270833333333336 0.06359375000000007
14 0.4404038968875417 0.5287464742780166 0.049162772585669735 0.06778134735202493
14 0.5681316566375681 0.49007066276803124 0.05792334096109831 0.06936498855835235
14 0.643556522094258 0.585985358980642 0.021619496855345942 0.01594661234991417
14 0.658619557057057 0.616184543918919 0.021349474474474543 0.021114864864864913
14 0.5242511912865895 0.6180437372362151 0.025442477876106175 0.015486725663716871
14 0.7220820174449206 0.44633290096999767 0.035669975186104236 0.06726892059553347
14 0.705955334987593 0.4789857320099255 0.008529776674937987 0.015314826302729578
14 0.6321161939352012 0.776924547626254 0.053344430992736135 0.05258777239709449
14 0.735413095848089 0.7521692092538446 0.04474818016471858 0.053506613699627434
14 0.7804800508663169 0.798611111111111 0.0202670481640439 0.01665325464949934
14 0.8517126317888388 0.7273154956257321 0.04871202113606342 0.05511063408190218
