13 0.4112526095987269 0.13682994149951555 0.01569400630914828 0.02267274962883825
13 0.4291836283185841 0.1379188790560472 0.010840707964601733 0.021592920353982303
13 0.44406058617672794 0.1384091571886848 0.011909448818897658 0.02335958005249343
1 0.373442017346611 0.1468786808009423 0.011660777385159008 0.043345111896348654
1 0.34579007035793236 0.1476646113650154 0.011848412646092129 0.04291898577612863
1 0.3170806485138225 0.14797339430471834 0.011219081272084793 0.04546525323910483
1 0.26308139534883723 0.15161498708010335 0.012572674418604634 0.048158914728682174
1 0.2293347972100232 0.14521312322397312 0.009810126582278485 0.045654008438818554
1 0.19455986292567998 0.1487613336189048 0.01133540372670808 0.0360248447204969
7 0.08975190839694655 0.07672264631043257 0.01736641221374046 0.018066157760814244
7 0.15624502784407318 0.03333333333333334 0.011634844868735087 0.01328560063643596
7 0.16700477326968974 0.028910692713397565 0.010501193317422435 0.015354017501988861
7 0.17910902503293805 0.025115283267457184 0.013920454545454533 0.013888888888888888
7 0.3084724378881988 0.04119651483781919 0.010267857142857167 0.01279761904761905
7 0.32424809272300475 0.03816021126760564 0.010035211267605633 0.012206572769953055
7 0.293302204531537 0.044003878342518885 0.00897887323943661 0.011502347417840373
10 0.3411975275954889 0.22192848439086557 0.041414141414141396 0.04893378226711559
9 0.3053099017384731 0.22118201778065724 0.007580174927113717 0.022934888241010677
12 0.18681486880466475 0.20056851311953358 0.01214285714285714 0.024625850340136063
9 0.14182215743440235 0.20475542597991572 0.008571428571428584 0.024353741496598635
10 0.22792166904542024 0.2328617804270562 0.041516245487364614 0.04873646209386281
9 0.06645645645645645 0.24232232232232223 0.025225225225225224 0.07297297297297295
11 0.18827597454955947 0.3404632195198233 0.11497252747252748 0.18066378066378067
8 0.008368844696969698 0.49899515993266 0.016145833333333335 0.08177083333333333
8 0.0421855565920398 0.46663038971807613 0.034895833333333334 0.13645833333333332
8 0.08207521645021644 0.46164772727272735 0.032421875 0.14670138888888892
11 0.9023207146426788 0.22002332167249714 0.177536231884058 0.22270531400966184
