9 0.7458266544538584 0.3124417983360049 0.006108312342569207 0.015029387069689353
9 0.7236356003358524 0.31430170724881046 0.00554156171284626 0.01393786733837112
9 0.696536523929471 0.31440566150893606 0.006108312342569207 0.014357682619647335
9 0.625170924793091 0.3133061452960697 0.005982367758186456 0.018219983207388775
9 0.5929429051217464 0.3170500979568989 0.005919395465994967 0.015785054575986578
9 0.5720209261770975 0.3163405024865982 0.005289672544080645 0.015029387069689317
9 0.39156541709882936 0.3194349780214352 0.00591939546599491 0.014189756507136888
9 0.36255847427132054 0.3210387429531007 0.0064861460957179136 0.012846347607052886
9 0.3434858662188637 0.32016979195820505 0.0062342569269521276 0.014441645675902616
9 0.27910894206549114 0.3204030226700252 0.005856423173803534 0.01326616288832914
9 0.2522636881877237 0.3211675283927703 0.008501259445843857 0.013685978169605392
9 0.2333798128823318 0.32180040782055896 0.006108312342569263 0.01393786733837112
7 0.03420136316491331 0.3439274954314219 0.008375314861460956 0.008900083963056242
7 0.1417837730346016 0.3428255777984003 0.007808564231738018 0.009235936188077214
7 0.8459107367758187 0.3331549118387909 0.00894206549118394 0.00973971452560871
6 0.8702810138539041 0.3333438287153653 0.009760705289672501 0.009403862300587738
6 0.8051415024448068 0.33455326715068895 0.010768261964735529 0.007724601175482803
6 0.7465232666047993 0.33580803393875114 0.009130982367758179 0.011083123425692672
6 0.7148999440246291 0.33659856329881516 0.008375314861460878 0.012006717044500419
6 0.6836679508075271 0.33687459870598113 0.009130982367758179 0.01141897565071368
6 0.6288153800563046 0.33848471378475814 0.0076826196473551815 0.0107472712006717
6 0.5975755667506296 0.33914544267189106 0.008060453400503775 0.012930310663308091
6 0.566785614329695 0.3412025375501446 0.0071158690176322354 0.014693534844668345
6 0.3987783375314861 0.340671704450042 0.007997481108312342 0.00848026868177999
6 0.3685925692695214 0.34017107472712005 0.008060453400503775 0.009319899244332457
6 0.33947878318155394 0.3405283213847446 0.008879093198992393 0.009655751469353466
6 0.28780698992443327 0.3409634760705289 0.009068010075566747 0.009319899244332495
6 0.26011155091759625 0.3428511454959818 0.007745591939546614 0.008564231738035232
6 0.23048698572628046 0.34256367198432697 0.008312342569269503 0.010075566750629757
6 0.1793315940985966 0.3425932589660549 0.009571788413098232 0.008396305625524784
6 0.12306239100949429 0.3428599108699864 0.009319899244332503 0.008060453400503775
6 0.07440386230058772 0.3438063252169046 0.009949622166246855 0.00923593618807729
6 0.047315090451110604 0.3436226242271582 0.009571788413098239 0.006968933669185541
7 0.9683132227249874 0.4259929612870789 0.010784313725490165 0.011546840958605647
7 0.9482123212321232 0.4285616061606159 0.009839108910891013 0.012211221122112193
7 0.9309900990099009 0.43284378437843785 0.00990099009900996 0.010891089108910896
7 0.8161592409240924 0.4247799779977998 0.00952970297029708 0.01130363036303629
7 0.805393183549124 0.4287255648641787 0.007982673267326731 0.009570957095709598
7 0.7946826379066477 0.43319189061763314 0.009653465346534745 0.010643564356435643
7 0.6790222772277227 0.4260365099009902 0.009158415841584201 0.01196369636963694
7 0.6718316831683168 0.43044004400440045 0.00804455445544545 0.009983498349834993
7 0.533968012185834 0.4175488702716425 0.007858910891089067 0.01039603960396039
7 0.4144183168316831 0.41781588873173026 0.0076113861386138525 0.009158415841584125
7 0.4051096181046676 0.4233380480905234 0.0076113861386138525 0.010313531353135355
7 0.39776751713632896 0.41876110687991874 0.007549504950495021 0.010231023102310246
7 0.3865010608203678 0.42218882602545965 0.00872524752475249 0.00973597359735974
7 0.377018278750952 0.4192244224422442 0.007982673267326731 0.009075907590759016
7 0.2929919554455445 0.4351141364136414 0.006311881188118775 0.007920792079207862
7 0.2674742955064737 0.4284463061690785 0.007858910891089125 0.007343234323432322
7 0.17763613861386132 0.4342904290429043 0.007673267326732684 0.010066006600660102
7 0.16031765676567655 0.4314686468646866 0.008972772277227732 0.010066006600660102
7 0.14240289413556742 0.4282368621477533 0.008539603960396021 0.010066006600660102
7 0.06221947194719472 0.434020902090209 0.008601485148514847 0.009983498349834993
7 0.040317656765676564 0.43132013201320135 0.009158415841584158 0.009900990099009884
7 0.015517617938264413 0.42747039409823334 0.008972772277227724 0.010726072607260675
7 0.07502184041933606 0.4719617549990295 0.012252475247524756 0.011798679867986796
7 0.15827660891089107 0.4732209158415842 0.011262376237623755 0.012623762376237588
7 0.4776211072664361 0.5169550173010381 0.008737024221453282 0.011072664359861619
7 0.4767156862745098 0.5373221837754709 0.008391003460207628 0.009919261822376029
7 0.5095242214532871 0.5182122260668974 0.008737024221453282 0.009919261822376029
7 0.5088156653035546 0.5393415120058719 0.008650519031141925 0.011303344867358723
7 0.6323010380622839 0.5199653979238754 0.00925605536332182 0.011188004613610171
7 0.6320242214532871 0.5391926182237602 0.008650519031141925 0.011764705882352927
7 0.7245674740484429 0.5210149942329874 0.009083044982698994 0.012802768166089967
7 0.7239698018244731 0.5396875327671176 0.009429065743944648 0.012802768166089967
7 0.7879988465974624 0.4722952710495963 0.011937716262975868 0.013264129181084248
7 0.8354152249134948 0.47199538638985006 0.012197231833909996 0.015801614763552532
7 0.8182612456747403 0.5206343713956171 0.008391003460207571 0.011188004613610095
7 0.8173779315647828 0.5407535563244906 0.00813148788927333 0.010495963091118787
7 0.8523452518262207 0.5417019095219787 0.008477508650518984 0.010265282583621683
7 0.8527393310265283 0.5211585287709855 0.009169550173010294 0.011418685121107273
7 0.950125825731362 0.522019502988361 0.009169550173010407 0.011764705882352927
7 0.9497058823529412 0.5441176470588235 0.008910034602076166 0.011649365628604377
7 0.985601691657055 0.5439830834294501 0.010034602076124543 0.012226066897347133
7 0.98538062283737 0.5214917339484814 0.009688581314878889 0.012341407151095761
7 0.7386296452702702 0.4710655968468468 0.011148648648648646 0.014414414414414448
12 0.6624295190713104 0.5058015478164731 0.04589552238805959 0.09436152570480924
12 0.5450156624285976 0.5052822308212024 0.04701492537313436 0.09535655058043115
12 0.4391080312722103 0.4984126984126985 0.035572139303482575 0.09668325041459373
9 0.2198611111111111 0.5955128205128205 0.01602564102564102 0.054415954415954426
4 0.27509830425165877 0.6304224352147674 0.020287539936102234 0.06634717784877535
4 0.29990871748060227 0.6278817384248694 0.02340255591054313 0.06624068157614481
4 0.26538538338658146 0.609464856230032 0.008306709265175698 0.009371671991480299
9 0.38283801020408165 0.6005102040816328 0.022448979591836747 0.0616326530612245
9 0.4918999028182701 0.6094201490119859 0.024183673469387712 0.06476190476190474
9 0.7136188046647229 0.6113168124392615 0.0210204081632653 0.06585034013605438
1 0.9869632682132681 0.5300841134174467 0.012362637362637315 0.054670329670329615
1 0.9514328344069725 0.5314734116458254 0.010714285714285779 0.045970695970696016
1 0.8532919666540356 0.5308513325754706 0.008928571428571445 0.0379120879120879
1 0.8190399877899877 0.5306233889567222 0.010233516483516496 0.04304029304029306
1 0.725202119309262 0.5304814233385662 0.009890109890109898 0.04423076923076928
1 0.6324198717948716 0.5296916971916972 0.009065934065934016 0.04221611721611718
1 0.5092648730579764 0.5290514083617531 0.009340659340659386 0.041483516483516496
1 0.4769491284577491 0.5280882910193255 0.009340659340659328 0.04267399267399264
3 0.2954112293956043 0.5591460622710622 0.010576923076923038 0.06565934065934069
2 0.3144764957264958 0.5330077330077331 0.01710164835164835 0.01657509157509162
2 0.31663961038961036 0.49351481851481854 0.010920329670329692 0.024908424908424952
10 0.9752468316398996 0.6119754178957719 0.0494181415929205 0.05162241887905604
11 0.8097866931918657 0.6740126731506041 0.0993534482758621 0.17499999999999993
8 0.7095366379310345 0.7946659482758621 0.016810344827586164 0.1448275862068966
8 0.6752463054187193 0.7856595511767926 0.015948275862068952 0.14913793103448278
8 0.6421336206896552 0.7901760057471265 0.01681034482758628 0.1413793103448276
8 0.5699096880131362 0.7793377120963327 0.015301724137931046 0.14166666666666666
8 0.5380217785843922 0.7836660617059893 0.01788793103448279 0.13994252873563226
8 0.505316091954023 0.7774904214559387 0.016594827586206975 0.13965517241379302
8 0.4371814092953525 0.771576711644178 0.014870689655172442 0.14310344827586202
8 0.4055829228243022 0.7723864258347016 0.016379310344827615 0.14051724137931024
8 0.37452978056426334 0.771891327063741 0.015732758620689707 0.1433908045977011
8 0.1004310344827586 0.7344566353187042 0.01961206896551724 0.07385057471264372
8 0.15378694581280788 0.8354542966611934 0.021551724137931046 0.09109195402298853
8 0.1250775862068966 0.8315057471264368 0.02176724137931035 0.09971264367816093
8 0.15282866379310342 0.7911278735632185 0.010560344827586192 0.016954022988505738
8 0.10107758620689658 0.8388723741577488 0.025215517241379316 0.10000000000000016
8 0.03330856123662307 0.8287950852160126 0.024784482758620687 0.10114942528735628
8 0.009775862068965519 0.8322643678160921 0.021120689655172414 0.09856321839080465
