6 0.909625 0.3645 0.01275 0.011666999999999992
7 0.12406767981722598 0.6244061238586094 0.034063444108761345 0.0596908002716403
7 0.05205950411488073 0.6239275025193148 0.0371 0.057544007763221695
7 0.19553150184850018 0.6225841879746933 0.03204441041347624 0.05523226135783565
7 0.3152962989374598 0.8412513416603127 0.024076517150395774 0.04130167106420398
7 0.326584084084084 0.8037737737737737 0.016013513513513544 0.02513513513513514
7 0.33945710194164086 0.7785759605588175 0.012845624573960492 0.025153374233128793
7 0.33487124463519313 0.7888156550173718 0.007510729613733929 0.007439198855507887
7 0.354284398034398 0.7465328965328966 0.011655405405405418 0.020420420420420367
7 0.3201579617670296 0.477083779327402 0.0077917282127031055 0.017446381093057576
7 0.3591393316983445 0.47927140813406904 0.010658082975679576 0.011778731521220758
7 0.39723739495798305 0.4775105042016808 0.00812324929971993 0.016106442577030824
7 0.6815350000000002 0.4798413333333333 0.006024999999999977 0.009666666666666667
7 0.9670789779326365 0.4465298748225577 0.007398373983739816 0.009756097560975605
6 0.2567997758875362 0.3583880880829895 0.00901033973412109 0.011570654849827633
6 0.4636646403817748 0.36040222701965696 0.0066469719350074 0.01019202363367799
6 0.4900541605120631 0.3599001195751565 0.007127031019202377 0.00841949778434264
6 0.5169176470588236 0.3611254901960783 0.00475 0.007933333333333395
6 0.5627825000000001 0.3623300000000001 0.005625 0.009733333333333349
6 0.5895431818181818 0.3625984848484848 0.005474999999999909 0.009766666666666651
6 0.6154815789473683 0.3624175438596491 0.005375 0.008399999999999939
6 0.7636477272727271 0.36337878787878797 0.006 0.007333333333333333
6 0.7881456896551722 0.36424712643678153 0.008700000000000046 0.009233333333333349
6 0.8580441666666665 0.36456888888888883 0.011 0.008533333333333303
6 0.8834392857142856 0.36541904761904764 0.010875 0.009066666666666681
6 0.9084077586206896 0.36521494252873554 0.012625 0.0095
9 0.9125839430894308 0.34576186604723186 0.005875 0.013547154471544748
9 0.8934442307692307 0.3460641025641025 0.007299999999999954 0.01276666666666669
9 0.8711812499999999 0.34527083333333336 0.008875 0.012666666666666666
9 0.8140833333333333 0.3449111111111111 0.005049999999999955 0.013366666666666712
9 0.7879352941176471 0.34455490196078425 0.005049999999999955 0.012200000000000046
9 0.7703088235294119 0.34296666666666664 0.006725000000000023 0.013599999999999985
9 0.6139199999999998 0.34412999999999994 0.004800000000000068 0.014566666666666644
9 0.5866152777777778 0.3431666666666667 0.005625 0.010599999999999984
9 0.5701279411764706 0.3436588235294118 0.005099999999999909 0.013800000000000031
9 0.5112749999999999 0.342784126984127 0.0051750000000000684 0.013899999999999977
1 0.3847873243421673 0.5269766418309284 0.006127982646420832 0.02313810556760662
1 0.4138875789870791 0.5267031343330504 0.00591106290672451 0.023861171366594363
1 0.46432152325861636 0.5268016389491444 0.00997830802603039 0.054085321764280554
1 0.5025433839479393 0.527646420824295 0.007592190889370954 0.05112075198843096
1 0.5407685156492098 0.5290941018489826 0.009924078091106252 0.05350686912509036
12 0.3551305555555556 0.5583277777777778 0.019583333333333373 0.03522222222222217
12 0.33076984126984127 0.5704338624338623 0.016 0.014555555555555506
12 0.32593243243243236 0.5512822822822822 0.01275 0.019333333333333334
12 0.389390756302521 0.5726244343891402 0.0020927601809954694 0.012745098039215691
12 0.3846153846153846 0.5700452488687784 0.006391402714932099 0.01832579185520361
12 0.4162808910546468 0.5694222067525234 0.008201357466063314 0.019758672699849208
12 0.4125323206205559 0.5668821374703729 0.003110859728506796 0.014102564102564125
12 0.47260386672151383 0.5691279308926368 0.0029977375565611057 0.00874811463046755
12 0.4676966728855721 0.5733623548922057 0.005876865671641781 0.011504975124378083
12 0.4702798982188295 0.5704919423240035 0.003371501272264652 0.010390161153519937
10 0.39418149383745715 0.5949618509251539 0.02813455657492358 0.04485219164118242
10 0.3699379965123038 0.6042369049925724 0.004596977329974777 0.025692695214105773
10 0.38770909090909095 0.5768242424242425 0.0013249999999999887 0.00869999999999997
10 0.5932090937210022 0.5969811320754719 0.03631147540983602 0.04426229508196722
4 0.6186012941762069 0.6109540401526465 0.015612244897959157 0.05482993197278908
4 0.6420566893424036 0.6129009826152683 0.0160204081632653 0.05551020408163261
11 0.5032412393699874 0.6751991317136492 0.11026785714285722 0.14941804149481314
