12 0.020560561628462738 0.3516495433208768 0.036620795107033643 0.021718483082512837
12 0.02992836328314717 0.33704549133883765 0.042844827586206904 0.024482758620689653
12 0.20431155075939242 0.30250910382804863 0.017446043165467613 0.01990407673860909
9 0.04581227436823104 0.40817087845968725 0.008844765342960293 0.014440433212996368
9 0.06860382985402605 0.3713911997070058 0.0076714801444043275 0.01432009626955475
9 0.07082258896338318 0.38727866597902705 0.006859205776173298 0.005896510228640181
7 0.12215891104779995 0.3713200379867046 0.007763532763532766 0.00987654320987652
1 0.1451932701932702 0.36832216832216824 0.0076923076923077075 0.021747388414055043
7 0.18482156245314138 0.36638676463237874 0.007763532763532766 0.009306742640075982
1 0.1842611336032388 0.3649647623331834 0.007407407407407419 0.024501424501424555
8 0.051377808802021016 0.4511988653991047 0.01567278287461774 0.04291539245667688
11 0.3052180331592096 0.41273282736518035 0.05029411764705884 0.013447712418300626
11 0.30837769001831505 0.45282165750915754 0.0515625 0.059226190476190446
2 0.3620152559055118 0.41077427821522283 0.02293307086614175 0.017191601049868797
2 0.3534565991751032 0.4424665666791652 0.02598425196850394 0.021916010498687608
7 0.4132119205298013 0.4227152317880795 0.015976821192052966 0.018101545253863077
7 0.42575883002207504 0.44637601177336284 0.01605960264900665 0.01953642384105956
7 0.4557974613686535 0.49923473142016184 0.015066225165562911 0.02064017660044154
1 0.4617661914917501 0.5162812885845771 0.02309602649006621 0.0783664459161148
11 0.3503253681568768 0.6627116676402452 0.12780177030177026 0.2481126832709947
9 0.5450054821397657 0.09870159847654221 0.008944543828264727 0.015444245676803822
9 0.552545034738112 0.09898073802887217 0.010330948121645861 0.015503875968992248
9 0.5606928901277198 0.09858135374630776 0.008855098389982118 0.015026833631484805
9 0.5854368749530038 0.09698222924029375 0.009860703812316728 0.01759530791788857
9 0.5951735092864124 0.09895640997791533 0.011033724340175922 0.017448680351906148
9 0.605695055392636 0.09582790268274137 0.008284457478005948 0.01749755620723363
9 0.7099031470278071 0.09354683539619987 0.013484486873508445 0.027605409705648374
9 0.7258615751789975 0.09117740652346858 0.01581145584725539 0.026730310262529828
9 0.751739856801909 0.09160859188544151 0.016825775656324597 0.02712808273667462
9 0.8222740597740598 0.09099575766242433 0.016516516516516505 0.02922922922922924
9 0.8555683342917383 0.08885268246970374 0.02117117117117118 0.03283283283283283
9 0.8843093093093093 0.08513219101454397 0.022672672672672662 0.036436436436436445
7 0.6081622023809524 0.3008399470899471 0.012569444444444458 0.015462962962962972
7 0.6271888888888888 0.253637037037037 0.010555555555555544 0.011851851851851848
7 0.6535601835192517 0.29705529566990535 0.012027707808564287 0.013182199832073858
7 0.7035024723334117 0.35110666352719566 0.018795620437956247 0.01982968369829685
7 0.7054992492492492 0.2583541875208542 0.01103603603603608 0.01211211211211211
7 0.7972941044104409 0.2882538253825383 0.013428217821782142 0.01460396039603961
10 0.531344913667568 0.36231970737119473 0.027974828375286052 0.027002288329519463
10 0.5711580956992538 0.3857726848056593 0.021595330739299583 0.01582360570687418
10 0.5745873288488146 0.4049663661084871 0.02475669099756692 0.017356042173560356
10 0.619837653172558 0.4356032505747983 0.040284116841624834 0.051942730930431856
10 0.6836022907970579 0.48843752070496255 0.050961538461538454 0.07243589743589746
10 0.7749862254958819 0.5692891389243322 0.06802575107296138 0.08855507868383408
10 0.9167243581201137 0.6879059234252017 0.09344216417910457 0.12122719734660033
7 0.6926508395597331 0.4234032296939021 0.012039045553145342 0.015256688358640682
1 0.6893470209339776 0.4120193236714977 0.018961352657004795 0.05531400966183575
7 0.7375977285820094 0.42441774339560523 0.011933174224343703 0.017899761336515514
7 0.7365878353945178 0.45466358091656417 0.01217183770883048 0.01821797931583137
7 0.768548104956268 0.4437395529640427 0.012755102040816268 0.017395529640427565
7 0.7643673469387755 0.47404470359572404 0.011588921282798878 0.01729834791059284
1 0.7616734031274849 0.459194716847778 0.02274052478134115 0.06511175898931
7 0.7964435404339252 0.49756738987508203 0.013541666666666629 0.018910256410256426
7 0.8013822115384615 0.4645299145299145 0.012419871794871824 0.020512820512820554
1 0.7936538461538462 0.4794680611785875 0.02732371794871801 0.07275641025641023
7 0.8817813765182188 0.45123706702654065 0.026282051282051272 0.027635327635327635
7 0.863586956521739 0.5455555555555555 0.01666666666666663 0.021256038647343
1 0.8609579550883895 0.5264840473536128 0.02855072463768113 0.07574879227053141
7 0.8675324335635068 0.5118225570202971 0.015677966101694894 0.021155053358443185
7 0.9154038320498715 0.5405329421831072 0.01633663366336634 0.02235973597359733
7 0.9085310686241037 0.5786559690451802 0.015037128712871321 0.02227722772277222
1 0.9059820323550217 0.5646444778406414 0.034405940594059416 0.0773102310231023
1 0.9596696309045704 0.5988302416013259 0.03174603174603169 0.08822751322751318
