9 0.3501345755693582 0.256839199447895 0.01094202898550725 0.01903381642512079
9 0.3651798174986581 0.2501413490785471 0.012391304347826065 0.01874396135265704
9 0.45018260869565213 0.21257971014492746 0.01181159420289856 0.017004830917874414
9 0.4754365716579686 0.20350021983903954 0.014184636118598349 0.01743036837376462
9 0.4981570797333017 0.19140792467221635 0.015115694164989976 0.01649899396378271
6 0.3580992129740042 0.2863415215835918 0.026794657762938243 0.023539232053422364
6 0.3802342543995061 0.2787197694761758 0.027974683544303786 0.025949367088607574
6 0.45393260031415106 0.25193869294112053 0.030973154362416096 0.024697986577181193
6 0.4832043512815418 0.2438168090602026 0.026321279554937405 0.025961984237366703
6 0.5054035482258871 0.22683241712477095 0.011356821589205366 0.01969015492253872
6 0.5828080910317752 0.20068294278820595 0.031528340080971703 0.02503373819163293
6 0.6280488434531186 0.18388980678323924 0.03183085501858739 0.018835192069392822
6 0.6769574216439973 0.16734739470398843 0.02938202247191009 0.02823970037453184
7 0.9514908456843941 0.31077884335948847 0.030270270270270315 0.031171171171171182
7 0.907727499066351 0.29640234034607243 0.03321299638989171 0.0342960288808664
7 0.8546506734006735 0.27908249158249154 0.03459595959595958 0.03748597081930416
7 0.6455680668016193 0.35861842105263153 0.019838056680161913 0.023819163292847483
7 0.5977938544152746 0.3492303102625298 0.019988066825775603 0.025139220365950676
7 0.5422828159041396 0.3398465867828612 0.02238562091503263 0.02774146695715323
7 0.19663461538461538 0.3946103238866396 0.012145748987854262 0.015317139001349536
7 0.01681309904153355 0.463462097008423 0.02012779552715655 0.023961661341853034
7 0.00686330442720219 0.46341092347482127 0.00950479233226837 0.022577209797657056
13 0.866849675208464 0.5741542921976087 0.06936619718309851 0.11915968384144526
13 0.9143544415362469 0.5720972043125365 0.06422040741767239 0.09734341005381891
12 0.2866388694789511 0.5602989446744883 0.01780538302277432 0.020841959972394762
12 0.2989933333333334 0.5601722222222222 0.009949999999999988 0.0205
12 0.33469437017231124 0.5667458902753021 0.017565359477124218 0.017265795206971614
12 0.35246411064425764 0.5706057422969186 0.013832720588235304 0.018382352941176502
12 0.5524343402885914 0.5929392020485138 0.0219635627530364 0.028407557354925755
12 0.8104415137614678 0.6411977573904178 0.023165137614678998 0.03985728848114172
12 0.7563107889048991 0.629157660902978 0.025360230547550374 0.03698366954851107
9 0.7702689721421709 0.6300352225424272 0.010806916426512998 0.03189241114313161
12 0.9097696317470996 0.7372736954206601 0.023003194888178882 0.04888178913738011
12 0.9575071839080459 0.7506066411238824 0.020689655172413723 0.049233716475095814
10 0.8200106277611744 0.7601618446241234 0.12259566048740146 0.13688741933422777
10 0.6010900417133946 0.7002079885235746 0.08864042933810379 0.10046948356807517
10 0.4578410393905303 0.6637648704025844 0.07015845070422534 0.08016431924882628
10 0.4752516193323369 0.7160471682444777 0.0205530642750374 0.009068261086198315
10 0.35779755394252766 0.6361333731066257 0.0557865168539326 0.06464419475655435
10 0.372586887835703 0.680068457082675 0.016232227488151636 0.00789889415481836
10 0.28428258913333526 0.6212161644997466 0.04459459459459458 0.055232155232155265
10 0.29364704941628017 0.6551362012900475 0.02146569646569651 0.005405405405405418
10 0.2264129636493424 0.60230920938235 0.03719792438843587 0.047887323943661915
10 0.1809555595784261 0.5900241400898919 0.032618770104645964 0.04147073170731702
10 0.14372538316636696 0.5802758512429719 0.026255458515283863 0.03722707423580785
10 0.11252712580663582 0.573404336321931 0.02196547884187082 0.032590942835931704
12 0.6681959025955089 0.6170433556916497 0.017224409448818846 0.024343832020997373
12 0.6195961786425974 0.6105380377446957 0.01787305122494422 0.025686711210096518
7 0.8039320314865276 0.5545968311635887 0.02166212534059946 0.028973660308810167
7 0.8034239208375161 0.6071609541565086 0.023501362397820115 0.029791099000908237
7 0.7309589397089397 0.5487525987525987 0.021049896049896006 0.02612612612612611
7 0.7316580041580041 0.5969681219681219 0.02198544698544697 0.027927927927927917
7 0.6251639344262296 0.5427459016393442 0.017486338797814256 0.0248633879781421
7 0.6244620901639345 0.5857809653916211 0.019330601092896246 0.024681238615664826
7 0.5759932640712409 0.5395478935951592 0.01616052060737536 0.02321041214750547
7 0.5747926502488198 0.5778401599251414 0.019414316702819973 0.0226319595083152
7 0.5329109251968505 0.5717618110236221 0.016141732283464535 0.02493438320209975
7 0.468533044058745 0.5627429164812343 0.014447040498442334 0.019003115264797543
7 0.43543626637151817 0.5601672508147328 0.014208633093525179 0.017825739408473283
7 0.40608440170940174 0.526011396011396 0.012638888888888915 0.01759259259259261
7 0.4063095238095238 0.5571428571428572 0.013958333333333314 0.019166666666666665
7 0.35976726306961143 0.5231572080887149 0.010518590998043009 0.01643835616438355
7 0.3584423923679061 0.5519977168949771 0.012035225048923678 0.016112198303979086
7 0.3362550575785871 0.522476397966594 0.01013071895424838 0.015976761074800304
7 0.3356150974321616 0.5496236265403994 0.011591695501730101 0.015743944636678178
7 0.314457380174292 0.5463916122004356 0.010947712418300682 0.014233841684822057
7 0.2815265486725664 0.5180573114201433 0.010493046776232631 0.012010113780025223
7 0.2814201432785503 0.5418373367045933 0.011630847029077131 0.015676359039190856
7 0.26417918815878 0.5410106899902818 0.011695447409733106 0.016169544740973305
7 0.24729938271604934 0.5395208700764257 0.010537918871252203 0.013874191651969417
13 0.9644449196031475 0.5663211312578402 0.0498648648648649 0.08594594594594597
1 0.8015059693411055 0.5628721228137958 0.026938094538809194 0.09830110790216516
1 0.727463771472339 0.5607418671848049 0.027760997192206104 0.10538444085198102
1 0.6210700926979997 0.5527175150430965 0.025760286225402523 0.07889087656529523
1 0.5732061628760089 0.5438679383712399 0.021965517241379302 0.08036781609195404
1 0.5289285714285714 0.5491398724732061 0.02334656084656092 0.07539682539682538
1 0.4637180149909538 0.542215904195744 0.02105488850771866 0.07095483133218977
1 0.4299625282805429 0.5406806184012065 0.019944852941176462 0.06856617647058821
1 0.4009428418803418 0.541042556980057 0.020232371794871768 0.06452991452991455
1 0.3542231623097227 0.5332405298236734 0.018621867881548952 0.053492786636294566
1 0.3323143664245359 0.5335754640839385 0.016666666666666687 0.05296574770258978
1 0.31126391339758386 0.5295405185285733 0.019784172661870457 0.050299760191846496
1 0.27768557310129993 0.5272531958319906 0.016549844236760123 0.050986500519210796
1 0.2599314293107352 0.5284374292460458 0.018219749652294864 0.05363931386184519
1 0.2455862450787401 0.5218326224846893 0.016338582677165335 0.04350393700787398
1 0.21954512119808556 0.5218851320055581 0.014566929133858281 0.04114173228346454
1 0.1944880514705882 0.5182328431372547 0.014889705882352928 0.054779411764705854
