7 0.04466308884913535 0.8764659113496323 0.014445438282647587 0.0180679785330949
7 0.03947898032200358 0.9110166964818128 0.015876565295169946 0.022301729278473584
7 0.09728302125506073 0.8773996288798921 0.015182186234817806 0.01875843454790826
7 0.09131181676210308 0.9094082942911678 0.015840707964601776 0.01929203539823008
7 0.14794949229691876 0.8755135387488328 0.012640056022408941 0.017180205415499587
7 0.14348815065594578 0.9088870080406262 0.01614208633093526 0.02038369304556363
6 0.07411558345642541 0.686981782373215 0.009453471196454956 0.013047759724273798
6 0.10827042522694696 0.6884265010351968 0.008708791208791212 0.012307692307692302
6 0.19547763157894735 0.6982228070175439 0.008574999999999989 0.009333333333333334
6 0.22399444708289196 0.6998709190321362 0.011721404303510752 0.010268025670064162
6 0.2535664160401002 0.7028705096073516 0.010213032581453632 0.009106098579782914
6 0.42265438885834705 0.7215533565451102 0.008995327102803742 0.009397715472481801
6 0.44533632897603487 0.7233728213507626 0.008986928104575156 0.009041394335511996
9 0.08466062239647147 0.6631081706553403 0.008104631217838772 0.016123499142367034
9 0.10631940055971832 0.6663597243537659 0.006689536878216117 0.014979988564894256
9 0.13749204581609925 0.6683388128822427 0.006959910913140334 0.01562731997030437
9 0.20659342105263154 0.6755105263157895 0.006 0.01480000000000003
9 0.22506805555555556 0.6792870370370369 0.004900000000000006 0.013566666666666605
9 0.25432801822323464 0.6814173626929891 0.00560933940774487 0.014312832194381068
9 0.4076822323462415 0.6985370792204506 0.005552391799544409 0.013705391040242982
9 0.423326923076923 0.7014230769230768 0.004375 0.012966666666666697
9 0.49475246620387275 0.7099460073884628 0.006521739130434753 0.012042788129744622
9 0.5120160850599782 0.7111527626317704 0.005588876772082869 0.012468193384223922
9 0.5265833403237983 0.7129239717025976 0.004389312977099167 0.012359142130134539
12 0.04574311023622048 0.9467082239720036 0.012253937007874022 0.025590551181102303
12 0.09426747792889524 0.9458721068957289 0.010433070866141718 0.023818897637795242
10 0.07276478681255662 0.9716018923465789 0.05054151624548736 0.05801538425237732
12 0.15864085239085235 0.9399861399861399 0.010498960498960486 0.027581427581427457
12 0.19924311330561328 0.9370841995841993 0.009927234927234905 0.026957726957726965
10 0.19922961630695446 0.9715267785771384 0.03471223021582733 0.048920863309352476
10 0.31583113456464385 0.9639258759280851 0.028430079155672843 0.04503078276165358
9 0.368486566924067 0.9333896396396397 0.014508928571428555 0.052380952380952445
9 0.4447000915750916 0.9348366910866913 0.012648809523809519 0.048214285714285626
12 0.4303887795275591 0.931668307086614 0.010974409448818903 0.02408136482939623
12 0.4584852880232075 0.9263986738499792 0.009498031496062993 0.02480314960629918
9 0.5086577949770966 0.9320934028326227 0.009753593429158172 0.04647501711156747
9 0.6121946046827281 0.9274742676167858 0.015558194774346817 0.04877276326207448
9 0.6687981839986294 0.9224858660270685 0.014198218262806222 0.05360059391239778
9 0.765744888023369 0.9227945472249265 0.014430379746835456 0.04388185654008445
12 0.38728728377746613 0.8625541530310112 0.05405797101449275 0.05710144927536233
12 0.46147986177773076 0.8656408545144971 0.06565668829921224 0.05457485643532649
12 0.5269881823925083 0.8653300630520148 0.07506596306068604 0.05848724714160062
12 0.6550145590150953 0.856189497075426 0.054088443888193526 0.06225142539285222
12 0.7131934408004448 0.8711506392440247 0.0321984435797666 0.04267185473411155
12 0.7653102031993084 0.8674953163280013 0.028015564202334645 0.04189364461738008
3 0.30347972972972975 0.9085557432432434 0.012905405405405418 0.06324324324324335
3 0.2624274274274274 0.9083516850183516 0.013363363363363362 0.06406406406406404
3 0.21563529540962004 0.9106486565634382 0.014570063694267504 0.06592356687898095
1 0.14577487061529618 0.8949166187464058 0.019189189189189194 0.06711711711711708
1 0.09496127442351698 0.8930411312562342 0.021395881006864983 0.06895499618611757
1 0.04216794593692642 0.8946576561544024 0.02098698481561822 0.0717281272595807
