7 0.1032938076416337 0.06970575318401405 0.015869565217391298 0.019227053140096623
7 0.1604776119402985 0.07253482587064676 0.013992537313432819 0.018656716417910446
7 0.21225245594885386 0.07482717396954104 0.013207547169811306 0.018296169239565462
7 0.2359840898976413 0.13153093012906097 0.009540498442367608 0.013032191069574253
7 0.23808735721703014 0.15482433367947387 0.00930685358255451 0.0124091381100727
1 0.2371545251218148 0.13468860665122345 0.011721183800623038 0.04781931464174454
9 0.08263110393311798 0.2286053581607448 0.026985559566787002 0.07845968712394706
9 0.15008088907645775 0.19836111697263842 0.0074224519940916025 0.024224519940915797
9 0.31266437964551175 0.21631408423861254 0.007504288164665525 0.02790165809033734
8 0.1056489351542355 0.44075064463757035 0.02782685512367492 0.13875147232037693
8 0.06669307182883341 0.4441448256153473 0.030513648845097725 0.1389048618963011
8 0.026448633550494774 0.4572136380920619 0.03816725978647687 0.1511269276393832
13 0.42101214574898776 0.12817139001349526 0.012348178137651815 0.028879892037786778
13 0.43705668016194343 0.1282537112010796 0.0135627530364373 0.027260458839406206
13 0.4524590541037909 0.129389032020611 0.0140182186234818 0.026923076923076925
12 0.15898432055749132 0.19543554006968641 0.010121951219512197 0.02731707317073172
12 0.1936413502109704 0.1952869198312236 0.01354430379746836 0.024092827004219393
10 0.23536398332721864 0.2274591469297352 0.0453096846846847 0.049872372372372374
10 0.23310661764705884 0.256437908496732 0.04761029411764707 0.006045751633986924
10 0.3491887166887164 0.21863289863289853 0.04215176715176716 0.044767844767844775
10 0.3443080357142857 0.24555224867724865 0.02862103174603175 0.006283068783068757
11 0.200194660219323 0.3123232649917788 0.11053465314028693 0.17855342724907944
