6 0.13131293057763646 0.43647323794382636 0.0650900900900901 0.039639639639639575
6 0.08832190399354577 0.40545246739276614 0.061711711711711706 0.03333333333333333
6 0.04906645776210992 0.37906384645515073 0.05934684684684684 0.02972972972972972
12 0.6842193486590039 0.7411813537675607 0.0375 0.030028735632184028
12 0.704721786833856 0.7148968129571579 0.036961206896551746 0.028735632183908063
12 0.7227601600985224 0.6891180897646416 0.03760775862068965 0.027729885057471242
7 0.7085419274092615 0.7669934640522876 0.009219858156028295 0.009692671394799011
7 0.7285714285714285 0.7386524822695038 0.00939716312056737 0.009456264775413729
7 0.7463311511183851 0.713193307874159 0.008510638297872334 0.00957446808510637
7 0.8527836879432625 0.5845626477541371 0.0073581560283688535 0.006855791962174938
7 0.8392038812251578 0.5786181903203179 0.00576923076923083 0.005728314238952559
7 0.8355672323197519 0.5943463404829585 0.006751227495908324 0.008837970540098241
7 0.8542696399345335 0.6033906164757229 0.0065466448445171185 0.009328968903436968
7 0.8731029608689183 0.6117814809304171 0.0067921440261866335 0.008837970540098241
7 0.8747340425531914 0.5947657149784809 0.006833060556464716 0.0070921985815602965
7 0.8892919033407144 0.6012226821989025 0.006873977086743025 0.007364975450081829
7 0.9074799314161017 0.6277089340919128 0.007242225859247128 0.009328968903436968
7 0.7277630862565142 0.49293251406497113 0.005411449016100164 0.010196779964221832
7 0.7332139999999999 0.487024 0.005575000000000045 0.007900000000000015
7 0.7381537499999999 0.48149000000000003 0.005550000000000068 0.008099999999999986
7 0.7779405737704918 0.498415300546448 0.00474726775956276 0.0035519125683060033
7 0.789598512446873 0.5032938676381299 0.004200819672131047 0.0033697632058288037
7 0.8011577868852457 0.5082741347905283 0.0052595628415300555 0.0035519125683060033
7 0.8262818383167221 0.534519502891596 0.006672203765227096 0.010705057216685115
7 0.8310503450038336 0.5273646250390437 0.0066168327796234504 0.009413067552602494
7 0.835711878280129 0.5213186319354166 0.006921373200442872 0.008527131782945768
7 0.8127293417366948 0.5666736694677871 0.005714285714285779 0.006428571428571407
7 0.7999872448979592 0.5613973922902495 0.004761904761904816 0.004523809523809557
7 0.7800760582010581 0.5523907505388987 0.005555555555555543 0.005687830687830683
7 0.7674622626828508 0.5468228031953521 0.00572089947089944 0.005555555555555581
7 0.7490575396825395 0.5385113536155203 0.004828042328042329 0.005202821869488541
7 0.7371821722516166 0.5326866549088771 0.005158730158730123 0.006393298059964688
8 0.6417088607594936 0.7986342891587015 0.016265822784810213 0.055527426160337505
8 0.7040777576853526 0.8032188065099458 0.009936708860759496 0.038481012658227884
11 0.9816388383033614 0.7832557351341779 0.0343478260869565 0.0930434782608695
11 0.9910174520069809 0.7192056175228267 0.014855072463768125 0.019033816425120677
11 0.9934288037442486 0.6990896329560112 0.010896502010774725 0.015139616055846546
