7 0.2685202135774218 0.5728807526061531 0.007322654462242554 0.009153318077803153
1 0.2676719822654462 0.5751954614797864 0.007437070938215072 0.020976353928299052
7 0.2904176201372998 0.5730215484363081 0.00732265446224261 0.009000762776506462
1 0.29013157894736846 0.5771845071616238 0.0074942791762013595 0.02334096109839811
8 0.29949028283879925 0.6323818612990918 0.0077433628318584625 0.08539823008849551
8 0.30365571007163933 0.6352261553588987 0.005199115044247833 0.08495575221238937
8 0.30692529327022017 0.6327502229539684 0.0055309734513274405 0.08510324483775814
8 0.31193952802359876 0.615925925925926 0.007522123893805315 0.08510324483775807
8 0.32101299190359633 0.6110368417749324 0.006526548672566378 0.07920353982300882
9 0.39308345734126987 0.5394262566137566 0.018229166666666685 0.05711805555555558
9 0.41534375000000007 0.5273055555555557 0.006380208333333371 0.034895833333333334
12 0.37031518470790376 0.4644258304696448 0.08815104166666668 0.056423611111111084
7 0.40551457358762144 0.5721662468513853 0.008060453400503775 0.010663308144416458
7 0.4271998320738875 0.5713126224461235 0.0068639798488664494 0.009655751469353466
1 0.4266335753444955 0.5757914752802884 0.007808564231738046 0.024181360201511324
7 0.4482913518052057 0.5713518052057095 0.006612090680100721 0.009403862300587738
1 0.4478319539402662 0.575775458798129 0.007745591939546557 0.023677581863979866
7 0.48453820319059615 0.570831234256927 0.00629722921914356 0.009571788413098224
1 0.48380532565671114 0.575055775458798 0.007997481108312342 0.02460117548278754
12 0.5045847505668934 0.5140684051398335 0.014285714285714278 0.021700680272108835
11 0.6068818921982893 0.6243670342505755 0.06741214057507988 0.10947816826411076
4 0.6902979066022544 0.5847745571658614 0.0161111111111112 0.05351851851851848
4 0.6810521885521887 0.5816442199775532 0.010625 0.049537037037037025
4 0.6737107090643272 0.5767568226120857 0.012916666666666628 0.04796296296296297
10 0.8083931016496056 0.5647540805459564 0.013418530351437653 0.02832800851970175
10 0.7908489274303969 0.5683325726456717 0.010463258785942458 0.008306709265175717
4 0.7946469049694858 0.6154635280441733 0.018648648648648646 0.07081081081081075
4 0.8097141372141377 0.6147609147609148 0.019189189189189278 0.06756756756756757
4 0.8283962639109699 0.6289056703762586 0.023513513513513544 0.08162162162162168
7 0.8459874348032244 0.3938122332859175 0.01069819819819827 0.014714714714714774
7 0.8578532479848269 0.3913703176861071 0.010022522522522536 0.012162162162162152
7 0.867476404976405 0.3878521378521378 0.010810810810810721 0.012162162162162227
7 0.8416938490214352 0.4323133478305891 0.015315315315315275 0.017267267267267242
7 0.9010601118359738 0.4219840530185357 0.017229729729729797 0.02102102102102102
7 0.8807758186397984 0.39391771620486987 0.010201511335012584 0.012174643157010905
7 0.8928868689081152 0.39157083926550573 0.009760705289672501 0.010999160369437504
7 0.9039829974811082 0.3880177721802407 0.010327455919395448 0.012258606213266148
7 0.9140438247011955 0.39294883956238535 0.010258964143426284 0.012881806108897763
7 0.9430369431365447 0.4150468831743732 0.019621513944223123 0.02164674634794157
7 0.9414602307225258 0.36948795790325833 0.013360655737704974 0.0148633879781421
7 0.9549873896595206 0.36647751155947866 0.013770491803278674 0.014535519125683094
7 0.974137826350941 0.3620845982594616 0.013524590163934477 0.01551912568306011
7 0.9830044136191675 0.3698444724674232 0.013032786885245968 0.013879781420765009
7 0.9948245901639343 0.36779599271402547 0.007782786885245968 0.013879781420765009
7 0.9911407103825136 0.4081967213114753 0.015491803278688508 0.021857923497267773
12 0.9053214285714282 0.5486666666666667 0.012152777777777828 0.01962962962962964
12 0.9392081967213115 0.5508939890710384 0.022049180327868952 0.01956284153005466
7 0.8944014550264549 0.5887522045855379 0.015833333333333373 0.01901234567901232
10 0.9211230043541364 0.5813642960812772 0.025576923076923094 0.053846153846153814
10 0.9376865384615386 0.5939846153846152 0.03451923076923072 0.04910256410256405
11 0.8469233147804572 0.734104762517068 0.15378787878787886 0.2640589569160997
9 0.9225853383132111 0.2857668143258345 0.010579345088161177 0.014021830394626364
9 0.9370569449442244 0.2802566870576945 0.011901763224181308 0.012090680100755662
9 0.9590527440653384 0.26943235885301375 0.011838790931989933 0.013098236775818615
6 0.9230065333753145 0.30815228799328287 0.014987405541561657 0.0107472712006717
6 0.948069826020737 0.30103684611329157 0.022040302267002515 0.01234256926952139
9 0.8552946224256293 0.31443173150266956 0.008486842105263123 0.011491228070175453
9 0.8658147773279353 0.3096693657219972 0.010065789473684163 0.01105263157894736
