6 0.539707907159717 0.3617899291896146 0.015274390243902416 0.011382113821138167
6 0.5558984349414285 0.35679852416341273 0.015541862955032116 0.012502498215560308
6 0.6919068736141909 0.31546563192904664 0.020213414634146373 0.01743902439024392
6 0.7189427083333335 0.3065611111111112 0.02009999999999991 0.017666666666666667
6 0.744721 0.2939200000000001 0.01352500000000009 0.013933333333333318
6 0.8091536279775887 0.2768853592536201 0.02384733796582509 0.0181560506771516
6 0.8451406372934699 0.267782585890375 0.0190322580645161 0.0203225806451613
6 0.887186976281832 0.2517161797510198 0.019843587069864384 0.02318151071025928
6 0.9732288037166085 0.22494154084397988 0.02219512195121945 0.017940379403794053
9 0.8714207848837209 0.22018781349749195 0.01461397058823536 0.0205269607843137
9 0.8430341755662177 0.2330945295705859 0.012403621730382156 0.018185647216633127
9 0.8095929687500002 0.24337708333333333 0.009449999999999932 0.015866666666666675
9 0.7350753628308163 0.2701580853130795 0.011969001148105576 0.015690776884806724
9 0.7056527027027026 0.2795144144144144 0.011 0.017333333333333333
9 0.6878193181818182 0.2851454545454546 0.008600000000000023 0.016666666666666666
9 0.5637721153846154 0.3303166666666667 0.00825 0.011
9 0.5478983136169141 0.33761341435642966 0.008394160583941584 0.010358011817865796
9 0.5372674999999999 0.3407083333333334 0.007724999999999909 0.011966666666666697
9 0.026908863118082202 0.5564226912879839 0.010412147505422993 0.0454085321764281
9 0.006350147197875252 0.5764053809135528 0.008966121495327103 0.03306074766355141
12 0.1400958736002454 0.5408528915477834 0.015 0.019566395663956654
12 0.6789181286549707 0.570971874129769 0.004479949874686781 0.007268170426065126
12 0.6868703007518796 0.5785275689223058 0.009147869674185473 0.025689223057644085
12 0.8256558549964228 0.6013594085380397 0.01010016694490821 0.014190317195325557
12 0.8246694490818031 0.5850061213133 0.013230383973288781 0.016861435726210402
12 0.8145346410684474 0.5855870895937674 0.0030050083472453934 0.003116304952698935
12 0.8157429048414022 0.5826154702281581 0.0018363939899833212 0.0018363939899833591
12 0.8677665086591259 0.5941567785930204 0.017011379280674647 0.03247863247863249
12 0.9503731617647058 0.610625 0.009788602941176464 0.022181372549019595
12 0.9512408088235292 0.5951633986928103 0.00597426470588232 0.00851715686274512
12 0.9416491596638653 0.5879814425770308 0.006066176470588289 0.006495098039215691
12 0.9392463235294117 0.5942325367647059 0.00546875 0.008700980392156908
12 0.9351562499999999 0.595251225490196 0.0032169117647059694 0.005147058823529354
10 0.5487698960150496 0.6016347527938162 0.026730103806228384 0.04498269896193771
10 0.5563193160813309 0.6267097966728281 0.003234750462107286 0.0026494146642020646
10 0.5353080034957417 0.595488685808508 0.017603720225079427 0.03643643643643645
10 0.7023818558095349 0.6248125515878756 0.055964506484586535 0.06329695400172651
10 0.8288151615877819 0.6443209768804982 0.07220426378098409 0.07600012331976813
11 0.255179901387822 0.6494916136353679 0.07107158058245613 0.11193173469687615
11 0.4708474947256281 0.7269518375720013 0.12300799127932606 0.22762978790962538
4 0.3332327008947439 0.6030299879283676 0.03004694423983068 0.0541282354486926
4 0.44819949730054315 0.6356554396610461 0.05617638840377231 0.08473708794875211
3 0.4410591714916169 0.5571732213449133 0.01924858815169415 0.05472591648012485
3 0.4386078431372549 0.5164008714596949 0.010352941176470608 0.008784313725490165
3 0.4213825177487968 0.5539344740895128 0.01748511904761898 0.04876543209876544
3 0.4018529692570275 0.5545828067405917 0.01587452471482891 0.04865741547354287
2 0.43195219820453573 0.529969463464897 0.04602205722183408 0.017874875122999203
2 0.44971014706568224 0.4801105612765213 0.023348719500916444 0.061532899493853925
2 0.42871935232426306 0.47927059712774 0.02192460317460319 0.058267195767195745
7 0.33351461438610625 0.4812273398684033 0.009379615952732649 0.015164943377646524
7 0.34450516986706053 0.4771294928606598 0.011004431314623388 0.02136878385031999
7 0.47311273475416743 0.4565678413167334 0.015288035450516987 0.02816346627277206
7 0.5181585192797024 0.4535680498466758 0.013549618320610649 0.02718405428329091
7 0.5480690478898872 0.44938611458688804 0.014261744966442847 0.029843400447427334
7 0.5839283818867561 0.4437325736477808 0.016264403661632856 0.03054279780167629
7 0.5593278824833704 0.4145731707317074 0.01018292682926824 0.010772357723577215
7 0.5726340825637031 0.412002522161641 0.009608323133414956 0.011301509587923269
7 0.5894057588619939 0.41729952965469774 0.009168865435356225 0.011125769569041342
7 0.6177375415282392 0.41958508674787753 0.009523809523809518 0.011258767072720577
7 0.663791610611795 0.3941588797670278 0.0132100396301189 0.027233077507003448
7 0.6951990270645921 0.40065570183905386 0.014151480637813279 0.028929384965831407
7 0.8035968060908415 0.3671121288690608 0.017516445703876 0.03415882333097193
7 0.8378516666666666 0.37378999999999996 0.017075000000000045 0.032
7 0.8708077234610256 0.3788355250619402 0.01775300171526578 0.031046312178387703
7 0.03450541338582677 0.5094389763779528 0.01811023622047244 0.013648293963254598
7 0.030602255799106193 0.49250549762360796 0.019291338582677165 0.02585301837270337
7 0.036486363636363636 0.6075909090909091 0.0037750000000000058 0.010299999999999955
7 0.04184318181818182 0.6073484848484848 0.00375 0.010599999999999984
7 0.06482692307692307 0.6059615384615386 0.00375 0.010633333333333364
7 0.0700825 0.6060933333333334 0.0030249999999999917 0.010066666666666606
7 0.11169852941176471 0.6024705882352942 0.003974999999999994 0.009766666666666651
7 0.1166575 0.60363 0.0033499999999999945 0.009599999999999985
7 0.6872862173038229 0.5196395036887995 0.008576458752515009 0.011837692823608298
7 0.687570437053326 0.5441657504123145 0.008615654205607485 0.012032710280373825
7 0.7178634012016021 0.5187444370271472 0.00941255006675567 0.013707165109034273
7 0.7166993491321763 0.5448848464619492 0.009579439252336442 0.013974187805963462
7 0.775344419330535 0.5190076418038964 0.010327198364008154 0.016905248807089265
7 0.7756262781186094 0.547226482617587 0.010071574642126848 0.015132924335378295
7 0.8126771689085492 0.5192410700851614 0.009734133790737474 0.01612349914236711
7 0.812687249857061 0.5479245283018868 0.009433962264150978 0.01515151515151509
7 0.8556245210727971 0.5189859514687101 0.011137931034482676 0.0169655172413793
7 0.8543594182825484 0.5498245614035088 0.009937673130193843 0.015743305632502293
7 0.9403921288355253 0.519588971475764 0.010977701543739272 0.017267009719839885
7 0.9388468258590565 0.5520869734032227 0.011845827439886875 0.017586044318717617
1 0.03884575569358178 0.6106196901549225 0.009653209109730845 0.026190476190476222
1 0.0672509146703036 0.608309855313093 0.009275000000000005 0.027620936116381927
1 0.11376338312691685 0.6069963057621756 0.009160539215686271 0.028349673202614365
1 0.6576367061720286 0.5284852534499039 0.012696523800118485 0.04813103766417013
1 0.6845732522850099 0.5304000003367892 0.013333032327975275 0.051576994434137304
1 0.7136009442668506 0.5270923669147928 0.016475626870934092 0.05134731037944706
1 0.7726165902226924 0.5265100052778111 0.016115843743070398 0.05391566265060245
1 0.809360384938242 0.531992245273214 0.015334572490706364 0.06189591078066921
1 0.8512519435178132 0.534534895752639 0.017651888341543555 0.06387520525451555
1 0.9372004799855327 0.5284596759406939 0.017418591030030028 0.06570289585281913
1 0.9918093675417659 0.5347334924423229 0.011336515513126415 0.07700875099443116
