9 0.06902279677509035 0.6331572606801964 0.008868501529051984 0.01651376146788986
9 0.10240825688073395 0.6374617737003059 0.007951070336391438 0.015800203873598397
9 0.12730377166156984 0.6431940197077811 0.009403669724770651 0.016615698267074472
9 0.10892857142857143 0.9494784580498867 0.007551020408163268 0.02136054421768707
9 0.2808385308385308 0.966172326172326 0.008004158004158001 0.02162162162162167
6 0.05028716216216216 0.6567342342342343 0.012297297297297298 0.011531531531531528
6 0.0881081081081081 0.663068068068068 0.0125 0.013963963963963958
6 0.12468705547652914 0.66724039829303 0.010878378378378371 0.012252252252252219
6 0.18579093799682034 0.6759088500264971 0.01202702702702703 0.007207207207207224
6 0.218433277027027 0.6777083333333334 0.009324324324324323 0.005495495495495485
6 0.24799075391180647 0.6841631104788999 0.011756756756756744 0.007927927927927991
7 0.22581123737373737 0.6798863636363638 0.00972222222222223 0.009814814814814781
7 0.32267570558937464 0.779862264034926 0.008153477218225418 0.010871302957633815
7 0.3068678390620837 0.7827915445421441 0.007314148681055144 0.009832134292566025
7 0.2919098054889422 0.7848121502797761 0.005695443645083912 0.010311750599520414
7 0.1872866412752151 0.7682512813278788 0.00845323741007195 0.010951239008792982
7 0.1744337863042899 0.7726307842614798 0.00917266187050359 0.011350919264588205
7 0.16394702419882276 0.7758302448949932 0.009232613908872906 0.012150279776178953
7 0.027312588401697317 0.7587615904447585 0.007602545968882602 0.009618104667609562
7 0.09289366053169734 0.8146864349011591 0.013445807770961153 0.014314928425357872
7 0.14815718535043693 0.8165861064634071 0.012576687116564414 0.01315610088616222
7 0.19947443762781195 0.8184049079754603 0.012014314928425364 0.013769597818677539
7 0.21302376485303312 0.8736126745882843 0.004837398373983746 0.01062330623306237
7 0.2104508499630451 0.896812022665681 0.0045121951219512365 0.010081300813008207
7 0.2443191056910569 0.8959756097560975 0.005081300813008113 0.010948509485094899
7 0.24607046070460703 0.8730126467931345 0.004390243902439039 0.011327913279132797
7 0.3003018018018018 0.8963963963963963 0.004594594594594582 0.010450450450450566
7 0.300974610974611 0.8742014742014744 0.005405405405405361 0.01051051051051051
7 0.3300315315315316 0.8740780780780781 0.005405405405405361 0.010390390390390318
7 0.32927477477477474 0.8956696696696698 0.005180180180180173 0.011471471471471583
7 0.3576139735635284 0.8944249617840123 0.004488130563798222 0.010039564787339259
7 0.35784230606189066 0.8742616928076868 0.005081602373887279 0.009990108803165185
1 0.2137063857801185 0.8847421549264868 0.011020408163265301 0.033265306122448844
1 0.24749999999999997 0.8842743764172337 0.01015306122448979 0.0346938775510204
1 0.3031151603498543 0.8816948493683187 0.009693877551020365 0.04149659863945575
1 0.33243561710398434 0.8851976028506637 0.009897959183673435 0.04564625850340144
1 0.3603210552513688 0.8849759415961508 0.009387755102040842 0.04251700680272112
12 0.11905773420479306 0.9470079883805372 0.0088888888888889 0.02987654320987652
12 0.15786265432098764 0.9410493827160493 0.014166666666666685 0.02604938271604927
8 0.24244107744107746 0.981919191919192 0.004537037037037038 0.039012345679012315
10 0.1936702980688497 0.9709054436048139 0.04779596977329973 0.04786146095717883
10 0.3196195190947666 0.9632994394677563 0.04812871287128712 0.05676237623762381
