8 0.5678909214092143 0.5999259259259258 0.008333333333333371 0.08520325203252029
9 0.42349883855981413 0.5251103368176538 0.005243902439024396 0.008238482384823859
9 0.4207458465889007 0.5392600447743606 0.009837398373983718 0.02466124661246613
9 0.4734606317774635 0.5273738802451674 0.0052333804809052255 0.009806694955209801
9 0.4702677656928253 0.5452974361475558 0.010502121640735539 0.018057520037718027
9 0.47062234794908064 0.5579632248939179 0.009016973125883964 0.004761904761904741
9 0.46642208245981825 0.5829223653123025 0.014117250673854415 0.04946091644204853
9 0.49663357667881475 0.5946487243080406 0.01222493887530561 0.049144254278728566
12 0.4391332514099631 0.531317877568196 0.010841022551213598 0.017477477477477504
12 0.4496133288576739 0.5398419747985954 0.01780946601941747 0.03665048543689318
12 0.39027433833771863 0.5303384409018213 0.004602615694165024 0.007109322602280372
12 0.4034611159728913 0.5381032338911614 0.020422341245415906 0.0373063361207143
12 0.3266563414214422 0.5286227270119889 0.012885906040268423 0.037628635346756104
12 0.32102272727272724 0.546774193548387 0.003005865102639348 0.005474095796676465
12 0.27606458333333334 0.5427472222222223 0.01082499999999999 0.016700000000000045
12 0.2742497207524985 0.5217241500097983 0.01893924162257491 0.019191475602586706
12 0.21292307349454395 0.5257019713771994 0.017866416664712403 0.034915992094878445
12 0.22090586404745702 0.5223508055366461 0.003982300884955748 0.01584492203961228
12 0.2248447204968944 0.5203053830227743 0.0016459627329192586 0.005300207039337541
12 0.2238802622498275 0.5376236484932136 0.0031366459627329276 0.015900621118012395
12 0.18074435483870965 0.5348784946236559 0.011349999999999994 0.013599999999999985
12 0.17557916666666668 0.5099833333333332 0.003325000000000017 0.002900000000000015
12 0.17440808557422158 0.5189213393661268 0.019514192139737985 0.015938864628820965
12 0.18579761904761904 0.5207698412698412 0.002172619047619065 0.0028968253968254584
12 0.18633928571428574 0.5174376417233559 0.003065476190476204 0.002182539682539679
13 0.3605555442349568 0.3366781583537965 0.060043767476214725 0.0945453692793791
13 0.4238874722043041 0.35728743146822944 0.052736899170743985 0.08577705668866349
13 0.4703422045823266 0.3663365008580388 0.04667704566760409 0.07616537844887414
6 0.059256498926782725 0.12577907623817475 0.02487479131886477 0.017473567056204786
6 0.09006078407436975 0.11393660290397811 0.01794425087108013 0.015408439798683692
6 0.19153379583875157 0.07640768617251842 0.01671492197659296 0.017405548331166018
6 0.20278711964162374 0.08269640714092581 0.008706696829343117 0.012769640086749055
6 0.24195486378743694 0.06396710382717406 0.03566179087875417 0.02323333333333334
6 0.2798884146341464 0.04743252032520326 0.020775000000000033 0.02086666666666667
10 0.07185839741723035 0.5757607285036167 0.08444948979591836 0.08620787850023726
10 0.2147924979653387 0.5853876428351185 0.09213296992711457 0.10096500561049765
10 0.40347426775352907 0.5980496147049247 0.10504836759371221 0.11672396384560178
7 0.21407427841900192 0.06244785977839728 0.01657565902088328 0.02145022633040435
7 0.11026822033898302 0.3159949152542373 0.013075000000000003 0.027633333333333326
7 0.06507352678571426 0.24364321428571434 0.020575000000000003 0.04120000000000001
7 0.19131110581432803 0.2813214566495108 0.009954357298474947 0.03320852713178295
7 0.20133749999999997 0.28653333333333336 0.004950000000000017 0.021366666666666673
7 0.23462458286985538 0.2966258806080831 0.014349276974416 0.02940304041527622
7 0.10269058641975307 0.1402272669220945 0.029950000000000004 0.05886543209876542
7 0.17644798016101212 0.17179147977764997 0.026349999999999995 0.053899999999999997
7 0.23895353405326802 0.19929766160543944 0.02351341463414633 0.04775853658536584
7 0.35400468235889637 0.2501919345313422 0.01919134396355355 0.03872437357630982
7 0.390115303190685 0.26745501285347034 0.017930591259640097 0.036675235646957995
7 0.4255893446487506 0.29141914191419144 0.014462517680339487 0.02329090051862329
7 0.4169391252312043 0.2770645196387771 0.008415841584158442 0.017963224893917943
7 0.6171177326454973 0.25121039767604914 0.018112919463087223 0.035785906040268475
7 0.5930084745762714 0.2321692330416159 0.019648692810457533 0.03899782135076255
7 0.5657600083131995 0.211144883485309 0.021031096563011487 0.042116748499727234
7 0.4730422318339928 0.140046257877606 0.028077608593577736 0.05471135940409681
7 0.42243888893466514 0.10338485250384956 0.03140653080464631 0.060940919037199115
7 0.35616692312444276 0.05906531007348581 0.03571300578034681 0.07239999999999999
7 0.20033267788549483 0.5329850314005246 0.010060362173038214 0.01599597585513076
7 0.4814626070310681 0.5404523544679272 0.01265294771968854 0.023804226918798653
7 0.5535730567586051 0.5419205734113417 0.015303738317757052 0.02710280373831779
7 0.4477721335268506 0.44847847121432033 0.01688679245283021 0.026226415094339622
7 0.38486565910999165 0.4505849426252449 0.010201511335012584 0.024013434089000838
7 0.32362068965517243 0.45127320954907163 0.013965517241379302 0.02421455938697318
7 0.2324614065180103 0.41149887848001054 0.016380789022298444 0.02321326472269872
7 0.23240098237954154 0.4530043141535422 0.017152658662092618 0.022184105202973113
7 0.18707976366322007 0.41262235352043325 0.015657311669128517 0.021959625800098515
7 0.18514719271623667 0.4539140111279718 0.014871016691957522 0.022508851795649966
7 0.14399672819049375 0.4153636963392555 0.015480012427506238 0.020795935745190036
7 0.14295000000000002 0.4548098765432099 0.016150000000000005 0.021599999999999984
7 0.07703026549625723 0.42024648308710455 0.013913585203099984 0.020445039549460867
7 0.07691568978078017 0.45679846347440217 0.012552155771905419 0.019796012980992147
7 0.041930337968667485 0.4221967963386728 0.014979757085020239 0.01946693657219968
7 0.04146195652173913 0.45667681159420304 0.015125 0.019
7 0.009264 0.42327200000000004 0.012625 0.018599999999999985
7 0.007739686783804431 0.45853864272981926 0.013130252100840338 0.018732492997198886
1 0.007933595862809917 0.43912163928952314 0.015316129813693766 0.053878264961735416
1 0.03384617324485253 0.43842681894921015 0.02435350090954947 0.07534843238711278
1 0.06972130626121052 0.43769872008787614 0.024335606724231417 0.0792620865139949
1 0.13763834940781666 0.4309030816026501 0.023965565536559437 0.08384134064368247
1 0.18020051661529038 0.4329918337442117 0.02393917963224894 0.08852353125220778
1 0.22705500895965108 0.42660034476717706 0.026213224226169302 0.09088097649087278
1 0.3159363792296897 0.38116326212381096 0.003816466552315603 0.010405946255002846
1 0.3168432781143529 0.4246347840212169 0.023490790622464657 0.09834553985497382
1 0.32757929883138553 0.39524392506028555 0.014732888146911535 0.005342237061769613
