7 0.181125 0.35316700000000006 0.008749999999999971 0.012333000000000007
6 0.17083853083853084 0.354167244167244 0.013513513513513516 0.011434511434511402
6 0.21733630952380947 0.3525022045855378 0.011177248677248685 0.011507936507936543
6 0.25984521575984987 0.34904940587867417 0.0100609756097561 0.01081300813008132
6 0.3564907028956306 0.3454166906530041 0.0103923205342237 0.012854757929883135
6 0.4577465986394557 0.3410600907029479 0.007908163265306143 0.012653061224489798
6 0.4861734693877552 0.34020669806384096 0.007397959183673492 0.01204081632653064
6 0.5145680272108843 0.3370430839002267 0.007704081632653015 0.009387755102040842
6 0.6857408163265306 0.3314666666666666 0.007704081632653015 0.01530612244897956
6 0.718174603174603 0.3300907029478457 0.00908163265306132 0.014829931972789116
6 0.7519234693877549 0.32721428571428574 0.008163265306122412 0.011700680272108835
6 0.8109156820622985 0.3234980307912638 0.01137755102040819 0.01265306122448976
6 0.8457015306122448 0.3225198412698413 0.011836734693877589 0.014081632653061206
6 0.8814771622934886 0.3199352121801102 0.012091836734693856 0.013265306122448957
6 0.4104367162438029 0.34305677068144264 0.009596456692913364 0.011286089238845116
6 0.30917989417989417 0.3470149911816578 0.009930555555555543 0.010370370370370361
7 0.2747448497448497 0.34775719775719766 0.007796257796257748 0.007692307692307698
9 0.35926549865229107 0.32209834190966263 0.0069039451114922485 0.014922813036020595
9 0.3760996079392306 0.32174712080372464 0.007804459691252134 0.013779302458547742
9 0.4016999509924038 0.3200808625336928 0.006946826758147495 0.014751286449399648
9 0.46226415094339623 0.31633314274823715 0.0061320754716981014 0.01658090337335621
9 0.4784562607204117 0.31937106918238994 0.003216123499142384 0.013779302458547742
9 0.5088383838383838 0.31445587955021914 0.0074185248713550325 0.01583762149799884
9 0.6914165237278443 0.3036735277301315 0.00651801029159526 0.016123499142367072
9 0.7135438295567392 0.3022719749631368 0.007075471698113119 0.017209834190966264
9 0.7492730539900351 0.2975441749026655 0.007246998284734218 0.021783876500857596
9 0.8248713550600343 0.2970146205995263 0.0091766723842195 0.015437392795883359
9 0.8551429388221841 0.2954259576901087 0.007161234991423612 0.016180674671240694
9 0.8809050549894057 0.29313221000235423 0.007418524871355089 0.017552887364208118
9 0.4830855727082142 0.32017660885585414 0.002015437392795889 0.01223556317895941
7 0.18138017241379312 0.3522540229885058 0.008175000000000012 0.0066333333333333635
7 0.11225490196078432 0.4369477124183006 0.007720588235294116 0.008905228758169945
7 0.09128000494926998 0.4348676070279633 0.006347438752783958 0.0075723830734966665
7 0.08963461001272537 0.46773380950574545 0.00887553041018387 0.018953323903818955
7 0.12292324012621046 0.46597668008559084 0.009158415841584158 0.016690240452616686
7 0.1569993622448979 0.4662377450980393 0.010202205882352927 0.01721813725490195
7 0.16627254509018036 0.42959251837007345 0.00661322645290582 0.008216432865731425
7 0.18648357320702008 0.4316066476387118 0.007965931863727462 0.009218436873747501
7 0.20603973509933768 0.43493156732891824 0.007905629139072858 0.008333333333333333
7 0.27608041329739447 0.42785265049416 0.008632075471698102 0.008427672955974836
7 0.2924506861063465 0.4310491709548312 0.007641509433962255 0.007484276729559724
7 0.30748820754716993 0.4337861635220126 0.006415094339622669 0.008301886792452782
7 0.43611739745403116 0.5697218293257897 0.00396039603960395 0.0071287128712871585
7 0.8068622269203665 0.41740662438336856 0.00784883720930236 0.009560723514211911
7 0.8733105830805528 0.4610156162228964 0.01327519379844955 0.016666666666666666
7 0.9288725083056479 0.4607142857142857 0.014534883720930225 0.016279069767441798
7 0.9852713178294575 0.4601798018949181 0.014922480620155056 0.016279069767441874
7 0.9366521317829457 0.42055340223944865 0.010465116279069776 0.012144702842377227
7 0.9489341085271316 0.4158107235142119 0.010562015503875954 0.01317829457364337
7 0.9622286821705427 0.41082041343669246 0.011143410852713146 0.011498708010335956
2 0.3947451010410288 0.5239793835476628 0.015757042253521092 0.0186619718309859
2 0.3956161971830986 0.48194835680751164 0.011179577464788735 0.01326291079812207
2 0.43865316901408447 0.48889084507042246 0.010387323943661955 0.024295774647887357
2 0.4354107981220657 0.5228247261345854 0.01549295774647885 0.01701877934272299
12 0.5597241379310345 0.4869272030651342 0.047166666666666746 0.08933333333333333
12 0.6644624413145539 0.4896181533646324 0.045666666666666626 0.092
12 0.7938166666666664 0.48906984126984115 0.0485 0.09755555555555558
12 0.9462398785425098 0.5731882591093116 0.015592105263157805 0.028245614035087706
12 0.9093585526315788 0.5747660818713451 0.01046052631578948 0.026052631578947362
12 0.4529561106571729 0.5655460877008677 0.008725341426403644 0.021952453211937305
12 0.2840341862416107 0.5616023489932886 0.011879194630872518 0.020134228187919462
4 0.42199142321093536 0.6163718395425712 0.020879120879120874 0.06593406593406591
4 0.39711186249647795 0.6163191509345355 0.02005494505494505 0.06391941391941396
3 0.4191257440476191 0.5452132936507937 0.011383928571428613 0.0618055555555555
9 0.17935079668740744 0.5773307317321197 0.015816326530612258 0.04419455231485305
9 0.34997923239393053 0.5841191000114884 0.01446969696969694 0.047339139425753504
9 0.5015773874069254 0.5949554206125449 0.02314814814814821 0.06251921733053807
9 0.6094370039682542 0.5950793650793651 0.02537202380952385 0.06636904761904763
10 0.5871371854713235 0.6015576658261351 0.029051987767584136 0.04291539245667688
8 0.08852285526138422 0.779460841952317 0.021391415961088085 0.09535519125683065
8 0.06979550016728003 0.7741580238652839 0.02397540983606558 0.09590163934426224
8 0.051416607270135424 0.7688079116179615 0.02049180327868853 0.09071038251366129
8 0.14368824029840985 0.7861963658573827 0.022876447876447856 0.08712998712998721
8 0.16520193663050806 0.7906437049294194 0.022779922779922798 0.09523809523809526
8 0.18507016632016635 0.7917136917136917 0.0225868725868726 0.09691119691119698
8 0.24193293885601588 0.696592154284462 0.020299145299145293 0.09088319088319091
8 0.24339943910256412 0.7976718304843309 0.02072649572649573 0.09615384615384619
8 0.2665344777632913 0.798449949297407 0.02147435897435895 0.0982905982905983
8 0.2903461538461538 0.7995099715099718 0.023717948717948672 0.09914529914529915
8 0.5563491413898252 0.7762496121542823 0.016293532338308523 0.19088557213930335
8 0.5246737711835299 0.7788062318257494 0.018407960199004945 0.18789386401326708
8 0.4958275572418349 0.7678833862502932 0.016791044776119406 0.18352504990968738
8 0.6923803151947671 0.7881256814352265 0.017372881355932235 0.20141242937853107
8 0.6579748960665174 0.7895533525210532 0.017161016949152553 0.19915254237288144
8 0.6250897730537202 0.7860767978550226 0.018432203389830534 0.19519774011299432
8 0.8417603168754606 0.801793171211005 0.018644067796610216 0.20677966101694908
8 0.8046936114732726 0.7973870056497173 0.019915254237288196 0.20564971751412425
8 0.7687095531587057 0.7972778633795583 0.019915254237288196 0.20621468926553674
11 0.9521634615384618 0.6866804029304032 0.09855769230769226 0.1951923076923076
11 0.15912951167728234 0.7154635527246992 0.002388535031847141 0.028025477707006453
11 0.1667595541401274 0.7157112526539278 0.006050955414012748 0.02929936305732478
11 0.1760865492693893 0.708305232921194 0.006210191082802539 0.041188959660297314
11 0.2115819967769165 0.7210805003453303 0.06035031847133757 0.11104033970276009
11 0.19141122611464967 0.6498673036093419 0.032165605095541394 0.024203821656050954
11 0.2538570417551309 0.7290493040811514 0.017515923566878967 0.09702760084925686
11 0.2938793789808917 0.655958067940552 0.03121019108280251 0.027813163481953326
11 0.2952229299363058 0.6919745222929937 0.02181528662420385 0.029936305732484014
