9 0.16342426952892072 0.45653945537666457 0.007066189624329155 0.01449016100178892
9 0.17119247032037732 0.45611481541714094 0.008720930232558146 0.014192009540846736
9 0.18139534883720934 0.45565839620440224 0.01064400715563508 0.013714967203339331
9 0.2063664106071767 0.4539268301238206 0.010688729874776414 0.01633870005963028
9 0.21558993332249143 0.4538298910391933 0.011627906976744186 0.015861657722122877
9 0.22748837209302325 0.45376267143709015 0.011538461538461548 0.017233154442456832
9 0.325751047973917 0.44929746933705944 0.012057522123893818 0.025737463126843673
9 0.3402159990684675 0.44538115199503187 0.013108407079646042 0.023008849557522127
9 0.3634745048461862 0.44559980334316607 0.015873893805309704 0.026548672566371653
9 0.4221969696969696 0.4434786893323478 0.012357723577235788 0.02384823848238481
9 0.44721284377857495 0.4425593772713418 0.01418020679468242 0.025455440669620886
9 0.4692217064078216 0.4398630747227497 0.01580502215657316 0.02688330871491879
13 0.018803359317000747 0.613106285572878 0.007405345211581291 0.017817371937639184
13 0.045273121556675656 0.6121752041573867 0.008073496659242757 0.019450631031922815
12 0.7301628151260503 0.8426330532212886 0.025122549019607844 0.039460784313725523
7 0.9884599599599598 0.7536710043376711 0.025020270270270317 0.029909909909909858
7 0.7093443907535586 0.6893887945670629 0.017155870445344137 0.01983805668016195
7 0.7935610303444239 0.8787592610661205 0.03565201483071519 0.039711191335740144
7 0.5375783029612756 0.6478983620783164 0.01315489749430526 0.016400911161731226
7 0.4969500903342366 0.7571559771153267 0.023008130081300864 0.027100271002710088
7 0.3299375332270069 0.6893433077643604 0.019454887218045086 0.01862990810359232
7 0.762597117794486 0.951048454469507 0.026315789473684164 0.03192982456140347
7 0.19450213371266 0.6011759127548602 0.010675675675675648 0.014774774774774794
7 0.16683318661971833 0.612479460093897 0.01254401408450704 0.016490610328638543
7 0.15697480620155038 0.6082480620155039 0.011317829457364354 0.014573643410852734
7 0.6906469298245612 0.9184320175438596 0.024407894736842194 0.0353508771929825
7 0.6918455678670358 0.9643074792243767 0.0225 0.029035087719298188
7 0.5930269607843137 0.8680433006535947 0.018933823529411826 0.03488562091503263
7 0.5908302696078432 0.9072671568627452 0.017708333333333257 0.026960784313725526
7 0.5423309107959207 0.8432696440432931 0.015645879732739332 0.023162583518930965
7 0.5423521803399852 0.8810101010101011 0.01508130081300817 0.02422764227642286
7 0.49879774807955385 0.8218597635834297 0.013506261180679758 0.020512820512820478
7 0.5004964221824686 0.859215861657722 0.01775491949910554 0.024985092426952935
7 0.4364246323529411 0.7903523284313725 0.012591911764705912 0.01936274509803919
7 0.4357222329721363 0.8239776831785345 0.012867647058823478 0.01985294117647057
7 0.4041901722090262 0.7745843230403799 0.01437054631828977 0.019239904988123575
7 0.40461960878627545 0.8066164288386511 0.013095238095238073 0.01869488536155207
7 0.3754248658318427 0.759486637393614 0.012298747763864014 0.018664281454979118
7 0.3771066754542887 0.7907353356557761 0.015563506261180691 0.01991651759093611
7 0.3319442474109803 0.7389440582588547 0.01061320754716985 0.01675651392632517
7 0.33205224413950835 0.7671955403087477 0.012435677530017187 0.016066323613493447
7 0.30941652224147886 0.7553987510659954 0.010788561525129978 0.016175621028307434
1 0.8383571428571429 0.9812631700023002 0.031739130434782624 0.03357971014492765
1 0.7546369138545573 0.955421962998966 0.030079155672823276 0.07240193491644686
1 0.6868819523001508 0.9434357717445954 0.02522977941176464 0.10582107843137252
1 0.5857382359094708 0.8890543551741252 0.028665413533834568 0.09363173795515983
1 0.538675359403214 0.8592148033772647 0.023201883225356823 0.07161452059093533
1 0.43078199230827235 0.8045094638413387 0.02023489932885906 0.07767337807606267
1 0.39945342177092674 0.7923972302103601 0.019566145891873644 0.06953405017921144
1 0.32696488294314374 0.7540094889943222 0.01869409660107334 0.061776982707215364
1 0.3717553887993554 0.7772755506312113 0.022426470588235305 0.06568627450980391
1 0.4938891009576288 0.8458179122477992 0.02385524372230424 0.08458887247661248
1 0.30626294856604364 0.7457233133704941 0.016616084977238245 0.05842185128983298
10 0.5912900398406375 0.9873216467463479 0.015637450199203158 0.025164674634794208
10 0.5683012300860907 0.9782157222675152 0.016496015936254934 0.03921621621621625
10 0.5440518018018017 0.9687228657228657 0.03227702702702698 0.053360360360360425
10 0.4278288170085917 0.9062160590420704 0.06940403655750191 0.09207205859124952
10 0.32799742792742986 0.8428487926934284 0.055634118659271106 0.07485065382808262
10 0.2603420846074067 0.7918296212170076 0.04405940594059405 0.061633663366336654
10 0.20400373931623939 0.7543554131054131 0.03671875 0.05016025641025635
10 0.15863854790046136 0.7279588229035676 0.03320281835455003 0.042064424773672275
