12 0.20224204120428016 0.24048387343259742 0.02607037037037034 0.03524197530864194
12 0.3331436023622048 0.2595396850393701 0.011860236220472473 0.02742782152230969
12 0.41509198113207557 0.2631301886792454 0.022324999999999987 0.03786666666666667
12 0.46641606963298143 0.26806812468577174 0.01960784313725492 0.0400326797385621
9 0.43025593869731804 0.26582579821200514 0.01048275862068965 0.033931034482758644
9 0.5468769782654569 0.323820074558627 0.006831610044313151 0.016592811422944352
9 0.5486363156784132 0.35575601978851606 0.018759231905465298 0.048153618906942405
9 0.5798893296078221 0.3682410084337105 0.01327581568555911 0.039608711701734974
9 0.5896593912107272 0.3515774362989788 0.00590682196339435 0.02334997226844151
8 0.5332423050219857 0.3617696520867083 0.007986577181208076 0.03512304250559282
8 0.5338993288590603 0.3334451901565995 0.003926174496644194 0.011588366890380333
8 0.5701396302747654 0.35702459215972726 0.008523908523908517 0.05696465696465691
13 0.5481679341952581 0.1849225699391377 0.1236263736263736 0.11166661166661167
10 0.09031998988199376 0.32629718641789296 0.09603134322575645 0.09469791402665782
10 0.26212451386809854 0.35268087379693697 0.09861223191815292 0.10809761658544714
10 0.47529107817157973 0.38306849354487904 0.10311064444152765 0.11844016098790197
7 0.03766537425637079 0.161277891616036 0.016098200009498628 0.024705014749262528
7 0.043059033989266554 0.20418902802623734 0.016502683363148484 0.021645796064400733
7 0.08212039277971059 0.1644185366025777 0.015982592849047322 0.024660187931547266
7 0.08746849240411472 0.20616072847832503 0.016273247496423466 0.021840724845016705
7 0.16843014705882353 0.1681642156862745 0.017279411764705883 0.02432598039215687
7 0.17199650502402794 0.21239260230085918 0.017278287461773685 0.024770642201834864
7 0.22021905424200278 0.17082842979922255 0.01717663421418638 0.026842837273991657
7 0.22448904512753431 0.21780030521037713 0.016681654676258973 0.02529976019184653
7 0.2785068706141593 0.17322753328333612 0.01644609824283208 0.025934230194319886
7 0.281607204116638 0.22079130931961116 0.018096054888507695 0.024985706117781583
7 0.39024605068757806 0.17720195476758727 0.01688544152744629 0.02752585521081941
7 0.3917428483375968 0.22868553629010993 0.016804223987917397 0.026600890873471863
7 0.4606168809805801 0.23506817939703842 0.01603107727990522 0.027775611922621388
7 0.45959948979591836 0.18172789115646257 0.01744897959183669 0.028843537414965967
1 0.03204880130189728 0.17876809293217955 0.03593117408906882 0.0898110661268556
1 0.07680134332279406 0.17991162615529793 0.03362163842807485 0.09079435783221974
1 0.16340961372092394 0.17997462552888305 0.0315732404692082 0.0961268414767295
1 0.2167275560203144 0.18698623183848687 0.029911373707533245 0.09955686853766614
1 0.27448931787442493 0.188831160475078 0.02993138936535166 0.09897084048027444
1 0.385506729443097 0.19846580800265354 0.026872409466217446 0.11117927743694617
1 0.45459316646862025 0.20252176635404376 0.024564861829899372 0.11618805318772778
