10 0.7077953384418901 0.6015985525755638 0.04416666666666663 0.04765432098765427
10 0.5994357168652942 0.6011496328397737 0.037147887323943675 0.047300469483568044
10 0.38778865461847384 0.6043005354752342 0.008433734939759062 0.04156626506024099
10 0.37248995983935734 0.6141231593038822 0.007379518072289159 0.031526104417670696
10 0.3591867469879517 0.6093540829986613 0.01626506024096386 0.04156626506024099
9 0.3993125701459035 0.31190609801720903 0.006228956228956236 0.020089786756453426
9 0.3453703703703703 0.31249158249158254 0.005639730639730601 0.014927048260381602
9 0.36671476671476677 0.3131232964566298 0.005976430976431004 0.018294051627384986
9 0.46652356902356895 0.32042648709315374 0.00715488215488216 0.014141414141414127
9 0.49234942012719796 0.3218231699713181 0.0047979797979797924 0.012570145903479253
9 0.5127010849233071 0.3226337448559671 0.005218855218855197 0.014478114478114474
6 0.455601469237833 0.3420161208039995 0.008585858585858603 0.011223344556677907
6 0.4850448933782266 0.3429105873550317 0.008249158249158256 0.013131313131313126
6 0.5131054131054129 0.34498834498834496 0.008249158249158256 0.011111111111111086
7 0.6003956228956229 0.3469921436588103 0.007575757575757507 0.007856341189674518
6 0.621556473829201 0.347842056932966 0.009427609427609354 0.007856341189674518
6 0.5652236652236652 0.34542247875581195 0.009090909090909122 0.007519640852974135
6 0.3715319865319865 0.33691358024691354 0.009090909090909064 0.010662177328843957
6 0.40295378022650746 0.3392919089888787 0.00664983164983164 0.010998877665544343
6 0.3402810152810153 0.33670033670033667 0.007828282828282795 0.013468013468013509
6 0.11772448979591836 0.3234421768707483 0.010306122448979594 0.011700680272108835
6 0.15386479591836735 0.3256972789115646 0.008775510204081627 0.009931972789115662
6 0.08179138321995463 0.322615268329554 0.010714285714285707 0.01129251700680273
9 0.08704931972789115 0.2983900226757369 0.00765306122448979 0.015102040816326545
9 0.11206997084548105 0.3009912536443149 0.006224489795918359 0.013605442176870724
7 0.12668195718654435 0.4068773360516481 0.01062691131498471 0.026095820591233405
7 0.13737257900101935 0.41230886850152904 0.01154434250764524 0.013761467889908242
7 0.18692660550458712 0.4168280665987088 0.01062691131498471 0.012844036697247702
7 0.15063942174033917 0.4081086090260402 0.012079510703363923 0.01559633027522932
7 0.005885964912280702 0.41828654970760226 0.011644736842105263 0.019561403508771946
7 0.023495614035087715 0.4235029239766082 0.012105263157894737 0.013333333333333334
12 0.1807726864330638 0.4934710991314764 0.057311320754716975 0.09937106918238996
10 0.22969554030874786 0.6130360205831904 0.014858490566037715 0.04496855345911952
10 0.26399371069182387 0.6141719077568136 0.01084905660377359 0.047169811320754734
9 0.2480406386066763 0.609917755200774 0.024292452830188667 0.05597484276729559
9 0.1209316037735849 0.600943396226415 0.025235849056603782 0.055345911949685536
7 0.19690621531631516 0.502645209027007 0.01910377358490564 0.046226415094339626
8 0.10774673439767778 0.8091557813255928 0.021698113207547165 0.13742138364779868
8 0.14485849056603772 0.800922431865828 0.02028301886792454 0.1349056603773585
8 0.18245451482479783 0.8060983827493263 0.020754716981132078 0.1358490566037737
8 0.25819575471698114 0.7980433263452131 0.01863207547169813 0.13207547169811323
8 0.2944182389937107 0.7994758909853249 0.018396226415094304 0.13050314465408808
8 0.30160377358490564 0.7878301886792453 0.013679245283018872 0.07704402515723269
8 0.32742751955821436 0.789177788004295 0.017452830188679228 0.13176100628930817
8 0.40035058643549215 0.787242903280639 0.017924528301886768 0.1264150943396227
8 0.4330436941410129 0.7868255544521681 0.017452830188679228 0.12389937106918236
8 0.46404986522911046 0.7846271338724171 0.01721698113207549 0.12389937106918236
9 0.4702814136125654 0.6008376963350783 0.015575916230366488 0.05130890052356017
9 0.5283704188481676 0.5716404886561954 0.00575916230366488 0.018499127399650962
12 0.5358784176847003 0.5719022687609074 0.006544502617801072 0.01692844677137873
11 0.5637745700245698 0.6642915642915642 0.09375 0.15946969696969698
12 0.30556549257017057 0.49501467620620065 0.04636075949367091 0.09493670886075953
12 0.4283375036797174 0.49344029045235976 0.0449367088607595 0.07215189873417724
7 0.5035601265822784 0.4677365883062085 0.012025316455696213 0.02236286919831226
7 0.5466628959276018 0.46817496229260935 0.011213235294117567 0.021568627450980406
7 0.5884191176470588 0.46915032679738555 0.011029411764705855 0.021078431372549025
7 0.6057638888888889 0.5179745370370371 0.0072048611111110855 0.008912037037037029
7 0.6343663194444443 0.517337962962963 0.0074652777777778285 0.010185185185185219
7 0.6350043402777777 0.5369646990740741 0.0074652777777778285 0.009837962962962972
7 0.6049392361111112 0.5370601851851852 0.00859375 0.009259259259259276
7 0.6848834325396825 0.5185515873015873 0.0074652777777778285 0.010416666666666666
7 0.6857421874999999 0.5376012731481483 0.009027777777777829 0.009606481481481449
7 0.7119633838383839 0.5188131313131314 0.007465277777777715 0.008680555555555506
7 0.7122878086419753 0.5392746913580247 0.008420138888888914 0.010416666666666666
7 0.7404978197674418 0.5186167635658915 0.007994186046511685 0.010174418604651162
7 0.739752906976744 0.5380450581395348 0.008720930232558204 0.010271317829457303
1 0.7407957848837211 0.5270058139534882 0.009956395348837192 0.03846899224806202
1 0.7134932170542635 0.5284237726098191 0.01031976744186045 0.041279069767441876
1 0.6860002642706131 0.528030303030303 0.009229651162790673 0.042926356589147265
1 0.6350872093023257 0.5294186046511629 0.008357558139534831 0.0331395348837209
1 0.6056962901439645 0.5267764857881136 0.008793604651162695 0.028682170542635655
9 0.003992549400712665 0.29359680380088543 0.006851311953352768 0.013799805636540327
9 0.01665783196395441 0.3190741231557558 0.011224489795918367 0.00962099125364432
6 0.006467866649765497 0.33335445979634093 0.013192419825072885 0.007191448007774549
6 0.01126548833819242 0.339382896015549 0.013994169096209912 0.006608357628765779
7 0.6700958565244278 0.43824778396206965 0.007977736549165115 0.01218305504019789
7 0.6839795918367347 0.4355967841682128 0.008487940630797766 0.012121212121212163
7 0.7752268798617113 0.44188274272543937 0.008567415730337076 0.009082397003745276
13 0.7830421392227926 0.5188843869602809 0.0155196629213483 0.024304705751474028
13 0.8005971534653465 0.5189521452145214 0.015284653465346536 0.02343234323432345
13 0.817704207920792 0.5184034653465346 0.015346534653465256 0.02566006600660065
4 0.03195588235294117 0.6473039215686276 0.023382352941176472 0.0756862745098039
