7 0.5080258137955409 0.25059139569666755 0.02768464166660897 0.032561524121059275
7 0.5667247294800738 0.2562787015043547 0.028325415676959665 0.03784639746634995
7 0.6272071611253198 0.25804603580562663 0.03176470588235293 0.03670588235294118
7 0.7374082650516567 0.2086165538534616 0.019451371571072285 0.02194513715710722
7 0.6954725255825953 0.20678189583512488 0.0185162094763092 0.021446384039900256
7 0.655571503131524 0.20766726314743017 0.015866388308976978 0.02226861517049406
7 0.8451422285889698 0.08440601657628158 0.01157270029673589 0.014638971315529185
7 0.7981006720195497 0.08664833886076684 0.011498516320474777 0.015281899109792278
7 0.7535111630321911 0.08751644167532018 0.010475077881619995 0.013032191069574244
7 0.6049067160889955 0.44550895155318926 0.02025316455696202 0.028321991467155614
7 0.6322582278481012 0.4184877637130801 0.019810126582278487 0.02447257383966242
7 0.7295600918672045 0.4625500108990538 0.026346236674921898 0.03470047736980011
7 0.7575802364864864 0.4096677927927927 0.018986486486486456 0.024504504504504438
7 0.7733887733887734 0.37900900900900886 0.011891891891891873 0.025045045045044997
1 0.743658742877493 0.45645773979107324 0.04561298076923083 0.06931089743589738
12 0.7873159612214709 0.1818718237085951 0.026277548859605305 0.04222674813306179
12 0.7571756003215111 0.18039368364647168 0.021421933085501905 0.038042131350681546
12 0.7289315699196531 0.18526375974240916 0.017924528301886768 0.01629502572898798
12 0.729577615780446 0.1958976558033162 0.01029159519725556 0.004116638078902232
12 0.7226176133103843 0.17114553451902847 0.01957831325301197 0.01921017402945112
12 0.855907590759076 0.19219550526481222 0.010742574257425759 0.026402640264026406
12 0.8207937293729374 0.19474587458745873 0.010594059405940584 0.021320132013201334
10 0.7977987309086914 0.23646816445510194 0.01213589166025713 0.03478390653041788
10 0.8274248703381037 0.2269881599438381 0.033807407887908654 0.0536053059219228
11 0.9525950284875182 0.2971546010215763 0.07306201550387595 0.07279466318724895
11 0.9420091827019574 0.3358657896109694 0.11840999315537294 0.17978085133257557
