6 0.7383647774227798 0.21372257029062908 0.014538023142018233 0.011908736783528108
6 0.7601067400644469 0.19858873373910974 0.019172932330827053 0.012865497076023379
8 0.0027599002300236724 0.5233941379323179 0.003900911161731208 0.006842273735614299
8 0.003105882352941176 0.5482823529411764 0.005024999999999999 0.03973333333333335
8 0.04429808177950314 0.5563834013659005 0.008055185727599515 0.06080703856565924
8 0.11835288461538461 0.5331538461538461 0.008950000000000003 0.024433333333333317
9 0.12058598531211752 0.4788657690738474 0.007772337821297441 0.03643410852713176
9 0.14623481636570188 0.4811809158210835 0.006002910052910011 0.029271462841762894
13 0.49175498855774313 0.4656015371255576 0.004334175211573097 0.012152896019103613
13 0.50950695257984 0.4697838672982562 0.008862629246676534 0.017479074347612065
12 0.016203594184979523 0.41993971574638933 0.04076871487459982 0.03156405451252779
12 0.021903633491311216 0.4319466385817097 0.009557661927330173 0.011743022643496564
12 0.03478605400395198 0.43003757658061265 0.0192792739467528 0.020633526749640092
12 0.047957308453491665 0.4013853548204693 0.009128498727735369 0.011662425784563234
12 0.28051064238404394 0.48154352041820087 0.01596273291925462 0.01738253562294479
12 0.6658636518191092 0.5195341720503232 0.007687861271676298 0.012061657032755269
12 0.6777862394957985 0.5151435574229691 0.005961134453781483 0.002485994397759138
12 0.6757118983957219 0.5206728465797094 0.008344739410915963 0.009768907563025172
12 0.737510564255531 0.5268903803131991 0.010570469798657769 0.011140939597315462
12 0.749873838409912 0.519401077862939 0.00570469798657723 0.010677056444673856
12 0.759130938101368 0.5256280181673183 0.012644777097902078 0.018189102564102617
11 0.3493011844848327 0.6295518504312781 0.09522313761705709 0.22785628941904656
10 0.5450793109431827 0.5254743727960923 0.014095672605662343 0.026543242606339088
10 0.5649810564409447 0.53042931560179 0.01824644549763036 0.030595050026329697
10 0.5897737060527759 0.5387675201628691 0.026033591731266143 0.04125753660637383
10 0.6249879206680943 0.540708066941088 0.02978030350847132 0.047841657424355845
10 0.6731952964485959 0.5483717736779987 0.039554041209817 0.05100978347702486
10 0.7401800577994752 0.5645402260135167 0.055765880397730026 0.06775275826715021
7 0.0505380882042625 0.40885559541394106 0.003840472673559823 0.007828655834564264
7 0.041398036319402205 0.4102789121557042 0.008161004431314624 0.012210733628754269
7 0.0473310594124405 0.4241182832758904 0.01605965862465124 0.018740740740740724
7 0.06971600000000001 0.4258226666666668 0.015075000000000003 0.02326666666666665
7 0.09153920308483289 0.43178234790059994 0.012564267352185084 0.02035132819194511
7 0.1587160714285714 0.48119226190476183 0.014925000000000011 0.01230000000000003
7 0.08285938558178338 0.5192015485869145 0.009739289394906038 0.012910798122065748
7 0.10491875 0.537855 0.007049999999999997 0.0069000000000000155
7 0.12955526315789476 0.5378929824561404 0.007150000000000005 0.006700000000000045
7 0.1446019230769231 0.5376641025641026 0.0055 0.006866666666666712
7 0.2340377753168451 0.5371559821172225 0.0064784053156146226 0.0068660022148393784
7 0.6854430513708183 0.30491293491412863 0.014343077388149937 0.030556509471987094
7 0.7223808529259657 0.24924613120101843 0.018076441102756916 0.04018379281537178
7 0.7802996148714213 0.25073104722626555 0.018868013100436655 0.04056283357593403
7 0.8378541666666667 0.25380595238095244 0.019449999999999933 0.03973333333333335
7 0.8746397592905405 0.3177186233108107 0.015621621621621671 0.02838918918918921
7 0.9714565215209938 0.2648702703064297 0.017667721518987264 0.038115330520393814
7 0.8849454645626333 0.13882169556262083 0.02991544715447162 0.060483828382838285
7 0.9641653159056421 0.14444406124982756 0.03171471927162372 0.05892766818411735
7 0.7466964285714285 0.5252695238095239 0.007225000000000023 0.012233333333333273
7 0.7994773903615006 0.5289580942348686 0.007877813504823167 0.012968917470525185
7 0.644820687611144 0.4538727524204702 0.007261410788381795 0.010788381742738542
7 0.6442508324084351 0.47572327044025164 0.007830188679245224 0.012452830188679247
7 0.657073283858998 0.45134894867037734 0.008395176252319175 0.012925170068027228
7 0.6573852726574501 0.4744975678443421 0.0076612903225807254 0.011424731182795692
7 0.6715728900255754 0.4511440750213129 0.008 0.012
7 0.6714977097917209 0.4744188056347766 0.007963875205254453 0.01242474001094691
7 0.701116431451613 0.4469522849462365 0.008114919354838662 0.014180107526881784
7 0.700944669365722 0.4721194010667695 0.008451417004048608 0.014237516869095846
7 0.7197738308203426 0.44372604140045996 0.00921288014311267 0.015324985092426914
7 0.7194904795486602 0.4713446168312177 0.009555712270803951 0.015420780441936965
7 0.7404187552213869 0.44129536804975406 0.009711779448621541 0.014995822890559717
7 0.7397836884101001 0.47000201985118445 0.01031323877068553 0.015679584999943926
7 0.7831508779536095 0.43546980754871495 0.011001517450682854 0.017956499747091507
7 0.782289972899729 0.467883167720566 0.01130081300813015 0.017723577235772305
7 0.8113977047478647 0.431882289746496 0.010672301270477533 0.018813282315460506
7 0.8108884573370554 0.46475032366387503 0.012455357142857225 0.018392857142857186
7 0.8451926838810644 0.4255151278038602 0.013556338028168967 0.020422535211267585
7 0.842742730614973 0.4633678999855471 0.012997317170111386 0.019772125066242704
7 0.915814200680272 0.41798752834467123 0.015255102040816268 0.02156462585034016
7 0.9134428571428573 0.4598013605442178 0.01709183673469397 0.022176870748299354
7 0.9665128524038303 0.41118948083599305 0.01791939268149622 0.025143106378498713
7 0.9634421566808878 0.456876687483254 0.01907345575959937 0.024652198107957702
1 0.17709607332396898 0.5374818554677634 0.007554059743708791 0.022933692472119977
1 0.19896878106081137 0.5372443601096354 0.007142857142857139 0.02450980392156862
1 0.2197814516129032 0.5359569892473118 0.007450000000000017 0.0235
1 0.2560809492105763 0.5352689604337073 0.007370106524633798 0.023368353306702224
1 0.6422807185417635 0.46011728826549764 0.01256265776812495 0.041035973729484566
1 0.6534272053960316 0.46466591285065145 0.013737807338920674 0.04711649520676663
1 0.6683332541454519 0.4642577998367154 0.013891391584225971 0.04201814765751503
1 0.6976127620150187 0.45761835843098525 0.015549680980715607 0.050651340996168526
1 0.7155114980484444 0.4567140415452892 0.016809004220995575 0.057055214723926384
1 0.7350561333650725 0.4559096541085455 0.01749967350137126 0.05931174089068827
1 0.7780518155167101 0.44585618473921634 0.020249489849930115 0.059589991428276035
1 0.8050368179210573 0.4491888381306136 0.02086338166062569 0.07086509186351705
1 0.8372028073023159 0.44272318513159403 0.0231650234681357 0.07761989342806395
1 0.9085854811105479 0.4341414257944555 0.02423125000000016 0.08817401960784309
1 0.9573006938822403 0.4299250071058745 0.029128837849212802 0.09673590504451045
