9 0.19784539784539776 0.6487242487242487 0.006392931392931388 0.016285516285516298
9 0.22146569646569644 0.6514259821952129 0.00628898128898129 0.01600831600831604
9 0.2561905022431338 0.6541817120764488 0.00686070686070687 0.018295218295218244
9 0.32854874104874104 0.6633056133056133 0.006860706860706898 0.01531531531531535
9 0.3545120841995842 0.6663158350658349 0.00628898128898129 0.014968814968814968
9 0.37579942579942577 0.6671385671385671 0.008679833679833677 0.015939015939015918
6 0.37618597618597616 0.6885213885213884 0.008419958419958391 0.00845460845460851
6 0.34505014063837586 0.6879173290937994 0.008991683991683999 0.011850311850311906
6 0.3142469392469392 0.6840301840301839 0.008939708939708907 0.010395010395010408
6 0.25821817292405524 0.6794790265378501 0.007120582120582099 0.011434511434511402
6 0.22462523251996935 0.6767042345989712 0.008783783783783776 0.013721413721413682
6 0.18960251460251457 0.6738573738573738 0.008419958419958419 0.014414414414414448
7 0.30258058562992124 0.7755495406824147 0.008759842519685037 0.013385826771653531
7 0.43485892388451447 0.7809237386993294 0.00792322834645671 0.012139107611548449
7 0.405864501312336 0.82862715077282 0.01200787401574803 0.015944881889763868
7 0.45 0.8296104434314131 0.01082677165354329 0.01627296587926503
7 0.3590095465393794 0.8268591127779672 0.011575178997613364 0.01638822593476531
13 0.676253434065934 0.8821978021978021 0.01531593406593413 0.027655677655677665
13 0.659569597069597 0.8805032269317984 0.013942307692307622 0.025549450549450587
13 0.6428653846153847 0.8785970695970694 0.013530219780219795 0.024908424908425028
1 0.04634763948497854 0.8911473533619455 0.013412017167381975 0.05608011444921324
1 0.34454683160817984 0.8909366321635951 0.010407725321888392 0.0323319027181689
1 0.4364605686695278 0.8933565808297569 0.0113733905579399 0.03619456366237485
1 0.4395788626609442 0.866541487839771 0.004399141630901283 0.016452074391988543
1 0.4664600222540138 0.8895512107243152 0.010836909871244643 0.04678111587982827
1 0.5479943875866622 0.8916143941895014 0.009442060085836942 0.044349070100143
1 0.5758404864091557 0.8911683357176922 0.00933476394849788 0.045493562231759675
1 0.6028369098712446 0.892818311874106 0.010729613733905581 0.04563662374821176
12 0.12452409162717223 0.8658030542390732 0.05758293838862559 0.11469194312796208
12 0.2724050190350401 0.8660710123533527 0.05071090047393363 0.10710900473933649
2 0.2330584872471416 0.8456464379947228 0.013852242744063319 0.031222515391380816
2 0.22933157431838172 0.8950307827616536 0.017810026385224262 0.018205804749340436
9 0.32306606905710483 0.9674081451969898 0.019920318725099605 0.04674634794156706
9 0.3796772875816994 0.9442755991285402 0.006066176470588232 0.024183006535947696
12 0.38768765318627446 0.9420087826797386 0.008762254901960774 0.027205882352941142
12 0.41964358660130713 0.9411560457516339 0.01121323529411768 0.025408496732026074
9 0.5321752450980392 0.9657516339869282 0.007046568627451052 0.02687908496732022
9 0.5495212928921568 0.9662530637254901 0.006127450980392155 0.025
10 0.5669947817836813 0.9710499683744463 0.04241176470588232 0.048470588235293995
10 0.4598080672678528 0.9764375660086121 0.04262734584450402 0.04450402144772124
10 0.44906166219839144 0.9945487042001787 0.008243967828418193 0.005004468275245775
