13 0.008419444444444445 0.6275148148148149 0.006374999999999999 0.0025
13 0.008872222222222222 0.619925925925926 0.006525 0.007266666666666651
13 0.008479166666666666 0.6148333333333333 0.005175 0.002066666666666682
13 0.008094999999999998 0.61134 0.0026999999999999993 0.002
13 0.0350175 0.6246466666666667 0.006100000000000001 0.002633333333333288
13 0.03487473788765037 0.6173674723172571 0.006205164992826404 0.007412721186035393
13 0.03547676282051282 0.6116452991452992 0.004767628205128205 0.0018162393162393375
13 0.03395432692307692 0.6090144230769231 0.0022836538461538467 0.001762820512820478
13 0.060667760976256785 0.6120077861785383 0.0072075208913649075 0.011281337047353797
13 0.059706249999999995 0.6057666666666667 0.00275 0.0013666666666667122
12 0.7282845095304993 0.8411595531226291 0.010887708649468891 0.024734446130500753
12 0.7424149512403052 0.8423423887052166 0.011956521739130494 0.029677187948350062
12 0.73735 0.8623037037037037 0.009649999999999978 0.008233333333333273
9 0.1833441489361702 0.4628687943262412 0.016575000000000017 0.015
9 0.1952161764705882 0.4615764705882352 0.006175000000000011 0.011966666666666697
9 0.22679158494061244 0.46109138425774576 0.019047619047619067 0.016648370927318336
9 0.24260277777777778 0.45993888888888884 0.007599999999999994 0.015366666666666636
9 0.3407963323620002 0.4595529025347257 0.010953197745650584 0.02492853058890796
9 0.3561794642857143 0.4552523809523809 0.012 0.022633333333333287
9 0.3771167867829897 0.46136679731950925 0.013630041724617513 0.023133982382939317
9 0.4357672115795127 0.46095873138290944 0.010797417058021438 0.023212392061808865
9 0.45909769367807785 0.4584613285826634 0.01482919254658384 0.024258109040717728
9 0.48416181576797385 0.4503863698257082 0.013419117647058783 0.026919934640522874
10 0.1808695652173913 0.7507826086956522 0.015565217391304344 0.007594202898550672
10 0.175024474186166 0.7294232540259659 0.03257477168949774 0.03060496054114992
10 0.2197572830724255 0.7446979792411272 0.01870579915134371 0.016030174446016038
10 0.20805386178861787 0.7555781391147245 0.0031842818428184216 0.0025293586269196262
10 0.2122456395348837 0.7547319121447028 0.0028585271317829496 0.0020671834625322844
10 0.21983194615905322 0.7677099733781751 0.029455759508579888 0.021308782793594674
10 0.2267698412698413 0.7831640211640211 0.017 0.009714285714285628
10 0.27615828574119683 0.7903499336467809 0.03720576394809132 0.06248832866479931
10 0.2559020132117018 0.7949879417007445 0.013797577854671261 0.011303344867358647
10 0.2723302321882951 0.7778095843935539 0.0038804071246819377 0.016624257845631898
10 0.34766951087584475 0.8392310626319189 0.04376543830711671 0.08085693785058994
10 0.3240118824265165 0.8420054200542005 0.017682926829268298 0.01571815718157192
10 0.44538766392306584 0.9030515177419159 0.05412996827766375 0.09921777654714106
10 0.4185559129750441 0.8976109583619613 0.02381079685829121 0.03581744656268059
7 0.7976381596916633 0.8522614387019107 0.03891687657430725 0.07472712006717044
7 0.2728778384747216 0.7056930162810627 0.009607969151670942 0.014524421593830387
7 0.273012655724738 0.7333596994265377 0.00861182519280203 0.009425878320479872
7 0.3267275455676743 0.7573384086084475 0.01074408901251735 0.015669911914696362
7 0.348803071364047 0.7409153869316469 0.00979674796747969 0.013766937669376754
7 0.34787601626016273 0.7688663053297199 0.009786585365853626 0.015569105691057
7 0.3922100000000001 0.7619520000000001 0.009800000000000012 0.018240000000000086
7 0.3920594837261504 0.7923734701512479 0.010229276895943542 0.017107583774250392
7 0.42085328099838964 0.7756225979602792 0.011449275362318816 0.018743961352657
7 0.4204881769641495 0.8075921688278667 0.010362318840579747 0.018164251207729496
7 0.45233570863024547 0.7911548467367943 0.011045130641330218 0.019319081551860563
7 0.45162207775971996 0.8244405550693839 0.011757719714964367 0.018606492478226454
7 0.5146622932395959 0.8250436468857522 0.014532680453733121 0.018386524175997693
7 0.5145904195011337 0.8587585034013605 0.015029761904761926 0.02288359788359776
7 0.5567925278219397 0.8425066242713303 0.013851351351351354 0.02288288288288292
7 0.5551426426426427 0.8805105105105103 0.014256756756756772 0.021981981981982094
7 0.6017287349241475 0.8678655280220915 0.014825594361925142 0.025173047212388912
7 0.6006833937293209 0.9088046846279081 0.013344887348353495 0.022472559214326945
7 0.7016268382352941 0.9156924019607843 0.014981617647058784 0.025735294117646995
7 0.7012131115072292 0.9612398494751436 0.016245791245791223 0.027272727272727178
1 0.2692765757033252 0.7036741536069197 0.016109749045453838 0.02165354330708654
1 0.26483208955223875 0.7200727133562953 0.004908151549942602 0.011825487944890937
1 0.27023262806844894 0.7337925755836203 0.01294489092996554 0.01144278606965175
1 0.31843033509700175 0.7230387353844144 0.004717813051146379 0.011405055849500361
1 0.3261629188712522 0.7259626690182246 0.0053791887125220796 0.004997060552616101
1 0.3272690272690273 0.7352055352055352 0.009126984126984098 0.00781893004115227
1 0.32227649676375414 0.7589118122977346 0.01622168284789643 0.02869471413160727
1 0.34562367404667355 0.737498413389182 0.01618887015177063 0.021978639685216423
1 0.34294983122478867 0.7646153272244315 0.016160281921294255 0.04490479912729385
1 0.38773515984496104 0.7592584913845085 0.01748637267018188 0.02448573860063061
1 0.3881038222301698 0.7948494748068387 0.016491403586779255 0.03733214762116495
1 0.41144654088050314 0.7625157232704401 0.005330188679245282 0.006352201257861604
1 0.41580002482621653 0.7974371069182389 0.018113207547169795 0.06100628930817614
1 0.4471594262778895 0.8066153805794932 0.018316412859560045 0.06971235194585446
1 0.5061386138613861 0.8054257425742575 0.0058415841584158554 0.0055445544554456015
1 0.5096897674074109 0.8428259363980753 0.021898789878987884 0.07686866962558331
1 0.550761479443366 0.8657921359971795 0.02095842956120089 0.08239935085200674
1 0.5969456342041128 0.8870199692491239 0.022336980830670997 0.08750092417370994
1 0.6954064368599057 0.9367164482187733 0.023757180804147765 0.10193976518631946
