7 0.162025 0.7416 0.002299999999999983 0.00890000000000009
7 0.16688461538461538 0.7414692307692308 0.0034249999999999827 0.011033333333333454
7 0.12066944444444443 0.7446222222222221 0.002375 0.00830000000000003
7 0.12581750000000003 0.7440299999999999 0.003549999999999997 0.009566666666666605
7 0.09635312500000001 0.7464041666666666 0.0026500000000000056 0.009066666666666758
7 0.10179444444444444 0.7460777777777777 0.0037750000000000058 0.010533333333333303
7 0.071640625 0.7480291666666667 0.0022249999999999943 0.00830000000000003
7 0.07719772727272729 0.7479939393939394 0.004 0.009666666666666667
7 0.4286845146454082 0.9324919701095763 0.017764378478664185 0.023685837971552246
7 0.4272395809295242 0.8872786572514267 0.018709327548806925 0.02335502530730294
7 0.396825584529071 0.8239695749614615 0.01818622798940112 0.02268023477972171
7 0.38481422244094493 0.7989944225721785 0.016240157480314907 0.02185039370078736
7 0.3774824120603015 0.7756292573981016 0.014363484087102222 0.014684533780011255
7 0.778251802936832 0.6619442754945404 0.012666174298375268 0.013934022648941436
7 0.7402658045977012 0.7199001509346339 0.017554858934169373 0.019749216300940436
7 0.6873577200451818 0.6323862484432472 0.010893648449039915 0.012013786312161528
7 0.9283747834694381 0.9820692072919246 0.020935412026726 0.02687453600593911
7 0.928494623655914 0.937870868180008 0.022681451612903174 0.026545698924731218
7 0.8755265669742284 0.9423820129388056 0.022216035634743888 0.027171492204899703
7 0.8756917080692134 0.9007566672377361 0.02132516703786189 0.022420193021529332
7 0.9491922514619885 0.8199415204678362 0.02875 0.02962962962962956
7 0.8724768847795163 0.8332764343290658 0.02824324324324323 0.03153153153153153
7 0.6837812996820349 0.7260300741918388 0.01640625 0.019669117647058858
7 0.6008525345622119 0.6242382955987442 0.009565217391304372 0.011345755693581774
7 0.5915087156882387 0.6187590997128163 0.008633540372670837 0.01345755693581782
7 0.5638123622520536 0.6247144860749348 0.008540372670807414 0.01211180124223597
7 0.5711109542631282 0.6284694773825207 0.00947204968944095 0.014492753623188416
7 0.5261450655690629 0.6261239271242144 0.00979228486646889 0.013105835806132518
7 0.5332056788356001 0.6291799888650282 0.009842519685039292 0.015065616797900248
7 0.7977445580907421 0.847944750415246 0.017398373983739817 0.0203794037940379
7 0.7967046944662995 0.8845843168109097 0.017073170731707363 0.021138211382113848
7 0.7615907557354926 0.8579419703103911 0.014423076923076905 0.01950067476383265
7 0.7620734528629266 0.8249518025833815 0.014676113360323938 0.022267206477732848
7 0.7294862839725679 0.8025146050292101 0.013238188976377956 0.018372703412073407
7 0.731014069013432 0.8356318511656632 0.016141732283464535 0.015091863517060423
7 0.6840484159501414 0.8008482889953258 0.013282647584973233 0.016696481812760944
7 0.6835903398926655 0.7724341085271318 0.009481216457960613 0.014907573047107993
7 0.6406235951448205 0.7705049986085245 0.010672082717872967 0.01383554899064499
7 0.642353520433284 0.7489643853602495 0.00875184638109306 0.0072870507139339985
7 0.6416401545278946 0.7383820020452222 0.008050221565731135 0.004726735598227454
7 0.6103557744937056 0.7242163838715562 0.010016420361247924 0.013738368910782811
7 0.5211397696523973 0.6810506718471752 0.0068661971830986206 0.009020791415157646
7 0.5212223340040242 0.6626643192488264 0.005583501006036272 0.008920187793427204
7 0.5129811119030648 0.6748292349726777 0.006787909836065523 0.009426229508196684
7 0.5131799552906111 0.6570851962245406 0.006634221311475414 0.009631147540983572
7 0.5050363485558157 0.6692460317460317 0.006224385245901658 0.008504098360655766
7 0.5054982069672131 0.6516103142076504 0.007377049180327901 0.008265027322404346
6 0.7857974646226414 0.5137657232704402 0.024669811320754773 0.011509433962264136
6 0.8209265131286158 0.5149977748108588 0.02636292834890969 0.010436137071651122
6 0.7112425055772448 0.5115123628927309 0.02404141104294479 0.010889570552147234
6 0.686520413380076 0.5110599863667348 0.02634202453987723 0.010633946830265813
9 0.8383044258373203 0.46809011164274317 0.019342105263157806 0.03052631578947368
9 0.8115109234440975 0.4733706627501377 0.016288782816229173 0.027844073190135227
9 0.7824618602362207 0.4755057961504812 0.013730314960629925 0.025196850393700742
9 0.7187329615861215 0.4792337876910367 0.01751858736059478 0.028686493184634475
9 0.6951951672862453 0.4763971499380421 0.014172862453531594 0.0231722428748451
9 0.6790272614622057 0.48114710568242164 0.014405204460966502 0.0261462205700124
9 0.5859255865102638 0.48360948191593367 0.010007331378299114 0.017790811339198475
9 0.5752529325513197 0.4837072336265884 0.009897360703812296 0.014613880742912973
9 0.5668896627565981 0.48305840664711636 0.00920087976539594 0.015151515151515166
9 0.5436353467561521 0.4851926423067363 0.0061073825503356145 0.012975391498881435
9 0.5368741610738255 0.48489485458612974 0.008389261744966462 0.013243847874720358
9 0.5302101730837159 0.48576003767808773 0.007651006711409309 0.013601789709172257
9 0.04164539693715894 0.7381241565452094 0.006983805668016195 0.024021592442645064
9 0.01046257796257796 0.7648510048510045 0.005249480249480248 0.010880110880110806
9 0.010654885654885655 0.7876784476784475 0.008783783783783783 0.015453915453915518
12 0.19136569651640173 0.6743702830508245 0.015838278931750722 0.020425321463897035
1 0.9246624808262683 0.9573603765793118 0.028705229527492746 0.09008200212992536
1 0.8723546083168755 0.9235603718438496 0.02746708321042604 0.0699618968696938
1 0.792654015350918 0.8648818617435746 0.02383073496659233 0.085449146250928
1 0.7574980569442122 0.8386899628005146 0.021695095948827316 0.07327647476901196
1 0.7282351493210882 0.8158735124722002 0.022235424588086174 0.0620959205559966
1 0.680304966449887 0.7860202017904134 0.019071354061511444 0.06151434596316479
13 0.43580371352785147 0.6187533156498674 0.005379310344827559 0.018022988505747132
13 0.4160712643678161 0.6179065134099618 0.005931034482758605 0.01687356321839085
13 0.39697492163009407 0.617755485893417 0.0058965517241379075 0.016275862068965505
1 0.43437305636498735 0.9099970263130956 0.026991869918699195 0.09284552845528454
1 0.16494387610116507 0.741788623662025 0.007832480818414325 0.025490196078431383
1 0.12322678793430611 0.7462212916312243 0.00814794215795328 0.02235817575083426
11 0.2821175665977032 0.8299374970882718 0.061468586287331275 0.08395245359776254
10 0.6805607688126253 0.8710212436152107 0.05671462829736219 0.07773758808241564
10 0.6140731763851239 0.8101311918949051 0.04070320136323926 0.05707093861098383
10 0.5599198537682789 0.7446100487439069 0.004527559055118104 0.005380577427821512
10 0.5616633858267717 0.7588270216222971 0.02785433070866145 0.01627296587926503
10 0.5643286454070574 0.780478454945345 0.026263596311846753 0.018655097613882846
10 0.5190591217645776 0.7346010183795306 0.027637111537724933 0.028199863107460563
10 0.46963731443994594 0.6806072874493927 0.020344129554655865 0.027125506072874485
