7 0.5477095596250274 0.7979390635219096 0.1039168665067945 0.06042041366906483
7 0.9110228539576364 0.7272018861892583 0.11720713926596286 0.06645927601809953
7 0.19969936394355 0.6503952836165771 0.10609222818525145 0.061353980322003565
7 0.22448609319891102 0.556485834338728 0.08745776187636653 0.05786001788908761
7 0.5399592855266614 0.5650885388252409 0.10024549918166935 0.06342062193126026
7 0.5470411616341312 0.46768261225361146 0.09047099472631391 0.06252557283142383
7 0.6774581057123834 0.4054620379394989 0.10097546105776563 0.04715363511659811
7 0.9415243562725577 0.3561208987355569 0.08783972821742607 0.06941321942446041
7 0.9488363489468368 0.4591244886189726 0.0699664429530202 0.07537227348993288
6 0.07781667906997723 0.3103712642074285 0.11470243330401642 0.05235817941952505
6 0.5399057126313838 0.12257285684565948 0.12241809116809116 0.10504306891025639
6 0.7645406328658757 0.039796976132686096 0.10366100323624591 0.08646844660194175
1 0.1878249810775286 0.594898367479766 0.17244224422442245 0.20566006001036152
1 0.5163224777339381 0.4960189467068562 0.15219673114409957 0.21850750674763836
1 0.9115719406041985 0.36890120967741946 0.14605734767025086 0.23147681451612906
