7 0.2995954456722404 0.6620533229986485 0.030838434427749955 0.013825125208681132
7 0.36455434984232976 0.6624778276293825 0.030606566499721745 0.01434682804674452
7 0.3709886848451122 0.6279345784641067 0.0329252457800037 0.016172787979966595
7 0.300150462962963 0.6270930989583334 0.030277777777777754 0.015546875000000071
7 0.3813683219347804 0.5888018510258697 0.03672316384180792 0.01906779661016946
7 0.028538888888888895 0.8217843749999997 0.034027777777777775 0.021718749999999964
7 0.016798611111111108 0.8590429687500002 0.03180555555555556 0.020078125000000037
1 0.021832437275985665 0.8315914818548386 0.04527777777777777 0.08320312500000009
7 0.4048183702493343 0.8981928274782135 0.030977668845315914 0.019148284313725485
7 0.5260694444444444 0.8968789062499999 0.030555555555555555 0.01921874999999993
7 0.3909861111111111 0.8221875000000001 0.03291666666666673 0.019453124999999894
7 0.3892708333333333 0.858484375 0.03458333333333338 0.019218750000000107
7 0.5141724537037037 0.8221549479166665 0.03250000000000005 0.019374999999999965
7 0.5179040404040403 0.8580397727272727 0.033055555555555574 0.01921874999999993
1 0.514828453658241 0.8304229015665188 0.039682539682539736 0.07268772893772893
1 0.39009792707643537 0.8292565920173379 0.03834808259587024 0.07328539823008855
4 0.6254144839731791 0.7556068278670532 0.16037850813509508 0.20782691377771173
4 0.8247307737983994 0.7596079446673597 0.17433449074074078 0.19921875
4 0.9653451290151487 0.7584954270198281 0.070580808080808 0.18687000572148396
7 0.7895511229878475 0.4359506227333461 0.06375792666115246 0.033731389578163816
7 0.9055348773090709 0.44244985525227454 0.06134546457127104 0.03179280397022337
2 0.5480884109916366 0.4033497488101533 0.13067502986857824 0.1264280913978495
10 0.5755379460342694 0.9861661926172495 0.03114787581699348 0.03371438419117663
10 0.508125510620915 0.9807668887867645 0.02399918300653599 0.03357077205882355
10 0.44399470525389634 0.9842291784502262 0.02885008169934638 0.03259995404411775
3 0.44779909016645064 0.4284337850461527 0.08306751727804358 0.21853779604430174
2 0.7913292151821726 0.40356871396983324 0.07640369580668091 0.09844749466950957
2 0.8570735986702371 0.44131354464862876 0.11563599798893923 0.0685803167420814
3 0.7327200569119076 0.4486762475529028 0.13431860587673938 0.20554456159466733
3 0.9636914218890542 0.4748602703756835 0.07573350099070271 0.19025527263374484
